296.912	56.500
297.101	56.500
297.290	69.500
297.479	69.500
297.668	29.500
297.858	44.500
298.047	75.500
298.236	56.500
298.425	49.500
298.614	50.500
298.803	93.500
298.992	80.500
299.181	60.500
299.370	65.500
299.559	76.500
299.748	69.500
299.937	71.500
300.126	65.500
300.315	46.500
300.504	76.500
300.693	77.500
300.882	86.500
301.071	95.500
301.260	66.500
301.449	63.500
301.638	58.500
301.827	55.500
302.016	37.500
302.205	15.500
302.395	67.500
302.584	97.500
302.773	93.500
302.962	32.500
303.151	40.500
303.340	55.500
303.529	57.500
303.718	84.500
303.907	54.500
304.096	36.500
304.285	93.500
304.474	86.500
304.663	50.500
304.852	67.500
305.041	102.500
305.230	78.500
305.419	55.500
305.608	36.500
305.797	41.500
305.986	83.500
306.175	74.500
306.364	58.500
306.553	97.500
306.743	93.500
306.932	35.500
307.121	29.500
307.310	48.500
307.499	36.500
307.688	4.500
307.877	23.500
308.066	56.500
308.255	84.500
308.444	78.500
308.633	91.500
308.822	62.500
309.011	46.500
309.200	79.500
309.389	73.500
309.578	56.500
309.767	89.500
309.956	55.500
310.145	61.500
310.334	49.500
310.523	52.500
310.712	53.500
310.901	47.500
311.091	60.500
311.280	36.500
311.469	42.500
311.658	28.500
311.847	45.500
312.036	66.500
312.225	77.500
312.414	78.500
312.603	62.500
312.792	35.500
312.981	56.500
313.170	90.500
313.349	123.500
313.527	69.500
313.706	70.500
313.884	67.500
314.063	98.500
314.241	90.500
314.420	62.500
314.598	83.500
314.777	98.500
314.955	24.500
315.134	50.500
315.312	81.500
315.491	73.500
315.669	57.500
315.848	61.500
316.027	61.500
316.205	73.500
316.384	34.500
316.562	31.500
316.741	72.500
316.919	68.500
317.098	73.500
317.276	78.500
317.455	85.500
317.633	66.500
317.812	72.500
317.990	92.500
318.169	87.500
318.347	49.500
318.526	41.500
318.705	27.500
318.883	36.500
319.062	76.500
319.240	89.500
319.419	76.500
319.597	115.500
319.776	84.500
319.954	53.500
320.133	71.500
320.311	113.500
320.490	85.500
320.668	103.500
320.847	97.500
321.025	87.500
321.204	59.500
321.382	74.500
321.561	62.500
321.740	66.500
321.918	65.500
322.097	56.500
322.275	54.500
322.454	63.500
322.632	90.500
322.811	80.500
322.989	94.500
323.168	63.500
323.346	53.500
323.525	69.500
323.703	83.500
323.882	85.500
324.060	66.500
324.239	76.500
324.418	75.500
324.596	80.500
324.775	65.500
324.953	81.500
325.132	99.500
325.310	75.500
325.489	83.500
325.667	78.500
325.846	55.500
326.024	118.500
326.203	141.500
326.381	127.500
326.560	113.500
326.738	81.500
326.917	94.500
327.096	81.500
327.274	58.500
327.453	93.500
327.631	132.500
327.810	99.500
327.988	72.500
328.167	72.500
328.345	57.500
328.524	67.500
328.702	56.500
328.881	112.500
329.059	101.500
329.238	112.500
329.416	105.500
329.595	95.500
329.774	58.500
329.952	53.500
330.131	65.500
330.309	83.500
330.488	95.500
330.666	130.500
330.845	113.500
331.023	114.500
331.202	112.500
331.380	97.500
331.559	113.500
331.737	125.500
331.916	100.500
332.094	86.500
332.273	55.500
332.452	97.500
332.630	87.500
332.809	105.500
332.987	99.500
333.166	102.500
333.344	85.500
333.523	39.500
333.701	28.500
333.880	79.500
334.058	104.500
334.237	120.500
334.415	99.500
334.594	72.500
334.772	67.500
334.951	79.500
335.129	87.500
335.308	86.500
335.487	56.500
335.665	46.500
335.844	98.500
336.022	85.500
336.201	106.500
336.379	96.500
336.558	46.500
336.736	54.500
336.915	86.500
337.093	84.500
337.272	87.500
337.450	76.500
337.629	89.500
337.807	105.500
337.986	97.500
338.165	98.500
338.343	97.500
338.522	97.500
338.700	108.500
338.879	89.500
339.057	60.500
339.236	83.500
339.414	76.500
339.593	107.500
339.771	151.500
339.950	93.500
340.128	46.500
340.307	70.500
340.485	108.500
340.664	99.500
340.843	54.500
341.021	91.500
341.200	89.500
341.378	88.500
341.557	115.500
341.735	94.500
341.914	99.500
342.092	97.500
342.271	95.500
342.449	72.500
342.628	93.500
342.806	128.500
342.985	99.500
343.163	109.500
343.342	100.500
343.521	103.500
343.699	80.500
343.878	59.500
344.056	60.500
344.235	61.500
344.413	100.500
344.592	104.500
344.770	100.500
344.949	85.500
345.127	96.500
345.306	71.500
345.484	65.500
345.663	92.500
345.841	107.500
346.020	101.500
346.199	111.500
346.377	134.500
346.556	145.500
346.734	114.500
346.913	98.500
347.091	90.500
347.270	126.500
347.448	91.500
347.627	58.500
347.805	76.500
347.984	103.500
348.162	90.500
348.341	86.500
348.519	138.500
348.698	116.500
348.876	108.500
349.055	122.500
349.234	118.500
349.412	100.500
349.591	105.500
349.769	95.500
349.948	87.500
350.126	117.500
350.305	118.500
350.483	93.500
350.662	114.500
350.840	141.500
351.019	116.500
351.197	85.500
351.376	116.500
351.554	97.500
351.733	90.500
351.912	111.500
352.090	121.500
352.269	98.500
352.447	83.500
352.626	113.500
352.804	132.500
352.983	83.500
353.161	119.500
353.340	90.500
353.518	127.500
353.697	152.500
353.875	125.500
354.054	146.500
354.232	129.500
354.411	105.500
354.590	111.500
354.768	94.500
354.947	75.500
355.125	94.500
355.304	107.500
355.482	102.500
355.661	70.500
355.839	86.500
356.018	97.500
356.196	63.500
356.375	71.500
356.553	150.500
356.732	137.500
356.910	67.500
357.089	62.500
357.268	108.500
357.446	96.500
357.625	82.500
357.803	97.500
357.982	94.500
358.160	83.500
358.339	83.500
358.517	77.500
358.696	84.500
358.874	69.500
359.053	91.500
359.231	110.500
359.410	98.500
359.588	117.500
359.767	88.500
359.945	120.500
360.124	109.500
360.303	47.500
360.481	83.500
360.660	92.500
360.838	107.500
361.017	136.500
361.195	110.500
361.374	73.500
361.552	98.500
361.731	144.500
361.909	111.500
362.088	89.500
362.266	108.500
362.445	91.500
362.623	83.500
362.802	92.500
362.981	97.500
363.159	120.500
363.338	98.500
363.516	125.500
363.695	121.500
363.873	133.500
364.052	131.500
364.230	113.500
364.409	74.500
364.587	82.500
364.766	107.500
364.944	64.500
365.123	87.500
365.301	110.500
365.480	125.500
365.660	132.500
365.839	158.500
366.019	144.500
366.199	146.500
366.379	121.500
366.558	96.500
366.738	115.500
366.918	133.500
367.098	98.500
367.277	83.500
367.457	88.500
367.637	113.500
367.816	148.500
367.996	133.500
368.176	89.500
368.356	87.500
368.535	95.500
368.715	128.500
368.895	118.500
369.075	135.500
369.254	105.500
369.434	99.500
369.614	84.500
369.793	91.500
369.973	126.500
370.153	105.500
370.333	106.500
370.512	138.500
370.692	153.500
370.872	141.500
371.051	107.500
371.231	128.500
371.411	149.500
371.591	108.500
371.770	111.500
371.950	96.500
372.130	101.500
372.310	81.500
372.489	102.500
372.669	89.500
372.849	101.500
373.028	100.500
373.208	124.500
373.388	134.500
373.568	94.500
373.747	85.500
373.927	120.500
374.107	110.500
374.287	118.500
374.466	125.500
374.646	116.500
374.826	107.500
375.005	116.500
375.185	100.500
375.365	67.500
375.545	86.500
375.724	126.500
375.904	148.500
376.084	162.500
376.263	130.500
376.443	133.500
376.623	94.500
376.803	60.500
376.982	93.500
377.162	117.500
377.342	122.500
377.522	121.500
377.701	159.500
377.881	148.500
378.061	128.500
378.240	152.500
378.420	154.500
378.600	118.500
378.780	95.500
378.959	55.500
379.139	108.500
379.319	149.500
379.499	172.500
379.678	162.500
379.858	161.500
380.038	139.500
380.217	149.500
380.397	165.500
380.577	140.500
380.757	108.500
380.936	86.500
381.116	110.500
381.296	114.500
381.476	148.500
381.655	144.500
381.835	151.500
382.015	135.500
382.194	137.500
382.374	117.500
382.554	100.500
382.734	140.500
382.913	151.500
383.093	133.500
383.273	102.500
383.452	134.500
383.632	103.500
383.812	87.500
383.992	109.500
384.171	92.500
384.351	120.500
384.531	138.500
384.711	128.500
384.890	98.500
385.070	146.500
385.250	149.500
385.429	100.500
385.609	93.500
385.789	81.500
385.969	98.500
386.148	107.500
386.328	76.500
386.508	98.500
386.688	115.500
386.867	113.500
387.047	126.500
387.227	121.500
387.406	111.500
387.586	160.500
387.766	161.500
387.946	149.500
388.125	155.500
388.305	120.500
388.485	94.500
388.664	96.500
388.844	111.500
389.024	89.500
389.204	100.500
389.383	96.500
389.563	116.500
389.743	109.500
389.923	100.500
390.102	123.500
390.282	128.500
390.462	129.500
390.641	103.500
390.821	100.500
391.001	99.500
391.181	107.500
391.360	113.500
391.540	110.500
391.720	144.500
391.900	149.500
392.079	109.500
392.259	109.500
392.439	139.500
392.618	117.500
392.798	111.500
392.978	119.500
393.158	145.500
393.337	110.500
393.517	132.500
393.697	148.500
393.877	153.500
394.056	176.500
394.236	150.500
394.416	133.500
394.595	117.500
394.775	130.500
394.955	167.500
395.135	146.500
395.314	173.500
395.494	209.500
395.674	165.500
395.853	157.500
396.033	134.500
396.213	129.500
396.393	106.500
396.572	198.500
396.752	182.500
396.932	181.500
397.112	169.500
397.291	139.500
397.471	151.500
397.651	163.500
397.830	170.500
398.010	132.500
398.190	164.500
398.370	154.500
398.549	169.500
398.729	214.500
398.909	193.500
399.089	190.500
399.268	180.500
399.448	162.500
399.628	175.500
399.807	167.500
399.987	226.500
400.167	276.500
400.347	248.500
400.526	190.500
400.706	179.500
400.886	206.500
401.065	217.500
401.245	178.500
401.425	201.500
401.605	234.500
401.784	211.500
401.964	201.500
402.144	265.500
402.324	208.500
402.503	180.500
402.683	186.500
402.863	224.500
403.042	253.500
403.222	263.500
403.402	234.500
403.582	256.500
403.761	260.500
403.941	267.500
404.121	240.500
404.301	233.500
404.480	271.500
404.660	305.500
404.844	271.500
405.029	253.500
405.213	273.500
405.398	281.500
405.582	281.500
405.767	337.500
405.951	362.500
406.136	345.500
406.320	366.500
406.505	398.500
406.689	414.500
406.874	399.500
407.058	445.500
407.243	448.500
407.427	466.500
407.612	526.500
407.796	554.500
407.981	578.500
408.165	633.500
408.350	670.500
408.534	669.500
408.719	735.500
408.903	794.500
409.088	812.500
409.272	892.500
409.457	928.500
409.641	936.500
409.826	1061.500
410.010	1145.500
410.195	1132.500
410.379	1295.500
410.564	1356.500
410.748	1460.500
410.933	1625.500
411.117	1678.500
411.302	1802.500
411.486	1909.500
411.671	2022.500
411.855	2045.500
412.040	2090.500
412.224	2172.500
412.409	2309.500
412.593	2455.500
412.778	2595.500
412.962	2759.500
413.147	2841.500
413.331	2889.500
413.516	2980.500
413.700	3162.500
413.885	3332.500
414.069	3350.500
414.254	3549.500
414.438	3751.500
414.623	3829.500
414.807	3964.500
414.992	4045.500
415.176	4200.500
415.361	4342.500
415.545	4479.500
415.730	4624.500
415.914	4743.500
416.099	4905.500
416.283	5051.500
416.468	5081.500
416.652	5157.500
416.837	5208.500
417.021	5313.500
417.206	5434.500
417.390	5536.500
417.575	5592.500
417.759	5720.500
417.944	5855.500
418.128	5942.500
418.313	6132.500
418.497	6175.500
418.682	6169.500
418.866	6317.500
419.051	6418.500
419.235	6523.500
419.420	6597.500
419.604	6705.500
419.789	6894.500
419.973	7025.500
420.158	7172.500
420.342	7367.500
420.527	7523.500
420.711	7647.500
420.896	7799.500
421.080	7893.500
421.265	7928.500
421.449	7835.500
421.634	7897.500
421.818	7838.500
422.003	7796.500
422.187	7903.500
422.372	7970.500
422.556	7965.500
422.741	8138.500
422.925	8213.500
423.110	8289.500
423.294	8469.500
423.479	8527.500
423.663	8620.500
423.848	8741.500
424.032	8824.500
424.217	8886.500
424.401	8831.500
424.586	8882.500
424.770	8926.500
424.955	8983.500
425.139	8986.500
425.324	9238.500
425.508	9207.500
425.693	9321.500
425.877	9334.500
426.062	9251.500
426.246	9323.500
426.431	9218.500
426.615	9232.500
426.800	9314.500
426.984	9239.500
427.169	9364.500
427.353	9459.500
427.538	9522.500
427.722	9640.500
427.907	9604.500
428.091	9459.500
428.276	9531.500
428.460	9503.500
428.645	9442.500
428.829	9311.500
429.014	9097.500
429.198	8823.500
429.383	8529.500
429.567	8215.500
429.752	8052.500
429.936	7963.500
430.121	7836.500
430.305	7870.500
430.490	8170.500
430.674	8474.500
430.859	8893.500
431.043	9366.500
431.228	9579.500
431.412	9935.500
431.597	10122.500
431.781	10182.500
431.966	10451.500
432.150	10605.500
432.335	10705.500
432.519	10735.500
432.704	10856.500
432.888	10790.500
433.073	10797.500
433.257	10647.500
433.442	10431.500
433.626	10491.500
433.811	10601.500
433.995	10795.500
434.180	10910.500
434.364	11120.500
434.549	11242.500
434.733	11340.500
434.918	11408.500
435.102	11562.500
435.287	11845.500
435.471	12045.500
435.656	12187.500
435.840	12146.500
436.030	12227.500
436.219	12288.500
436.409	12217.500
436.599	12216.500
436.789	12233.500
436.978	12031.500
437.168	11868.500
437.358	11850.500
437.548	11960.500
437.737	11731.500
437.927	11574.500
438.117	11528.500
438.306	11518.500
438.496	11642.500
438.686	11894.500
438.876	11898.500
439.065	11978.500
439.255	12134.500
439.445	12153.500
439.634	12326.500
439.824	12314.500
440.014	12555.500
440.204	12655.500
440.393	12751.500
440.583	12921.500
440.773	13133.500
440.963	13404.500
441.152	13455.500
441.342	13551.500
441.532	13785.500
441.721	13837.500
441.911	14078.500
442.101	14208.500
442.291	14188.500
442.480	14229.500
442.670	14337.500
442.860	14425.500
443.050	14308.500
443.239	14227.500
443.429	14389.500
443.619	14715.500
443.808	14831.500
443.998	14905.500
444.188	15021.500
444.378	14994.500
444.567	14873.500
444.757	14902.500
444.947	14872.500
445.137	14650.500
445.326	14686.500
445.516	14727.500
445.706	14772.500
445.895	14737.500
446.085	14886.500
446.275	15155.500
446.465	15206.500
446.654	15456.500
446.844	15625.500
447.034	15833.500
447.223	15958.500
447.413	16099.500
447.603	16090.500
447.793	16230.500
447.982	16323.500
448.172	16203.500
448.362	16362.500
448.552	16472.500
448.741	16597.500
448.931	16564.500
449.121	16639.500
449.310	16822.500
449.500	16805.500
449.690	16890.500
449.880	17214.500
450.069	17401.500
450.259	17586.500
450.449	17572.500
450.639	17563.500
450.828	17586.500
451.018	17691.500
451.208	17632.500
451.397	17687.500
451.587	17632.500
451.777	17490.500
451.967	17159.500
452.156	16996.500
452.346	17027.500
452.536	16801.500
452.725	16516.500
452.915	16403.500
453.105	16487.500
453.295	16617.500
453.484	16705.500
453.674	16757.500
453.864	16992.500
454.054	17060.500
454.243	17001.500
454.433	16941.500
454.623	16860.500
454.812	16941.500
455.002	16984.500
455.192	17079.500
455.382	17069.500
455.571	17204.500
455.761	17399.500
455.951	17582.500
456.141	17485.500
456.330	17609.500
456.520	17562.500
456.710	17673.500
456.899	17790.500
457.089	17856.500
457.279	17763.500
457.469	17862.500
457.658	17585.500
457.848	17522.500
458.038	17369.500
458.228	17411.500
458.417	17369.500
458.607	17386.500
458.797	17373.500
458.986	17375.500
459.176	17238.500
459.366	17160.500
459.556	17330.500
459.745	17363.500
459.935	17490.500
460.125	17505.500
460.314	17530.500
460.504	17597.500
460.694	17695.500
460.884	17824.500
461.073	17874.500
461.263	17827.500
461.453	17787.500
461.643	17941.500
461.832	17847.500
462.022	18028.500
462.212	18109.500
462.401	18044.500
462.591	18136.500
462.781	18259.500
462.971	18091.500
463.160	18190.500
463.350	18171.500
463.540	18164.500
463.730	17982.500
463.919	17843.500
464.109	17801.500
464.299	17785.500
464.488	17657.500
464.678	17676.500
464.868	17689.500
465.058	17812.500
465.247	17800.500
465.437	17731.500
465.627	17685.500
465.816	17819.500
466.006	17910.500
466.196	17762.500
466.386	17588.500
466.575	17541.500
466.765	17619.500
466.955	17617.500
467.145	17700.500
467.334	17839.500
467.524	17945.500
467.714	17801.500
467.903	17902.500
468.093	17987.500
468.283	18050.500
468.473	18168.500
468.662	18140.500
468.852	18125.500
469.042	18101.500
469.232	18212.500
469.421	18231.500
469.611	18252.500
469.801	18217.500
469.990	18089.500
470.180	17806.500
470.370	17866.500
470.560	18077.500
470.749	18040.500
470.939	18047.500
471.129	18126.500
471.318	18352.500
471.508	18636.500
471.698	18756.500
471.888	19045.500
472.077	19135.500
472.267	19257.500
472.457	19217.500
472.647	19177.500
472.836	19001.500
473.026	18754.500
473.216	18790.500
473.405	18858.500
473.595	18937.500
473.785	19038.500
473.975	19132.500
474.164	19326.500
474.354	19388.500
474.544	19310.500
474.734	19499.500
474.923	19541.500
475.113	19387.500
475.303	19449.500
475.492	19430.500
475.682	19395.500
475.872	19270.500
476.062	19257.500
476.251	19262.500
476.441	19077.500
476.631	19160.500
476.821	19223.500
477.010	19314.500
477.200	19547.500
477.390	19677.500
477.579	19681.500
477.769	19837.500
477.959	19852.500
478.149	19765.500
478.338	19793.500
478.528	19692.500
478.718	19602.500
478.907	19686.500
479.097	19668.500
479.287	19621.500
479.477	19659.500
479.666	19799.500
479.856	19797.500
480.046	19848.500
480.236	20015.500
480.425	19904.500
480.615	19813.500
480.805	19677.500
480.994	19686.500
481.184	19803.500
481.374	19851.500
481.564	19771.500
481.753	19780.500
481.943	19747.500
482.133	19841.500
482.323	19844.500
482.512	19740.500
482.702	19833.500
482.892	19793.500
483.081	19735.500
483.271	19651.500
483.461	19597.500
483.651	19435.500
483.840	19383.500
484.030	19248.500
484.220	19305.500
484.409	19242.500
484.599	19179.500
484.789	19103.500
484.979	18987.500
485.168	18713.500
485.358	18349.500
485.548	17869.500
485.738	17318.500
485.927	16959.500
486.117	16592.500
486.307	16564.500
486.496	16334.500
486.686	16621.500
486.876	16831.500
487.066	17021.500
487.255	17199.500
487.445	17312.500
487.635	17552.500
487.825	17751.500
488.014	17968.500
488.204	17959.500
488.394	17900.500
488.583	17862.500
488.773	18039.500
488.963	18151.500
489.153	18347.500
489.342	18313.500
489.532	18349.500
489.722	18548.500
489.912	18944.500
490.101	19184.500
490.291	19190.500
490.481	18950.500
490.670	18935.500
490.860	19079.500
491.050	18986.500
491.240	18769.500
491.429	18635.500
491.619	18525.500
491.809	18407.500
491.998	18252.500
492.188	18073.500
492.378	18323.500
492.568	18315.500
492.757	18367.500
492.947	18479.500
493.137	18716.500
493.327	18740.500
493.516	18873.500
493.706	18956.500
493.896	19033.500
494.085	19044.500
494.275	19015.500
494.465	19218.500
494.655	19235.500
494.844	19305.500
495.034	19343.500
495.224	19451.500
495.414	19454.500
495.603	19300.500
495.793	19337.500
495.983	19411.500
496.172	19292.500
496.362	19361.500
496.552	19399.500
496.742	19312.500
496.931	19387.500
497.121	19688.500
497.311	19604.500
497.500	19573.500
497.690	19359.500
497.880	19200.500
498.070	19047.500
498.259	18966.500
498.449	18998.500
498.639	18961.500
498.829	19044.500
499.018	19089.500
499.208	19225.500
499.398	19322.500
499.587	19244.500
499.777	18946.500
499.967	18954.500
500.157	18831.500
500.346	18606.500
500.536	18543.500
500.726	18527.500
500.916	18479.500
501.105	18457.500
501.295	18465.500
501.485	18283.500
501.674	18317.500
501.864	18368.500
502.054	18362.500
502.244	18453.500
502.433	18564.500
502.623	18569.500
502.813	18856.500
503.003	18837.500
503.192	18711.500
503.382	18651.500
503.572	18541.500
503.761	18520.500
503.951	18413.500
504.141	18444.500
504.331	18516.500
504.520	18382.500
504.710	18533.500
504.900	18852.500
505.089	18807.500
505.279	18771.500
505.469	18933.500
505.659	19004.500
505.848	18945.500
506.038	18953.500
506.228	19212.500
506.418	19051.500
506.607	19063.500
506.797	18953.500
506.987	18788.500
507.176	18882.500
507.366	18716.500
507.556	18663.500
507.746	18578.500
507.935	18405.500
508.125	18458.500
508.315	18373.500
508.505	18386.500
508.694	18614.500
508.884	18771.500
509.074	18702.500
509.263	18665.500
509.453	18715.500
509.643	18579.500
509.833	18472.500
510.022	18278.500
510.212	18487.500
510.402	18365.500
510.592	18433.500
510.781	18299.500
510.971	18503.500
511.161	18575.500
511.350	18586.500
511.540	18715.500
511.730	18660.500
511.920	18415.500
512.109	18325.500
512.299	18052.500
512.489	18090.500
512.678	17903.500
512.868	17889.500
513.058	17942.500
513.248	17851.500
513.437	17760.500
513.627	17839.500
513.817	17659.500
514.007	17593.500
514.196	17533.500
514.386	17365.500
514.576	17406.500
514.765	17420.500
514.955	17396.500
515.145	17312.500
515.335	17468.500
515.524	17478.500
515.714	17245.500
515.904	17101.500
516.094	16869.500
516.283	16640.500
516.473	16327.500
516.663	15938.500
516.852	15662.500
517.042	15593.500
517.232	15631.500
517.422	15672.500
517.611	15673.500
517.801	15730.500
517.991	15705.500
518.180	15630.500
518.370	15662.500
518.560	15711.500
518.750	15859.500
518.939	16037.500
519.129	16190.500
519.319	16412.500
519.509	16443.500
519.698	16673.500
519.888	16737.500
520.078	16694.500
520.267	16606.500
520.457	16670.500
520.647	16828.500
520.837	16857.500
521.026	16985.500
521.216	17081.500
521.406	17110.500
521.596	17217.500
521.785	17225.500
521.975	17096.500
522.165	17141.500
522.354	17038.500
522.544	16946.500
522.734	16878.500
522.924	16745.500
523.113	16883.500
523.303	16835.500
523.493	16871.500
523.683	17126.500
523.872	17361.500
524.062	17402.500
524.252	17420.500
524.441	17446.500
524.631	17418.500
524.821	17328.500
525.011	17467.500
525.200	17515.500
525.390	17492.500
525.580	17371.500
525.769	17169.500
525.959	17015.500
526.149	16707.500
526.339	16452.500
526.528	16319.500
526.718	16153.500
526.908	16122.500
527.098	16293.500
527.287	16306.500
527.477	16501.500
527.667	16649.500
527.856	16867.500
528.046	16896.500
528.236	16914.500
528.426	17174.500
528.615	17498.500
528.805	17516.500
528.995	17582.500
529.185	17532.500
529.374	17493.500
529.564	17665.500
529.754	17413.500
529.943	17526.500
530.133	17582.500
530.323	17499.500
530.513	17751.500
530.702	17771.500
530.892	17499.500
531.082	17556.500
531.271	17482.500
531.461	17433.500
531.651	17331.500
531.841	16943.500
532.030	16745.500
532.220	16615.500
532.410	16371.500
532.600	16292.500
532.789	16313.500
532.979	16230.500
533.169	16094.500
533.358	16150.500
533.548	16255.500
533.738	16335.500
533.928	16261.500
534.117	16247.500
534.307	16182.500
534.497	16222.500
534.687	16273.500
534.876	16400.500
535.066	16505.500
535.256	16618.500
535.445	16601.500
535.635	16519.500
535.825	16393.500
536.015	16329.500
536.204	16120.500
536.394	15830.500
536.584	15770.500
536.773	15837.500
536.963	15742.500
537.153	15608.500
537.343	15624.500
537.532	15846.500
537.722	15849.500
537.912	15795.500
538.102	15753.500
538.291	15679.500
538.481	15668.500
538.671	15593.500
538.860	15641.500
539.050	15390.500
539.240	15250.500
539.430	15225.500
539.619	15191.500
539.809	15110.500
539.999	15060.500
540.189	14950.500
540.378	14781.500
540.568	14920.500
540.758	15154.500
540.947	15165.500
541.137	15190.500
541.327	15098.500
541.517	15188.500
541.706	15209.500
541.896	15118.500
542.086	15171.500
542.276	15195.500
542.465	15196.500
542.655	15115.500
542.845	15138.500
543.034	15176.500
543.224	15302.500
543.414	15197.500
543.604	15202.500
543.793	15111.500
543.983	15183.500
544.173	15172.500
544.362	15158.500
544.552	15257.500
544.742	15392.500
544.932	15340.500
545.121	15181.500
545.311	15165.500
545.501	15271.500
545.691	15157.500
545.880	15072.500
546.070	15134.500
546.264	15159.500
546.459	15066.500
546.653	14871.500
546.847	14818.500
547.041	14917.500
547.236	14898.500
547.430	14713.500
547.624	14808.500
547.818	14839.500
548.013	14816.500
548.207	14724.500
548.401	14754.500
548.596	14774.500
548.790	14804.500
548.984	14793.500
549.178	14876.500
549.373	14745.500
549.567	14737.500
549.761	14832.500
549.956	14814.500
550.150	14686.500
550.344	14634.500
550.538	14717.500
550.733	14720.500
550.927	14616.500
551.121	14621.500
551.315	14657.500
551.510	14693.500
551.704	14638.500
551.898	14666.500
552.093	14602.500
552.287	14530.500
552.481	14429.500
552.675	14438.500
552.870	14508.500
553.064	14493.500
553.258	14564.500
553.453	14595.500
553.647	14540.500
553.841	14465.500
554.035	14510.500
554.230	14563.500
554.424	14595.500
554.618	14608.500
554.812	14572.500
555.007	14442.500
555.201	14406.500
555.395	14490.500
555.590	14522.500
555.784	14488.500
555.978	14366.500
556.172	14292.500
556.367	14248.500
556.561	14108.500
556.755	14012.500
556.949	14083.500
557.144	14184.500
557.338	14326.500
557.532	14149.500
557.727	13903.500
557.921	14067.500
558.115	14051.500
558.309	13762.500
558.504	13711.500
558.698	13767.500
558.892	13887.500
559.087	13826.500
559.281	13644.500
559.475	13573.500
559.669	13795.500
559.864	13854.500
560.058	13972.500
560.252	13990.500
560.446	14088.500
560.641	13991.500
560.835	13985.500
561.029	14018.500
561.224	13892.500
561.418	14021.500
561.612	14099.500
561.806	14049.500
562.001	14179.500
562.195	14188.500
562.389	14087.500
562.584	14023.500
562.778	14065.500
562.972	14032.500
563.166	13872.500
563.361	13913.500
563.555	13960.500
563.749	13912.500
563.943	13965.500
564.138	14091.500
564.332	14032.500
564.526	13901.500
564.721	13850.500
564.915	13806.500
565.109	13733.500
565.303	13767.500
565.498	13681.500
565.692	13481.500
565.886	13531.500
566.081	13682.500
566.275	13618.500
566.469	13614.500
566.663	13750.500
566.858	13782.500
567.052	13838.500
567.246	13763.500
567.440	13733.500
567.635	13657.500
567.829	13565.500
568.023	13431.500
568.218	13494.500
568.412	13642.500
568.606	13474.500
568.800	13399.500
568.995	13586.500
569.189	13550.500
569.383	13492.500
569.577	13352.500
569.772	13273.500
569.966	13179.500
570.160	13026.500
570.355	13079.500
570.549	13145.500
570.743	13124.500
570.937	13018.500
571.132	12887.500
571.326	12899.500
571.520	13043.500
571.715	13062.500
571.909	13149.500
572.103	13174.500
572.297	13343.500
572.492	13295.500
572.686	13246.500
572.880	13338.500
573.074	13244.500
573.269	13216.500
573.463	13341.500
573.657	13231.500
573.852	13067.500
574.046	12986.500
574.240	12915.500
574.434	12977.500
574.629	12960.500
574.823	12785.500
575.017	12894.500
575.212	12824.500
575.406	12667.500
575.600	12780.500
575.794	12833.500
575.989	12828.500
576.183	12837.500
576.377	12816.500
576.571	12800.500
576.766	12883.500
576.960	12861.500
577.159	12656.500
577.357	12470.500
577.556	12391.500
577.755	12370.500
577.953	12288.500
578.152	12407.500
578.350	12280.500
578.549	12301.500
578.748	12404.500
578.946	12421.500
579.145	12302.500
579.344	12349.500
579.542	12357.500
579.741	12355.500
579.940	12397.500
580.138	12542.500
580.337	12659.500
580.535	12715.500
580.734	12852.500
580.933	12911.500
581.131	12896.500
581.330	12994.500
581.529	12938.500
581.727	13014.500
581.926	13076.500
582.125	13163.500
582.323	13210.500
582.522	13299.500
582.721	13244.500
582.919	13299.500
583.118	13449.500
583.316	13547.500
583.515	13562.500
583.714	13628.500
583.912	13746.500
584.111	13648.500
584.310	13621.500
584.508	13492.500
584.707	13482.500
584.906	13470.500
585.104	13458.500
585.303	13526.500
585.501	13515.500
585.700	13496.500
585.899	13394.500
586.097	13461.500
586.296	13437.500
586.495	13482.500
586.693	13543.500
586.892	13337.500
587.091	13266.500
587.289	13370.500
587.488	13318.500
587.686	13116.500
587.885	12904.500
588.084	12752.500
588.282	12510.500
588.481	12238.500
588.680	12042.500
588.878	12086.500
589.077	11908.500
589.276	11835.500
589.474	12107.500
589.673	12047.500
589.871	12137.500
590.070	12335.500
590.269	12340.500
590.467	12410.500
590.666	12428.500
590.865	12416.500
591.063	12589.500
591.262	12558.500
591.461	12572.500
591.659	12567.500
591.858	12621.500
592.056	12638.500
592.255	12685.500
592.454	12570.500
592.652	12697.500
592.851	12699.500
593.050	12564.500
593.248	12557.500
593.447	12600.500
593.646	12583.500
593.844	12518.500
594.043	12523.500
594.241	12412.500
594.440	12469.500
594.639	12402.500
594.837	12391.500
595.036	12502.500
595.235	12452.500
595.433	12564.500
595.632	12625.500
595.831	12483.500
596.029	12596.500
596.228	12614.500
596.427	12637.500
596.625	12723.500
596.824	12577.500
597.022	12564.500
597.221	12595.500
597.420	12653.500
597.618	12668.500
597.817	12582.500
598.016	12492.500
598.214	12577.500
598.413	12532.500
598.612	12386.500
598.810	12351.500
599.009	12361.500
599.207	12328.500
599.406	12534.500
599.605	12665.500
599.803	12464.500
600.002	12435.500
600.201	12528.500
600.399	12512.500
600.598	12551.500
600.797	12579.500
600.995	12462.500
601.194	12284.500
601.392	12357.500
601.591	12395.500
601.790	12516.500
601.988	12473.500
602.187	12504.500
602.386	12493.500
602.584	12497.500
602.783	12581.500
602.982	12628.500
603.180	12599.500
603.379	12427.500
603.577	12523.500
603.776	12671.500
603.975	12552.500
604.173	12466.500
604.372	12580.500
604.571	12620.500
604.769	12590.500
604.968	12557.500
605.167	12771.500
605.365	12761.500
605.564	12667.500
605.762	12505.500
605.961	12571.500
606.160	12602.500
606.358	12493.500
606.557	12583.500
606.756	12693.500
606.954	12670.500
607.153	12573.500
607.352	12665.500
607.550	12540.500
607.749	12463.500
607.948	12382.500
608.146	12357.500
608.345	12460.500
608.543	12504.500
608.742	12347.500
608.941	12280.500
609.139	12331.500
609.338	12435.500
609.537	12381.500
609.735	12204.500
609.934	12168.500
610.133	12136.500
610.331	12131.500
610.530	12315.500
610.728	12396.500
610.927	12372.500
611.126	12305.500
611.324	12281.500
611.523	12247.500
611.722	12157.500
611.920	12188.500
612.119	12294.500
612.318	12254.500
612.516	12328.500
612.715	12160.500
612.913	12036.500
613.112	12052.500
613.311	12190.500
613.509	12173.500
613.708	11949.500
613.907	11903.500
614.105	12039.500
614.304	12154.500
614.503	12177.500
614.701	12206.500
614.900	12132.500
615.098	12008.500
615.297	11945.500
615.496	11896.500
615.694	11730.500
615.893	11639.500
616.092	11700.500
616.290	11678.500
616.489	11705.500
616.688	11792.500
616.886	11832.500
617.085	11777.500
617.283	11714.500
617.482	11792.500
617.681	11829.500
617.879	11809.500
618.078	11914.500
618.277	11925.500
618.475	11922.500
618.674	11761.500
618.873	11888.500
619.071	11940.500
619.270	11847.500
619.468	11777.500
619.667	11823.500
619.866	11922.500
620.064	11925.500
620.263	11972.500
620.462	12050.500
620.660	12006.500
620.859	11922.500
621.058	11842.500
621.256	11872.500
621.455	11761.500
621.654	11734.500
621.852	11860.500
622.051	11860.500
622.249	11734.500
622.448	11742.500
622.647	11736.500
622.845	11604.500
623.044	11581.500
623.243	11525.500
623.441	11615.500
623.640	11600.500
623.839	11570.500
624.037	11465.500
624.236	11413.500
624.434	11396.500
624.633	11355.500
624.832	11437.500
625.030	11352.500
625.229	11270.500
625.428	11231.500
625.626	11419.500
625.825	11421.500
626.024	11352.500
626.222	11378.500
626.421	11365.500
626.619	11213.500
626.818	11180.500
627.017	11280.500
627.215	11161.500
627.414	11083.500
627.613	11060.500
627.811	11008.500
628.010	11061.500
628.209	11123.500
628.407	11170.500
628.606	11091.500
628.804	11139.500
629.003	11044.500
629.202	11009.500
629.400	11062.500
629.599	10948.500
629.798	10916.500
629.996	11032.500
630.195	11003.500
630.394	11010.500
630.592	11054.500
630.791	11077.500
630.990	11085.500
631.188	10896.500
631.387	10814.500
631.585	10938.500
631.784	11089.500
631.983	11120.500
632.181	11047.500
632.380	11081.500
632.579	11002.500
632.777	11075.500
632.976	11077.500
633.175	11000.500
633.373	10980.500
633.572	10910.500
633.770	11011.500
633.969	11076.500
634.168	10961.500
634.366	10981.500
634.565	11121.500
634.764	10975.500
634.962	11089.500
635.161	11133.500
635.360	11137.500
635.558	11074.500
635.757	11076.500
635.955	11168.500
636.154	11082.500
636.353	11042.500
636.551	11071.500
636.750	11065.500
636.949	11079.500
637.147	11116.500
637.346	11155.500
637.545	11101.500
637.743	11042.500
637.942	11086.500
638.140	11168.500
638.339	11212.500
638.538	11216.500
638.736	11160.500
638.935	11130.500
639.134	11075.500
639.332	11093.500
639.531	11004.500
639.730	11025.500
639.928	10973.500
640.127	11077.500
640.325	11174.500
640.524	11076.500
640.723	10967.500
640.921	10929.500
641.120	10935.500
641.319	10936.500
641.517	11073.500
641.716	10966.500
641.915	10984.500
642.113	10966.500
642.312	11014.500
642.510	11065.500
642.709	11112.500
642.908	10989.500
643.106	10872.500
643.305	10976.500
643.504	11039.500
643.702	10997.500
643.901	10980.500
644.100	11063.500
644.298	11113.500
644.497	11126.500
644.696	11078.500
644.894	10959.500
645.093	11012.500
645.291	10981.500
645.490	10886.500
645.689	10963.500
645.887	10901.500
646.086	10865.500
646.285	10804.500
646.483	10811.500
646.682	10871.500
646.881	10766.500
647.079	10596.500
647.278	10450.500
647.476	10597.500
647.675	10779.500
647.874	10788.500
648.072	10747.500
648.271	10702.500
648.470	10528.500
648.668	10532.500
648.867	10483.500
649.066	10419.500
649.264	10517.500
649.463	10475.500
649.661	10558.500
649.860	10680.500
650.059	10733.500
650.257	10667.500
650.456	10792.500
650.655	10736.500
650.853	10648.500
651.052	10681.500
651.251	10740.500
651.449	10699.500
651.648	10831.500
651.846	10726.500
652.045	10696.500
652.244	10839.500
652.442	10790.500
652.641	10907.500
652.840	10894.500
653.038	10873.500
653.237	10888.500
653.436	10855.500
653.634	10813.500
653.833	10926.500
654.032	10870.500
654.230	10741.500
654.429	10756.500
654.627	10802.500
654.826	10747.500
655.025	10615.500
655.223	10383.500
655.422	10226.500
655.621	10046.500
655.819	9778.500
656.018	9727.500
656.217	9523.500
656.415	9473.500
656.614	9704.500
656.812	9863.500
657.011	9948.500
657.210	10001.500
657.408	10149.500
657.607	10201.500
657.806	10312.500
658.004	10368.500
658.203	10365.500
658.402	10314.500
658.600	10568.500
658.799	10600.500
658.997	10621.500
659.196	10710.500
659.395	10751.500
659.593	10787.500
659.792	10826.500
659.991	10940.500
660.189	10884.500
660.388	10914.500
660.587	10958.500
660.785	10840.500
660.984	11016.500
661.182	11038.500
661.381	11018.500
661.580	11013.500
661.778	10914.500
661.977	10766.500
662.176	10810.500
662.374	11079.500
662.573	11118.500
662.772	11009.500
662.970	10995.500
663.169	10971.500
663.367	10959.500
663.566	10925.500
663.765	10927.500
663.963	10968.500
664.162	10982.500
664.361	11111.500
664.559	11111.500
664.758	11024.500
664.957	10923.500
665.155	10827.500
665.354	10879.500
665.552	10852.500
665.751	10922.500
665.950	10877.500
666.148	10792.500
666.347	10874.500
666.546	10913.500
666.744	10894.500
666.943	10805.500
667.142	10856.500
667.340	10872.500
667.539	10859.500
667.738	10800.500
667.936	10862.500
668.135	10984.500
668.333	10974.500
668.532	10846.500
668.731	10764.500
668.929	10775.500
669.128	10690.500
669.327	10760.500
669.525	10773.500
669.724	10816.500
669.923	10754.500
670.121	10795.500
670.320	10736.500
670.518	10646.500
670.717	10683.500
670.916	10500.500
671.114	10361.500
671.313	10552.500
671.512	10605.500
671.710	10584.500
671.909	10515.500
672.108	10490.500
672.306	10630.500
672.505	10618.500
672.703	10624.500
672.902	10540.500
673.101	10580.500
673.299	10560.500
673.498	10553.500
673.697	10542.500
673.895	10507.500
674.094	10572.500
674.293	10620.500
674.491	10533.500
674.690	10413.500
674.888	10377.500
675.087	10361.500
675.286	10378.500
675.484	10375.500
675.683	10447.500
675.882	10404.500
676.080	10500.500
676.279	10529.500
676.478	10400.500
676.676	10347.500
676.875	10404.500
677.073	10528.500
677.272	10417.500
677.471	10362.500
677.669	10360.500
677.868	10330.500
678.067	10289.500
678.265	10292.500
678.464	10188.500
678.663	10167.500
678.861	10187.500
679.060	10372.500
679.259	10309.500
679.457	10263.500
679.656	10127.500
679.854	10098.500
680.053	10212.500
680.252	10175.500
680.450	10018.500
680.649	10107.500
680.848	10170.500
681.046	10227.500
681.245	10251.500
681.444	10210.500
681.642	10138.500
681.841	10043.500
682.039	10070.500
682.238	10027.500
682.437	9978.500
682.635	9939.500
682.834	9905.500
683.033	9869.500
683.231	9818.500
683.430	9859.500
683.629	9850.500
683.827	9868.500
684.026	9910.500
684.224	9941.500
684.423	9800.500
684.622	9784.500
684.820	9831.500
685.019	9763.500
685.218	9689.500
685.416	9835.500
685.615	9628.500
685.814	9291.500
686.012	9021.500
686.211	8638.500
686.409	8298.500
686.608	8172.500
686.807	8176.500
687.005	8225.500
687.204	8128.500
687.403	8223.500
687.601	8160.500
687.800	8237.500
687.999	8232.500
688.197	8037.500
688.396	8102.500
688.594	8264.500
688.793	8106.500
688.992	8167.500
689.190	8218.500
689.389	8299.500
689.588	8407.500
689.786	8387.500
689.985	8525.500
690.184	8595.500
690.382	8554.500
690.581	8559.500
690.779	8551.500
690.978	8568.500
691.177	8627.500
691.375	8682.500
691.574	8782.500
691.773	8775.500
691.971	8823.500
692.170	8779.500
692.369	8712.500
692.567	8664.500
692.766	8723.500
692.965	8685.500
693.163	8658.500
693.362	8596.500
693.560	8636.500
693.759	8722.500
693.958	8625.500
694.156	8569.500
694.355	8653.500
694.554	8673.500
694.752	8627.500
694.951	8566.500
695.150	8648.500
695.348	8653.500
695.547	8777.500
695.745	8762.500
695.944	8832.500
696.143	8881.500
696.341	8964.500
696.540	9006.500
696.743	8990.500
696.946	8937.500
697.149	8962.500
697.352	8897.500
697.555	8908.500
697.757	8912.500
697.960	8817.500
698.163	8755.500
698.366	8740.500
698.569	8770.500
698.772	8749.500
698.975	8706.500
699.178	8625.500
699.381	8654.500
699.584	8597.500
699.787	8590.500
699.989	8660.500
700.192	8683.500
700.395	8649.500
700.598	8651.500
700.801	8572.500
701.004	8535.500
701.207	8494.500
701.410	8585.500
701.613	8581.500
701.816	8617.500
702.019	8605.500
702.221	8574.500
702.424	8596.500
702.627	8618.500
702.830	8625.500
703.033	8659.500
703.236	8703.500
703.439	8589.500
703.642	8696.500
703.845	8699.500
704.048	8695.500
704.251	8674.500
704.453	8711.500
704.656	8750.500
704.859	8850.500
705.062	8885.500
705.265	8856.500
705.468	8821.500
705.671	8753.500
705.874	8750.500
706.077	8737.500
706.280	8679.500
706.483	8604.500
706.685	8627.500
706.888	8777.500
707.091	8912.500
707.294	8789.500
707.497	8781.500
707.700	8745.500
707.903	8739.500
708.106	8716.500
708.309	8749.500
708.512	8787.500
708.715	8799.500
708.917	8858.500
709.120	8714.500
709.323	8599.500
709.526	8649.500
709.729	8719.500
709.932	8700.500
710.135	8635.500
710.338	8589.500
710.541	8585.500
710.744	8597.500
710.947	8679.500
711.149	8694.500
711.352	8550.500
711.555	8499.500
711.758	8613.500
711.961	8744.500
712.164	8654.500
712.367	8513.500
712.570	8398.500
712.773	8397.500
712.976	8445.500
713.179	8552.500
713.381	8607.500
713.584	8551.500
713.787	8474.500
713.990	8386.500
714.193	8361.500
714.396	8349.500
714.599	8261.500
714.802	8257.500
715.005	8240.500
715.208	8164.500
715.411	8063.500
715.613	7998.500
715.816	7794.500
716.019	7535.500
716.222	7540.500
716.425	7362.500
716.628	7196.500
716.831	7140.500
717.034	7033.500
717.237	6841.500
717.440	6742.500
717.643	6659.500
717.845	6539.500
718.048	6358.500
718.251	6213.500
718.454	6166.500
718.657	6138.500
718.860	6111.500
719.063	6114.500
719.266	6053.500
719.469	6001.500
719.672	6058.500
719.875	6183.500
720.077	6300.500
720.280	6402.500
720.483	6559.500
720.686	6553.500
720.889	6656.500
721.092	6785.500
721.295	6889.500
721.498	6971.500
721.701	7047.500
721.904	6977.500
722.107	6871.500
722.309	6779.500
722.512	6703.500
722.715	6726.500
722.918	6693.500
723.121	6613.500
723.324	6636.500
723.527	6542.500
723.730	6525.500
723.933	6538.500
724.136	6412.500
724.339	6289.500
724.541	6332.500
724.744	6349.500
724.947	6303.500
725.150	6219.500
725.353	6143.500
725.556	6305.500
725.759	6337.500
725.962	6350.500
726.165	6316.500
726.368	6287.500
726.571	6270.500
726.773	6310.500
726.976	6224.500
727.179	6222.500
727.382	6182.500
727.585	6231.500
727.788	6302.500
727.991	6290.500
728.194	6214.500
728.397	6179.500
728.600	6179.500
728.803	6175.500
729.005	6214.500
729.208	6187.500
729.411	6189.500
729.614	6249.500
729.817	6281.500
730.020	6166.500
730.223	6189.500
730.426	6257.500
730.629	6292.500
730.832	6365.500
731.035	6379.500
731.237	6288.500
731.440	6346.500
731.643	6399.500
731.846	6564.500
732.049	6537.500
732.252	6522.500
732.455	6637.500
732.658	6676.500
732.861	6760.500
733.064	6782.500
733.267	6866.500
733.469	6862.500
733.672	6821.500
733.875	6839.500
734.078	6889.500
734.281	6890.500
734.484	6773.500
734.687	6768.500
734.890	6767.500
735.093	6706.500
735.296	6749.500
735.499	6799.500
735.701	6743.500
735.904	6747.500
736.107	6769.500
736.310	6700.500
736.513	6672.500
736.716	6660.500
736.919	6724.500
737.122	6770.500
737.325	6693.500
737.528	6613.500
737.731	6619.500
737.933	6668.500
738.136	6645.500
738.339	6669.500
738.542	6551.500
738.745	6566.500
738.948	6645.500
739.151	6708.500
739.354	6683.500
739.557	6652.500
739.760	6575.500
739.963	6528.500
740.165	6521.500
740.368	6547.500
740.571	6487.500
740.774	6485.500
740.977	6502.500
741.180	6518.500
741.383	6533.500
741.586	6601.500
741.789	6652.500
741.992	6505.500
742.195	6501.500
742.397	6675.500
742.600	6613.500
742.803	6588.500
743.006	6653.500
743.209	6678.500
743.412	6559.500
743.615	6550.500
743.818	6429.500
744.021	6430.500
744.224	6520.500
744.427	6561.500
744.629	6663.500
744.832	6671.500
745.035	6607.500
745.238	6499.500
745.441	6523.500
745.644	6539.500
745.847	6518.500
746.050	6488.500
746.253	6446.500
746.456	6410.500
746.659	6406.500
746.861	6457.500
747.064	6424.500
747.267	6400.500
747.470	6436.500
747.673	6259.500
747.876	6271.500
748.079	6291.500
748.282	6373.500
748.485	6350.500
748.688	6279.500
748.891	6218.500
749.093	6106.500
749.296	6202.500
749.499	6281.500
749.702	6212.500
749.905	6191.500
750.108	6216.500
750.311	6151.500
750.514	6172.500
750.717	6121.500
750.920	6094.500
751.123	6217.500
751.325	6108.500
751.528	6153.500
751.731	6100.500
751.934	6095.500
752.137	6091.500
752.340	6039.500
752.543	6061.500
752.746	6001.500
752.949	6011.500
753.152	6053.500
753.355	6079.500
753.557	6042.500
753.760	6058.500
753.963	6090.500
754.166	6066.500
754.369	6072.500
754.572	6023.500
754.775	6026.500
754.978	6106.500
755.181	6040.500
755.384	5954.500
755.587	5998.500
755.789	5893.500
755.992	5819.500
756.195	5876.500
756.398	5865.500
756.601	5849.500
756.804	5889.500
757.007	5897.500
757.210	5807.500
757.413	5705.500
757.616	5704.500
757.819	5541.500
758.021	5422.500
758.224	5275.500
758.427	4914.500
758.630	4494.500
758.833	4048.500
759.036	3759.500
759.239	3495.500
759.442	3174.500
759.645	2899.500
759.848	2791.500
760.051	2693.500
760.253	2688.500
760.456	2767.500
760.659	2774.500
760.862	2658.500
761.065	2613.500
761.268	2556.500
761.471	2497.500
761.674	2472.500
761.877	2480.500
762.080	2493.500
762.283	2529.500
762.485	2552.500
762.688	2595.500
762.891	2666.500
763.094	2729.500
763.297	2814.500
763.500	2907.500
763.706	3015.500
763.912	3030.500
764.118	3138.500
764.325	3296.500
764.531	3390.500
764.737	3457.500
764.943	3520.500
765.149	3625.500
765.355	3692.500
765.561	3748.500
765.768	3887.500
765.974	4033.500
766.180	4223.500
766.386	4390.500
766.592	4440.500
766.798	4429.500
767.004	4388.500
767.210	4438.500
767.417	4636.500
767.623	4718.500
767.829	4651.500
768.035	4755.500
768.241	4861.500
768.447	4900.500
768.653	4834.500
768.860	4908.500
769.066	5016.500
769.272	4987.500
769.478	4965.500
769.684	5037.500
769.890	5067.500
770.096	5002.500
770.303	4973.500
770.509	4975.500
770.715	4952.500
770.921	4992.500
771.127	5014.500
771.333	5015.500
771.539	5012.500
771.745	4932.500
771.952	4973.500
772.158	5096.500
772.364	5082.500
772.570	5076.500
772.776	5032.500
772.982	5085.500
773.188	5075.500
773.395	4963.500
773.601	4925.500
773.807	4964.500
774.013	4860.500
774.219	4927.500
774.425	4973.500
774.631	4937.500
774.838	4924.500
775.044	4895.500
775.250	4917.500
775.456	4855.500
775.662	4860.500
775.868	4908.500
776.074	4862.500
776.281	4863.500
776.487	4855.500
776.693	4816.500
776.899	4773.500
777.105	4793.500
777.311	4834.500
777.517	4781.500
777.723	4813.500
777.930	4761.500
778.136	4741.500
778.342	4687.500
778.548	4697.500
778.754	4728.500
778.960	4723.500
779.166	4683.500
779.373	4710.500
779.579	4645.500
779.785	4703.500
779.991	4664.500
780.197	4639.500
780.403	4673.500
780.609	4709.500
780.816	4691.500
781.022	4660.500
781.228	4635.500
781.434	4626.500
781.640	4630.500
781.846	4627.500
782.052	4553.500
782.259	4512.500
782.465	4593.500
782.671	4597.500
782.877	4550.500
783.083	4629.500
783.289	4605.500
783.495	4467.500
783.701	4497.500
783.908	4480.500
784.114	4503.500
784.320	4501.500
784.526	4471.500
784.732	4410.500
784.938	4424.500
785.144	4424.500
785.351	4371.500
785.557	4360.500
785.763	4493.500
785.969	4425.500
786.175	4297.500
786.381	4370.500
786.587	4439.500
786.794	4342.500
787.000	4321.500
787.206	4236.500
787.412	4221.500
787.618	4235.500
787.824	4233.500
788.030	4230.500
788.236	4154.500
788.443	4100.500
788.649	4141.500
788.855	4051.500
789.061	3992.500
789.267	4002.500
789.473	4109.500
789.679	4068.500
789.886	4047.500
790.092	3945.500
790.298	4063.500
790.504	4093.500
790.710	4016.500
790.916	3998.500
791.122	3903.500
791.329	3916.500
791.535	3963.500
791.741	3946.500
791.947	3940.500
792.153	3870.500
792.359	3843.500
792.565	3903.500
792.771	3891.500
792.978	3809.500
793.184	3797.500
793.390	3824.500
793.596	3842.500
793.802	3847.500
794.008	3824.500
794.214	3893.500
794.421	3844.500
794.627	3740.500
794.833	3717.500
795.039	3753.500
795.245	3712.500
795.451	3802.500
795.657	3795.500
795.864	3797.500
796.070	3791.500
796.276	3797.500
796.482	3808.500
796.688	3773.500
796.894	3796.500
797.100	3745.500
797.307	3735.500
797.513	3661.500
797.719	3691.500
797.925	3767.500
798.131	3751.500
798.337	3699.500
798.543	3677.500
798.749	3563.500
798.956	3614.500
799.162	3651.500
799.368	3613.500
799.574	3508.500
799.780	3546.500
799.986	3576.500
800.192	3599.500
800.399	3610.500
800.605	3564.500
800.811	3550.500
801.017	3537.500
801.223	3503.500
801.429	3496.500
801.635	3481.500
801.842	3464.500
802.048	3524.500
802.254	3524.500
802.460	3514.500
802.666	3486.500
802.872	3450.500
803.078	3455.500
803.285	3424.500
803.491	3497.500
803.697	3429.500
803.903	3322.500
804.109	3350.500
804.315	3452.500
804.521	3470.500
804.727	3444.500
804.934	3400.500
805.140	3387.500
805.346	3413.500
805.552	3426.500
805.758	3437.500
805.964	3421.500
806.170	3311.500
806.377	3308.500
806.583	3325.500
806.789	3392.500
806.995	3365.500
807.201	3316.500
807.407	3306.500
807.613	3347.500
807.820	3377.500
808.026	3286.500
808.232	3296.500
808.438	3304.500
808.644	3276.500
808.850	3240.500
809.056	3246.500
809.262	3247.500
809.469	3131.500
809.675	3119.500
809.881	3167.500
810.087	3125.500
810.293	3053.500
810.499	3104.500
810.705	3081.500
810.912	3076.500
811.118	3022.500
811.324	3071.500
811.530	3082.500
811.739	3006.500
811.947	2959.500
812.156	2927.500
812.365	2893.500
812.573	2859.500
812.782	2807.500
812.990	2754.500
813.199	2672.500
813.408	2686.500
813.616	2753.500
813.825	2695.500
814.034	2587.500
814.242	2507.500
814.451	2455.500
814.659	2483.500
814.868	2473.500
815.077	2423.500
815.285	2347.500
815.494	2312.500
815.703	2315.500
815.911	2349.500
816.120	2397.500
816.329	2342.500
816.537	2322.500
816.746	2315.500
816.954	2294.500
817.163	2261.500
817.372	2248.500
817.580	2281.500
817.789	2268.500
817.998	2304.500
818.206	2285.500
818.415	2226.500
818.624	2268.500
818.832	2317.500
819.041	2333.500
819.249	2307.500
819.458	2298.500
819.667	2404.500
819.875	2494.500
820.084	2480.500
820.293	2474.500
820.501	2441.500
820.710	2380.500
820.919	2361.500
821.127	2470.500
821.336	2461.500
821.544	2313.500
821.753	2250.500
821.962	2159.500
822.170	2146.500
822.379	2140.500
822.588	2118.500
822.796	2197.500
823.005	2260.500
823.213	2231.500
823.422	2239.500
823.631	2253.500
823.839	2296.500
824.048	2286.500
824.257	2280.500
824.465	2321.500
824.674	2317.500
824.883	2283.500
825.091	2276.500
825.300	2321.500
825.508	2336.500
825.717	2387.500
825.926	2355.500
826.134	2441.500
826.343	2371.500
826.552	2282.500
826.760	2251.500
826.969	2229.500
827.178	2248.500
827.386	2242.500
827.595	2309.500
827.803	2305.500
828.012	2243.500
828.221	2208.500
828.429	2181.500
828.638	2214.500
828.847	2227.500
829.055	2196.500
829.264	2258.500
829.472	2273.500
829.681	2251.500
829.890	2209.500
830.098	2219.500
830.307	2201.500
830.516	2155.500
830.724	2169.500
830.933	2203.500
831.142	2236.500
831.350	2202.500
831.559	2151.500
831.767	2145.500
831.976	2171.500
832.185	2216.500
832.393	2168.500
832.602	2115.500
832.811	2156.500
833.019	2162.500
833.228	2179.500
833.437	2188.500
833.645	2117.500
833.854	2175.500
834.062	2204.500
834.271	2191.500
834.480	2232.500
834.688	2242.500
834.897	2223.500
835.106	2207.500
835.314	2186.500
835.523	2243.500
835.731	2214.500
835.940	2240.500
836.149	2239.500
836.357	2230.500
836.566	2259.500
836.775	2214.500
836.983	2260.500
837.192	2215.500
837.401	2178.500
837.609	2202.500
837.818	2214.500
838.026	2217.500
838.235	2164.500
838.444	2205.500
838.652	2221.500
838.861	2193.500
839.070	2153.500
839.278	2199.500
839.487	2192.500
839.696	2225.500
839.904	2197.500
840.113	2175.500
840.321	2220.500
840.530	2199.500
840.739	2178.500
840.947	2196.500
841.156	2205.500
841.365	2196.500
841.573	2192.500
841.782	2157.500
841.991	2144.500
842.199	2169.500
842.408	2243.500
842.616	2159.500
842.825	2094.500
843.034	2085.500
843.242	2081.500
843.451	2102.500
843.660	2141.500
843.868	2151.500
844.077	2163.500
844.285	2114.500
844.494	2105.500
844.703	2098.500
844.911	2052.500
845.120	2078.500
845.329	2155.500
845.537	2089.500
845.746	2057.500
845.955	2126.500
846.163	2139.500
846.372	2111.500
846.580	2094.500
846.789	2119.500
846.998	2097.500
847.206	2076.500
847.415	2115.500
847.624	2048.500
847.832	1978.500
848.041	2041.500
848.250	2041.500
848.458	2000.500
848.667	1984.500
848.875	1959.500
849.084	1919.500
849.293	1834.500
849.501	1858.500
849.710	1945.500
849.919	1879.500
850.127	1869.500
850.336	1913.500
850.544	1889.500
850.753	1884.500
850.962	1899.500
851.170	1915.500
851.379	1913.500
851.588	1873.500
851.796	1910.500
852.005	1893.500
852.214	1803.500
852.422	1796.500
852.631	1866.500
852.839	1849.500
853.048	1706.500
853.257	1669.500
853.465	1648.500
853.674	1631.500
853.883	1679.500
854.091	1711.500
854.300	1696.500
854.509	1726.500
854.717	1787.500
854.926	1764.500
855.134	1766.500
855.343	1718.500
855.552	1775.500
855.760	1780.500
855.969	1764.500
856.178	1777.500
856.386	1741.500
856.595	1725.500
856.803	1779.500
857.012	1824.500
857.221	1799.500
857.429	1755.500
857.638	1729.500
857.847	1723.500
858.055	1735.500
858.264	1796.500
858.473	1745.500
858.681	1757.500
858.890	1771.500
859.098	1782.500
859.307	1742.500
859.516	1717.500
859.724	1767.500
859.933	1742.500
860.142	1694.500
860.350	1674.500
860.559	1715.500
860.768	1734.500
860.976	1693.500
861.185	1717.500
861.393	1682.500
861.602	1609.500
861.811	1600.500
862.019	1585.500
862.228	1670.500
862.437	1735.500
862.645	1703.500
862.854	1627.500
863.062	1669.500
863.271	1643.500
863.480	1667.500
863.688	1659.500
863.897	1632.500
864.106	1597.500
864.314	1605.500
864.523	1638.500
864.732	1613.500
864.940	1569.500
865.149	1501.500
865.357	1417.500
865.566	1370.500
865.775	1402.500
865.983	1422.500
866.192	1439.500
866.401	1457.500
866.609	1477.500
866.818	1485.500
867.027	1474.500
867.235	1476.500
867.444	1468.500
867.652	1426.500
867.861	1406.500
868.070	1393.500
868.278	1476.500
868.487	1459.500
868.696	1437.500
868.904	1503.500
869.113	1463.500
869.321	1452.500
869.530	1447.500
869.739	1383.500
869.947	1365.500
870.156	1422.500
870.365	1429.500
870.573	1420.500
870.782	1390.500
870.991	1403.500
871.199	1421.500
871.408	1356.500
871.616	1391.500
871.825	1348.500
872.034	1322.500
872.242	1378.500
872.451	1376.500
872.660	1352.500
872.868	1329.500
873.077	1357.500
873.286	1316.500
873.494	1295.500
873.703	1324.500
873.911	1283.500
874.120	1227.500
874.329	1313.500
874.537	1323.500
874.746	1317.500
874.955	1322.500
875.163	1312.500
875.372	1333.500
875.581	1325.500
875.789	1296.500
875.998	1295.500
876.206	1276.500
876.415	1257.500
876.624	1246.500
876.832	1260.500
877.041	1238.500
877.250	1239.500
877.458	1247.500
877.667	1233.500
877.875	1202.500
878.084	1183.500
878.293	1218.500
878.501	1205.500
878.710	1178.500
878.919	1226.500
879.127	1239.500
879.336	1219.500
879.545	1206.500
879.753	1173.500
879.962	1153.500
880.170	1114.500
880.379	1214.500
880.588	1211.500
880.796	1181.500
881.005	1217.500
881.214	1220.500
881.422	1186.500
881.631	1161.500
881.840	1188.500
882.048	1171.500
882.257	1176.500
882.465	1202.500
882.674	1184.500
882.883	1147.500
883.091	1128.500
883.300	1157.500
883.509	1101.500
883.717	1115.500
883.926	1129.500
884.134	1130.500
884.343	1152.500
884.552	1177.500
884.760	1120.500
884.969	1074.500
885.178	1151.500
885.386	1146.500
885.595	1140.500
885.804	1092.500
886.012	1029.500
886.221	1042.500
886.429	1075.500
886.638	1094.500
886.847	1084.500
887.055	1081.500
887.264	1052.500
887.473	1056.500
887.681	1041.500
887.890	1072.500
888.099	1084.500
888.307	1016.500
888.516	996.500
888.724	1016.500
888.933	1036.500
889.142	1062.500
889.350	1008.500
889.559	1012.500
889.768	1013.500
889.976	980.500
890.185	951.500
890.393	1023.500
890.602	1004.500
890.811	1032.500
891.019	1076.500
891.228	1043.500
891.437	1002.500
891.645	927.500
891.854	926.500
892.063	987.500
892.271	1000.500
892.480	980.500
892.688	959.500
892.897	985.500
893.106	933.500
893.314	945.500
893.523	918.500
893.732	957.500
893.940	940.500
894.149	895.500
894.358	890.500
894.566	879.500
894.775	849.500
894.983	825.500
895.192	839.500
895.401	828.500
895.609	783.500
895.818	781.500
896.027	822.500
896.235	804.500
896.444	788.500
896.652	811.500
896.861	845.500
897.070	839.500
897.278	809.500
897.487	752.500
897.696	716.500
897.904	697.500
898.113	692.500
898.322	674.500
898.530	671.500
898.739	655.500
898.947	653.500
899.156	705.500
899.365	721.500
899.573	685.500
899.782	716.500
899.991	676.500
900.199	633.500
900.408	622.500
900.617	680.500
900.825	690.500
901.034	665.500
901.242	703.500
901.451	699.500
901.660	701.500
901.868	672.500
902.077	737.500
902.286	741.500
902.494	740.500
902.703	753.500
902.911	746.500
903.120	781.500
903.329	788.500
903.537	753.500
903.746	741.500
903.955	760.500
904.163	738.500
904.372	753.500
904.581	777.500
904.789	810.500
904.998	799.500
905.206	795.500
905.415	809.500
905.624	773.500
905.832	695.500
906.041	685.500
906.250	688.500
906.458	713.500
906.667	722.500
906.876	705.500
907.084	659.500
907.293	653.500
907.501	659.500
907.710	638.500
907.919	651.500
908.127	649.500
908.336	625.500
908.545	633.500
908.753	687.500
908.962	671.500
909.170	682.500
909.379	643.500
909.588	616.500
909.796	620.500
910.005	665.500
910.214	629.500
910.422	585.500
910.631	617.500
910.840	634.500
911.048	631.500
911.257	633.500
911.465	631.500
911.674	687.500
911.883	665.500
912.091	610.500
912.300	582.500
912.508	554.500
912.716	574.500
912.924	593.500
913.132	615.500
913.340	599.500
913.549	557.500
913.757	541.500
913.965	596.500
914.173	564.500
914.381	563.500
914.589	550.500
914.797	580.500
915.005	574.500
915.213	594.500
915.421	642.500
915.629	634.500
915.838	598.500
916.046	553.500
916.254	554.500
916.462	562.500
916.670	548.500
916.878	560.500
917.086	582.500
917.294	568.500
917.502	560.500
917.710	577.500
917.919	549.500
918.127	535.500
918.335	538.500
918.543	540.500
918.751	593.500
918.959	637.500
919.167	660.500
919.375	583.500
919.583	581.500
919.791	595.500
919.999	613.500
920.208	564.500
920.416	542.500
920.624	575.500
920.832	554.500
921.040	565.500
921.248	553.500
921.456	551.500
921.664	545.500
921.872	528.500
922.080	594.500
922.288	582.500
922.497	545.500
922.705	578.500
922.913	549.500
923.121	520.500
923.329	561.500
923.537	579.500
923.745	557.500
923.953	518.500
924.161	516.500
924.369	476.500
924.578	436.500
924.786	524.500
924.994	548.500
925.202	543.500
925.410	519.500
925.618	545.500
925.826	533.500
926.034	505.500
926.242	516.500
926.450	525.500
926.658	476.500
926.867	440.500
927.075	450.500
927.283	398.500
927.491	422.500
927.699	494.500
927.907	432.500
928.115	393.500
928.323	381.500
928.531	377.500
928.739	428.500
928.947	382.500
929.156	357.500
929.364	368.500
929.572	365.500
929.780	307.500
929.988	264.500
930.196	259.500
930.404	268.500
930.612	241.500
930.820	243.500
931.028	225.500
931.236	194.500
931.445	195.500
931.653	201.500
931.861	173.500
932.069	233.500
932.277	250.500
932.485	169.500
932.693	185.500
932.901	200.500
933.109	164.500
933.317	171.500
933.526	179.500
933.734	142.500
933.942	117.500
934.150	152.500
934.358	151.500
934.566	141.500
934.774	167.500
934.982	165.500
935.190	179.500
935.398	159.500
935.606	168.500
935.815	155.500
936.023	168.500
936.231	161.500
936.439	144.500
936.647	141.500
936.855	149.500
937.063	138.500
937.271	152.500
937.479	182.500
937.687	185.500
937.895	209.500
938.104	230.500
938.312	252.500
938.520	219.500
938.728	109.500
938.936	182.500
939.144	209.500
939.352	187.500
939.560	226.500
939.768	251.500
939.976	191.500
940.185	188.500
940.393	190.500
940.601	165.500
940.809	178.500
941.017	195.500
941.225	171.500
941.433	139.500
941.641	146.500
941.849	157.500
942.057	178.500
942.265	149.500
942.474	128.500
942.682	127.500
942.890	128.500
943.098	144.500
943.306	160.500
943.514	145.500
943.722	149.500
943.930	157.500
944.138	157.500
944.346	165.500
944.554	173.500
944.763	168.500
944.971	202.500
945.179	175.500
945.387	133.500
945.595	139.500
945.803	155.500
946.011	167.500
946.219	199.500
946.427	173.500
946.635	125.500
946.843	142.500
947.052	134.500
947.260	151.500
947.468	132.500
947.676	125.500
947.884	133.500
948.092	159.500
948.300	167.500
948.508	110.500
948.716	103.500
948.924	135.500
949.133	130.500
949.341	160.500
949.549	173.500
949.757	174.500
949.965	145.500
950.173	141.500
950.381	124.500
950.589	129.500
950.797	146.500
951.005	154.500
951.213	140.500
951.422	144.500
951.630	138.500
951.838	161.500
952.046	173.500
952.254	129.500
952.462	142.500
952.670	141.500
952.878	142.500
953.086	145.500
953.294	123.500
953.502	163.500
953.711	161.500
953.919	136.500
954.127	151.500
954.335	136.500
954.543	120.500
954.751	144.500
954.959	181.500
955.167	175.500
955.375	157.500
955.583	163.500
955.792	151.500
956.000	143.500
956.208	156.500
956.416	154.500
956.624	160.500
956.832	174.500
957.040	181.500
957.248	188.500
957.456	190.500
957.664	167.500
957.872	128.500
958.081	156.500
958.289	165.500
958.497	167.500
958.705	162.500
958.913	148.500
959.121	136.500
959.329	158.500
959.537	150.500
959.745	150.500
959.953	183.500
960.161	189.500
960.370	166.500
960.578	164.500
960.786	151.500
960.994	153.500
961.202	165.500
961.410	199.500
961.618	199.500
961.826	177.500
962.034	113.500
962.242	134.500
962.451	138.500
962.659	118.500
962.867	154.500
963.075	198.500
963.283	191.500
963.491	139.500
963.699	144.500
963.907	182.500
964.115	175.500
964.323	181.500
964.531	121.500
964.740	120.500
964.948	151.500
965.156	178.500
965.364	168.500
965.572	156.500
965.780	137.500
965.999	146.500
966.218	145.500
966.438	191.500
966.657	186.500
966.876	139.500
967.095	156.500
967.315	199.500
967.534	209.500
967.753	178.500
967.972	191.500
968.192	176.500
968.411	168.500
968.630	180.500
968.849	154.500
969.068	180.500
969.288	191.500
969.507	191.500
969.726	190.500
969.945	206.500
970.165	181.500
970.384	145.500
970.603	115.500
970.822	158.500
971.042	178.500
971.261	211.500
971.480	198.500
971.699	153.500
971.919	212.500
972.138	215.500
972.357	145.500
972.576	152.500
972.795	167.500
973.015	116.500
973.234	147.500
973.453	198.500
973.672	199.500
973.892	185.500
974.111	131.500
974.330	158.500
974.549	169.500
974.769	162.500
974.988	173.500
975.207	153.500
975.426	96.500
975.646	156.500
975.865	164.500
976.084	143.500
976.303	125.500
976.522	114.500
976.742	125.500
976.961	117.500
977.180	139.500
977.399	213.500
977.619	172.500
977.838	166.500
978.057	165.500
978.276	170.500
978.496	125.500
978.715	131.500
978.934	128.500
979.153	140.500
979.372	147.500
979.592	132.500
979.811	170.500
980.030	210.500
980.249	152.500
980.469	146.500
980.688	196.500
980.907	188.500
981.126	152.500
981.346	135.500
981.565	123.500
981.784	98.500
982.003	156.500
982.223	155.500
982.442	160.500
982.661	156.500
982.880	169.500
983.099	168.500
983.319	146.500
983.538	113.500
983.757	97.500
983.976	120.500
984.196	118.500
984.415	139.500
984.634	165.500
984.853	145.500
985.073	161.500
985.292	175.500
985.511	170.500
985.730	169.500
985.949	170.500
986.169	146.500
986.388	124.500
986.607	154.500
986.826	148.500
987.046	133.500
987.265	151.500
987.484	121.500
987.703	107.500
987.923	151.500
988.142	161.500
988.361	181.500
988.580	153.500
988.800	110.500
989.019	154.500
989.238	163.500
989.457	136.500
989.676	127.500
989.896	109.500
990.115	118.500
990.334	139.500
990.553	152.500
990.773	134.500
990.992	118.500
991.211	100.500
991.430	130.500
991.650	125.500
991.869	132.500
992.088	124.500
992.307	120.500
992.527	120.500
992.746	133.500
992.965	147.500
993.184	120.500
993.403	116.500
993.623	111.500
993.842	138.500
994.061	116.500
994.280	119.500
994.500	171.500
994.719	183.500
994.938	98.500
995.157	94.500
995.377	140.500
995.596	121.500
995.815	107.500
996.034	95.500
996.253	76.500
996.473	69.500
996.692	103.500
996.911	119.500
997.130	115.500
997.350	101.500
997.569	109.500
997.788	123.500
998.007	83.500
998.227	96.500
998.446	126.500
998.665	110.500
998.884	99.500
999.104	84.500
999.323	121.500
999.542	114.500
999.761	93.500
999.980	107.500
1000.200	172.500
1000.419	148.500
1000.638	126.500
1000.857	121.500
1001.077	106.500
1001.296	113.500
1001.515	91.500
1001.734	109.500
1001.954	127.500
1002.173	102.500
1002.392	64.500
1002.611	72.500
1002.830	97.500
1003.050	93.500
1003.269	120.500
1003.488	136.500
1003.707	101.500
1003.927	94.500
1004.146	116.500
1004.365	97.500
1004.584	73.500
1004.804	97.500
1005.023	93.500
1005.242	80.500
1005.461	95.500
1005.681	112.500
1005.900	120.500
1006.119	121.500
1006.338	120.500
1006.557	75.500
1006.777	74.500
1006.996	102.500
1007.215	59.500
1007.434	52.500
1007.654	97.500
1007.873	130.500
1008.092	115.500
1008.311	109.500
1008.531	100.500
1008.750	106.500
1008.969	88.500
1009.188	30.500
1009.407	28.500
1009.627	53.500
1009.846	79.500
1010.065	89.500
1010.284	72.500
1010.504	102.500
1010.723	93.500
1010.942	75.500
1011.161	44.500
1011.381	54.500
1011.600	105.500
1011.819	103.500
1012.038	51.500
1012.258	89.500
1012.477	109.500
1012.696	85.500
1012.915	40.500
1013.134	65.500
1013.354	76.500
1013.573	39.500
1013.792	73.500
1014.011	85.500
1014.231	36.500
1014.450	62.500
1014.669	100.500
1014.888	80.500
1015.108	65.500
1015.327	53.500
1015.546	91.500
1015.765	67.500
1015.984	53.500
1016.204	79.500
1016.423	65.500
1016.642	65.500
1016.861	62.500
1017.081	26.500
1017.300	36.500
1017.519	82.500
