296.912	66.500
297.101	94.500
297.290	101.500
297.479	114.500
297.668	96.500
297.858	63.500
298.047	42.500
298.236	35.500
298.425	35.500
298.614	23.500
298.803	53.500
298.992	67.500
299.181	13.500
299.370	13.500
299.559	65.500
299.748	88.500
299.937	79.500
300.126	87.500
300.315	43.500
300.504	55.500
300.693	54.500
300.882	36.500
301.071	60.500
301.260	79.500
301.449	60.500
301.638	46.500
301.827	38.500
302.016	57.500
302.205	60.500
302.395	39.500
302.584	62.500
302.773	72.500
302.962	52.500
303.151	52.500
303.340	88.500
303.529	93.500
303.718	68.500
303.907	31.500
304.096	50.500
304.285	112.500
304.474	80.500
304.663	78.500
304.852	97.500
305.041	36.500
305.230	57.500
305.419	88.500
305.608	62.500
305.797	47.500
305.986	81.500
306.175	67.500
306.364	76.500
306.553	63.500
306.743	9.500
306.932	46.500
307.121	62.500
307.310	53.500
307.499	49.500
307.688	34.500
307.877	66.500
308.066	59.500
308.255	64.500
308.444	94.500
308.633	99.500
308.822	59.500
309.011	97.500
309.200	85.500
309.389	74.500
309.578	70.500
309.767	75.500
309.956	67.500
310.145	93.500
310.334	125.500
310.523	95.500
310.712	63.500
310.901	71.500
311.091	96.500
311.280	98.500
311.469	71.500
311.658	83.500
311.847	89.500
312.036	67.500
312.225	111.500
312.414	102.500
312.603	55.500
312.792	38.500
312.981	60.500
313.170	77.500
313.349	51.500
313.527	55.500
313.706	67.500
313.884	69.500
314.063	59.500
314.241	38.500
314.420	60.500
314.598	87.500
314.777	89.500
314.955	62.500
315.134	74.500
315.312	107.500
315.491	69.500
315.669	52.500
315.848	72.500
316.027	48.500
316.205	54.500
316.384	67.500
316.562	89.500
316.741	87.500
316.919	67.500
317.098	75.500
317.276	45.500
317.455	58.500
317.633	92.500
317.812	62.500
317.990	69.500
318.169	67.500
318.347	86.500
318.526	107.500
318.705	80.500
318.883	52.500
319.062	47.500
319.240	70.500
319.419	65.500
319.597	62.500
319.776	109.500
319.954	70.500
320.133	73.500
320.311	110.500
320.490	51.500
320.668	70.500
320.847	61.500
321.025	60.500
321.204	69.500
321.382	101.500
321.561	56.500
321.740	63.500
321.918	65.500
322.097	78.500
322.275	114.500
322.454	125.500
322.632	91.500
322.811	90.500
322.989	71.500
323.168	83.500
323.346	66.500
323.525	72.500
323.703	119.500
323.882	86.500
324.060	105.500
324.239	106.500
324.418	119.500
324.596	119.500
324.775	55.500
324.953	60.500
325.132	82.500
325.310	79.500
325.489	115.500
325.667	120.500
325.846	113.500
326.024	84.500
326.203	87.500
326.381	102.500
326.560	83.500
326.738	64.500
326.917	101.500
327.096	133.500
327.274	95.500
327.453	89.500
327.631	101.500
327.810	111.500
327.988	95.500
328.167	60.500
328.345	67.500
328.524	83.500
328.702	42.500
328.881	61.500
329.059	108.500
329.238	109.500
329.416	112.500
329.595	90.500
329.774	33.500
329.952	58.500
330.131	82.500
330.309	82.500
330.488	60.500
330.666	62.500
330.845	96.500
331.023	113.500
331.202	102.500
331.380	101.500
331.559	75.500
331.737	93.500
331.916	136.500
332.094	71.500
332.273	55.500
332.452	82.500
332.630	103.500
332.809	124.500
332.987	101.500
333.166	61.500
333.344	66.500
333.523	76.500
333.701	74.500
333.880	74.500
334.058	99.500
334.237	117.500
334.415	86.500
334.594	90.500
334.772	108.500
334.951	82.500
335.129	108.500
335.308	109.500
335.487	74.500
335.665	68.500
335.844	78.500
336.022	111.500
336.201	78.500
336.379	98.500
336.558	90.500
336.736	95.500
336.915	108.500
337.093	116.500
337.272	83.500
337.450	118.500
337.629	144.500
337.807	116.500
337.986	75.500
338.165	89.500
338.343	107.500
338.522	127.500
338.700	135.500
338.879	94.500
339.057	67.500
339.236	81.500
339.414	102.500
339.593	114.500
339.771	113.500
339.950	93.500
340.128	67.500
340.307	99.500
340.485	150.500
340.664	97.500
340.843	78.500
341.021	109.500
341.200	117.500
341.378	141.500
341.557	148.500
341.735	103.500
341.914	85.500
342.092	90.500
342.271	104.500
342.449	105.500
342.628	82.500
342.806	113.500
342.985	114.500
343.163	103.500
343.342	107.500
343.521	143.500
343.699	147.500
343.878	83.500
344.056	70.500
344.235	93.500
344.413	97.500
344.592	94.500
344.770	112.500
344.949	112.500
345.127	99.500
345.306	95.500
345.484	80.500
345.663	89.500
345.841	78.500
346.020	71.500
346.199	93.500
346.377	121.500
346.556	142.500
346.734	121.500
346.913	90.500
347.091	64.500
347.270	95.500
347.448	81.500
347.627	71.500
347.805	120.500
347.984	145.500
348.162	121.500
348.341	118.500
348.519	132.500
348.698	143.500
348.876	123.500
349.055	97.500
349.234	91.500
349.412	100.500
349.591	112.500
349.769	126.500
349.948	121.500
350.126	112.500
350.305	88.500
350.483	91.500
350.662	152.500
350.840	149.500
351.019	120.500
351.197	100.500
351.376	109.500
351.554	115.500
351.733	80.500
351.912	104.500
352.090	111.500
352.269	114.500
352.447	113.500
352.626	114.500
352.804	103.500
352.983	99.500
353.161	129.500
353.340	125.500
353.518	116.500
353.697	110.500
353.875	104.500
354.054	129.500
354.232	140.500
354.411	118.500
354.590	98.500
354.768	107.500
354.947	99.500
355.125	98.500
355.304	133.500
355.482	153.500
355.661	108.500
355.839	62.500
356.018	107.500
356.196	126.500
356.375	91.500
356.553	110.500
356.732	107.500
356.910	147.500
357.089	122.500
357.268	125.500
357.446	112.500
357.625	114.500
357.803	109.500
357.982	69.500
358.160	89.500
358.339	165.500
358.517	118.500
358.696	98.500
358.874	134.500
359.053	119.500
359.231	108.500
359.410	99.500
359.588	114.500
359.767	121.500
359.945	144.500
360.124	139.500
360.303	135.500
360.481	121.500
360.660	122.500
360.838	120.500
361.017	96.500
361.195	98.500
361.374	128.500
361.552	100.500
361.731	132.500
361.909	115.500
362.088	103.500
362.266	131.500
362.445	125.500
362.623	106.500
362.802	102.500
362.981	86.500
363.159	86.500
363.338	124.500
363.516	136.500
363.695	126.500
363.873	126.500
364.052	67.500
364.230	65.500
364.409	118.500
364.587	134.500
364.766	143.500
364.944	128.500
365.123	111.500
365.301	86.500
365.480	127.500
365.660	122.500
365.839	85.500
366.019	83.500
366.199	92.500
366.379	103.500
366.558	118.500
366.738	131.500
366.918	117.500
367.098	119.500
367.277	128.500
367.457	117.500
367.637	102.500
367.816	106.500
367.996	69.500
368.176	89.500
368.356	113.500
368.535	111.500
368.715	113.500
368.895	121.500
369.075	112.500
369.254	95.500
369.434	146.500
369.614	141.500
369.793	97.500
369.973	119.500
370.153	134.500
370.333	130.500
370.512	128.500
370.692	145.500
370.872	171.500
371.051	129.500
371.231	129.500
371.411	182.500
371.591	173.500
371.770	156.500
371.950	125.500
372.130	115.500
372.310	89.500
372.489	97.500
372.669	104.500
372.849	92.500
373.028	79.500
373.208	100.500
373.388	108.500
373.568	109.500
373.747	123.500
373.927	137.500
374.107	138.500
374.287	125.500
374.466	137.500
374.646	132.500
374.826	106.500
375.005	78.500
375.185	69.500
375.365	120.500
375.545	147.500
375.724	187.500
375.904	154.500
376.084	139.500
376.263	146.500
376.443	143.500
376.623	132.500
376.803	116.500
376.982	115.500
377.162	110.500
377.342	155.500
377.522	185.500
377.701	163.500
377.881	148.500
378.061	141.500
378.240	108.500
378.420	115.500
378.600	128.500
378.780	120.500
378.959	114.500
379.139	140.500
379.319	114.500
379.499	128.500
379.678	121.500
379.858	115.500
380.038	98.500
380.217	140.500
380.397	94.500
380.577	78.500
380.757	106.500
380.936	135.500
381.116	148.500
381.296	124.500
381.476	119.500
381.655	158.500
381.835	165.500
382.015	152.500
382.194	133.500
382.374	143.500
382.554	178.500
382.734	153.500
382.913	135.500
383.093	118.500
383.273	124.500
383.452	120.500
383.632	132.500
383.812	134.500
383.992	110.500
384.171	97.500
384.351	107.500
384.531	171.500
384.711	175.500
384.890	125.500
385.070	107.500
385.250	99.500
385.429	116.500
385.609	108.500
385.789	95.500
385.969	112.500
386.148	131.500
386.328	124.500
386.508	107.500
386.688	104.500
386.867	126.500
387.047	129.500
387.227	117.500
387.406	106.500
387.586	133.500
387.766	117.500
387.946	94.500
388.125	97.500
388.305	104.500
388.485	97.500
388.664	89.500
388.844	103.500
389.024	112.500
389.204	118.500
389.383	146.500
389.563	160.500
389.743	109.500
389.923	110.500
390.102	136.500
390.282	130.500
390.462	123.500
390.641	93.500
390.821	100.500
391.001	133.500
391.181	125.500
391.360	118.500
391.540	111.500
391.720	111.500
391.900	109.500
392.079	129.500
392.259	156.500
392.439	132.500
392.618	151.500
392.798	149.500
392.978	154.500
393.158	87.500
393.337	85.500
393.517	107.500
393.697	123.500
393.877	134.500
394.056	163.500
394.236	146.500
394.416	127.500
394.595	116.500
394.775	122.500
394.955	152.500
395.135	219.500
395.314	209.500
395.494	191.500
395.674	170.500
395.853	134.500
396.033	158.500
396.213	157.500
396.393	185.500
396.572	216.500
396.752	225.500
396.932	201.500
397.112	123.500
397.291	123.500
397.471	145.500
397.651	125.500
397.830	154.500
398.010	179.500
398.190	193.500
398.370	156.500
398.549	193.500
398.729	222.500
398.909	213.500
399.089	196.500
399.268	182.500
399.448	205.500
399.628	181.500
399.807	197.500
399.987	179.500
400.167	159.500
400.347	196.500
400.526	214.500
400.706	204.500
400.886	225.500
401.065	234.500
401.245	203.500
401.425	220.500
401.605	200.500
401.784	237.500
401.964	281.500
402.144	266.500
402.324	260.500
402.503	269.500
402.683	222.500
402.863	201.500
403.042	181.500
403.222	173.500
403.402	239.500
403.582	253.500
403.761	285.500
403.941	268.500
404.121	247.500
404.301	245.500
404.480	241.500
404.660	263.500
404.844	246.500
405.029	249.500
405.213	305.500
405.398	329.500
405.582	313.500
405.767	334.500
405.951	305.500
406.136	283.500
406.320	323.500
406.505	378.500
406.689	392.500
406.874	407.500
407.058	433.500
407.243	413.500
407.427	452.500
407.612	504.500
407.796	513.500
407.981	579.500
408.165	577.500
408.350	616.500
408.534	616.500
408.719	668.500
408.903	745.500
409.088	792.500
409.272	768.500
409.457	800.500
409.641	872.500
409.826	903.500
410.010	951.500
410.195	1099.500
410.379	1188.500
410.564	1296.500
410.748	1295.500
410.933	1404.500
411.117	1527.500
411.302	1629.500
411.486	1744.500
411.671	1780.500
411.855	1908.500
412.040	1995.500
412.224	2002.500
412.409	2098.500
412.593	2229.500
412.778	2402.500
412.962	2479.500
413.147	2556.500
413.331	2735.500
413.516	2867.500
413.700	2910.500
413.885	3091.500
414.069	3280.500
414.254	3333.500
414.438	3427.500
414.623	3580.500
414.807	3712.500
414.992	3801.500
415.176	3880.500
415.361	3983.500
415.545	4219.500
415.730	4391.500
415.914	4523.500
416.099	4708.500
416.283	4796.500
416.468	4805.500
416.652	4942.500
416.837	4990.500
417.021	5116.500
417.206	5217.500
417.390	5241.500
417.575	5387.500
417.759	5594.500
417.944	5653.500
418.128	5753.500
418.313	5896.500
418.497	6034.500
418.682	6055.500
418.866	6192.500
419.051	6242.500
419.235	6343.500
419.420	6606.500
419.604	6535.500
419.789	6571.500
419.973	6781.500
420.158	6961.500
420.342	7255.500
420.527	7435.500
420.711	7536.500
420.896	7546.500
421.080	7592.500
421.265	7771.500
421.449	7887.500
421.634	7778.500
421.818	7780.500
422.003	7907.500
422.187	7907.500
422.372	7827.500
422.556	7988.500
422.741	8060.500
422.925	8109.500
423.110	8305.500
423.294	8483.500
423.479	8603.500
423.663	8712.500
423.848	8663.500
424.032	8684.500
424.217	8798.500
424.401	8901.500
424.586	9000.500
424.770	8955.500
424.955	8852.500
425.139	8913.500
425.324	9067.500
425.508	9277.500
425.693	9348.500
425.877	9187.500
426.062	9145.500
426.246	9227.500
426.431	9192.500
426.615	9265.500
426.800	9332.500
426.984	9353.500
427.169	9421.500
427.353	9421.500
427.538	9405.500
427.722	9468.500
427.907	9528.500
428.091	9441.500
428.276	9323.500
428.460	9399.500
428.645	9338.500
428.829	9253.500
429.014	9107.500
429.198	8844.500
429.383	8601.500
429.567	8286.500
429.752	8077.500
429.936	7870.500
430.121	7809.500
430.305	7947.500
430.490	8211.500
430.674	8503.500
430.859	8861.500
431.043	9246.500
431.228	9620.500
431.412	10030.500
431.597	10118.500
431.781	10127.500
431.966	10346.500
432.150	10594.500
432.335	10755.500
432.519	10832.500
432.704	10864.500
432.888	10841.500
433.073	10767.500
433.257	10724.500
433.442	10643.500
433.626	10565.500
433.811	10597.500
433.995	10674.500
434.180	10937.500
434.364	11112.500
434.549	11208.500
434.733	11334.500
434.918	11452.500
435.102	11575.500
435.287	11854.500
435.471	12047.500
435.656	12136.500
435.840	12215.500
436.030	12226.500
436.219	12278.500
436.409	12335.500
436.599	12369.500
436.789	12326.500
436.978	12219.500
437.168	12049.500
437.358	11943.500
437.548	11839.500
437.737	11674.500
437.927	11612.500
438.117	11561.500
438.306	11565.500
438.496	11614.500
438.686	11685.500
438.876	11902.500
439.065	12151.500
439.255	12313.500
439.445	12322.500
439.634	12319.500
439.824	12281.500
440.014	12518.500
440.204	12561.500
440.393	12833.500
440.583	13003.500
440.773	13159.500
440.963	13232.500
441.152	13492.500
441.342	13477.500
441.532	13691.500
441.721	13983.500
441.911	14071.500
442.101	14198.500
442.291	14314.500
442.480	14274.500
442.670	14345.500
442.860	14356.500
443.050	14407.500
443.239	14497.500
443.429	14553.500
443.619	14607.500
443.808	14864.500
443.998	15058.500
444.188	15022.500
444.378	14946.500
444.567	15004.500
444.757	15058.500
444.947	14839.500
445.137	14682.500
445.326	14648.500
445.516	14702.500
445.706	14704.500
445.895	14772.500
446.085	14857.500
446.275	15009.500
446.465	15253.500
446.654	15526.500
446.844	15661.500
447.034	15779.500
447.223	15999.500
447.413	16082.500
447.603	16195.500
447.793	16081.500
447.982	16195.500
448.172	16334.500
448.362	16422.500
448.552	16393.500
448.741	16488.500
448.931	16623.500
449.121	16679.500
449.310	16713.500
449.500	16904.500
449.690	17098.500
449.880	17250.500
450.069	17474.500
450.259	17611.500
450.449	17576.500
450.639	17630.500
450.828	17708.500
451.018	17724.500
451.208	17613.500
451.397	17682.500
451.587	17571.500
451.777	17491.500
451.967	17424.500
452.156	17144.500
452.346	16960.500
452.536	16720.500
452.725	16540.500
452.915	16562.500
453.105	16635.500
453.295	16830.500
453.484	16756.500
453.674	16632.500
453.864	16846.500
454.054	16926.500
454.243	17031.500
454.433	17031.500
454.623	16891.500
454.812	16997.500
455.002	17072.500
455.192	17128.500
455.382	17251.500
455.571	17368.500
455.761	17425.500
455.951	17607.500
456.141	17620.500
456.330	17516.500
456.520	17655.500
456.710	17771.500
456.899	17847.500
457.089	17765.500
457.279	17814.500
457.469	17892.500
457.658	17742.500
457.848	17795.500
458.038	17562.500
458.228	17267.500
458.417	17350.500
458.607	17452.500
458.797	17466.500
458.986	17277.500
459.176	17249.500
459.366	17393.500
459.556	17410.500
459.745	17429.500
459.935	17496.500
460.125	17633.500
460.314	17608.500
460.504	17538.500
460.694	17712.500
460.884	17790.500
461.073	17876.500
461.263	18017.500
461.453	18128.500
461.643	18110.500
461.832	18002.500
462.022	18038.500
462.212	18113.500
462.401	18139.500
462.591	18164.500
462.781	18159.500
462.971	18178.500
463.160	18101.500
463.350	18058.500
463.540	17981.500
463.730	18080.500
463.919	18001.500
464.109	17798.500
464.299	17857.500
464.488	17693.500
464.678	17633.500
464.868	17639.500
465.058	17674.500
465.247	17650.500
465.437	17725.500
465.627	17864.500
465.816	17961.500
466.006	17909.500
466.196	17886.500
466.386	17823.500
466.575	17711.500
466.765	17760.500
466.955	17796.500
467.145	17689.500
467.334	17676.500
467.524	17770.500
467.714	17836.500
467.903	17905.500
468.093	18038.500
468.283	18080.500
468.473	18012.500
468.662	18023.500
468.852	18225.500
469.042	18396.500
469.232	18326.500
469.421	18257.500
469.611	18213.500
469.801	18190.500
469.990	18044.500
470.180	17956.500
470.370	17965.500
470.560	18011.500
470.749	17974.500
470.939	17937.500
471.129	18040.500
471.318	18395.500
471.508	18510.500
471.698	18623.500
471.888	18893.500
472.077	18971.500
472.267	19073.500
472.457	19104.500
472.647	19070.500
472.836	18939.500
473.026	18986.500
473.216	18972.500
473.405	18835.500
473.595	18882.500
473.785	19163.500
473.975	19164.500
474.164	19296.500
474.354	19349.500
474.544	19404.500
474.734	19305.500
474.923	19387.500
475.113	19554.500
475.303	19563.500
475.492	19364.500
475.682	19415.500
475.872	19594.500
476.062	19377.500
476.251	19174.500
476.441	19272.500
476.631	19231.500
476.821	19157.500
477.010	19148.500
477.200	19316.500
477.390	19500.500
477.579	19606.500
477.769	19626.500
477.959	19793.500
478.149	19977.500
478.338	19882.500
478.528	19744.500
478.718	19682.500
478.907	19817.500
479.097	19741.500
479.287	19664.500
479.477	19588.500
479.666	19780.500
479.856	19864.500
480.046	19908.500
480.236	19811.500
480.425	19631.500
480.615	19756.500
480.805	19713.500
480.994	19775.500
481.184	19861.500
481.374	19712.500
481.564	19762.500
481.753	19831.500
481.943	19936.500
482.133	19849.500
482.323	19615.500
482.512	19610.500
482.702	19647.500
482.892	19514.500
483.081	19418.500
483.271	19375.500
483.461	19410.500
483.651	19287.500
483.840	19317.500
484.030	19299.500
484.220	19216.500
484.409	19204.500
484.599	19072.500
484.789	19052.500
484.979	18844.500
485.168	18349.500
485.358	18008.500
485.548	17698.500
485.738	17375.500
485.927	17026.500
486.117	16650.500
486.307	16268.500
486.496	16247.500
486.686	16498.500
486.876	16658.500
487.066	16976.500
487.255	16993.500
487.445	17230.500
487.635	17356.500
487.825	17644.500
488.014	17881.500
488.204	17986.500
488.394	17972.500
488.583	17959.500
488.773	18037.500
488.963	18085.500
489.153	18091.500
489.342	18158.500
489.532	18593.500
489.722	18744.500
489.912	18852.500
490.101	18910.500
490.291	18901.500
490.481	18873.500
490.670	18900.500
490.860	19095.500
491.050	18844.500
491.240	18668.500
491.429	18681.500
491.619	18574.500
491.809	18381.500
491.998	18324.500
492.188	18092.500
492.378	18187.500
492.568	18381.500
492.757	18457.500
492.947	18409.500
493.137	18624.500
493.327	18678.500
493.516	18585.500
493.706	18820.500
493.896	18845.500
494.085	18749.500
494.275	18983.500
494.465	19221.500
494.655	19308.500
494.844	19428.500
495.034	19446.500
495.224	19287.500
495.414	19308.500
495.603	19142.500
495.793	19080.500
495.983	19247.500
496.172	19169.500
496.362	19212.500
496.552	19249.500
496.742	19298.500
496.931	19333.500
497.121	19361.500
497.311	19355.500
497.500	19305.500
497.690	19395.500
497.880	19228.500
498.070	19131.500
498.259	18936.500
498.449	18883.500
498.639	18903.500
498.829	19053.500
499.018	18931.500
499.208	18974.500
499.398	19128.500
499.587	19115.500
499.777	18959.500
499.967	18960.500
500.157	18819.500
500.346	18697.500
500.536	18673.500
500.726	18456.500
500.916	18365.500
501.105	18291.500
501.295	18114.500
501.485	18139.500
501.674	18212.500
501.864	18288.500
502.054	18278.500
502.244	18137.500
502.433	18400.500
502.623	18675.500
502.813	18752.500
503.003	18853.500
503.192	18924.500
503.382	18617.500
503.572	18490.500
503.761	18415.500
503.951	18520.500
504.141	18497.500
504.331	18518.500
504.520	18338.500
504.710	18466.500
504.900	18663.500
505.089	18746.500
505.279	18875.500
505.469	18993.500
505.659	19138.500
505.848	19174.500
506.038	19115.500
506.228	19218.500
506.418	18972.500
506.607	18788.500
506.797	18932.500
506.987	18949.500
507.176	18801.500
507.366	18801.500
507.556	18570.500
507.746	18475.500
507.935	18508.500
508.125	18502.500
508.315	18463.500
508.505	18436.500
508.694	18476.500
508.884	18585.500
509.074	18688.500
509.263	18823.500
509.453	18652.500
509.643	18537.500
509.833	18402.500
510.022	18368.500
510.212	18372.500
510.402	18259.500
510.592	18450.500
510.781	18231.500
510.971	18187.500
511.161	18289.500
511.350	18467.500
511.540	18551.500
511.730	18474.500
511.920	18393.500
512.109	18227.500
512.299	18023.500
512.489	18073.500
512.678	17876.500
512.868	17929.500
513.058	17899.500
513.248	17737.500
513.437	17632.500
513.627	17544.500
513.817	17406.500
514.007	17412.500
514.196	17609.500
514.386	17425.500
514.576	17315.500
514.765	17345.500
514.955	17317.500
515.145	17271.500
515.335	17383.500
515.524	17331.500
515.714	17367.500
515.904	17225.500
516.094	16962.500
516.283	16622.500
516.473	16315.500
516.663	15928.500
516.852	15555.500
517.042	15514.500
517.232	15654.500
517.422	15719.500
517.611	15611.500
517.801	15483.500
517.991	15538.500
518.180	15678.500
518.370	15566.500
518.560	15570.500
518.750	15801.500
518.939	16123.500
519.129	16172.500
519.319	16217.500
519.509	16360.500
519.698	16540.500
519.888	16657.500
520.078	16773.500
520.267	16782.500
520.457	16647.500
520.647	16840.500
520.837	16772.500
521.026	16771.500
521.216	16882.500
521.406	16987.500
521.596	16995.500
521.785	17052.500
521.975	17058.500
522.165	16936.500
522.354	16897.500
522.544	16750.500
522.734	16818.500
522.924	16750.500
523.113	16658.500
523.303	16811.500
523.493	17028.500
523.683	17027.500
523.872	17060.500
524.062	17187.500
524.252	17246.500
524.441	17214.500
524.631	17287.500
524.821	17383.500
525.011	17266.500
525.200	17473.500
525.390	17608.500
525.580	17386.500
525.769	17110.500
525.959	16960.500
526.149	16695.500
526.339	16468.500
526.528	16342.500
526.718	16131.500
526.908	16109.500
527.098	16001.500
527.287	16201.500
527.477	16341.500
527.667	16523.500
527.856	16791.500
528.046	16917.500
528.236	16945.500
528.426	17133.500
528.615	17204.500
528.805	17463.500
528.995	17490.500
529.185	17416.500
529.374	17451.500
529.564	17274.500
529.754	17367.500
529.943	17366.500
530.133	17394.500
530.323	17536.500
530.513	17491.500
530.702	17501.500
530.892	17382.500
531.082	17536.500
531.271	17434.500
531.461	17195.500
531.651	17174.500
531.841	16945.500
532.030	16864.500
532.220	16555.500
532.410	16313.500
532.600	16228.500
532.789	16254.500
532.979	16144.500
533.169	16236.500
533.358	16273.500
533.548	16119.500
533.738	16095.500
533.928	16068.500
534.117	16227.500
534.307	16188.500
534.497	16225.500
534.687	16300.500
534.876	16307.500
535.066	16352.500
535.256	16418.500
535.445	16348.500
535.635	16274.500
535.825	16235.500
536.015	16091.500
536.204	15812.500
536.394	15743.500
536.584	15621.500
536.773	15628.500
536.963	15751.500
537.153	15736.500
537.343	15901.500
537.532	15906.500
537.722	15727.500
537.912	15716.500
538.102	15675.500
538.291	15671.500
538.481	15692.500
538.671	15509.500
538.860	15418.500
539.050	15245.500
539.240	15178.500
539.430	15221.500
539.619	15131.500
539.809	14975.500
539.999	14958.500
540.189	14995.500
540.378	14793.500
540.568	14794.500
540.758	15103.500
540.947	15070.500
541.137	15060.500
541.327	15183.500
541.517	15217.500
541.706	15168.500
541.896	15042.500
542.086	15123.500
542.276	14988.500
542.465	14968.500
542.655	14979.500
542.845	15042.500
543.034	15283.500
543.224	15173.500
543.414	15090.500
543.604	14989.500
543.793	15061.500
543.983	15092.500
544.173	15070.500
544.362	15014.500
544.552	15164.500
544.742	15151.500
544.932	15202.500
545.121	15075.500
545.311	14907.500
545.501	14945.500
545.691	14902.500
545.880	14879.500
546.070	14883.500
546.264	14920.500
546.459	14936.500
546.653	14859.500
546.847	14742.500
547.041	14821.500
547.236	14771.500
547.430	14675.500
547.624	14675.500
547.818	14630.500
548.013	14801.500
548.207	14882.500
548.401	14867.500
548.596	14913.500
548.790	14802.500
548.984	14654.500
549.178	14676.500
549.373	14727.500
549.567	14707.500
549.761	14609.500
549.956	14604.500
550.150	14625.500
550.344	14602.500
550.538	14648.500
550.733	14766.500
550.927	14682.500
551.121	14684.500
551.315	14598.500
551.510	14655.500
551.704	14563.500
551.898	14536.500
552.093	14425.500
552.287	14525.500
552.481	14499.500
552.675	14449.500
552.870	14503.500
553.064	14434.500
553.258	14410.500
553.453	14395.500
553.647	14385.500
553.841	14523.500
554.035	14586.500
554.230	14524.500
554.424	14452.500
554.618	14394.500
554.812	14431.500
555.007	14493.500
555.201	14475.500
555.395	14426.500
555.590	14512.500
555.784	14388.500
555.978	14248.500
556.172	14235.500
556.367	14093.500
556.561	13959.500
556.755	13847.500
556.949	13995.500
557.144	14145.500
557.338	13989.500
557.532	13968.500
557.727	14033.500
557.921	13877.500
558.115	13794.500
558.309	13877.500
558.504	13781.500
558.698	13741.500
558.892	13661.500
559.087	13667.500
559.281	13697.500
559.475	13515.500
559.669	13687.500
559.864	13673.500
560.058	13865.500
560.252	13853.500
560.446	13886.500
560.641	13991.500
560.835	14003.500
561.029	14015.500
561.224	13893.500
561.418	13913.500
561.612	13926.500
561.806	13847.500
562.001	13951.500
562.195	14165.500
562.389	14052.500
562.584	13914.500
562.778	13928.500
562.972	13959.500
563.166	13965.500
563.361	13944.500
563.555	13910.500
563.749	13841.500
563.943	13819.500
564.138	13915.500
564.332	13883.500
564.526	13897.500
564.721	13869.500
564.915	13756.500
565.109	13653.500
565.303	13622.500
565.498	13521.500
565.692	13547.500
565.886	13637.500
566.081	13681.500
566.275	13699.500
566.469	13717.500
566.663	13698.500
566.858	13832.500
567.052	13816.500
567.246	13656.500
567.440	13567.500
567.635	13628.500
567.829	13658.500
568.023	13633.500
568.218	13652.500
568.412	13423.500
568.606	13468.500
568.800	13506.500
568.995	13446.500
569.189	13251.500
569.383	13226.500
569.577	13306.500
569.772	13315.500
569.966	13260.500
570.160	13061.500
570.355	13102.500
570.549	12947.500
570.743	12907.500
570.937	13050.500
571.132	13207.500
571.326	13234.500
571.520	13223.500
571.715	13228.500
571.909	13202.500
572.103	13259.500
572.297	13183.500
572.492	13325.500
572.686	13409.500
572.880	13233.500
573.074	13363.500
573.269	13308.500
573.463	13270.500
573.657	13261.500
573.852	13112.500
574.046	13087.500
574.240	12893.500
574.434	12796.500
574.629	12911.500
574.823	12959.500
575.017	12898.500
575.212	12731.500
575.406	12724.500
575.600	12778.500
575.794	12812.500
575.989	12843.500
576.183	12908.500
576.377	12876.500
576.571	12847.500
576.766	12790.500
576.960	12615.500
577.159	12687.500
577.357	12601.500
577.556	12423.500
577.755	12303.500
577.953	12400.500
578.152	12377.500
578.350	12386.500
578.549	12413.500
578.748	12451.500
578.946	12503.500
579.145	12552.500
579.344	12596.500
579.542	12607.500
579.741	12591.500
579.940	12510.500
580.138	12601.500
580.337	12770.500
580.535	12780.500
580.734	12800.500
580.933	12728.500
581.131	12851.500
581.330	12916.500
581.529	13050.500
581.727	12947.500
581.926	13166.500
582.125	13328.500
582.323	13265.500
582.522	13366.500
582.721	13404.500
582.919	13385.500
583.118	13322.500
583.316	13444.500
583.515	13479.500
583.714	13530.500
583.912	13593.500
584.111	13571.500
584.310	13515.500
584.508	13620.500
584.707	13657.500
584.906	13540.500
585.104	13513.500
585.303	13562.500
585.501	13433.500
585.700	13406.500
585.899	13328.500
586.097	13387.500
586.296	13481.500
586.495	13546.500
586.693	13352.500
586.892	13396.500
587.091	13355.500
587.289	13361.500
587.488	13250.500
587.686	13120.500
587.885	12936.500
588.084	12671.500
588.282	12605.500
588.481	12409.500
588.680	12120.500
588.878	12028.500
589.077	11961.500
589.276	11998.500
589.474	11945.500
589.673	12028.500
589.871	12125.500
590.070	12281.500
590.269	12470.500
590.467	12506.500
590.666	12429.500
590.865	12411.500
591.063	12409.500
591.262	12457.500
591.461	12471.500
591.659	12517.500
591.858	12645.500
592.056	12612.500
592.255	12588.500
592.454	12719.500
592.652	12658.500
592.851	12637.500
593.050	12663.500
593.248	12626.500
593.447	12649.500
593.646	12597.500
593.844	12525.500
594.043	12470.500
594.241	12370.500
594.440	12369.500
594.639	12467.500
594.837	12493.500
595.036	12491.500
595.235	12566.500
595.433	12559.500
595.632	12567.500
595.831	12618.500
596.029	12653.500
596.228	12627.500
596.427	12572.500
596.625	12734.500
596.824	12704.500
597.022	12586.500
597.221	12494.500
597.420	12556.500
597.618	12605.500
597.817	12499.500
598.016	12375.500
598.214	12459.500
598.413	12326.500
598.612	12472.500
598.810	12667.500
599.009	12698.500
599.207	12458.500
599.406	12545.500
599.605	12642.500
599.803	12655.500
600.002	12496.500
600.201	12592.500
600.399	12491.500
600.598	12573.500
600.797	12534.500
600.995	12457.500
601.194	12373.500
601.392	12444.500
601.591	12420.500
601.790	12411.500
601.988	12409.500
602.187	12582.500
602.386	12563.500
602.584	12474.500
602.783	12573.500
602.982	12580.500
603.180	12582.500
603.379	12530.500
603.577	12451.500
603.776	12613.500
603.975	12662.500
604.173	12717.500
604.372	12685.500
604.571	12610.500
604.769	12563.500
604.968	12693.500
605.167	12753.500
605.365	12583.500
605.564	12727.500
605.762	12901.500
605.961	12771.500
606.160	12628.500
606.358	12725.500
606.557	12713.500
606.756	12685.500
606.954	12628.500
607.153	12587.500
607.352	12660.500
607.550	12537.500
607.749	12565.500
607.948	12488.500
608.146	12394.500
608.345	12517.500
608.543	12469.500
608.742	12484.500
608.941	12507.500
609.139	12435.500
609.338	12236.500
609.537	12333.500
609.735	12281.500
609.934	12260.500
610.133	12179.500
610.331	12312.500
610.530	12414.500
610.728	12378.500
610.927	12233.500
611.126	12282.500
611.324	12340.500
611.523	12188.500
611.722	12161.500
611.920	12235.500
612.119	12192.500
612.318	12145.500
612.516	12186.500
612.715	12181.500
612.913	12153.500
613.112	12022.500
613.311	11989.500
613.509	12004.500
613.708	11936.500
613.907	12098.500
614.105	12087.500
614.304	12016.500
614.503	12079.500
614.701	12171.500
614.900	12051.500
615.098	12044.500
615.297	11946.500
615.496	11832.500
615.694	11835.500
615.893	11729.500
616.092	11672.500
616.290	11606.500
616.489	11589.500
616.688	11752.500
616.886	11688.500
617.085	11676.500
617.283	11709.500
617.482	11852.500
617.681	11942.500
617.879	11885.500
618.078	11879.500
618.277	11915.500
618.475	11963.500
618.674	11918.500
618.873	11817.500
619.071	11853.500
619.270	11927.500
619.468	12036.500
619.667	12013.500
619.866	11922.500
620.064	11813.500
620.263	11916.500
620.462	11910.500
620.660	12016.500
620.859	12094.500
621.058	11961.500
621.256	11850.500
621.455	11833.500
621.654	11854.500
621.852	11818.500
622.051	11910.500
622.249	11778.500
622.448	11595.500
622.647	11582.500
622.845	11579.500
623.044	11583.500
623.243	11642.500
623.441	11716.500
623.640	11553.500
623.839	11530.500
624.037	11379.500
624.236	11396.500
624.434	11564.500
624.633	11482.500
624.832	11279.500
625.030	11323.500
625.229	11295.500
625.428	11255.500
625.626	11251.500
625.825	11337.500
626.024	11311.500
626.222	11381.500
626.421	11444.500
626.619	11444.500
626.818	11330.500
627.017	11239.500
627.215	11231.500
627.414	11123.500
627.613	11142.500
627.811	11209.500
628.010	11025.500
628.209	10963.500
628.407	11084.500
628.606	11203.500
628.804	11147.500
629.003	11122.500
629.202	10997.500
629.400	10868.500
629.599	11014.500
629.798	10995.500
629.996	11031.500
630.195	10971.500
630.394	10996.500
630.592	11065.500
630.791	11047.500
630.990	10988.500
631.188	10790.500
631.387	10900.500
631.585	10962.500
631.784	10982.500
631.983	10980.500
632.181	11080.500
632.380	11102.500
632.579	10922.500
632.777	10902.500
632.976	10952.500
633.175	10997.500
633.373	10991.500
633.572	10992.500
633.770	11178.500
633.969	11265.500
634.168	11175.500
634.366	11101.500
634.565	11155.500
634.764	11149.500
634.962	10978.500
635.161	10993.500
635.360	10992.500
635.558	10969.500
635.757	11098.500
635.955	11076.500
636.154	10987.500
636.353	11017.500
636.551	11000.500
636.750	11196.500
636.949	11219.500
637.147	11181.500
637.346	11184.500
637.545	11059.500
637.743	10993.500
637.942	11095.500
638.140	11190.500
638.339	11100.500
638.538	11110.500
638.736	11147.500
638.935	11176.500
639.134	11243.500
639.332	11169.500
639.531	11060.500
639.730	11127.500
639.928	11187.500
640.127	11109.500
640.325	11145.500
640.524	10967.500
640.723	11049.500
640.921	11040.500
641.120	10989.500
641.319	10918.500
641.517	11007.500
641.716	11103.500
641.915	11013.500
642.113	10994.500
642.312	11045.500
642.510	11098.500
642.709	11051.500
642.908	10992.500
643.106	10976.500
643.305	11059.500
643.504	11038.500
643.702	11013.500
643.901	11056.500
644.100	10969.500
644.298	10925.500
644.497	10834.500
644.696	10868.500
644.894	11098.500
645.093	10998.500
645.291	10820.500
645.490	10881.500
645.689	10920.500
645.887	10830.500
646.086	10723.500
646.285	10808.500
646.483	10795.500
646.682	10883.500
646.881	10921.500
647.079	10846.500
647.278	10751.500
647.476	10743.500
647.675	10845.500
647.874	10758.500
648.072	10749.500
648.271	10650.500
648.470	10482.500
648.668	10646.500
648.867	10614.500
649.066	10634.500
649.264	10592.500
649.463	10523.500
649.661	10633.500
649.860	10586.500
650.059	10678.500
650.257	10836.500
650.456	10920.500
650.655	10764.500
650.853	10744.500
651.052	10675.500
651.251	10656.500
651.449	10797.500
651.648	10841.500
651.846	10909.500
652.045	10980.500
652.244	10872.500
652.442	10718.500
652.641	10787.500
652.840	10945.500
653.038	10918.500
653.237	10860.500
653.436	10899.500
653.634	10909.500
653.833	10957.500
654.032	10940.500
654.230	10835.500
654.429	10770.500
654.627	10754.500
654.826	10651.500
655.025	10501.500
655.223	10301.500
655.422	10102.500
655.621	9895.500
655.819	9684.500
656.018	9728.500
656.217	9774.500
656.415	9654.500
656.614	9742.500
656.812	9801.500
657.011	9943.500
657.210	9913.500
657.408	10037.500
657.607	10250.500
657.806	10228.500
658.004	10289.500
658.203	10382.500
658.402	10448.500
658.600	10456.500
658.799	10592.500
658.997	10629.500
659.196	10776.500
659.395	10742.500
659.593	10767.500
659.792	10776.500
659.991	10701.500
660.189	10727.500
660.388	10830.500
660.587	10921.500
660.785	10926.500
660.984	11017.500
661.182	11006.500
661.381	10964.500
661.580	11014.500
661.778	11092.500
661.977	11115.500
662.176	11184.500
662.374	11037.500
662.573	10952.500
662.772	10950.500
662.970	10920.500
663.169	10911.500
663.367	10837.500
663.566	10785.500
663.765	10864.500
663.963	10864.500
664.162	10932.500
664.361	11006.500
664.559	11028.500
664.758	10995.500
664.957	11095.500
665.155	11022.500
665.354	10877.500
665.552	10926.500
665.751	10988.500
665.950	10945.500
666.148	10909.500
666.347	10815.500
666.546	10938.500
666.744	10928.500
666.943	10764.500
667.142	10826.500
667.340	10949.500
667.539	10894.500
667.738	10790.500
667.936	10736.500
668.135	10798.500
668.333	10748.500
668.532	10821.500
668.731	10784.500
668.929	10822.500
669.128	10772.500
669.327	10678.500
669.525	10677.500
669.724	10598.500
669.923	10664.500
670.121	10689.500
670.320	10690.500
670.518	10703.500
670.717	10651.500
670.916	10626.500
671.114	10653.500
671.313	10454.500
671.512	10367.500
671.710	10458.500
671.909	10640.500
672.108	10613.500
672.306	10537.500
672.505	10683.500
672.703	10711.500
672.902	10624.500
673.101	10535.500
673.299	10584.500
673.498	10529.500
673.697	10492.500
673.895	10473.500
674.094	10497.500
674.293	10582.500
674.491	10539.500
674.690	10498.500
674.888	10509.500
675.087	10421.500
675.286	10500.500
675.484	10533.500
675.683	10378.500
675.882	10436.500
676.080	10458.500
676.279	10352.500
676.478	10454.500
676.676	10454.500
676.875	10361.500
677.073	10374.500
677.272	10458.500
677.471	10362.500
677.669	10316.500
677.868	10257.500
678.067	10255.500
678.265	10238.500
678.464	10239.500
678.663	10270.500
678.861	10317.500
679.060	10308.500
679.259	10257.500
679.457	10234.500
679.656	10222.500
679.854	10250.500
680.053	10268.500
680.252	10134.500
680.450	10099.500
680.649	10147.500
680.848	10186.500
681.046	10209.500
681.245	10164.500
681.444	10096.500
681.642	10097.500
681.841	10147.500
682.039	9972.500
682.238	10101.500
682.437	10111.500
682.635	9919.500
682.834	9892.500
683.033	9883.500
683.231	9900.500
683.430	9935.500
683.629	9890.500
683.827	9816.500
684.026	9885.500
684.224	9866.500
684.423	9812.500
684.622	9734.500
684.820	9687.500
685.019	9758.500
685.218	9843.500
685.416	9619.500
685.615	9415.500
685.814	9115.500
686.012	8812.500
686.211	8593.500
686.409	8308.500
686.608	8141.500
686.807	8146.500
687.005	8258.500
687.204	8123.500
687.403	8197.500
687.601	8304.500
687.800	8237.500
687.999	8095.500
688.197	8021.500
688.396	8018.500
688.594	8094.500
688.793	8212.500
688.992	8309.500
689.190	8236.500
689.389	8269.500
689.588	8405.500
689.786	8376.500
689.985	8489.500
690.184	8573.500
690.382	8562.500
690.581	8524.500
690.779	8533.500
690.978	8626.500
691.177	8686.500
691.375	8727.500
691.574	8842.500
691.773	8726.500
691.971	8723.500
692.170	8725.500
692.369	8612.500
692.567	8665.500
692.766	8729.500
692.965	8620.500
693.163	8616.500
693.362	8634.500
693.560	8658.500
693.759	8753.500
693.958	8774.500
694.156	8723.500
694.355	8656.500
694.554	8496.500
694.752	8512.500
694.951	8656.500
695.150	8803.500
695.348	8853.500
695.547	8819.500
695.745	8904.500
695.944	8967.500
696.143	8904.500
696.341	8836.500
696.540	8862.500
696.743	8859.500
696.946	8927.500
697.149	8968.500
697.352	8970.500
697.555	9048.500
697.757	8942.500
697.960	8817.500
698.163	8736.500
698.366	8748.500
698.569	8833.500
698.772	8779.500
698.975	8704.500
699.178	8687.500
699.381	8626.500
699.584	8645.500
699.787	8679.500
699.989	8667.500
700.192	8571.500
700.395	8479.500
700.598	8492.500
700.801	8579.500
701.004	8542.500
701.207	8472.500
701.410	8403.500
701.613	8408.500
701.816	8520.500
702.019	8527.500
702.221	8670.500
702.424	8640.500
702.627	8586.500
702.830	8655.500
703.033	8728.500
703.236	8731.500
703.439	8737.500
703.642	8605.500
703.845	8615.500
704.048	8708.500
704.251	8672.500
704.453	8722.500
704.656	8800.500
704.859	8632.500
705.062	8636.500
705.265	8586.500
705.468	8652.500
705.671	8601.500
705.874	8722.500
706.077	8724.500
706.280	8648.500
706.483	8735.500
706.685	8689.500
706.888	8818.500
707.091	8877.500
707.294	8635.500
707.497	8572.500
707.700	8608.500
707.903	8716.500
708.106	8600.500
708.309	8654.500
708.512	8697.500
708.715	8679.500
708.917	8724.500
709.120	8695.500
709.323	8562.500
709.526	8569.500
709.729	8568.500
709.932	8591.500
710.135	8566.500
710.338	8582.500
710.541	8668.500
710.744	8689.500
710.947	8555.500
711.149	8531.500
711.352	8639.500
711.555	8572.500
711.758	8438.500
711.961	8460.500
712.164	8483.500
712.367	8474.500
712.570	8445.500
712.773	8488.500
712.976	8434.500
713.179	8546.500
713.381	8471.500
713.584	8387.500
713.787	8333.500
713.990	8325.500
714.193	8226.500
714.396	8200.500
714.599	8191.500
714.802	8147.500
715.005	8155.500
715.208	8212.500
715.411	8117.500
715.613	7777.500
715.816	7696.500
716.019	7687.500
716.222	7345.500
716.425	7179.500
716.628	7189.500
716.831	7137.500
717.034	6987.500
717.237	6813.500
717.440	6685.500
717.643	6637.500
717.845	6437.500
718.048	6239.500
718.251	6179.500
718.454	6111.500
718.657	6120.500
718.860	6069.500
719.063	5981.500
719.266	6046.500
719.469	6034.500
719.672	6105.500
719.875	6159.500
720.077	6181.500
720.280	6405.500
720.483	6541.500
720.686	6662.500
720.889	6715.500
721.092	6836.500
721.295	6831.500
721.498	6866.500
721.701	6972.500
721.904	6848.500
722.107	6780.500
722.309	6792.500
722.512	6802.500
722.715	6707.500
722.918	6664.500
723.121	6511.500
723.324	6340.500
723.527	6423.500
723.730	6428.500
723.933	6483.500
724.136	6302.500
724.339	6228.500
724.541	6226.500
724.744	6080.500
724.947	6118.500
725.150	6145.500
725.353	6110.500
725.556	6156.500
725.759	6243.500
725.962	6236.500
726.165	6185.500
726.368	6211.500
726.571	6083.500
726.773	6171.500
726.976	6183.500
727.179	6102.500
727.382	6112.500
727.585	6138.500
727.788	6149.500
727.991	6081.500
728.194	6042.500
728.397	5958.500
728.600	6055.500
728.803	6137.500
729.005	6142.500
729.208	6126.500
729.411	6167.500
729.614	6167.500
729.817	6147.500
730.020	6071.500
730.223	6116.500
730.426	6129.500
730.629	6060.500
730.832	6163.500
731.035	6272.500
731.237	6248.500
731.440	6325.500
731.643	6390.500
731.846	6374.500
732.049	6404.500
732.252	6422.500
732.455	6530.500
732.658	6600.500
732.861	6561.500
733.064	6622.500
733.267	6633.500
733.469	6622.500
733.672	6603.500
733.875	6566.500
734.078	6615.500
734.281	6703.500
734.484	6595.500
734.687	6629.500
734.890	6628.500
735.093	6608.500
735.296	6603.500
735.499	6533.500
735.701	6598.500
735.904	6619.500
736.107	6570.500
736.310	6459.500
736.513	6443.500
736.716	6522.500
736.919	6495.500
737.122	6564.500
737.325	6559.500
737.528	6529.500
737.731	6507.500
737.933	6421.500
738.136	6461.500
738.339	6522.500
738.542	6511.500
738.745	6466.500
738.948	6528.500
739.151	6559.500
739.354	6556.500
739.557	6417.500
739.760	6445.500
739.963	6421.500
740.165	6387.500
740.368	6498.500
740.571	6466.500
740.774	6346.500
740.977	6377.500
741.180	6365.500
741.383	6393.500
741.586	6380.500
741.789	6372.500
741.992	6342.500
742.195	6319.500
742.397	6296.500
742.600	6282.500
742.803	6341.500
743.006	6320.500
743.209	6362.500
743.412	6393.500
743.615	6446.500
743.818	6382.500
744.021	6354.500
744.224	6349.500
744.427	6313.500
744.629	6258.500
744.832	6292.500
745.035	6321.500
745.238	6244.500
745.441	6089.500
745.644	6151.500
745.847	6211.500
746.050	6229.500
746.253	6147.500
746.456	6138.500
746.659	6184.500
746.861	6190.500
747.064	6155.500
747.267	6158.500
747.470	6146.500
747.673	6174.500
747.876	6090.500
748.079	6032.500
748.282	6102.500
748.485	6078.500
748.688	6025.500
748.891	6052.500
749.093	6058.500
749.296	6011.500
749.499	5939.500
749.702	6065.500
749.905	6036.500
750.108	5971.500
750.311	5980.500
750.514	6029.500
750.717	5941.500
750.920	5883.500
751.123	5876.500
751.325	5842.500
751.528	5904.500
751.731	5752.500
751.934	5859.500
752.137	5905.500
752.340	5880.500
752.543	5915.500
752.746	5870.500
752.949	5776.500
753.152	5788.500
753.355	5890.500
753.557	5823.500
753.760	5788.500
753.963	5871.500
754.166	5865.500
754.369	5818.500
754.572	5790.500
754.775	5673.500
754.978	5765.500
755.181	5724.500
755.384	5676.500
755.587	5702.500
755.789	5777.500
755.992	5686.500
756.195	5637.500
756.398	5735.500
756.601	5654.500
756.804	5604.500
757.007	5580.500
757.210	5540.500
757.413	5560.500
757.616	5466.500
757.819	5322.500
758.021	5268.500
758.224	5050.500
758.427	4705.500
758.630	4261.500
758.833	3941.500
759.036	3553.500
759.239	3207.500
759.442	3002.500
759.645	2836.500
759.848	2645.500
760.051	2604.500
760.253	2516.500
760.456	2611.500
760.659	2649.500
760.862	2611.500
761.065	2646.500
761.268	2588.500
761.471	2502.500
761.674	2475.500
761.877	2416.500
762.080	2355.500
762.283	2360.500
762.485	2406.500
762.688	2478.500
762.891	2510.500
763.094	2601.500
763.297	2640.500
763.500	2729.500
763.706	2917.500
763.912	2957.500
764.118	2970.500
764.325	3091.500
764.531	3193.500
764.737	3308.500
764.943	3381.500
765.149	3430.500
765.355	3503.500
765.561	3722.500
765.768	3838.500
765.974	3893.500
766.180	3984.500
766.386	4132.500
766.592	4162.500
766.798	4287.500
767.004	4407.500
767.210	4433.500
767.417	4421.500
767.623	4496.500
767.829	4651.500
768.035	4661.500
768.241	4713.500
768.447	4833.500
768.653	4765.500
768.860	4649.500
769.066	4711.500
769.272	4782.500
769.478	4751.500
769.684	4793.500
769.890	4851.500
770.096	4804.500
770.303	4857.500
770.509	4839.500
770.715	4825.500
770.921	4826.500
771.127	4882.500
771.333	4862.500
771.539	4849.500
771.745	4899.500
771.952	4845.500
772.158	4831.500
772.364	4801.500
772.570	4828.500
772.776	4861.500
772.982	4758.500
773.188	4727.500
773.395	4768.500
773.601	4685.500
773.807	4656.500
774.013	4793.500
774.219	4786.500
774.425	4750.500
774.631	4787.500
774.838	4825.500
775.044	4735.500
775.250	4755.500
775.456	4786.500
775.662	4791.500
775.868	4705.500
776.074	4683.500
776.281	4615.500
776.487	4610.500
776.693	4593.500
776.899	4671.500
777.105	4681.500
777.311	4649.500
777.517	4686.500
777.723	4627.500
777.930	4603.500
778.136	4567.500
778.342	4596.500
778.548	4706.500
778.754	4609.500
778.960	4520.500
779.166	4491.500
779.373	4473.500
779.579	4438.500
779.785	4457.500
779.991	4466.500
780.197	4421.500
780.403	4385.500
780.609	4404.500
780.816	4419.500
781.022	4418.500
781.228	4420.500
781.434	4495.500
781.640	4421.500
781.846	4333.500
782.052	4429.500
782.259	4440.500
782.465	4281.500
782.671	4237.500
782.877	4293.500
783.083	4312.500
783.289	4295.500
783.495	4346.500
783.701	4425.500
783.908	4337.500
784.114	4262.500
784.320	4249.500
784.526	4152.500
784.732	4169.500
784.938	4155.500
785.144	4200.500
785.351	4182.500
785.557	4174.500
785.763	4271.500
785.969	4220.500
786.175	4116.500
786.381	4155.500
786.587	4139.500
786.794	4133.500
787.000	4025.500
787.206	3976.500
787.412	4031.500
787.618	4172.500
787.824	4127.500
788.030	3986.500
788.236	3968.500
788.443	4023.500
788.649	3961.500
788.855	3894.500
789.061	3936.500
789.267	3982.500
789.473	3925.500
789.679	3860.500
789.886	3845.500
790.092	3809.500
790.298	3839.500
790.504	3886.500
790.710	3901.500
790.916	3843.500
791.122	3858.500
791.329	3771.500
791.535	3713.500
791.741	3755.500
791.947	3755.500
792.153	3713.500
792.359	3737.500
792.565	3757.500
792.771	3724.500
792.978	3657.500
793.184	3670.500
793.390	3647.500
793.596	3700.500
793.802	3655.500
794.008	3683.500
794.214	3663.500
794.421	3629.500
794.627	3619.500
794.833	3660.500
795.039	3625.500
795.245	3621.500
795.451	3634.500
795.657	3568.500
795.864	3557.500
796.070	3553.500
796.276	3608.500
796.482	3717.500
796.688	3629.500
796.894	3609.500
797.100	3548.500
797.307	3430.500
797.513	3460.500
797.719	3474.500
797.925	3463.500
798.131	3502.500
798.337	3555.500
798.543	3489.500
798.749	3437.500
798.956	3506.500
799.162	3503.500
799.368	3484.500
799.574	3453.500
799.780	3431.500
799.986	3464.500
800.192	3442.500
800.399	3396.500
800.605	3419.500
800.811	3427.500
801.017	3367.500
801.223	3378.500
801.429	3370.500
801.635	3384.500
801.842	3388.500
802.048	3330.500
802.254	3299.500
802.460	3290.500
802.666	3289.500
802.872	3260.500
803.078	3282.500
803.285	3224.500
803.491	3240.500
803.697	3314.500
803.903	3306.500
804.109	3258.500
804.315	3279.500
804.521	3202.500
804.727	3226.500
804.934	3275.500
805.140	3230.500
805.346	3236.500
805.552	3247.500
805.758	3244.500
805.964	3263.500
806.170	3273.500
806.377	3233.500
806.583	3231.500
806.789	3238.500
806.995	3195.500
807.201	3171.500
807.407	3171.500
807.613	3248.500
807.820	3180.500
808.026	3063.500
808.232	3062.500
808.438	3105.500
808.644	3034.500
808.850	3049.500
809.056	3023.500
809.262	2956.500
809.469	2965.500
809.675	3006.500
809.881	3005.500
810.087	2951.500
810.293	2923.500
810.499	2938.500
810.705	2857.500
810.912	2891.500
811.118	2927.500
811.324	2945.500
811.530	2873.500
811.739	2835.500
811.947	2805.500
812.156	2775.500
812.365	2736.500
812.573	2701.500
812.782	2656.500
812.990	2669.500
813.199	2642.500
813.408	2606.500
813.616	2545.500
813.825	2476.500
814.034	2474.500
814.242	2488.500
814.451	2453.500
814.659	2338.500
814.868	2317.500
815.077	2350.500
815.285	2294.500
815.494	2264.500
815.703	2279.500
815.911	2244.500
816.120	2236.500
816.329	2253.500
816.537	2214.500
816.746	2174.500
816.954	2249.500
817.163	2277.500
817.372	2167.500
817.580	2220.500
817.789	2184.500
817.998	2113.500
818.206	2203.500
818.415	2183.500
818.624	2192.500
818.832	2216.500
819.041	2265.500
819.249	2273.500
819.458	2284.500
819.667	2304.500
819.875	2279.500
820.084	2274.500
820.293	2257.500
820.501	2240.500
820.710	2246.500
820.919	2307.500
821.127	2292.500
821.336	2185.500
821.544	2098.500
821.753	2081.500
821.962	2062.500
822.170	2074.500
822.379	2035.500
822.588	2037.500
822.796	2057.500
823.005	2095.500
823.213	2157.500
823.422	2172.500
823.631	2151.500
823.839	2255.500
824.048	2251.500
824.257	2206.500
824.465	2198.500
824.674	2204.500
824.883	2203.500
825.091	2241.500
825.300	2241.500
825.508	2197.500
825.717	2225.500
825.926	2289.500
826.134	2337.500
826.343	2309.500
826.552	2248.500
826.760	2242.500
826.969	2231.500
827.178	2190.500
827.386	2166.500
827.595	2134.500
827.803	2182.500
828.012	2142.500
828.221	2174.500
828.429	2193.500
828.638	2085.500
828.847	2101.500
829.055	2110.500
829.264	2044.500
829.472	2134.500
829.681	2147.500
829.890	2108.500
830.098	2107.500
830.307	2164.500
830.516	2165.500
830.724	2162.500
830.933	2118.500
831.142	2018.500
831.350	2052.500
831.559	2029.500
831.767	2080.500
831.976	2190.500
832.185	2148.500
832.393	2115.500
832.602	2034.500
832.811	2078.500
833.019	2057.500
833.228	2029.500
833.437	2066.500
833.645	2166.500
833.854	2115.500
834.062	2092.500
834.271	2061.500
834.480	2073.500
834.688	2087.500
834.897	2072.500
835.106	2075.500
835.314	2120.500
835.523	2139.500
835.731	2132.500
835.940	2096.500
836.149	2115.500
836.357	2153.500
836.566	2119.500
836.775	2155.500
836.983	2165.500
837.192	2190.500
837.401	2137.500
837.609	2113.500
837.818	2129.500
838.026	2152.500
838.235	2173.500
838.444	2127.500
838.652	2134.500
838.861	2044.500
839.070	2012.500
839.278	2134.500
839.487	2114.500
839.696	2093.500
839.904	2090.500
840.113	2150.500
840.321	2153.500
840.530	2079.500
840.739	2052.500
840.947	2075.500
841.156	2066.500
841.365	2067.500
841.573	2071.500
841.782	2096.500
841.991	2114.500
842.199	2147.500
842.408	2118.500
842.616	2080.500
842.825	2048.500
843.034	1985.500
843.242	1963.500
843.451	1975.500
843.660	2058.500
843.868	2042.500
844.077	2020.500
844.285	2036.500
844.494	2033.500
844.703	1999.500
844.911	1958.500
845.120	1958.500
845.329	2010.500
845.537	1985.500
845.746	1978.500
845.955	1979.500
846.163	2037.500
846.372	2002.500
846.580	1974.500
846.789	1952.500
846.998	1921.500
847.206	1958.500
847.415	1966.500
847.624	1960.500
847.832	2013.500
848.041	1967.500
848.250	1912.500
848.458	1850.500
848.667	1840.500
848.875	1851.500
849.084	1833.500
849.293	1826.500
849.501	1858.500
849.710	1809.500
849.919	1839.500
850.127	1841.500
850.336	1839.500
850.544	1851.500
850.753	1795.500
850.962	1776.500
851.170	1874.500
851.379	1855.500
851.588	1777.500
851.796	1801.500
852.005	1813.500
852.214	1789.500
852.422	1725.500
852.631	1723.500
852.839	1657.500
853.048	1650.500
853.257	1629.500
853.465	1529.500
853.674	1534.500
853.883	1584.500
854.091	1568.500
854.300	1606.500
854.509	1645.500
854.717	1678.500
854.926	1673.500
855.134	1704.500
855.343	1678.500
855.552	1617.500
855.760	1619.500
855.969	1722.500
856.178	1744.500
856.386	1711.500
856.595	1689.500
856.803	1692.500
857.012	1743.500
857.221	1771.500
857.429	1671.500
857.638	1639.500
857.847	1710.500
858.055	1765.500
858.264	1703.500
858.473	1676.500
858.681	1649.500
858.890	1658.500
859.098	1655.500
859.307	1676.500
859.516	1644.500
859.724	1673.500
859.933	1705.500
860.142	1675.500
860.350	1652.500
860.559	1661.500
860.768	1651.500
860.976	1622.500
861.185	1548.500
861.393	1582.500
861.602	1592.500
861.811	1578.500
862.019	1582.500
862.228	1616.500
862.437	1620.500
862.645	1611.500
862.854	1654.500
863.062	1598.500
863.271	1543.500
863.480	1510.500
863.688	1569.500
863.897	1586.500
864.106	1533.500
864.314	1572.500
864.523	1538.500
864.732	1532.500
864.940	1508.500
865.149	1429.500
865.357	1397.500
865.566	1371.500
865.775	1354.500
865.983	1419.500
866.192	1419.500
866.401	1380.500
866.609	1364.500
866.818	1338.500
867.027	1396.500
867.235	1428.500
867.444	1386.500
867.652	1365.500
867.861	1390.500
868.070	1370.500
868.278	1395.500
868.487	1409.500
868.696	1381.500
868.904	1416.500
869.113	1397.500
869.321	1342.500
869.530	1302.500
869.739	1279.500
869.947	1344.500
870.156	1353.500
870.365	1362.500
870.573	1343.500
870.782	1298.500
870.991	1325.500
871.199	1312.500
871.408	1304.500
871.616	1277.500
871.825	1309.500
872.034	1354.500
872.242	1347.500
872.451	1285.500
872.660	1274.500
872.868	1284.500
873.077	1305.500
873.286	1263.500
873.494	1259.500
873.703	1275.500
873.911	1315.500
874.120	1338.500
874.329	1294.500
874.537	1271.500
874.746	1269.500
874.955	1222.500
875.163	1249.500
875.372	1264.500
875.581	1174.500
875.789	1166.500
875.998	1202.500
876.206	1244.500
876.415	1217.500
876.624	1188.500
876.832	1197.500
877.041	1183.500
877.250	1243.500
877.458	1246.500
877.667	1169.500
877.875	1173.500
878.084	1177.500
878.293	1160.500
878.501	1177.500
878.710	1172.500
878.919	1179.500
879.127	1176.500
879.336	1187.500
879.545	1089.500
879.753	1099.500
879.962	1079.500
880.170	1086.500
880.379	1118.500
880.588	1136.500
880.796	1155.500
881.005	1191.500
881.214	1141.500
881.422	1069.500
881.631	1073.500
881.840	1092.500
882.048	1107.500
882.257	1099.500
882.465	1094.500
882.674	1147.500
882.883	1145.500
883.091	1151.500
883.300	1140.500
883.509	1108.500
883.717	1106.500
883.926	1100.500
884.134	1116.500
884.343	1120.500
884.552	1097.500
884.760	1079.500
884.969	1097.500
885.178	1102.500
885.386	1090.500
885.595	1030.500
885.804	1057.500
886.012	1078.500
886.221	1039.500
886.429	1018.500
886.638	1079.500
886.847	1077.500
887.055	1018.500
887.264	990.500
887.473	969.500
887.681	966.500
887.890	963.500
888.099	1023.500
888.307	999.500
888.516	980.500
888.724	979.500
888.933	975.500
889.142	999.500
889.350	994.500
889.559	973.500
889.768	992.500
889.976	949.500
890.185	974.500
890.393	981.500
890.602	933.500
890.811	937.500
891.019	964.500
891.228	971.500
891.437	973.500
891.645	939.500
891.854	903.500
892.063	895.500
892.271	922.500
892.480	915.500
892.688	907.500
892.897	871.500
893.106	888.500
893.314	883.500
893.523	874.500
893.732	900.500
893.940	887.500
894.149	875.500
894.358	855.500
894.566	834.500
894.775	846.500
894.983	840.500
895.192	811.500
895.401	838.500
895.609	783.500
895.818	713.500
896.027	745.500
896.235	756.500
896.444	790.500
896.652	813.500
896.861	795.500
897.070	772.500
897.278	744.500
897.487	734.500
897.696	717.500
897.904	646.500
898.113	632.500
898.322	690.500
898.530	694.500
898.739	689.500
898.947	696.500
899.156	706.500
899.365	642.500
899.573	615.500
899.782	657.500
899.991	639.500
900.199	644.500
900.408	649.500
900.617	691.500
900.825	691.500
901.034	652.500
901.242	646.500
901.451	642.500
901.660	636.500
901.868	645.500
902.077	666.500
902.286	678.500
902.494	683.500
902.703	706.500
902.911	737.500
903.120	765.500
903.329	764.500
903.537	760.500
903.746	729.500
903.955	756.500
904.163	725.500
904.372	789.500
904.581	773.500
904.789	758.500
904.998	783.500
905.206	751.500
905.415	752.500
905.624	702.500
905.832	639.500
906.041	635.500
906.250	609.500
906.458	637.500
906.667	652.500
906.876	698.500
907.084	689.500
907.293	651.500
907.501	612.500
907.710	622.500
907.919	630.500
908.127	641.500
908.336	630.500
908.545	590.500
908.753	573.500
908.962	601.500
909.170	640.500
909.379	632.500
909.588	636.500
909.796	611.500
910.005	552.500
910.214	619.500
910.422	616.500
910.631	587.500
910.840	611.500
911.048	604.500
911.257	597.500
911.465	606.500
911.674	619.500
911.883	631.500
912.091	635.500
912.300	587.500
912.508	567.500
912.716	548.500
912.924	573.500
913.132	558.500
913.340	598.500
913.549	593.500
913.757	583.500
913.965	585.500
914.173	540.500
914.381	548.500
914.589	546.500
914.797	536.500
915.005	547.500
915.213	584.500
915.421	603.500
915.629	537.500
915.838	515.500
916.046	555.500
916.254	509.500
916.462	484.500
916.670	494.500
916.878	533.500
917.086	524.500
917.294	511.500
917.502	529.500
917.710	486.500
917.919	476.500
918.127	504.500
918.335	566.500
918.543	622.500
918.751	566.500
918.959	544.500
919.167	559.500
919.375	563.500
919.583	592.500
919.791	590.500
919.999	561.500
920.208	537.500
920.416	575.500
920.624	556.500
920.832	526.500
921.040	561.500
921.248	563.500
921.456	558.500
921.664	565.500
921.872	566.500
922.080	526.500
922.288	497.500
922.497	579.500
922.705	584.500
922.913	591.500
923.121	567.500
923.329	514.500
923.537	495.500
923.745	508.500
923.953	481.500
924.161	484.500
924.369	483.500
924.578	471.500
924.786	508.500
924.994	532.500
925.202	521.500
925.410	530.500
925.618	523.500
925.826	505.500
926.034	471.500
926.242	470.500
926.450	463.500
926.658	441.500
926.867	459.500
927.075	483.500
927.283	460.500
927.491	391.500
927.699	383.500
927.907	387.500
928.115	376.500
928.323	348.500
928.531	371.500
928.739	343.500
928.947	313.500
929.156	342.500
929.364	367.500
929.572	328.500
929.780	318.500
929.988	309.500
930.196	246.500
930.404	229.500
930.612	270.500
930.820	277.500
931.028	277.500
931.236	246.500
931.445	204.500
931.653	197.500
931.861	215.500
932.069	188.500
932.277	174.500
932.485	200.500
932.693	197.500
932.901	205.500
933.109	177.500
933.317	170.500
933.526	143.500
933.734	123.500
933.942	138.500
934.150	211.500
934.358	202.500
934.566	190.500
934.774	179.500
934.982	183.500
935.190	183.500
935.398	144.500
935.606	124.500
935.815	138.500
936.023	147.500
936.231	172.500
936.439	184.500
936.647	175.500
936.855	124.500
937.063	163.500
937.271	158.500
937.479	131.500
937.687	172.500
937.895	189.500
938.104	218.500
938.312	190.500
938.520	212.500
938.728	201.500
938.936	195.500
939.144	226.500
939.352	216.500
939.560	191.500
939.768	209.500
939.976	200.500
940.185	170.500
940.393	146.500
940.601	181.500
940.809	208.500
941.017	222.500
941.225	172.500
941.433	153.500
941.641	152.500
941.849	140.500
942.057	171.500
942.265	157.500
942.474	135.500
942.682	169.500
942.890	141.500
943.098	93.500
943.306	129.500
943.514	187.500
943.722	142.500
943.930	142.500
944.138	130.500
944.346	111.500
944.554	165.500
944.763	159.500
944.971	159.500
945.179	157.500
945.387	141.500
945.595	144.500
945.803	157.500
946.011	185.500
946.219	182.500
946.427	111.500
946.635	146.500
946.843	187.500
947.052	188.500
947.260	169.500
947.468	186.500
947.676	148.500
947.884	115.500
948.092	130.500
948.300	101.500
948.508	79.500
948.716	123.500
948.924	114.500
949.133	154.500
949.341	202.500
949.549	160.500
949.757	154.500
949.965	153.500
950.173	135.500
950.381	135.500
950.589	146.500
950.797	145.500
951.005	122.500
951.213	140.500
951.422	174.500
951.630	152.500
951.838	118.500
952.046	144.500
952.254	173.500
952.462	148.500
952.670	169.500
952.878	228.500
953.086	209.500
953.294	155.500
953.502	160.500
953.711	155.500
953.919	146.500
954.127	159.500
954.335	202.500
954.543	148.500
954.751	114.500
954.959	115.500
955.167	147.500
955.375	142.500
955.583	145.500
955.792	166.500
956.000	161.500
956.208	120.500
956.416	133.500
956.624	158.500
956.832	163.500
957.040	177.500
957.248	182.500
957.456	166.500
957.664	140.500
957.872	124.500
958.081	141.500
958.289	160.500
958.497	169.500
958.705	166.500
958.913	150.500
959.121	157.500
959.329	174.500
959.537	185.500
959.745	153.500
959.953	163.500
960.161	164.500
960.370	116.500
960.578	117.500
960.786	172.500
960.994	178.500
961.202	157.500
961.410	138.500
961.618	155.500
961.826	128.500
962.034	109.500
962.242	128.500
962.451	164.500
962.659	173.500
962.867	176.500
963.075	195.500
963.283	158.500
963.491	167.500
963.699	141.500
963.907	115.500
964.115	153.500
964.323	162.500
964.531	173.500
964.740	204.500
964.948	182.500
965.156	170.500
965.364	144.500
965.572	167.500
965.780	167.500
965.999	184.500
966.218	203.500
966.438	176.500
966.657	141.500
966.876	187.500
967.095	218.500
967.315	175.500
967.534	163.500
967.753	230.500
967.972	172.500
968.192	154.500
968.411	196.500
968.630	181.500
968.849	222.500
969.068	198.500
969.288	193.500
969.507	183.500
969.726	199.500
969.945	197.500
970.165	173.500
970.384	188.500
970.603	168.500
970.822	155.500
971.042	183.500
971.261	167.500
971.480	185.500
971.699	180.500
971.919	156.500
972.138	141.500
972.357	133.500
972.576	135.500
972.795	137.500
973.015	131.500
973.234	156.500
973.453	139.500
973.672	179.500
973.892	193.500
974.111	168.500
974.330	134.500
974.549	168.500
974.769	159.500
974.988	122.500
975.207	168.500
975.426	173.500
975.646	165.500
975.865	155.500
976.084	150.500
976.303	171.500
976.522	157.500
976.742	125.500
976.961	101.500
977.180	95.500
977.399	115.500
977.619	174.500
977.838	166.500
978.057	133.500
978.276	140.500
978.496	163.500
978.715	141.500
978.934	190.500
979.153	172.500
979.372	116.500
979.592	153.500
979.811	154.500
980.030	132.500
980.249	133.500
980.469	133.500
980.688	130.500
980.907	158.500
981.126	166.500
981.346	146.500
981.565	165.500
981.784	180.500
982.003	205.500
982.223	203.500
982.442	156.500
982.661	123.500
982.880	110.500
983.099	110.500
983.319	131.500
983.538	138.500
983.757	152.500
983.976	129.500
984.196	138.500
984.415	150.500
984.634	139.500
984.853	138.500
985.073	150.500
985.292	182.500
985.511	151.500
985.730	142.500
985.949	164.500
986.169	163.500
986.388	161.500
986.607	154.500
986.826	142.500
987.046	125.500
987.265	123.500
987.484	127.500
987.703	126.500
987.923	146.500
988.142	116.500
988.361	152.500
988.580	167.500
988.800	137.500
989.019	147.500
989.238	139.500
989.457	119.500
989.676	128.500
989.896	134.500
990.115	151.500
990.334	107.500
990.553	135.500
990.773	130.500
990.992	124.500
991.211	138.500
991.430	134.500
991.650	146.500
991.869	164.500
992.088	103.500
992.307	116.500
992.527	127.500
992.746	123.500
992.965	131.500
993.184	93.500
993.403	92.500
993.623	140.500
993.842	142.500
994.061	144.500
994.280	143.500
994.500	140.500
994.719	156.500
994.938	153.500
995.157	118.500
995.377	110.500
995.596	111.500
995.815	144.500
996.034	100.500
996.253	74.500
996.473	94.500
996.692	71.500
996.911	87.500
997.130	101.500
997.350	105.500
997.569	84.500
997.788	104.500
998.007	101.500
998.227	63.500
998.446	101.500
998.665	112.500
998.884	106.500
999.104	116.500
999.323	152.500
999.542	109.500
999.761	42.500
999.980	105.500
1000.200	100.500
1000.419	95.500
1000.638	144.500
1000.857	139.500
1001.077	119.500
1001.296	112.500
1001.515	89.500
1001.734	95.500
1001.954	114.500
1002.173	86.500
1002.392	99.500
1002.611	142.500
1002.830	154.500
1003.050	131.500
1003.269	94.500
1003.488	125.500
1003.707	114.500
1003.927	64.500
1004.146	30.500
1004.365	74.500
1004.584	83.500
1004.804	74.500
1005.023	74.500
1005.242	87.500
1005.461	99.500
1005.681	93.500
1005.900	69.500
1006.119	110.500
1006.338	131.500
1006.557	57.500
1006.777	50.500
1006.996	100.500
1007.215	74.500
1007.434	105.500
1007.654	114.500
1007.873	94.500
1008.092	86.500
1008.311	67.500
1008.531	72.500
1008.750	113.500
1008.969	108.500
1009.188	93.500
1009.407	89.500
1009.627	85.500
1009.846	37.500
1010.065	28.500
1010.284	42.500
1010.504	60.500
1010.723	99.500
1010.942	86.500
1011.161	85.500
1011.381	77.500
1011.600	112.500
1011.819	100.500
1012.038	109.500
1012.258	146.500
1012.477	115.500
1012.696	56.500
1012.915	47.500
1013.134	64.500
1013.354	81.500
1013.573	95.500
1013.792	83.500
1014.011	106.500
1014.231	110.500
1014.450	81.500
1014.669	69.500
1014.888	80.500
1015.108	94.500
1015.327	79.500
1015.546	69.500
1015.765	67.500
1015.984	99.500
1016.204	146.500
1016.423	169.500
1016.642	96.500
1016.861	66.500
1017.081	113.500
1017.300	113.500
1017.519	71.500
