296.912	337.500
297.101	206.500
297.290	149.500
297.479	224.500
297.668	110.500
297.858	162.500
298.047	357.500
298.236	277.500
298.425	161.500
298.614	117.500
298.803	75.500
298.992	176.500
299.181	228.500
299.370	220.500
299.559	228.500
299.748	240.500
299.937	283.500
300.126	345.500
300.315	156.500
300.504	71.500
300.693	153.500
300.882	173.500
301.071	149.500
301.260	104.500
301.449	79.500
301.638	171.500
301.827	183.500
302.016	170.500
302.205	197.500
302.395	118.500
302.584	105.500
302.773	200.500
302.962	270.500
303.151	121.500
303.340	12.500
303.529	56.500
303.718	138.500
303.907	200.500
304.096	173.500
304.285	117.500
304.474	96.500
304.663	174.500
304.852	174.500
305.041	176.500
305.230	221.500
305.419	225.500
305.608	228.500
305.797	154.500
305.986	128.500
306.175	58.500
306.364	-9.500
306.553	61.500
306.743	179.500
306.932	197.500
307.121	219.500
307.310	179.500
307.499	200.500
307.688	131.500
307.877	189.500
308.066	161.500
308.255	172.500
308.444	295.500
308.633	178.500
308.822	-8.500
309.011	-13.500
309.200	163.500
309.389	212.500
309.578	104.500
309.767	144.500
309.956	227.500
310.145	193.500
310.334	30.500
310.523	128.500
310.712	125.500
310.901	26.500
311.091	212.500
311.280	279.500
311.469	122.500
311.658	264.500
311.847	220.500
312.036	150.500
312.225	132.500
312.414	49.500
312.603	42.500
312.792	208.500
312.981	183.500
313.170	122.500
313.349	45.500
313.527	110.500
313.706	141.500
313.884	119.500
314.063	167.500
314.241	221.500
314.420	350.500
314.598	312.500
314.777	232.500
314.955	119.500
315.134	154.500
315.312	81.500
315.491	65.500
315.669	171.500
315.848	126.500
316.027	120.500
316.205	210.500
316.384	105.500
316.562	157.500
316.741	97.500
316.919	108.500
317.098	145.500
317.276	32.500
317.455	65.500
317.633	204.500
317.812	312.500
317.990	174.500
318.169	211.500
318.347	229.500
318.526	304.500
318.705	116.500
318.883	142.500
319.062	120.500
319.240	151.500
319.419	85.500
319.597	181.500
319.776	274.500
319.954	88.500
320.133	24.500
320.311	132.500
320.490	284.500
320.668	229.500
320.847	117.500
321.025	133.500
321.204	284.500
321.382	264.500
321.561	97.500
321.740	130.500
321.918	231.500
322.097	251.500
322.275	203.500
322.454	149.500
322.632	92.500
322.811	87.500
322.989	68.500
323.168	144.500
323.346	115.500
323.525	35.500
323.703	-8.500
323.882	1.500
324.060	110.500
324.239	254.500
324.418	217.500
324.596	227.500
324.775	167.500
324.953	44.500
325.132	122.500
325.310	230.500
325.489	117.500
325.667	105.500
325.846	58.500
326.024	140.500
326.203	230.500
326.381	181.500
326.560	244.500
326.738	138.500
326.917	82.500
327.096	112.500
327.274	243.500
327.453	217.500
327.631	87.500
327.810	84.500
327.988	47.500
328.167	101.500
328.345	101.500
328.524	118.500
328.702	113.500
328.881	145.500
329.059	129.500
329.238	138.500
329.416	199.500
329.595	164.500
329.774	193.500
329.952	240.500
330.131	252.500
330.309	256.500
330.488	196.500
330.666	116.500
330.845	102.500
331.023	109.500
331.202	75.500
331.380	55.500
331.559	167.500
331.737	156.500
331.916	22.500
332.094	136.500
332.273	233.500
332.452	110.500
332.630	154.500
332.809	210.500
332.987	155.500
333.166	186.500
333.344	253.500
333.523	204.500
333.701	146.500
333.880	185.500
334.058	103.500
334.237	206.500
334.415	268.500
334.594	188.500
334.772	-17.500
334.951	74.500
335.129	78.500
335.308	227.500
335.487	253.500
335.665	216.500
335.844	349.500
336.022	397.500
336.201	206.500
336.379	124.500
336.558	237.500
336.736	273.500
336.915	245.500
337.093	321.500
337.272	251.500
337.450	131.500
337.629	103.500
337.807	53.500
337.986	106.500
338.165	178.500
338.343	215.500
338.522	221.500
338.700	215.500
338.879	102.500
339.057	199.500
339.236	320.500
339.414	231.500
339.593	184.500
339.771	235.500
339.950	262.500
340.128	209.500
340.307	156.500
340.485	123.500
340.664	240.500
340.843	127.500
341.021	75.500
341.200	92.500
341.378	214.500
341.557	289.500
341.735	139.500
341.914	78.500
342.092	184.500
342.271	267.500
342.449	177.500
342.628	49.500
342.806	100.500
342.985	333.500
343.163	285.500
343.342	117.500
343.521	50.500
343.699	55.500
343.878	96.500
344.056	188.500
344.235	150.500
344.413	180.500
344.592	272.500
344.770	103.500
344.949	248.500
345.127	291.500
345.306	251.500
345.484	77.500
345.663	109.500
345.841	194.500
346.020	232.500
346.199	149.500
346.377	87.500
346.556	265.500
346.734	318.500
346.913	82.500
347.091	143.500
347.270	206.500
347.448	143.500
347.627	121.500
347.805	133.500
347.984	116.500
348.162	77.500
348.341	223.500
348.519	291.500
348.698	96.500
348.876	82.500
349.055	71.500
349.234	141.500
349.412	182.500
349.591	53.500
349.769	54.500
349.948	232.500
350.126	316.500
350.305	333.500
350.483	200.500
350.662	142.500
350.840	162.500
351.019	43.500
351.197	188.500
351.376	209.500
351.554	132.500
351.733	156.500
351.912	189.500
352.090	192.500
352.269	148.500
352.447	188.500
352.626	171.500
352.804	190.500
352.983	147.500
353.161	217.500
353.340	187.500
353.518	101.500
353.697	196.500
353.875	221.500
354.054	281.500
354.232	326.500
354.411	277.500
354.590	119.500
354.768	209.500
354.947	150.500
355.125	33.500
355.304	74.500
355.482	98.500
355.661	134.500
355.839	137.500
356.018	119.500
356.196	106.500
356.375	77.500
356.553	162.500
356.732	72.500
356.910	59.500
357.089	183.500
357.268	196.500
357.446	212.500
357.625	202.500
357.803	161.500
357.982	119.500
358.160	102.500
358.339	184.500
358.517	209.500
358.696	193.500
358.874	80.500
359.053	84.500
359.231	23.500
359.410	114.500
359.588	201.500
359.767	226.500
359.945	264.500
360.124	161.500
360.303	96.500
360.481	57.500
360.660	106.500
360.838	199.500
361.017	153.500
361.195	114.500
361.374	156.500
361.552	200.500
361.731	223.500
361.909	210.500
362.088	105.500
362.266	137.500
362.445	125.500
362.623	161.500
362.802	189.500
362.981	182.500
363.159	287.500
363.338	229.500
363.516	294.500
363.695	243.500
363.873	232.500
364.052	164.500
364.230	246.500
364.409	199.500
364.587	189.500
364.766	149.500
364.944	176.500
365.123	277.500
365.301	244.500
365.480	177.500
365.660	90.500
365.839	179.500
366.019	344.500
366.199	262.500
366.379	211.500
366.558	203.500
366.738	290.500
366.918	161.500
367.098	25.500
367.277	68.500
367.457	158.500
367.637	154.500
367.816	110.500
367.996	193.500
368.176	197.500
368.356	273.500
368.535	167.500
368.715	256.500
368.895	273.500
369.075	122.500
369.254	118.500
369.434	321.500
369.614	347.500
369.793	254.500
369.973	292.500
370.153	179.500
370.333	191.500
370.512	151.500
370.692	204.500
370.872	178.500
371.051	195.500
371.231	343.500
371.411	279.500
371.591	138.500
371.770	188.500
371.950	241.500
372.130	144.500
372.310	114.500
372.489	164.500
372.669	131.500
372.849	194.500
373.028	237.500
373.208	210.500
373.388	118.500
373.568	150.500
373.747	249.500
373.927	176.500
374.107	116.500
374.287	223.500
374.466	181.500
374.646	216.500
374.826	192.500
375.005	153.500
375.185	300.500
375.365	457.500
375.545	347.500
375.724	304.500
375.904	271.500
376.084	172.500
376.263	104.500
376.443	135.500
376.623	243.500
376.803	293.500
376.982	260.500
377.162	161.500
377.342	213.500
377.522	379.500
377.701	260.500
377.881	219.500
378.061	330.500
378.240	149.500
378.420	148.500
378.600	209.500
378.780	298.500
378.959	170.500
379.139	240.500
379.319	313.500
379.499	376.500
379.678	364.500
379.858	354.500
380.038	135.500
380.217	204.500
380.397	221.500
380.577	222.500
380.757	174.500
380.936	275.500
381.116	233.500
381.296	161.500
381.476	234.500
381.655	224.500
381.835	280.500
382.015	182.500
382.194	209.500
382.374	342.500
382.554	326.500
382.734	215.500
382.913	271.500
383.093	348.500
383.273	246.500
383.452	272.500
383.632	164.500
383.812	172.500
383.992	235.500
384.171	304.500
384.351	252.500
384.531	225.500
384.711	190.500
384.890	60.500
385.070	92.500
385.250	192.500
385.429	235.500
385.609	217.500
385.789	196.500
385.969	217.500
386.148	159.500
386.328	190.500
386.508	235.500
386.688	231.500
386.867	175.500
387.047	204.500
387.227	232.500
387.406	217.500
387.586	166.500
387.766	282.500
387.946	244.500
388.125	180.500
388.305	153.500
388.485	90.500
388.664	185.500
388.844	219.500
389.024	198.500
389.204	181.500
389.383	208.500
389.563	172.500
389.743	121.500
389.923	153.500
390.102	139.500
390.282	150.500
390.462	210.500
390.641	160.500
390.821	49.500
391.001	101.500
391.181	158.500
391.360	271.500
391.540	322.500
391.720	334.500
391.900	249.500
392.079	170.500
392.259	236.500
392.439	347.500
392.618	338.500
392.798	264.500
392.978	238.500
393.158	182.500
393.337	288.500
393.517	384.500
393.697	346.500
393.877	380.500
394.056	346.500
394.236	408.500
394.416	294.500
394.595	157.500
394.775	224.500
394.955	293.500
395.135	243.500
395.314	287.500
395.494	449.500
395.674	328.500
395.853	163.500
396.033	297.500
396.213	318.500
396.393	197.500
396.572	294.500
396.752	272.500
396.932	314.500
397.112	416.500
397.291	382.500
397.471	306.500
397.651	250.500
397.830	157.500
398.010	307.500
398.190	344.500
398.370	248.500
398.549	341.500
398.729	374.500
398.909	360.500
399.089	311.500
399.268	411.500
399.448	568.500
399.628	517.500
399.807	458.500
399.987	502.500
400.167	514.500
400.347	572.500
400.526	602.500
400.706	401.500
400.886	401.500
401.065	409.500
401.245	429.500
401.425	559.500
401.605	573.500
401.784	551.500
401.964	561.500
402.144	641.500
402.324	613.500
402.503	497.500
402.683	548.500
402.863	559.500
403.042	556.500
403.222	541.500
403.402	643.500
403.582	663.500
403.761	617.500
403.941	807.500
404.121	710.500
404.301	558.500
404.480	724.500
404.660	866.500
404.844	934.500
405.029	863.500
405.213	789.500
405.398	771.500
405.582	745.500
405.767	763.500
405.951	804.500
406.136	914.500
406.320	936.500
406.505	1034.500
406.689	1150.500
406.874	1112.500
407.058	1184.500
407.243	1097.500
407.427	1048.500
407.612	1199.500
407.796	1171.500
407.981	1204.500
408.165	1384.500
408.350	1511.500
408.534	1343.500
408.719	1294.500
408.903	1427.500
409.088	1572.500
409.272	1457.500
409.457	1596.500
409.641	1614.500
409.826	1683.500
410.010	1908.500
410.195	1919.500
410.379	2041.500
410.564	2305.500
410.748	2334.500
410.933	2397.500
411.117	2501.500
411.302	2658.500
411.486	2831.500
411.671	2960.500
411.855	3004.500
412.040	3075.500
412.224	3072.500
412.409	3056.500
412.593	3346.500
412.778	3505.500
412.962	3469.500
413.147	3780.500
413.331	4055.500
413.516	4064.500
413.700	4061.500
413.885	4364.500
414.069	4406.500
414.254	4567.500
414.438	4682.500
414.623	4642.500
414.807	4879.500
414.992	4881.500
415.176	5064.500
415.361	5354.500
415.545	5622.500
415.730	5786.500
415.914	5875.500
416.099	6105.500
416.283	6055.500
416.468	5899.500
416.652	6079.500
416.837	6207.500
417.021	6315.500
417.206	6379.500
417.390	6237.500
417.575	6397.500
417.759	6627.500
417.944	6798.500
418.128	6798.500
418.313	6981.500
418.497	7057.500
418.682	7131.500
418.866	7360.500
419.051	7282.500
419.235	7345.500
419.420	7597.500
419.604	7734.500
419.789	7734.500
419.973	7888.500
420.158	8080.500
420.342	8176.500
420.527	8344.500
420.711	8595.500
420.896	8866.500
421.080	8746.500
421.265	8813.500
421.449	8780.500
421.634	8711.500
421.818	8848.500
422.003	8694.500
422.187	8671.500
422.372	8867.500
422.556	9001.500
422.741	9050.500
422.925	9153.500
423.110	9200.500
423.294	9371.500
423.479	9337.500
423.663	9432.500
423.848	9574.500
424.032	9656.500
424.217	9633.500
424.401	9777.500
424.586	9725.500
424.770	9701.500
424.955	9763.500
425.139	9855.500
425.324	9822.500
425.508	10006.500
425.693	10103.500
425.877	10180.500
426.062	10179.500
426.246	10385.500
426.431	10234.500
426.615	10100.500
426.800	10045.500
426.984	9999.500
427.169	10123.500
427.353	10334.500
427.538	10174.500
427.722	10145.500
427.907	10165.500
428.091	10171.500
428.276	10283.500
428.460	10184.500
428.645	10183.500
428.829	9828.500
429.014	9631.500
429.198	9558.500
429.383	9438.500
429.567	9154.500
429.752	8872.500
429.936	8787.500
430.121	8471.500
430.305	8593.500
430.490	8739.500
430.674	9240.500
430.859	9782.500
431.043	10043.500
431.228	10558.500
431.412	10780.500
431.597	10677.500
431.781	10851.500
431.966	11057.500
432.150	11174.500
432.335	11356.500
432.519	11538.500
432.704	11570.500
432.888	11526.500
433.073	11351.500
433.257	11336.500
433.442	11272.500
433.626	11239.500
433.811	11386.500
433.995	11448.500
434.180	11580.500
434.364	11815.500
434.549	11996.500
434.733	12160.500
434.918	12171.500
435.102	12176.500
435.287	12344.500
435.471	12436.500
435.656	12810.500
435.840	13019.500
436.030	12862.500
436.219	12855.500
436.409	13108.500
436.599	13081.500
436.789	12886.500
436.978	12642.500
437.168	12714.500
437.358	12541.500
437.548	12363.500
437.737	12256.500
437.927	12288.500
438.117	12355.500
438.306	12262.500
438.496	12239.500
438.686	12464.500
438.876	12543.500
439.065	12658.500
439.255	12752.500
439.445	12886.500
439.634	12981.500
439.824	12946.500
440.014	12917.500
440.204	13174.500
440.393	13269.500
440.583	13468.500
440.773	13788.500
440.963	13932.500
441.152	14060.500
441.342	14090.500
441.532	14380.500
441.721	14445.500
441.911	14456.500
442.101	14525.500
442.291	14595.500
442.480	14623.500
442.670	14748.500
442.860	14842.500
443.050	14935.500
443.239	15200.500
443.429	15196.500
443.619	15149.500
443.808	15204.500
443.998	15331.500
444.188	15398.500
444.378	15617.500
444.567	15382.500
444.757	15207.500
444.947	15335.500
445.137	15342.500
445.326	15154.500
445.516	15006.500
445.706	15073.500
445.895	15314.500
446.085	15556.500
446.275	15544.500
446.465	15687.500
446.654	15886.500
446.844	16148.500
447.034	16307.500
447.223	16497.500
447.413	16508.500
447.603	16576.500
447.793	16637.500
447.982	16753.500
448.172	16538.500
448.362	16676.500
448.552	16775.500
448.741	16916.500
448.931	16737.500
449.121	16813.500
449.310	16807.500
449.500	16975.500
449.690	17259.500
449.880	17492.500
450.069	17993.500
450.259	18176.500
450.449	17759.500
450.639	17975.500
450.828	17946.500
451.018	17940.500
451.208	17813.500
451.397	17887.500
451.587	17889.500
451.777	17565.500
451.967	17400.500
452.156	17335.500
452.346	17265.500
452.536	17178.500
452.725	16792.500
452.915	16697.500
453.105	16840.500
453.295	16847.500
453.484	16920.500
453.674	17132.500
453.864	17055.500
454.054	17132.500
454.243	17105.500
454.433	16969.500
454.623	16974.500
454.812	17162.500
455.002	17177.500
455.192	17220.500
455.382	17277.500
455.571	17397.500
455.761	17475.500
455.951	17655.500
456.141	17731.500
456.330	17704.500
456.520	17750.500
456.710	17850.500
456.899	17986.500
457.089	17918.500
457.279	17792.500
457.469	17638.500
457.658	17454.500
457.848	17463.500
458.038	17541.500
458.228	17447.500
458.417	17326.500
458.607	17314.500
458.797	17149.500
458.986	17249.500
459.176	17264.500
459.366	17307.500
459.556	17071.500
459.745	17165.500
459.935	17291.500
460.125	17419.500
460.314	17339.500
460.504	17326.500
460.694	17561.500
460.884	17635.500
461.073	17535.500
461.263	17793.500
461.453	18045.500
461.643	17953.500
461.832	17735.500
462.022	17820.500
462.212	17899.500
462.401	18071.500
462.591	17981.500
462.781	18041.500
462.971	18161.500
463.160	17898.500
463.350	17848.500
463.540	17788.500
463.730	17606.500
463.919	17542.500
464.109	17489.500
464.299	17674.500
464.488	17629.500
464.678	17195.500
464.868	17375.500
465.058	17659.500
465.247	17716.500
465.437	17609.500
465.627	17532.500
465.816	17544.500
466.006	17436.500
466.196	17332.500
466.386	17308.500
466.575	17304.500
466.765	17250.500
466.955	17220.500
467.145	17124.500
467.334	17312.500
467.524	17514.500
467.714	17302.500
467.903	17392.500
468.093	17438.500
468.283	17517.500
468.473	17624.500
468.662	17693.500
468.852	17876.500
469.042	17706.500
469.232	17676.500
469.421	17812.500
469.611	17679.500
469.801	17600.500
469.990	17392.500
470.180	17331.500
470.370	17452.500
470.560	17304.500
470.749	17283.500
470.939	17439.500
471.129	17545.500
471.318	17792.500
471.508	17981.500
471.698	18018.500
471.888	18122.500
472.077	18200.500
472.267	18314.500
472.457	18090.500
472.647	18047.500
472.836	17960.500
473.026	17820.500
473.216	18043.500
473.405	18266.500
473.595	18136.500
473.785	18176.500
473.975	18057.500
474.164	18291.500
474.354	18601.500
474.544	18626.500
474.734	18820.500
474.923	18550.500
475.113	18413.500
475.303	18395.500
475.492	18414.500
475.682	18408.500
475.872	18268.500
476.062	18173.500
476.251	18312.500
476.441	18039.500
476.631	17861.500
476.821	17913.500
477.010	18019.500
477.200	17980.500
477.390	18252.500
477.579	18449.500
477.769	18605.500
477.959	18614.500
478.149	18436.500
478.338	18611.500
478.528	18570.500
478.718	18461.500
478.907	18500.500
479.097	18458.500
479.287	18541.500
479.477	18693.500
479.666	18737.500
479.856	18688.500
480.046	18493.500
480.236	18575.500
480.425	18687.500
480.615	18714.500
480.805	18614.500
480.994	18713.500
481.184	18711.500
481.374	18822.500
481.564	18791.500
481.753	18758.500
481.943	18618.500
482.133	18764.500
482.323	18517.500
482.512	18330.500
482.702	18431.500
482.892	18341.500
483.081	18144.500
483.271	18304.500
483.461	18192.500
483.651	18246.500
483.840	18070.500
484.030	18041.500
484.220	17918.500
484.409	18060.500
484.599	17891.500
484.789	17765.500
484.979	17666.500
485.168	17463.500
485.358	16884.500
485.548	16439.500
485.738	16219.500
485.927	15859.500
486.117	15571.500
486.307	15379.500
486.496	15338.500
486.686	15521.500
486.876	15509.500
487.066	15855.500
487.255	16007.500
487.445	16100.500
487.635	16404.500
487.825	16474.500
488.014	16701.500
488.204	16823.500
488.394	16787.500
488.583	16847.500
488.773	16850.500
488.963	16731.500
489.153	16964.500
489.342	16993.500
489.532	17229.500
489.722	17532.500
489.912	17655.500
490.101	17707.500
490.291	17559.500
490.481	17427.500
490.670	17608.500
490.860	17576.500
491.050	17652.500
491.240	17499.500
491.429	17465.500
491.619	17344.500
491.809	17325.500
491.998	16999.500
492.188	16794.500
492.378	16913.500
492.568	16936.500
492.757	17142.500
492.947	17284.500
493.137	17328.500
493.327	17310.500
493.516	17239.500
493.706	17259.500
493.896	17347.500
494.085	17638.500
494.275	17689.500
494.465	17753.500
494.655	17924.500
494.844	17958.500
495.034	17923.500
495.224	17821.500
495.414	17941.500
495.603	18084.500
495.793	17875.500
495.983	17881.500
496.172	17894.500
496.362	17938.500
496.552	18064.500
496.742	18039.500
496.931	17950.500
497.121	18090.500
497.311	17935.500
497.500	18097.500
497.690	18158.500
497.880	17687.500
498.070	17393.500
498.259	17403.500
498.449	17389.500
498.639	17476.500
498.829	17339.500
499.018	17419.500
499.208	17538.500
499.398	17490.500
499.587	17734.500
499.777	17671.500
499.967	17515.500
500.157	17641.500
500.346	17444.500
500.536	17220.500
500.726	17112.500
500.916	16969.500
501.105	16907.500
501.295	16755.500
501.485	16960.500
501.674	16677.500
501.864	16815.500
502.054	17052.500
502.244	17066.500
502.433	17138.500
502.623	17225.500
502.813	17198.500
503.003	17112.500
503.192	17361.500
503.382	17355.500
503.572	17037.500
503.761	16823.500
503.951	16705.500
504.141	16848.500
504.331	16757.500
504.520	16679.500
504.710	16991.500
504.900	17068.500
505.089	17181.500
505.279	17404.500
505.469	17650.500
505.659	17621.500
505.848	17672.500
506.038	17559.500
506.228	17374.500
506.418	17381.500
506.607	17548.500
506.797	17347.500
506.987	17359.500
507.176	17306.500
507.366	17273.500
507.556	17064.500
507.746	16997.500
507.935	16926.500
508.125	16778.500
508.315	16650.500
508.505	16903.500
508.694	17043.500
508.884	17278.500
509.074	17327.500
509.263	17172.500
509.453	17109.500
509.643	17153.500
509.833	16891.500
510.022	16727.500
510.212	16775.500
510.402	16857.500
510.592	17166.500
510.781	17330.500
510.971	17132.500
511.161	17252.500
511.350	17438.500
511.540	17411.500
511.730	17431.500
511.920	17382.500
512.109	17157.500
512.299	16962.500
512.489	16875.500
512.678	16936.500
512.868	16766.500
513.058	16648.500
513.248	16570.500
513.437	16619.500
513.627	16596.500
513.817	16402.500
514.007	16358.500
514.196	16347.500
514.386	16195.500
514.576	16308.500
514.765	16208.500
514.955	16310.500
515.145	16419.500
515.335	16527.500
515.524	16584.500
515.714	16513.500
515.904	16227.500
516.094	16021.500
516.283	15889.500
516.473	15567.500
516.663	15249.500
516.852	15024.500
517.042	14926.500
517.232	14812.500
517.422	14901.500
517.611	15138.500
517.801	15200.500
517.991	15173.500
518.180	15173.500
518.370	15119.500
518.560	15146.500
518.750	15346.500
518.939	15386.500
519.129	15591.500
519.319	15961.500
519.509	15952.500
519.698	15913.500
519.888	16185.500
520.078	16144.500
520.267	16208.500
520.457	16372.500
520.647	16183.500
520.837	16184.500
521.026	16444.500
521.216	16475.500
521.406	16509.500
521.596	16648.500
521.785	16638.500
521.975	16591.500
522.165	16448.500
522.354	16614.500
522.544	16633.500
522.734	16529.500
522.924	16519.500
523.113	16521.500
523.303	16495.500
523.493	16673.500
523.683	16842.500
523.872	16896.500
524.062	17098.500
524.252	17027.500
524.441	17203.500
524.631	17500.500
524.821	17361.500
525.011	17208.500
525.200	17167.500
525.390	17105.500
525.580	16915.500
525.769	16702.500
525.959	16686.500
526.149	16463.500
526.339	16401.500
526.528	16261.500
526.718	16017.500
526.908	15932.500
527.098	16119.500
527.287	16343.500
527.477	16215.500
527.667	16441.500
527.856	16535.500
528.046	16716.500
528.236	16961.500
528.426	17259.500
528.615	17142.500
528.805	17128.500
528.995	17482.500
529.185	17510.500
529.374	17642.500
529.564	17499.500
529.754	17360.500
529.943	17492.500
530.133	17403.500
530.323	17683.500
530.513	17797.500
530.702	17590.500
530.892	17531.500
531.082	17502.500
531.271	17407.500
531.461	17271.500
531.651	17250.500
531.841	17040.500
532.030	16925.500
532.220	16765.500
532.410	16514.500
532.600	16493.500
532.789	16490.500
532.979	16441.500
533.169	16662.500
533.358	16664.500
533.548	16587.500
533.738	16539.500
533.928	16422.500
534.117	16156.500
534.307	16199.500
534.497	16299.500
534.687	16539.500
534.876	16793.500
535.066	16820.500
535.256	16737.500
535.445	16911.500
535.635	16622.500
535.825	16485.500
536.015	16544.500
536.204	16268.500
536.394	16177.500
536.584	15971.500
536.773	16049.500
536.963	16075.500
537.153	16278.500
537.343	16114.500
537.532	16157.500
537.722	16209.500
537.912	16186.500
538.102	16089.500
538.291	16193.500
538.481	16034.500
538.671	15819.500
538.860	15886.500
539.050	15656.500
539.240	15552.500
539.430	15553.500
539.619	15499.500
539.809	15418.500
539.999	15213.500
540.189	15239.500
540.378	15184.500
540.568	15264.500
540.758	15322.500
540.947	15634.500
541.137	15559.500
541.327	15704.500
541.517	15655.500
541.706	15423.500
541.896	15412.500
542.086	15490.500
542.276	15555.500
542.465	15277.500
542.655	15288.500
542.845	15335.500
543.034	15362.500
543.224	15602.500
543.414	15651.500
543.604	15385.500
543.793	15321.500
543.983	15656.500
544.173	15584.500
544.362	15492.500
544.552	15557.500
544.742	15597.500
544.932	15389.500
545.121	15383.500
545.311	15240.500
545.501	15544.500
545.691	15432.500
545.880	15455.500
546.070	15390.500
546.264	15331.500
546.459	15301.500
546.653	15148.500
546.847	15128.500
547.041	15138.500
547.236	15365.500
547.430	15256.500
547.624	15216.500
547.818	15257.500
548.013	15481.500
548.207	15577.500
548.401	15213.500
548.596	15150.500
548.790	15274.500
548.984	15324.500
549.178	15383.500
549.373	15331.500
549.567	15367.500
549.761	15303.500
549.956	15147.500
550.150	15148.500
550.344	15094.500
550.538	15115.500
550.733	14966.500
550.927	15070.500
551.121	15117.500
551.315	14992.500
551.510	15035.500
551.704	15137.500
551.898	15318.500
552.093	15433.500
552.287	15190.500
552.481	15040.500
552.675	15001.500
552.870	14937.500
553.064	14858.500
553.258	14886.500
553.453	15024.500
553.647	15200.500
553.841	15022.500
554.035	14940.500
554.230	14964.500
554.424	14968.500
554.618	14972.500
554.812	15045.500
555.007	14977.500
555.201	15041.500
555.395	14864.500
555.590	14765.500
555.784	14816.500
555.978	14634.500
556.172	14798.500
556.367	14731.500
556.561	14541.500
556.755	14496.500
556.949	14450.500
557.144	14548.500
557.338	14779.500
557.532	14619.500
557.727	14437.500
557.921	14495.500
558.115	14403.500
558.309	14288.500
558.504	14237.500
558.698	14230.500
558.892	14323.500
559.087	14126.500
559.281	13990.500
559.475	13956.500
559.669	14100.500
559.864	14179.500
560.058	14220.500
560.252	14299.500
560.446	14270.500
560.641	14433.500
560.835	14560.500
561.029	14318.500
561.224	14215.500
561.418	14168.500
561.612	14169.500
561.806	14282.500
562.001	14315.500
562.195	14218.500
562.389	14042.500
562.584	14153.500
562.778	14181.500
562.972	14024.500
563.166	14356.500
563.361	14220.500
563.555	13928.500
563.749	14215.500
563.943	14254.500
564.138	14146.500
564.332	14205.500
564.526	13937.500
564.721	13827.500
564.915	13829.500
565.109	13743.500
565.303	13754.500
565.498	13738.500
565.692	13722.500
565.886	13666.500
566.081	13744.500
566.275	13748.500
566.469	13868.500
566.663	13721.500
566.858	13586.500
567.052	13866.500
567.246	13810.500
567.440	13608.500
567.635	13617.500
567.829	13517.500
568.023	13420.500
568.218	13327.500
568.412	13203.500
568.606	13278.500
568.800	13186.500
568.995	13068.500
569.189	13178.500
569.383	13170.500
569.577	13352.500
569.772	13189.500
569.966	12844.500
570.160	13023.500
570.355	12900.500
570.549	12955.500
570.743	12868.500
570.937	12753.500
571.132	12711.500
571.326	12812.500
571.520	12622.500
571.715	12516.500
571.909	12618.500
572.103	12805.500
572.297	12876.500
572.492	12802.500
572.686	12783.500
572.880	12795.500
573.074	12743.500
573.269	12566.500
573.463	12844.500
573.657	12860.500
573.852	12691.500
574.046	12410.500
574.240	12239.500
574.434	12183.500
574.629	12261.500
574.823	12248.500
575.017	12271.500
575.212	12152.500
575.406	12128.500
575.600	12128.500
575.794	12223.500
575.989	11945.500
576.183	12003.500
576.377	12194.500
576.571	12249.500
576.766	12228.500
576.960	12040.500
577.159	11926.500
577.357	11874.500
577.556	11915.500
577.755	11800.500
577.953	11768.500
578.152	11770.500
578.350	11707.500
578.549	11763.500
578.748	11706.500
578.946	11678.500
579.145	11604.500
579.344	11686.500
579.542	12061.500
579.741	12087.500
579.940	11936.500
580.138	12002.500
580.337	11904.500
580.535	11802.500
580.734	12043.500
580.933	12085.500
581.131	12080.500
581.330	11959.500
581.529	12207.500
581.727	12472.500
581.926	12656.500
582.125	12723.500
582.323	12674.500
582.522	12515.500
582.721	12582.500
582.919	12577.500
583.118	12412.500
583.316	12604.500
583.515	12729.500
583.714	12903.500
583.912	12910.500
584.111	13032.500
584.310	12947.500
584.508	12597.500
584.707	12531.500
584.906	12685.500
585.104	12491.500
585.303	12618.500
585.501	12553.500
585.700	12453.500
585.899	12612.500
586.097	12683.500
586.296	12714.500
586.495	12595.500
586.693	12686.500
586.892	12490.500
587.091	12450.500
587.289	12559.500
587.488	12347.500
587.686	12001.500
587.885	12035.500
588.084	11581.500
588.282	11162.500
588.481	10945.500
588.680	10920.500
588.878	10856.500
589.077	10683.500
589.276	10636.500
589.474	10800.500
589.673	10967.500
589.871	11021.500
590.070	11077.500
590.269	11065.500
590.467	11109.500
590.666	11154.500
590.865	10876.500
591.063	11155.500
591.262	11286.500
591.461	11151.500
591.659	11107.500
591.858	11295.500
592.056	11356.500
592.255	11344.500
592.454	11433.500
592.652	11661.500
592.851	11735.500
593.050	11484.500
593.248	11363.500
593.447	11295.500
593.646	11156.500
593.844	11303.500
594.043	11384.500
594.241	11344.500
594.440	11294.500
594.639	11200.500
594.837	11080.500
595.036	11258.500
595.235	11164.500
595.433	11147.500
595.632	11156.500
595.831	11292.500
596.029	11311.500
596.228	11101.500
596.427	11129.500
596.625	11359.500
596.824	11241.500
597.022	11368.500
597.221	11216.500
597.420	11304.500
597.618	11422.500
597.817	11315.500
598.016	11213.500
598.214	11322.500
598.413	11325.500
598.612	11126.500
598.810	11322.500
599.009	11472.500
599.207	11443.500
599.406	11286.500
599.605	11256.500
599.803	11325.500
600.002	11316.500
600.201	11238.500
600.399	11350.500
600.598	11298.500
600.797	11302.500
600.995	11305.500
601.194	11196.500
601.392	11226.500
601.591	11290.500
601.790	11343.500
601.988	11246.500
602.187	11227.500
602.386	11139.500
602.584	11429.500
602.783	11545.500
602.982	11567.500
603.180	11453.500
603.379	11611.500
603.577	11469.500
603.776	11307.500
603.975	11419.500
604.173	11510.500
604.372	11457.500
604.571	11273.500
604.769	11458.500
604.968	11308.500
605.167	11160.500
605.365	11293.500
605.564	11241.500
605.762	11284.500
605.961	11301.500
606.160	11365.500
606.358	11416.500
606.557	11276.500
606.756	11319.500
606.954	11267.500
607.153	11406.500
607.352	11281.500
607.550	11169.500
607.749	11029.500
607.948	11168.500
608.146	11215.500
608.345	11088.500
608.543	10909.500
608.742	11049.500
608.941	11162.500
609.139	11032.500
609.338	10950.500
609.537	11137.500
609.735	11037.500
609.934	10803.500
610.133	10773.500
610.331	11001.500
610.530	11110.500
610.728	10910.500
610.927	10750.500
611.126	10841.500
611.324	10884.500
611.523	10919.500
611.722	10794.500
611.920	10822.500
612.119	10718.500
612.318	10598.500
612.516	10641.500
612.715	10610.500
612.913	10486.500
613.112	10342.500
613.311	10370.500
613.509	10284.500
613.708	10323.500
613.907	10447.500
614.105	10557.500
614.304	10433.500
614.503	10439.500
614.701	10391.500
614.900	10343.500
615.098	10479.500
615.297	10367.500
615.496	10235.500
615.694	10104.500
615.893	10172.500
616.092	10173.500
616.290	10170.500
616.489	10255.500
616.688	10034.500
616.886	9986.500
617.085	9962.500
617.283	9936.500
617.482	10064.500
617.681	10243.500
617.879	10113.500
618.078	10127.500
618.277	10330.500
618.475	10165.500
618.674	10083.500
618.873	10105.500
619.071	10120.500
619.270	10135.500
619.468	10038.500
619.667	10175.500
619.866	10327.500
620.064	10296.500
620.263	10250.500
620.462	10091.500
620.660	10078.500
620.859	10180.500
621.058	10123.500
621.256	9977.500
621.455	9932.500
621.654	9990.500
621.852	10010.500
622.051	10022.500
622.249	9818.500
622.448	9907.500
622.647	9768.500
622.845	9764.500
623.044	9632.500
623.243	9668.500
623.441	9647.500
623.640	9493.500
623.839	9425.500
624.037	9393.500
624.236	9546.500
624.434	9462.500
624.633	9475.500
624.832	9457.500
625.030	9267.500
625.229	9288.500
625.428	9284.500
625.626	9353.500
625.825	9387.500
626.024	9612.500
626.222	9663.500
626.421	9532.500
626.619	9499.500
626.818	9348.500
627.017	9301.500
627.215	9221.500
627.414	8961.500
627.613	8957.500
627.811	8939.500
628.010	8829.500
628.209	9052.500
628.407	9104.500
628.606	9087.500
628.804	9055.500
629.003	9222.500
629.202	8939.500
629.400	8785.500
629.599	8966.500
629.798	8883.500
629.996	8955.500
630.195	8804.500
630.394	8758.500
630.592	9018.500
630.791	8988.500
630.990	8913.500
631.188	8783.500
631.387	8798.500
631.585	8878.500
631.784	8831.500
631.983	8744.500
632.181	8939.500
632.380	9162.500
632.579	8988.500
632.777	8862.500
632.976	8954.500
633.175	8878.500
633.373	8974.500
633.572	9147.500
633.770	8980.500
633.969	9067.500
634.168	9043.500
634.366	8930.500
634.565	8877.500
634.764	8878.500
634.962	8984.500
635.161	9154.500
635.360	9117.500
635.558	9084.500
635.757	8987.500
635.955	8833.500
636.154	8906.500
636.353	8948.500
636.551	8744.500
636.750	8651.500
636.949	8827.500
637.147	8773.500
637.346	8789.500
637.545	8860.500
637.743	8860.500
637.942	8954.500
638.140	8947.500
638.339	9035.500
638.538	9058.500
638.736	9049.500
638.935	8953.500
639.134	8764.500
639.332	8751.500
639.531	8703.500
639.730	8776.500
639.928	8811.500
640.127	8679.500
640.325	8740.500
640.524	8751.500
640.723	8709.500
640.921	8812.500
641.120	8816.500
641.319	8780.500
641.517	8654.500
641.716	8664.500
641.915	8842.500
642.113	8763.500
642.312	8550.500
642.510	8534.500
642.709	8475.500
642.908	8640.500
643.106	8655.500
643.305	8489.500
643.504	8534.500
643.702	8689.500
643.901	8647.500
644.100	8463.500
644.298	8446.500
644.497	8393.500
644.696	8440.500
644.894	8432.500
645.093	8485.500
645.291	8531.500
645.490	8474.500
645.689	8232.500
645.887	8291.500
646.086	8370.500
646.285	8309.500
646.483	8090.500
646.682	8029.500
646.881	7966.500
647.079	7973.500
647.278	7988.500
647.476	7890.500
647.675	7963.500
647.874	8102.500
648.072	7990.500
648.271	7888.500
648.470	7897.500
648.668	8076.500
648.867	7951.500
649.066	7829.500
649.264	7942.500
649.463	7965.500
649.661	7859.500
649.860	7924.500
650.059	7856.500
650.257	7808.500
650.456	7954.500
650.655	8092.500
650.853	7987.500
651.052	7921.500
651.251	7725.500
651.449	7670.500
651.648	7793.500
651.846	7879.500
652.045	7829.500
652.244	7901.500
652.442	8006.500
652.641	8045.500
652.840	8064.500
653.038	8109.500
653.237	8131.500
653.436	8011.500
653.634	7903.500
653.833	7994.500
654.032	7989.500
654.230	7976.500
654.429	7803.500
654.627	7682.500
654.826	7828.500
655.025	7602.500
655.223	7538.500
655.422	7407.500
655.621	7333.500
655.819	7327.500
656.018	7192.500
656.217	7065.500
656.415	6970.500
656.614	7155.500
656.812	7363.500
657.011	7488.500
657.210	7399.500
657.408	7395.500
657.607	7669.500
657.806	7660.500
658.004	7672.500
658.203	7708.500
658.402	7625.500
658.600	7616.500
658.799	7688.500
658.997	7710.500
659.196	7688.500
659.395	7885.500
659.593	7895.500
659.792	7918.500
659.991	7894.500
660.189	7836.500
660.388	8028.500
660.587	7951.500
660.785	7849.500
660.984	7830.500
661.182	7797.500
661.381	7923.500
661.580	7836.500
661.778	7993.500
661.977	8178.500
662.176	8068.500
662.374	7901.500
662.573	7789.500
662.772	7874.500
662.970	7712.500
663.169	7672.500
663.367	7746.500
663.566	7808.500
663.765	7892.500
663.963	7911.500
664.162	7945.500
664.361	7922.500
664.559	7946.500
664.758	7946.500
664.957	7885.500
665.155	7796.500
665.354	7838.500
665.552	7783.500
665.751	7812.500
665.950	7764.500
666.148	7675.500
666.347	7713.500
666.546	7581.500
666.744	7701.500
666.943	7657.500
667.142	7465.500
667.340	7679.500
667.539	7896.500
667.738	7738.500
667.936	7610.500
668.135	7488.500
668.333	7537.500
668.532	7606.500
668.731	7621.500
668.929	7616.500
669.128	7572.500
669.327	7646.500
669.525	7699.500
669.724	7679.500
669.923	7449.500
670.121	7437.500
670.320	7473.500
670.518	7416.500
670.717	7285.500
670.916	7393.500
671.114	7365.500
671.313	7311.500
671.512	7331.500
671.710	7269.500
671.909	7246.500
672.108	7557.500
672.306	7625.500
672.505	7270.500
672.703	7289.500
672.902	7319.500
673.101	7351.500
673.299	7403.500
673.498	7429.500
673.697	7321.500
673.895	7189.500
674.094	7275.500
674.293	7194.500
674.491	7183.500
674.690	7242.500
674.888	7037.500
675.087	7109.500
675.286	7255.500
675.484	7109.500
675.683	7073.500
675.882	6945.500
676.080	7051.500
676.279	7067.500
676.478	7019.500
676.676	7085.500
676.875	6941.500
677.073	6822.500
677.272	6906.500
677.471	7002.500
677.669	7204.500
677.868	7088.500
678.067	7018.500
678.265	7089.500
678.464	7065.500
678.663	6987.500
678.861	6963.500
679.060	6910.500
679.259	6740.500
679.457	6935.500
679.656	6953.500
679.854	6949.500
680.053	6866.500
680.252	6828.500
680.450	6818.500
680.649	6969.500
680.848	6934.500
681.046	6784.500
681.245	6843.500
681.444	6718.500
681.642	6749.500
681.841	6899.500
682.039	6950.500
682.238	6903.500
682.437	6705.500
682.635	6729.500
682.834	6810.500
683.033	6846.500
683.231	6798.500
683.430	6740.500
683.629	6611.500
683.827	6786.500
684.026	6872.500
684.224	6830.500
684.423	6666.500
684.622	6535.500
684.820	6496.500
685.019	6649.500
685.218	6698.500
685.416	6481.500
685.615	6376.500
685.814	6140.500
686.012	5994.500
686.211	5733.500
686.409	5611.500
686.608	5375.500
686.807	5277.500
687.005	5496.500
687.204	5493.500
687.403	5158.500
687.601	5375.500
687.800	5562.500
687.999	5465.500
688.197	5300.500
688.396	5193.500
688.594	5339.500
688.793	5353.500
688.992	5427.500
689.190	5523.500
689.389	5588.500
689.588	5681.500
689.786	5722.500
689.985	5746.500
690.184	5927.500
690.382	5974.500
690.581	5756.500
690.779	5938.500
690.978	5954.500
691.177	6096.500
691.375	6140.500
691.574	6270.500
691.773	6301.500
691.971	6075.500
692.170	6122.500
692.369	6086.500
692.567	5918.500
692.766	6048.500
692.965	6276.500
693.163	6106.500
693.362	6118.500
693.560	6094.500
693.759	6169.500
693.958	6222.500
694.156	6247.500
694.355	6028.500
694.554	6197.500
694.752	6302.500
694.951	6197.500
695.150	6160.500
695.348	6365.500
695.547	6467.500
695.745	6538.500
695.944	6536.500
696.143	6624.500
696.341	6837.500
696.540	6822.500
696.743	6824.500
696.946	6799.500
697.149	6874.500
697.352	6889.500
697.555	6959.500
697.757	6851.500
697.960	6940.500
698.163	6791.500
698.366	6902.500
698.569	6903.500
698.772	6814.500
698.975	7025.500
699.178	6827.500
699.381	6879.500
699.584	7135.500
699.787	7009.500
699.989	6890.500
700.192	7107.500
700.395	7084.500
700.598	7201.500
700.801	7154.500
701.004	6978.500
701.207	7162.500
701.410	7182.500
701.613	7287.500
701.816	7169.500
702.019	7272.500
702.221	7511.500
702.424	7394.500
702.627	7378.500
702.830	7482.500
703.033	7586.500
703.236	7673.500
703.439	7687.500
703.642	7679.500
703.845	7757.500
704.048	7877.500
704.251	7861.500
704.453	7751.500
704.656	7906.500
704.859	8069.500
705.062	7990.500
705.265	7973.500
705.468	7937.500
705.671	8131.500
705.874	8259.500
706.077	8213.500
706.280	8167.500
706.483	8285.500
706.685	8354.500
706.888	8418.500
707.091	8445.500
707.294	8445.500
707.497	8442.500
707.700	8563.500
707.903	8650.500
708.106	8492.500
708.309	8555.500
708.512	8733.500
708.715	8732.500
708.917	8780.500
709.120	8982.500
709.323	8905.500
709.526	8832.500
709.729	8791.500
709.932	8914.500
710.135	8979.500
710.338	9045.500
710.541	9034.500
710.744	9074.500
710.947	9148.500
711.149	9188.500
711.352	9196.500
711.555	9163.500
711.758	9158.500
711.961	9235.500
712.164	9197.500
712.367	9287.500
712.570	9135.500
712.773	9186.500
712.976	9304.500
713.179	9260.500
713.381	9317.500
713.584	9544.500
713.787	9332.500
713.990	9419.500
714.193	9410.500
714.396	9510.500
714.599	9800.500
714.802	9540.500
715.005	9394.500
715.208	9245.500
715.411	9188.500
715.613	9198.500
715.816	8976.500
716.019	8632.500
716.222	8666.500
716.425	8514.500
716.628	8336.500
716.831	8191.500
717.034	7963.500
717.237	7864.500
717.440	7777.500
717.643	7753.500
717.845	7707.500
718.048	7572.500
718.251	7311.500
718.454	7519.500
718.657	7426.500
718.860	7397.500
719.063	7445.500
719.266	7282.500
719.469	7372.500
719.672	7433.500
719.875	7687.500
720.077	8003.500
720.280	8091.500
720.483	8437.500
720.686	8687.500
720.889	8928.500
721.092	8906.500
721.295	8940.500
721.498	9045.500
721.701	9164.500
721.904	9254.500
722.107	9265.500
722.309	9263.500
722.512	9179.500
722.715	9080.500
722.918	8950.500
723.121	8890.500
723.324	8981.500
723.527	8955.500
723.730	8987.500
723.933	8975.500
724.136	8882.500
724.339	8819.500
724.541	8866.500
724.744	8928.500
724.947	8775.500
725.150	8794.500
725.353	8961.500
725.556	8999.500
725.759	9153.500
725.962	9290.500
726.165	9162.500
726.368	9123.500
726.571	9118.500
726.773	9315.500
726.976	9386.500
727.179	9440.500
727.382	9578.500
727.585	9622.500
727.788	9487.500
727.991	9546.500
728.194	9494.500
728.397	9374.500
728.600	9383.500
728.803	9611.500
729.005	9738.500
729.208	9792.500
729.411	9988.500
729.614	9922.500
729.817	9963.500
730.020	9993.500
730.223	9906.500
730.426	9945.500
730.629	10146.500
730.832	10202.500
731.035	10315.500
731.237	10498.500
731.440	10633.500
731.643	10879.500
731.846	10953.500
732.049	11080.500
732.252	11533.500
732.455	11577.500
732.658	11421.500
732.861	11591.500
733.064	11618.500
733.267	11837.500
733.469	11997.500
733.672	12031.500
733.875	11931.500
734.078	12107.500
734.281	12314.500
734.484	12347.500
734.687	12133.500
734.890	12239.500
735.093	12458.500
735.296	12551.500
735.499	12407.500
735.701	12308.500
735.904	12578.500
736.107	12574.500
736.310	12490.500
736.513	12522.500
736.716	12559.500
736.919	12483.500
737.122	12583.500
737.325	12663.500
737.528	12722.500
737.731	12653.500
737.933	12801.500
738.136	12924.500
738.339	12799.500
738.542	12869.500
738.745	12843.500
738.948	12953.500
739.151	12973.500
739.354	12896.500
739.557	12887.500
739.760	12850.500
739.963	13034.500
740.165	13327.500
740.368	13309.500
740.571	13040.500
740.774	12965.500
740.977	13178.500
741.180	13320.500
741.383	13379.500
741.586	13394.500
741.789	13539.500
741.992	13657.500
742.195	13567.500
742.397	13565.500
742.600	13766.500
742.803	13807.500
743.006	13693.500
743.209	13679.500
743.412	13671.500
743.615	13551.500
743.818	13606.500
744.021	13648.500
744.224	13564.500
744.427	13838.500
744.629	13771.500
744.832	13908.500
745.035	14037.500
745.238	13846.500
745.441	13806.500
745.644	13942.500
745.847	14022.500
746.050	13989.500
746.253	13985.500
746.456	13951.500
746.659	13944.500
746.861	13945.500
747.064	14004.500
747.267	14122.500
747.470	13861.500
747.673	13993.500
747.876	14126.500
748.079	13968.500
748.282	13810.500
748.485	13842.500
748.688	13889.500
748.891	13837.500
749.093	13935.500
749.296	14074.500
749.499	13767.500
749.702	13620.500
749.905	13795.500
750.108	13739.500
750.311	13643.500
750.514	13632.500
750.717	13864.500
750.920	13874.500
751.123	13726.500
751.325	13757.500
751.528	13604.500
751.731	13579.500
751.934	13669.500
752.137	13859.500
752.340	13664.500
752.543	13809.500
752.746	13882.500
752.949	13711.500
753.152	13756.500
753.355	13772.500
753.557	13597.500
753.760	13747.500
753.963	13677.500
754.166	13683.500
754.369	13688.500
754.572	13537.500
754.775	13665.500
754.978	13848.500
755.181	13770.500
755.384	13606.500
755.587	13760.500
755.789	13452.500
755.992	13682.500
756.195	13701.500
756.398	13483.500
756.601	13413.500
756.804	13488.500
757.007	13514.500
757.210	13319.500
757.413	13210.500
757.616	13191.500
757.819	13149.500
758.021	12713.500
758.224	11870.500
758.427	11128.500
758.630	10140.500
758.833	9323.500
759.036	8520.500
759.239	7702.500
759.442	7029.500
759.645	6291.500
759.848	5933.500
760.051	5916.500
760.253	6027.500
760.456	6164.500
760.659	6171.500
760.862	6082.500
761.065	5862.500
761.268	5838.500
761.471	5766.500
761.674	5656.500
761.877	5455.500
762.080	5436.500
762.283	5444.500
762.485	5382.500
762.688	5524.500
762.891	5796.500
763.094	5976.500
763.297	6336.500
763.500	6394.500
763.706	6584.500
763.912	6811.500
764.118	6917.500
764.325	7155.500
764.531	7470.500
764.737	7631.500
764.943	7880.500
765.149	8225.500
765.355	8480.500
765.561	8915.500
765.768	9057.500
765.974	9309.500
766.180	9652.500
766.386	9915.500
766.592	10233.500
766.798	10419.500
767.004	10544.500
767.210	10810.500
767.417	11083.500
767.623	11211.500
767.829	11342.500
768.035	11206.500
768.241	11436.500
768.447	11690.500
768.653	11657.500
768.860	11794.500
769.066	11752.500
769.272	11747.500
769.478	11889.500
769.684	12030.500
769.890	12214.500
770.096	12182.500
770.303	12031.500
770.509	11918.500
770.715	12068.500
770.921	12168.500
771.127	12116.500
771.333	12215.500
771.539	12311.500
771.745	12150.500
771.952	12137.500
772.158	12068.500
772.364	11907.500
772.570	12214.500
772.776	12210.500
772.982	11968.500
773.188	12123.500
773.395	12040.500
773.601	11931.500
773.807	11853.500
774.013	11979.500
774.219	12124.500
774.425	12071.500
774.631	12003.500
774.838	11740.500
775.044	11813.500
775.250	11932.500
775.456	11846.500
775.662	11739.500
775.868	11814.500
776.074	11695.500
776.281	11830.500
776.487	11710.500
776.693	11692.500
776.899	11635.500
777.105	11756.500
777.311	11926.500
777.517	11819.500
777.723	11799.500
777.930	11688.500
778.136	11549.500
778.342	11565.500
778.548	11688.500
778.754	11648.500
778.960	11663.500
779.166	11702.500
779.373	11722.500
779.579	11517.500
779.785	11319.500
779.991	11413.500
780.197	11443.500
780.403	11240.500
780.609	11285.500
780.816	11265.500
781.022	11443.500
781.228	11521.500
781.434	11335.500
781.640	11368.500
781.846	11384.500
782.052	11257.500
782.259	11210.500
782.465	11202.500
782.671	11138.500
782.877	11008.500
783.083	10934.500
783.289	11205.500
783.495	11050.500
783.701	11010.500
783.908	11089.500
784.114	10967.500
784.320	10800.500
784.526	10839.500
784.732	10905.500
784.938	11128.500
785.144	10977.500
785.351	10812.500
785.557	10972.500
785.763	10936.500
785.969	10791.500
786.175	10718.500
786.381	10643.500
786.587	10617.500
786.794	10506.500
787.000	10582.500
787.206	10525.500
787.412	10637.500
787.618	10403.500
787.824	10301.500
788.030	10339.500
788.236	10329.500
788.443	10241.500
788.649	10112.500
788.855	9986.500
789.061	10023.500
789.267	10134.500
789.473	10019.500
789.679	9931.500
789.886	9802.500
790.092	9797.500
790.298	9740.500
790.504	9774.500
790.710	9719.500
790.916	9651.500
791.122	9722.500
791.329	9562.500
791.535	9688.500
791.741	9723.500
791.947	9593.500
792.153	9589.500
792.359	9501.500
792.565	9691.500
792.771	9776.500
792.978	9419.500
793.184	9420.500
793.390	9445.500
793.596	9382.500
793.802	9468.500
794.008	9578.500
794.214	9630.500
794.421	9520.500
794.627	9352.500
794.833	9270.500
795.039	9291.500
795.245	9384.500
795.451	9349.500
795.657	9304.500
795.864	9255.500
796.070	9380.500
796.276	9514.500
796.482	9466.500
796.688	9369.500
796.894	9251.500
797.100	9182.500
797.307	9196.500
797.513	9222.500
797.719	9088.500
797.925	9144.500
798.131	8937.500
798.337	8918.500
798.543	9021.500
798.749	9113.500
798.956	9251.500
799.162	9196.500
799.368	8865.500
799.574	8865.500
799.780	8951.500
799.986	8854.500
800.192	8799.500
800.399	8670.500
800.605	8551.500
800.811	8644.500
801.017	8880.500
801.223	8692.500
801.429	8527.500
801.635	8667.500
801.842	8582.500
802.048	8591.500
802.254	8588.500
802.460	8589.500
802.666	8482.500
802.872	8626.500
803.078	8757.500
803.285	8561.500
803.491	8299.500
803.697	8399.500
803.903	8309.500
804.109	8371.500
804.315	8570.500
804.521	8595.500
804.727	8597.500
804.934	8510.500
805.140	8585.500
805.346	8686.500
805.552	8654.500
805.758	8473.500
805.964	8354.500
806.170	8479.500
806.377	8486.500
806.583	8198.500
806.789	8347.500
806.995	8308.500
807.201	8344.500
807.407	8265.500
807.613	8219.500
807.820	8209.500
808.026	8110.500
808.232	8110.500
808.438	8087.500
808.644	7935.500
808.850	7843.500
809.056	8015.500
809.262	7939.500
809.469	7731.500
809.675	7646.500
809.881	7638.500
810.087	7776.500
810.293	7936.500
810.499	7863.500
810.705	7706.500
810.912	7586.500
811.118	7599.500
811.324	7589.500
811.530	7416.500
811.739	7231.500
811.947	7077.500
812.156	7079.500
812.365	6985.500
812.573	6986.500
812.782	6799.500
812.990	6823.500
813.199	6632.500
813.408	6605.500
813.616	6602.500
813.825	6213.500
814.034	6165.500
814.242	6357.500
814.451	6240.500
814.659	6111.500
814.868	6087.500
815.077	5885.500
815.285	5791.500
815.494	5675.500
815.703	5665.500
815.911	5758.500
816.120	5630.500
816.329	5694.500
816.537	5780.500
816.746	5732.500
816.954	5568.500
817.163	5493.500
817.372	5528.500
817.580	5567.500
817.789	5700.500
817.998	5638.500
818.206	5576.500
818.415	5637.500
818.624	5493.500
818.832	5424.500
819.041	5593.500
819.249	5934.500
819.458	6146.500
819.667	5997.500
819.875	5938.500
820.084	5976.500
820.293	6001.500
820.501	5927.500
820.710	6024.500
820.919	6072.500
821.127	5943.500
821.336	5805.500
821.544	5566.500
821.753	5322.500
821.962	5222.500
822.170	5273.500
822.379	5381.500
822.588	5284.500
822.796	5230.500
823.005	5454.500
823.213	5544.500
823.422	5684.500
823.631	5721.500
823.839	5675.500
824.048	5689.500
824.257	5784.500
824.465	5879.500
824.674	5709.500
824.883	5760.500
825.091	5806.500
825.300	5884.500
825.508	6088.500
825.717	6104.500
825.926	5960.500
826.134	5968.500
826.343	5914.500
826.552	5869.500
826.760	5761.500
826.969	5675.500
827.178	5595.500
827.386	5635.500
827.595	5775.500
827.803	5602.500
828.012	5484.500
828.221	5475.500
828.429	5726.500
828.638	5723.500
828.847	5760.500
829.055	5618.500
829.264	5551.500
829.472	5692.500
829.681	5591.500
829.890	5425.500
830.098	5297.500
830.307	5392.500
830.516	5406.500
830.724	5365.500
830.933	5373.500
831.142	5475.500
831.350	5496.500
831.559	5588.500
831.767	5440.500
831.976	5527.500
832.185	5553.500
832.393	5589.500
832.602	5458.500
832.811	5326.500
833.019	5301.500
833.228	5398.500
833.437	5518.500
833.645	5553.500
833.854	5514.500
834.062	5606.500
834.271	5567.500
834.480	5500.500
834.688	5627.500
834.897	5459.500
835.106	5497.500
835.314	5561.500
835.523	5562.500
835.731	5653.500
835.940	5719.500
836.149	5694.500
836.357	5598.500
836.566	5660.500
836.775	5696.500
836.983	5766.500
837.192	5792.500
837.401	5619.500
837.609	5726.500
837.818	5710.500
838.026	5493.500
838.235	5564.500
838.444	5689.500
838.652	5722.500
838.861	5759.500
839.070	5712.500
839.278	5705.500
839.487	5718.500
839.696	5873.500
839.904	5660.500
840.113	5514.500
840.321	5699.500
840.530	5705.500
840.739	5617.500
840.947	5664.500
841.156	5563.500
841.365	5562.500
841.573	5717.500
841.782	5783.500
841.991	5680.500
842.199	5589.500
842.408	5439.500
842.616	5496.500
842.825	5499.500
843.034	5615.500
843.242	5550.500
843.451	5596.500
843.660	5489.500
843.868	5388.500
844.077	5409.500
844.285	5667.500
844.494	5710.500
844.703	5469.500
844.911	5349.500
845.120	5388.500
845.329	5407.500
845.537	5333.500
845.746	5223.500
845.955	5331.500
846.163	5384.500
846.372	5364.500
846.580	5222.500
846.789	5203.500
846.998	5394.500
847.206	5465.500
847.415	5460.500
847.624	5372.500
847.832	5360.500
848.041	5292.500
848.250	5197.500
848.458	5080.500
848.667	5226.500
848.875	5257.500
849.084	4918.500
849.293	4981.500
849.501	4979.500
849.710	4822.500
849.919	4941.500
850.127	5002.500
850.336	4937.500
850.544	4858.500
850.753	4978.500
850.962	4966.500
851.170	4983.500
851.379	5165.500
851.588	5073.500
851.796	5020.500
852.005	4809.500
852.214	4828.500
852.422	4944.500
852.631	4807.500
852.839	4539.500
853.048	4461.500
853.257	4430.500
853.465	4329.500
853.674	4317.500
853.883	4426.500
854.091	4344.500
854.300	4406.500
854.509	4429.500
854.717	4666.500
854.926	4658.500
855.134	4595.500
855.343	4538.500
855.552	4637.500
855.760	4704.500
855.969	4574.500
856.178	4492.500
856.386	4519.500
856.595	4649.500
856.803	4736.500
857.012	4650.500
857.221	4645.500
857.429	4678.500
857.638	4602.500
857.847	4666.500
858.055	4593.500
858.264	4611.500
858.473	4663.500
858.681	4687.500
858.890	4584.500
859.098	4602.500
859.307	4563.500
859.516	4438.500
859.724	4512.500
859.933	4500.500
860.142	4511.500
860.350	4482.500
860.559	4352.500
860.768	4412.500
860.976	4482.500
861.185	4319.500
861.393	4178.500
861.602	4367.500
861.811	4433.500
862.019	4496.500
862.228	4363.500
862.437	4308.500
862.645	4309.500
862.854	4473.500
863.062	4498.500
863.271	4457.500
863.480	4437.500
863.688	4338.500
863.897	4222.500
864.106	3988.500
864.314	4086.500
864.523	4114.500
864.732	3964.500
864.940	3849.500
865.149	3903.500
865.357	3959.500
865.566	3814.500
865.775	3899.500
865.983	3945.500
866.192	3813.500
866.401	3652.500
866.609	3707.500
866.818	3810.500
867.027	3883.500
867.235	3950.500
867.444	3852.500
867.652	3687.500
867.861	3841.500
868.070	3861.500
868.278	3732.500
868.487	3751.500
868.696	3774.500
868.904	3792.500
869.113	3747.500
869.321	3841.500
869.530	3882.500
869.739	3885.500
869.947	3920.500
870.156	3772.500
870.365	3670.500
870.573	3773.500
870.782	3744.500
870.991	3773.500
871.199	3685.500
871.408	3578.500
871.616	3547.500
871.825	3664.500
872.034	3892.500
872.242	3753.500
872.451	3645.500
872.660	3635.500
872.868	3806.500
873.077	3724.500
873.286	3466.500
873.494	3582.500
873.703	3567.500
873.911	3449.500
874.120	3263.500
874.329	3346.500
874.537	3533.500
874.746	3564.500
874.955	3550.500
875.163	3349.500
875.372	3270.500
875.581	3352.500
875.789	3462.500
875.998	3405.500
876.206	3410.500
876.415	3423.500
876.624	3332.500
876.832	3258.500
877.041	3288.500
877.250	3386.500
877.458	3325.500
877.667	3460.500
877.875	3430.500
878.084	3249.500
878.293	3277.500
878.501	3284.500
878.710	3255.500
878.919	3248.500
879.127	3151.500
879.336	2987.500
879.545	3011.500
879.753	3016.500
879.962	3056.500
880.170	3042.500
880.379	3146.500
880.588	3146.500
880.796	3183.500
881.005	3216.500
881.214	3259.500
881.422	3037.500
881.631	3128.500
881.840	3254.500
882.048	3194.500
882.257	3251.500
882.465	3075.500
882.674	3027.500
882.883	3094.500
883.091	3039.500
883.300	2963.500
883.509	2898.500
883.717	3002.500
883.926	3067.500
884.134	3023.500
884.343	2941.500
884.552	2976.500
884.760	2909.500
884.969	2994.500
885.178	2898.500
885.386	2861.500
885.595	2854.500
885.804	2875.500
886.012	2794.500
886.221	2755.500
886.429	2835.500
886.638	2685.500
886.847	2562.500
887.055	2704.500
887.264	2814.500
887.473	2862.500
887.681	2903.500
887.890	2723.500
888.099	2714.500
888.307	2659.500
888.516	2704.500
888.724	2721.500
888.933	2650.500
889.142	2716.500
889.350	2740.500
889.559	2758.500
889.768	2621.500
889.976	2668.500
890.185	2737.500
890.393	2663.500
890.602	2702.500
890.811	2761.500
891.019	2708.500
891.228	2788.500
891.437	2666.500
891.645	2528.500
891.854	2555.500
892.063	2555.500
892.271	2604.500
892.480	2427.500
892.688	2446.500
892.897	2525.500
893.106	2504.500
893.314	2501.500
893.523	2263.500
893.732	2279.500
893.940	2301.500
894.149	2203.500
894.358	2278.500
894.566	2373.500
894.775	2382.500
894.983	2249.500
895.192	2203.500
895.401	2287.500
895.609	2104.500
895.818	1975.500
896.027	1917.500
896.235	1934.500
896.444	1915.500
896.652	1912.500
896.861	1915.500
897.070	2158.500
897.278	2166.500
897.487	2056.500
897.696	1933.500
897.904	1697.500
898.113	1772.500
898.322	1704.500
898.530	1662.500
898.739	1691.500
898.947	1717.500
899.156	1745.500
899.365	1744.500
899.573	1742.500
899.782	1617.500
899.991	1635.500
900.199	1614.500
900.408	1669.500
900.617	1706.500
900.825	1700.500
901.034	1775.500
901.242	1606.500
901.451	1598.500
901.660	1601.500
901.868	1746.500
902.077	1772.500
902.286	1684.500
902.494	1829.500
902.703	1958.500
902.911	1974.500
903.120	1971.500
903.329	1920.500
903.537	1902.500
903.746	1932.500
903.955	2002.500
904.163	1963.500
904.372	1890.500
904.581	1986.500
904.789	2010.500
904.998	1927.500
905.206	1884.500
905.415	2008.500
905.624	1928.500
905.832	1822.500
906.041	1707.500
906.250	1701.500
906.458	1614.500
906.667	1649.500
906.876	1556.500
907.084	1615.500
907.293	1590.500
907.501	1724.500
907.710	1586.500
907.919	1674.500
908.127	1783.500
908.336	1579.500
908.545	1604.500
908.753	1691.500
908.962	1654.500
909.170	1576.500
909.379	1543.500
909.588	1721.500
909.796	1637.500
910.005	1559.500
910.214	1479.500
910.422	1510.500
910.631	1419.500
910.840	1683.500
911.048	1654.500
911.257	1507.500
911.465	1552.500
911.674	1622.500
911.883	1597.500
912.091	1561.500
912.300	1541.500
912.508	1418.500
912.716	1436.500
912.924	1450.500
913.132	1542.500
913.340	1571.500
913.549	1555.500
913.757	1454.500
913.965	1397.500
914.173	1412.500
914.381	1355.500
914.589	1321.500
914.797	1320.500
915.005	1348.500
915.213	1387.500
915.421	1470.500
915.629	1424.500
915.838	1254.500
916.046	1284.500
916.254	1357.500
916.462	1374.500
916.670	1338.500
916.878	1379.500
917.086	1429.500
917.294	1366.500
917.502	1382.500
917.710	1429.500
917.919	1445.500
918.127	1376.500
918.335	1441.500
918.543	1440.500
918.751	1549.500
918.959	1605.500
919.167	1531.500
919.375	1493.500
919.583	1702.500
919.791	1528.500
919.999	1494.500
920.208	1571.500
920.416	1404.500
920.624	1472.500
920.832	1574.500
921.040	1451.500
921.248	1375.500
921.456	1376.500
921.664	1312.500
921.872	1294.500
922.080	1350.500
922.288	1303.500
922.497	1384.500
922.705	1464.500
922.913	1427.500
923.121	1428.500
923.329	1281.500
923.537	1169.500
923.745	1218.500
923.953	1213.500
924.161	1266.500
924.369	1331.500
924.578	1288.500
924.786	1333.500
924.994	1400.500
925.202	1339.500
925.410	1268.500
925.618	1359.500
925.826	1307.500
926.034	1341.500
926.242	1400.500
926.450	1167.500
926.658	1070.500
926.867	1219.500
927.075	1146.500
927.283	1124.500
927.491	1054.500
927.699	1074.500
927.907	1174.500
928.115	1173.500
928.323	915.500
928.531	789.500
928.739	833.500
928.947	876.500
929.156	829.500
929.364	833.500
929.572	850.500
929.780	751.500
929.988	671.500
930.196	687.500
930.404	678.500
930.612	627.500
930.820	570.500
931.028	597.500
931.236	600.500
931.445	493.500
931.653	499.500
931.861	558.500
932.069	390.500
932.277	520.500
932.485	697.500
932.693	505.500
932.901	329.500
933.109	319.500
933.317	343.500
933.526	375.500
933.734	392.500
933.942	423.500
934.150	342.500
934.358	355.500
934.566	398.500
934.774	327.500
934.982	302.500
935.190	348.500
935.398	379.500
935.606	382.500
935.815	349.500
936.023	410.500
936.231	460.500
936.439	436.500
936.647	416.500
936.855	323.500
937.063	314.500
937.271	422.500
937.479	439.500
937.687	394.500
937.895	459.500
938.104	543.500
938.312	493.500
938.520	358.500
938.728	330.500
938.936	341.500
939.144	395.500
939.352	455.500
939.560	510.500
939.768	458.500
939.976	356.500
940.185	410.500
940.393	441.500
940.601	422.500
940.809	344.500
941.017	463.500
941.225	423.500
941.433	347.500
941.641	354.500
941.849	171.500
942.057	327.500
942.265	383.500
942.474	347.500
942.682	326.500
942.890	214.500
943.098	273.500
943.306	299.500
943.514	287.500
943.722	237.500
943.930	373.500
944.138	449.500
944.346	443.500
944.554	510.500
944.763	330.500
944.971	240.500
945.179	268.500
945.387	329.500
945.595	349.500
945.803	473.500
946.011	397.500
946.219	373.500
946.427	343.500
946.635	258.500
946.843	473.500
947.052	561.500
947.260	309.500
947.468	306.500
947.676	294.500
947.884	340.500
948.092	383.500
948.300	399.500
948.508	346.500
948.716	254.500
948.924	306.500
949.133	486.500
949.341	496.500
949.549	294.500
949.757	424.500
949.965	421.500
950.173	246.500
950.381	391.500
950.589	472.500
950.797	385.500
951.005	278.500
951.213	188.500
951.422	227.500
951.630	255.500
951.838	313.500
952.046	555.500
952.254	485.500
952.462	392.500
952.670	461.500
952.878	459.500
953.086	429.500
953.294	438.500
953.502	373.500
953.711	415.500
953.919	410.500
954.127	276.500
954.335	212.500
954.543	278.500
954.751	370.500
954.959	374.500
955.167	477.500
955.375	427.500
955.583	292.500
955.792	380.500
956.000	464.500
956.208	426.500
956.416	406.500
956.624	352.500
956.832	388.500
957.040	318.500
957.248	371.500
957.456	438.500
957.664	316.500
957.872	183.500
958.081	202.500
958.289	330.500
958.497	374.500
958.705	383.500
958.913	258.500
959.121	218.500
959.329	295.500
959.537	227.500
959.745	306.500
959.953	324.500
960.161	264.500
960.370	198.500
960.578	327.500
960.786	433.500
960.994	380.500
961.202	423.500
961.410	419.500
961.618	271.500
961.826	296.500
962.034	473.500
962.242	344.500
962.451	176.500
962.659	217.500
962.867	227.500
963.075	339.500
963.283	426.500
963.491	393.500
963.699	302.500
963.907	328.500
964.115	419.500
964.323	554.500
964.531	517.500
964.740	346.500
964.948	489.500
965.156	351.500
965.364	430.500
965.572	630.500
965.780	550.500
965.999	440.500
966.218	330.500
966.438	254.500
966.657	261.500
966.876	364.500
967.095	436.500
967.315	413.500
967.534	314.500
967.753	452.500
967.972	536.500
968.192	493.500
968.411	408.500
968.630	307.500
968.849	395.500
969.068	576.500
969.288	466.500
969.507	493.500
969.726	592.500
969.945	530.500
970.165	406.500
970.384	449.500
970.603	325.500
970.822	298.500
971.042	314.500
971.261	391.500
971.480	519.500
971.699	408.500
971.919	355.500
972.138	459.500
972.357	431.500
972.576	368.500
972.795	398.500
973.015	405.500
973.234	434.500
973.453	379.500
973.672	299.500
973.892	294.500
974.111	309.500
974.330	365.500
974.549	413.500
974.769	369.500
974.988	470.500
975.207	321.500
975.426	199.500
975.646	228.500
975.865	300.500
976.084	331.500
976.303	307.500
976.522	354.500
976.742	358.500
976.961	262.500
977.180	380.500
977.399	370.500
977.619	359.500
977.838	428.500
978.057	452.500
978.276	458.500
978.496	379.500
978.715	339.500
978.934	305.500
979.153	185.500
979.372	210.500
979.592	322.500
979.811	390.500
980.030	332.500
980.249	230.500
980.469	347.500
980.688	343.500
980.907	257.500
981.126	359.500
981.346	465.500
981.565	416.500
981.784	302.500
982.003	409.500
982.223	493.500
982.442	560.500
982.661	312.500
982.880	325.500
983.099	395.500
983.319	432.500
983.538	403.500
983.757	329.500
983.976	492.500
984.196	517.500
984.415	471.500
984.634	347.500
984.853	408.500
985.073	505.500
985.292	439.500
985.511	434.500
985.730	381.500
985.949	359.500
986.169	519.500
986.388	627.500
986.607	219.500
986.826	239.500
987.046	178.500
987.265	254.500
987.484	341.500
987.703	372.500
987.923	285.500
988.142	386.500
988.361	482.500
988.580	496.500
988.800	248.500
989.019	332.500
989.238	309.500
989.457	252.500
989.676	355.500
989.896	365.500
990.115	238.500
990.334	221.500
990.553	227.500
990.773	230.500
990.992	219.500
991.211	243.500
991.430	358.500
991.650	282.500
991.869	288.500
992.088	197.500
992.307	266.500
992.527	288.500
992.746	211.500
992.965	274.500
993.184	334.500
993.403	339.500
993.623	349.500
993.842	250.500
994.061	167.500
994.280	290.500
994.500	267.500
994.719	174.500
994.938	172.500
995.157	135.500
995.377	135.500
995.596	223.500
995.815	285.500
996.034	203.500
996.253	184.500
996.473	248.500
996.692	367.500
996.911	285.500
997.130	260.500
997.350	236.500
997.569	327.500
997.788	304.500
998.007	112.500
998.227	132.500
998.446	291.500
998.665	275.500
998.884	325.500
999.104	313.500
999.323	348.500
999.542	232.500
999.761	146.500
999.980	110.500
1000.200	307.500
1000.419	360.500
1000.638	391.500
1000.857	328.500
1001.077	221.500
1001.296	194.500
1001.515	79.500
1001.734	118.500
1001.954	214.500
1002.173	358.500
1002.392	410.500
1002.611	328.500
1002.830	171.500
1003.050	73.500
1003.269	188.500
1003.488	221.500
1003.707	177.500
1003.927	172.500
1004.146	186.500
1004.365	215.500
1004.584	223.500
1004.804	246.500
1005.023	238.500
1005.242	180.500
1005.461	206.500
1005.681	256.500
1005.900	203.500
1006.119	200.500
1006.338	112.500
1006.557	173.500
1006.777	390.500
1006.996	369.500
1007.215	100.500
1007.434	132.500
1007.654	243.500
1007.873	231.500
1008.092	217.500
1008.311	214.500
1008.531	26.500
1008.750	173.500
1008.969	253.500
1009.188	55.500
1009.407	82.500
1009.627	114.500
1009.846	128.500
1010.065	208.500
1010.284	94.500
1010.504	-55.500
1010.723	12.500
1010.942	89.500
1011.161	157.500
1011.381	84.500
1011.600	54.500
1011.819	208.500
1012.038	180.500
1012.258	184.500
1012.477	296.500
1012.696	225.500
1012.915	181.500
1013.134	160.500
1013.354	151.500
1013.573	283.500
1013.792	227.500
1014.011	117.500
1014.231	139.500
1014.450	220.500
1014.669	156.500
1014.888	36.500
1015.108	198.500
1015.327	224.500
1015.546	236.500
1015.765	310.500
1015.984	251.500
1016.204	304.500
1016.423	205.500
1016.642	278.500
1016.861	195.500
1017.081	74.500
1017.300	117.500
1017.519	98.500
