296.912	14.500
297.101	61.500
297.290	24.500
297.479	9.500
297.668	29.500
297.858	6.500
298.047	34.500
298.236	8.500
298.425	54.500
298.614	-0.500
298.803	-1.500
298.992	61.500
299.181	38.500
299.370	53.500
299.559	-17.500
299.748	27.500
299.937	-12.500
300.126	23.500
300.315	55.500
300.504	14.500
300.693	-26.500
300.882	3.500
301.071	70.500
301.260	-0.500
301.449	15.500
301.638	-15.500
301.827	31.500
302.016	-7.500
302.205	-16.500
302.395	15.500
302.584	20.500
302.773	47.500
302.962	13.500
303.151	6.500
303.340	-12.500
303.529	9.500
303.718	46.500
303.907	11.500
304.096	51.500
304.285	-8.500
304.474	-5.500
304.663	0.500
304.852	40.500
305.041	23.500
305.230	-36.500
305.419	-56.500
305.608	-32.500
305.797	19.500
305.986	23.500
306.175	-39.500
306.364	50.500
306.553	13.500
306.743	33.500
306.932	2.500
307.121	15.500
307.310	13.500
307.499	7.500
307.688	-14.500
307.877	-21.500
308.066	19.500
308.255	43.500
308.444	2.500
308.633	-25.500
308.822	8.500
309.011	8.500
309.200	56.500
309.389	-3.500
309.578	23.500
309.767	-36.500
309.956	26.500
310.145	38.500
310.334	-60.500
310.523	-5.500
310.712	58.500
310.901	-5.500
311.091	-63.500
311.280	-16.500
311.469	1.500
311.658	17.500
311.847	44.500
312.036	31.500
312.225	13.500
312.414	5.500
312.603	-23.500
312.792	63.500
312.981	-0.500
313.170	-10.500
313.349	12.500
313.527	19.500
313.706	-12.500
313.884	-30.500
314.063	14.500
314.241	24.500
314.420	12.500
314.598	10.500
314.777	7.500
314.955	0.500
315.134	14.500
315.312	13.500
315.491	53.500
315.669	11.500
315.848	23.500
316.027	19.500
316.205	27.500
316.384	-32.500
316.562	-9.500
316.741	9.500
316.919	27.500
317.098	44.500
317.276	18.500
317.455	2.500
317.633	23.500
317.812	41.500
317.990	7.500
318.169	19.500
318.347	40.500
318.526	43.500
318.705	36.500
318.883	30.500
319.062	1.500
319.240	11.500
319.419	15.500
319.597	-49.500
319.776	-10.500
319.954	26.500
320.133	14.500
320.311	-18.500
320.490	17.500
320.668	5.500
320.847	-20.500
321.025	54.500
321.204	54.500
321.382	21.500
321.561	5.500
321.740	23.500
321.918	20.500
322.097	-51.500
322.275	-1.500
322.454	26.500
322.632	18.500
322.811	17.500
322.989	35.500
323.168	26.500
323.346	-49.500
323.525	-19.500
323.703	2.500
323.882	42.500
324.060	-1.500
324.239	6.500
324.418	-14.500
324.596	13.500
324.775	30.500
324.953	25.500
325.132	-24.500
325.310	-44.500
325.489	3.500
325.667	12.500
325.846	64.500
326.024	0.500
326.203	17.500
326.381	18.500
326.560	2.500
326.738	-29.500
326.917	-2.500
327.096	47.500
327.274	-11.500
327.453	3.500
327.631	9.500
327.810	-0.500
327.988	6.500
328.167	28.500
328.345	31.500
328.524	13.500
328.702	48.500
328.881	39.500
329.059	22.500
329.238	53.500
329.416	2.500
329.595	75.500
329.774	2.500
329.952	35.500
330.131	8.500
330.309	15.500
330.488	-9.500
330.666	8.500
330.845	37.500
331.023	2.500
331.202	62.500
331.380	3.500
331.559	53.500
331.737	43.500
331.916	-15.500
332.094	-8.500
332.273	20.500
332.452	-10.500
332.630	61.500
332.809	1.500
332.987	41.500
333.166	16.500
333.344	57.500
333.523	31.500
333.701	19.500
333.880	-0.500
334.058	55.500
334.237	-0.500
334.415	27.500
334.594	14.500
334.772	49.500
334.951	1.500
335.129	20.500
335.308	21.500
335.487	8.500
335.665	13.500
335.844	10.500
336.022	69.500
336.201	30.500
336.379	49.500
336.558	3.500
336.736	21.500
336.915	37.500
337.093	29.500
337.272	-36.500
337.450	10.500
337.629	12.500
337.807	10.500
337.986	31.500
338.165	29.500
338.343	24.500
338.522	43.500
338.700	20.500
338.879	7.500
339.057	-16.500
339.236	7.500
339.414	43.500
339.593	-3.500
339.771	9.500
339.950	23.500
340.128	29.500
340.307	22.500
340.485	-14.500
340.664	-28.500
340.843	39.500
341.021	57.500
341.200	14.500
341.378	44.500
341.557	18.500
341.735	46.500
341.914	13.500
342.092	16.500
342.271	-7.500
342.449	32.500
342.628	-18.500
342.806	-11.500
342.985	34.500
343.163	22.500
343.342	40.500
343.521	27.500
343.699	2.500
343.878	10.500
344.056	34.500
344.235	20.500
344.413	17.500
344.592	5.500
344.770	-8.500
344.949	26.500
345.127	12.500
345.306	12.500
345.484	-16.500
345.663	-6.500
345.841	-13.500
346.020	-1.500
346.199	16.500
346.377	-16.500
346.556	97.500
346.734	45.500
346.913	62.500
347.091	45.500
347.270	10.500
347.448	-1.500
347.627	15.500
347.805	11.500
347.984	47.500
348.162	42.500
348.341	12.500
348.519	39.500
348.698	30.500
348.876	-20.500
349.055	19.500
349.234	3.500
349.412	21.500
349.591	-5.500
349.769	-7.500
349.948	11.500
350.126	35.500
350.305	6.500
350.483	29.500
350.662	14.500
350.840	16.500
351.019	50.500
351.197	53.500
351.376	63.500
351.554	10.500
351.733	-28.500
351.912	49.500
352.090	70.500
352.269	-29.500
352.447	9.500
352.626	18.500
352.804	20.500
352.983	19.500
353.161	7.500
353.340	43.500
353.518	19.500
353.697	103.500
353.875	48.500
354.054	23.500
354.232	62.500
354.411	-3.500
354.590	-34.500
354.768	44.500
354.947	-51.500
355.125	-11.500
355.304	36.500
355.482	24.500
355.661	42.500
355.839	51.500
356.018	27.500
356.196	9.500
356.375	-7.500
356.553	17.500
356.732	13.500
356.910	52.500
357.089	9.500
357.268	42.500
357.446	14.500
357.625	-1.500
357.803	11.500
357.982	-2.500
358.160	2.500
358.339	-2.500
358.517	53.500
358.696	71.500
358.874	16.500
359.053	-29.500
359.231	-10.500
359.410	29.500
359.588	65.500
359.767	-1.500
359.945	32.500
360.124	12.500
360.303	51.500
360.481	-23.500
360.660	46.500
360.838	16.500
361.017	55.500
361.195	27.500
361.374	16.500
361.552	32.500
361.731	0.500
361.909	13.500
362.088	13.500
362.266	-2.500
362.445	-10.500
362.623	66.500
362.802	11.500
362.981	13.500
363.159	10.500
363.338	43.500
363.516	15.500
363.695	61.500
363.873	12.500
364.052	2.500
364.230	11.500
364.409	19.500
364.587	65.500
364.766	45.500
364.944	9.500
365.123	21.500
365.301	8.500
365.480	18.500
365.660	43.500
365.839	2.500
366.019	4.500
366.199	15.500
366.379	14.500
366.558	-9.500
366.738	44.500
366.918	49.500
367.098	47.500
367.277	27.500
367.457	-3.500
367.637	-11.500
367.816	-18.500
367.996	-1.500
368.176	18.500
368.356	-15.500
368.535	-16.500
368.715	30.500
368.895	40.500
369.075	19.500
369.254	68.500
369.434	44.500
369.614	1.500
369.793	27.500
369.973	-3.500
370.153	20.500
370.333	17.500
370.512	24.500
370.692	53.500
370.872	61.500
371.051	6.500
371.231	32.500
371.411	9.500
371.591	25.500
371.770	8.500
371.950	3.500
372.130	44.500
372.310	-48.500
372.489	-6.500
372.669	39.500
372.849	21.500
373.028	16.500
373.208	52.500
373.388	-5.500
373.568	-25.500
373.747	-0.500
373.927	0.500
374.107	-16.500
374.287	41.500
374.466	26.500
374.646	62.500
374.826	75.500
375.005	70.500
375.185	52.500
375.365	39.500
375.545	-13.500
375.724	-28.500
375.904	11.500
376.084	5.500
376.263	29.500
376.443	79.500
376.623	28.500
376.803	30.500
376.982	-5.500
377.162	-42.500
377.342	19.500
377.522	0.500
377.701	19.500
377.881	5.500
378.061	46.500
378.240	10.500
378.420	58.500
378.600	58.500
378.780	41.500
378.959	43.500
379.139	-37.500
379.319	13.500
379.499	64.500
379.678	1.500
379.858	-34.500
380.038	22.500
380.217	9.500
380.397	5.500
380.577	5.500
380.757	32.500
380.936	20.500
381.116	54.500
381.296	62.500
381.476	32.500
381.655	6.500
381.835	22.500
382.015	-13.500
382.194	-3.500
382.374	29.500
382.554	12.500
382.734	-36.500
382.913	3.500
383.093	49.500
383.273	42.500
383.452	21.500
383.632	8.500
383.812	-9.500
383.992	23.500
384.171	-32.500
384.351	13.500
384.531	36.500
384.711	-4.500
384.890	20.500
385.070	31.500
385.250	32.500
385.429	2.500
385.609	26.500
385.789	20.500
385.969	-28.500
386.148	12.500
386.328	-11.500
386.508	57.500
386.688	7.500
386.867	44.500
387.047	-15.500
387.227	-4.500
387.406	22.500
387.586	37.500
387.766	10.500
387.946	4.500
388.125	9.500
388.305	-6.500
388.485	21.500
388.664	31.500
388.844	-23.500
389.024	-35.500
389.204	16.500
389.383	39.500
389.563	-8.500
389.743	-8.500
389.923	47.500
390.102	20.500
390.282	17.500
390.462	25.500
390.641	15.500
390.821	48.500
391.001	34.500
391.181	60.500
391.360	43.500
391.540	51.500
391.720	5.500
391.900	-40.500
392.079	12.500
392.259	39.500
392.439	6.500
392.618	-11.500
392.798	-51.500
392.978	40.500
393.158	-13.500
393.337	-22.500
393.517	44.500
393.697	14.500
393.877	39.500
394.056	-9.500
394.236	43.500
394.416	34.500
394.595	0.500
394.775	-39.500
394.955	-51.500
395.135	60.500
395.314	7.500
395.494	-4.500
395.674	30.500
395.853	-24.500
396.033	29.500
396.213	-32.500
396.393	-39.500
396.572	-34.500
396.752	57.500
396.932	55.500
397.112	21.500
397.291	14.500
397.471	-13.500
397.651	-22.500
397.830	-16.500
398.010	5.500
398.190	81.500
398.370	0.500
398.549	26.500
398.729	27.500
398.909	9.500
399.089	8.500
399.268	20.500
399.448	5.500
399.628	-6.500
399.807	-58.500
399.987	-1.500
400.167	-7.500
400.347	-14.500
400.526	-35.500
400.706	19.500
400.886	48.500
401.065	56.500
401.245	-25.500
401.425	-0.500
401.605	-47.500
401.784	-30.500
401.964	16.500
402.144	14.500
402.324	13.500
402.503	-4.500
402.683	-9.500
402.863	-37.500
403.042	-20.500
403.222	-31.500
403.402	14.500
403.582	28.500
403.761	30.500
403.941	34.500
404.121	32.500
404.301	60.500
404.480	45.500
404.660	-40.500
404.844	10.500
405.029	-10.500
405.213	23.500
405.398	7.500
405.582	26.500
405.767	24.500
405.951	85.500
406.136	60.500
406.320	65.500
406.505	35.500
406.689	41.500
406.874	-6.500
407.058	4.500
407.243	-0.500
407.427	10.500
407.612	22.500
407.796	-22.500
407.981	39.500
408.165	11.500
408.350	-55.500
408.534	4.500
408.719	30.500
408.903	14.500
409.088	23.500
409.272	-24.500
409.457	8.500
409.641	16.500
409.826	-21.500
410.010	-47.500
410.195	9.500
410.379	35.500
410.564	4.500
410.748	-29.500
410.933	34.500
411.117	16.500
411.302	-40.500
411.486	-22.500
411.671	-1.500
411.855	7.500
412.040	43.500
412.224	13.500
412.409	-31.500
412.593	34.500
412.778	6.500
412.962	-0.500
413.147	47.500
413.331	78.500
413.516	27.500
413.700	11.500
413.885	31.500
414.069	18.500
414.254	18.500
414.438	54.500
414.623	14.500
414.807	58.500
414.992	39.500
415.176	63.500
415.361	18.500
415.545	-28.500
415.730	51.500
415.914	24.500
416.099	33.500
416.283	41.500
416.468	-5.500
416.652	-29.500
416.837	57.500
417.021	51.500
417.206	57.500
417.390	-33.500
417.575	-12.500
417.759	38.500
417.944	-17.500
418.128	33.500
418.313	25.500
418.497	51.500
418.682	20.500
418.866	71.500
419.051	17.500
419.235	-1.500
419.420	47.500
419.604	28.500
419.789	28.500
419.973	2.500
420.158	-12.500
420.342	38.500
420.527	0.500
420.711	68.500
420.896	69.500
421.080	9.500
421.265	17.500
421.449	8.500
421.634	17.500
421.818	40.500
422.003	37.500
422.187	2.500
422.372	41.500
422.556	29.500
422.741	-24.500
422.925	43.500
423.110	16.500
423.294	36.500
423.479	58.500
423.663	10.500
423.848	23.500
424.032	8.500
424.217	54.500
424.401	53.500
424.586	38.500
424.770	85.500
424.955	46.500
425.139	55.500
425.324	20.500
425.508	34.500
425.693	11.500
425.877	74.500
426.062	33.500
426.246	-17.500
426.431	1.500
426.615	11.500
426.800	36.500
426.984	49.500
427.169	49.500
427.353	52.500
427.538	85.500
427.722	40.500
427.907	26.500
428.091	39.500
428.276	56.500
428.460	30.500
428.645	61.500
428.829	61.500
429.014	27.500
429.198	-1.500
429.383	64.500
429.567	51.500
429.752	54.500
429.936	9.500
430.121	65.500
430.305	61.500
430.490	16.500
430.674	58.500
430.859	103.500
431.043	98.500
431.228	79.500
431.412	55.500
431.597	5.500
431.781	23.500
431.966	13.500
432.150	27.500
432.335	49.500
432.519	51.500
432.704	62.500
432.888	73.500
433.073	71.500
433.257	45.500
433.442	41.500
433.626	85.500
433.811	55.500
433.995	88.500
434.180	98.500
434.364	28.500
434.549	63.500
434.733	96.500
434.918	114.500
435.102	49.500
435.287	50.500
435.471	32.500
435.656	79.500
435.840	131.500
436.030	110.500
436.219	86.500
436.409	54.500
436.599	56.500
436.789	41.500
436.978	64.500
437.168	69.500
437.358	52.500
437.548	75.500
437.737	77.500
437.927	79.500
438.117	100.500
438.306	77.500
438.496	63.500
438.686	38.500
438.876	37.500
439.065	53.500
439.255	63.500
439.445	19.500
439.634	28.500
439.824	19.500
440.014	15.500
440.204	32.500
440.393	64.500
440.583	40.500
440.773	51.500
440.963	24.500
441.152	61.500
441.342	38.500
441.532	47.500
441.721	101.500
441.911	47.500
442.101	115.500
442.291	78.500
442.480	44.500
442.670	39.500
442.860	52.500
443.050	21.500
443.239	59.500
443.429	25.500
443.619	81.500
443.808	87.500
443.998	70.500
444.188	14.500
444.378	65.500
444.567	36.500
444.757	36.500
444.947	47.500
445.137	77.500
445.326	58.500
445.516	103.500
445.706	30.500
445.895	44.500
446.085	-3.500
446.275	38.500
446.465	16.500
446.654	42.500
446.844	0.500
447.034	28.500
447.223	6.500
447.413	53.500
447.603	5.500
447.793	55.500
447.982	-8.500
448.172	53.500
448.362	41.500
448.552	10.500
448.741	66.500
448.931	64.500
449.121	14.500
449.310	3.500
449.500	-3.500
449.690	-8.500
449.880	31.500
450.069	75.500
450.259	42.500
450.449	3.500
450.639	52.500
450.828	50.500
451.018	87.500
451.208	55.500
451.397	30.500
451.587	44.500
451.777	41.500
451.967	37.500
452.156	18.500
452.346	25.500
452.536	5.500
452.725	-1.500
452.915	-10.500
453.105	-6.500
453.295	87.500
453.484	35.500
453.674	34.500
453.864	-24.500
454.054	21.500
454.243	21.500
454.433	-13.500
454.623	-30.500
454.812	75.500
455.002	19.500
455.192	-19.500
455.382	41.500
455.571	22.500
455.761	8.500
455.951	46.500
456.141	55.500
456.330	23.500
456.520	-3.500
456.710	50.500
456.899	37.500
457.089	-7.500
457.279	27.500
457.469	-55.500
457.658	-19.500
457.848	-13.500
458.038	25.500
458.228	40.500
458.417	19.500
458.607	70.500
458.797	8.500
458.986	26.500
459.176	-4.500
459.366	39.500
459.556	9.500
459.745	66.500
459.935	34.500
460.125	20.500
460.314	36.500
460.504	-15.500
460.694	-17.500
460.884	18.500
461.073	-5.500
461.263	-25.500
461.453	16.500
461.643	31.500
461.832	-24.500
462.022	-9.500
462.212	-20.500
462.401	23.500
462.591	21.500
462.781	-7.500
462.971	27.500
463.160	-29.500
463.350	-48.500
463.540	47.500
463.730	76.500
463.919	67.500
464.109	3.500
464.299	-1.500
464.488	19.500
464.678	-14.500
464.868	9.500
465.058	-11.500
465.247	-14.500
465.437	4.500
465.627	6.500
465.816	0.500
466.006	64.500
466.196	25.500
466.386	2.500
466.575	15.500
466.765	-15.500
466.955	-32.500
467.145	11.500
467.334	-15.500
467.524	15.500
467.714	38.500
467.903	46.500
468.093	19.500
468.283	71.500
468.473	57.500
468.662	-10.500
468.852	19.500
469.042	30.500
469.232	44.500
469.421	28.500
469.611	57.500
469.801	78.500
469.990	49.500
470.180	7.500
470.370	-5.500
470.560	7.500
470.749	27.500
470.939	55.500
471.129	48.500
471.318	32.500
471.508	39.500
471.698	41.500
471.888	50.500
472.077	80.500
472.267	13.500
472.457	-8.500
472.647	6.500
472.836	60.500
473.026	53.500
473.216	50.500
473.405	71.500
473.595	32.500
473.785	-3.500
473.975	-3.500
474.164	-43.500
474.354	-21.500
474.544	25.500
474.734	14.500
474.923	-2.500
475.113	-2.500
475.303	25.500
475.492	-59.500
475.682	7.500
475.872	23.500
476.062	12.500
476.251	-13.500
476.441	80.500
476.631	7.500
476.821	-8.500
477.010	10.500
477.200	44.500
477.390	-10.500
477.579	-12.500
477.769	21.500
477.959	11.500
478.149	72.500
478.338	54.500
478.528	33.500
478.718	54.500
478.907	26.500
479.097	43.500
479.287	-3.500
479.477	-51.500
479.666	-15.500
479.856	20.500
480.046	63.500
480.236	19.500
480.425	40.500
480.615	-14.500
480.805	26.500
480.994	-11.500
481.184	7.500
481.374	-10.500
481.564	-10.500
481.753	-2.500
481.943	6.500
482.133	-15.500
482.323	33.500
482.512	-37.500
482.702	23.500
482.892	-7.500
483.081	8.500
483.271	-15.500
483.461	-10.500
483.651	2.500
483.840	32.500
484.030	49.500
484.220	24.500
484.409	11.500
484.599	27.500
484.789	45.500
484.979	-24.500
485.168	43.500
485.358	-7.500
485.548	-24.500
485.738	11.500
485.927	11.500
486.117	14.500
486.307	27.500
486.496	29.500
486.686	48.500
486.876	38.500
487.066	3.500
487.255	-15.500
487.445	23.500
487.635	2.500
487.825	21.500
488.014	23.500
488.204	22.500
488.394	19.500
488.583	18.500
488.773	-7.500
488.963	42.500
489.153	29.500
489.342	32.500
489.532	83.500
489.722	28.500
489.912	17.500
490.101	31.500
490.291	7.500
490.481	-10.500
490.670	16.500
490.860	44.500
491.050	-1.500
491.240	-8.500
491.429	0.500
491.619	48.500
491.809	0.500
491.998	-43.500
492.188	-72.500
492.378	15.500
492.568	40.500
492.757	-4.500
492.947	30.500
493.137	47.500
493.327	90.500
493.516	48.500
493.706	21.500
493.896	-5.500
494.085	-21.500
494.275	1.500
494.465	-30.500
494.655	11.500
494.844	73.500
495.034	60.500
495.224	8.500
495.414	-4.500
495.603	68.500
495.793	27.500
495.983	86.500
496.172	18.500
496.362	49.500
496.552	44.500
496.742	-7.500
496.931	25.500
497.121	52.500
497.311	-8.500
497.500	23.500
497.690	17.500
497.880	-2.500
498.070	-15.500
498.259	11.500
498.449	27.500
498.639	-48.500
498.829	15.500
499.018	17.500
499.208	-35.500
499.398	-27.500
499.587	16.500
499.777	33.500
499.967	20.500
500.157	42.500
500.346	16.500
500.536	86.500
500.726	42.500
500.916	-20.500
501.105	-25.500
501.295	-2.500
501.485	1.500
501.674	17.500
501.864	3.500
502.054	25.500
502.244	21.500
502.433	37.500
502.623	-13.500
502.813	-10.500
503.003	-24.500
503.192	3.500
503.382	-14.500
503.572	-7.500
503.761	-28.500
503.951	51.500
504.141	47.500
504.331	44.500
504.520	17.500
504.710	14.500
504.900	-17.500
505.089	-17.500
505.279	11.500
505.469	36.500
505.659	32.500
505.848	16.500
506.038	42.500
506.228	35.500
506.418	-15.500
506.607	24.500
506.797	70.500
506.987	-6.500
507.176	41.500
507.366	12.500
507.556	5.500
507.746	34.500
507.935	13.500
508.125	25.500
508.315	2.500
508.505	21.500
508.694	40.500
508.884	11.500
509.074	6.500
509.263	-7.500
509.453	23.500
509.643	16.500
509.833	8.500
510.022	8.500
510.212	33.500
510.402	16.500
510.592	79.500
510.781	-14.500
510.971	-19.500
511.161	18.500
511.350	43.500
511.540	40.500
511.730	87.500
511.920	65.500
512.109	-6.500
512.299	1.500
512.489	20.500
512.678	12.500
512.868	-10.500
513.058	-4.500
513.248	39.500
513.437	21.500
513.627	40.500
513.817	0.500
514.007	23.500
514.196	26.500
514.386	48.500
514.576	-7.500
514.765	6.500
514.955	22.500
515.145	76.500
515.335	33.500
515.524	49.500
515.714	55.500
515.904	5.500
516.094	33.500
516.283	35.500
516.473	-29.500
516.663	6.500
516.852	37.500
517.042	41.500
517.232	24.500
517.422	22.500
517.611	14.500
517.801	14.500
517.991	12.500
518.180	0.500
518.370	20.500
518.560	7.500
518.750	9.500
518.939	13.500
519.129	25.500
519.319	91.500
519.509	59.500
519.698	60.500
519.888	17.500
520.078	-5.500
520.267	7.500
520.457	20.500
520.647	15.500
520.837	22.500
521.026	17.500
521.216	28.500
521.406	5.500
521.596	-12.500
521.785	26.500
521.975	53.500
522.165	5.500
522.354	6.500
522.544	-23.500
522.734	-22.500
522.924	41.500
523.113	-8.500
523.303	15.500
523.493	53.500
523.683	43.500
523.872	-3.500
524.062	-2.500
524.252	28.500
524.441	26.500
524.631	37.500
524.821	7.500
525.011	15.500
525.200	62.500
525.390	19.500
525.580	38.500
525.769	17.500
525.959	23.500
526.149	-4.500
526.339	26.500
526.528	52.500
526.718	-8.500
526.908	2.500
527.098	19.500
527.287	28.500
527.477	16.500
527.667	3.500
527.856	59.500
528.046	43.500
528.236	15.500
528.426	2.500
528.615	50.500
528.805	-23.500
528.995	2.500
529.185	26.500
529.374	-0.500
529.564	-42.500
529.754	26.500
529.943	6.500
530.133	28.500
530.323	31.500
530.513	12.500
530.702	-46.500
530.892	53.500
531.082	57.500
531.271	19.500
531.461	11.500
531.651	-2.500
531.841	43.500
532.030	-11.500
532.220	13.500
532.410	10.500
532.600	4.500
532.789	55.500
532.979	24.500
533.169	0.500
533.358	15.500
533.548	47.500
533.738	64.500
533.928	-20.500
534.117	23.500
534.307	1.500
534.497	-7.500
534.687	-3.500
534.876	-35.500
535.066	-53.500
535.256	20.500
535.445	85.500
535.635	74.500
535.825	-10.500
536.015	18.500
536.204	-14.500
536.394	47.500
536.584	-7.500
536.773	26.500
536.963	65.500
537.153	80.500
537.343	66.500
537.532	35.500
537.722	70.500
537.912	52.500
538.102	1.500
538.291	34.500
538.481	-68.500
538.671	-43.500
538.860	4.500
539.050	-4.500
539.240	3.500
539.430	-30.500
539.619	-39.500
539.809	-12.500
539.999	-2.500
540.189	21.500
540.378	-11.500
540.568	11.500
540.758	26.500
540.947	63.500
541.137	59.500
541.327	45.500
541.517	-1.500
541.706	4.500
541.896	11.500
542.086	-26.500
542.276	25.500
542.465	-1.500
542.655	7.500
542.845	-11.500
543.034	-56.500
543.224	15.500
543.414	3.500
543.604	11.500
543.793	-2.500
543.983	34.500
544.173	1.500
544.362	57.500
544.552	27.500
544.742	19.500
544.932	-3.500
545.121	-21.500
545.311	-8.500
545.501	19.500
545.691	-22.500
545.880	46.500
546.070	18.500
546.264	-17.500
546.459	2.500
546.653	19.500
546.847	3.500
547.041	13.500
547.236	40.500
547.430	26.500
547.624	-13.500
547.818	-15.500
548.013	-1.500
548.207	55.500
548.401	56.500
548.596	26.500
548.790	31.500
548.984	25.500
549.178	55.500
549.373	7.500
549.567	-16.500
549.761	23.500
549.956	55.500
550.150	55.500
550.344	51.500
550.538	70.500
550.733	-5.500
550.927	19.500
551.121	-5.500
551.315	-23.500
551.510	-7.500
551.704	-6.500
551.898	5.500
552.093	51.500
552.287	9.500
552.481	49.500
552.675	47.500
552.870	59.500
553.064	43.500
553.258	16.500
553.453	-4.500
553.647	-4.500
553.841	43.500
554.035	14.500
554.230	-13.500
554.424	56.500
554.618	42.500
554.812	28.500
555.007	8.500
555.201	8.500
555.395	27.500
555.590	13.500
555.784	30.500
555.978	66.500
556.172	59.500
556.367	7.500
556.561	27.500
556.755	-53.500
556.949	34.500
557.144	30.500
557.338	32.500
557.532	79.500
557.727	108.500
557.921	40.500
558.115	65.500
558.309	14.500
558.504	23.500
558.698	8.500
558.892	27.500
559.087	59.500
559.281	-25.500
559.475	-7.500
559.669	1.500
559.864	67.500
560.058	77.500
560.252	55.500
560.446	-5.500
560.641	-17.500
560.835	66.500
561.029	-3.500
561.224	0.500
561.418	17.500
561.612	15.500
561.806	34.500
562.001	8.500
562.195	34.500
562.389	9.500
562.584	55.500
562.778	48.500
562.972	41.500
563.166	83.500
563.361	93.500
563.555	35.500
563.749	57.500
563.943	37.500
564.138	68.500
564.332	46.500
564.526	57.500
564.721	66.500
564.915	48.500
565.109	51.500
565.303	37.500
565.498	17.500
565.692	69.500
565.886	35.500
566.081	-13.500
566.275	73.500
566.469	68.500
566.663	62.500
566.858	56.500
567.052	51.500
567.246	57.500
567.440	40.500
567.635	71.500
567.829	58.500
568.023	99.500
568.218	47.500
568.412	61.500
568.606	85.500
568.800	72.500
568.995	59.500
569.189	90.500
569.383	102.500
569.577	71.500
569.772	87.500
569.966	73.500
570.160	53.500
570.355	22.500
570.549	60.500
570.743	63.500
570.937	108.500
571.132	75.500
571.326	69.500
571.520	91.500
571.715	120.500
571.909	86.500
572.103	68.500
572.297	76.500
572.492	99.500
572.686	114.500
572.880	88.500
573.074	141.500
573.269	112.500
573.463	52.500
573.657	118.500
573.852	122.500
574.046	103.500
574.240	130.500
574.434	173.500
574.629	118.500
574.823	107.500
575.017	96.500
575.212	143.500
575.406	130.500
575.600	145.500
575.794	168.500
575.989	156.500
576.183	117.500
576.377	155.500
576.571	126.500
576.766	188.500
576.960	207.500
577.159	146.500
577.357	166.500
577.556	125.500
577.755	145.500
577.953	100.500
578.152	159.500
578.350	153.500
578.549	175.500
578.748	228.500
578.946	280.500
579.145	206.500
579.344	203.500
579.542	172.500
579.741	225.500
579.940	189.500
580.138	250.500
580.337	240.500
580.535	239.500
580.734	187.500
580.933	242.500
581.131	232.500
581.330	262.500
581.529	239.500
581.727	216.500
581.926	260.500
582.125	325.500
582.323	330.500
582.522	324.500
582.721	305.500
582.919	401.500
583.118	368.500
583.316	359.500
583.515	331.500
583.714	335.500
583.912	350.500
584.111	410.500
584.310	407.500
584.508	445.500
584.707	394.500
584.906	441.500
585.104	492.500
585.303	462.500
585.501	463.500
585.700	448.500
585.899	509.500
586.097	512.500
586.296	480.500
586.495	473.500
586.693	477.500
586.892	496.500
587.091	542.500
587.289	531.500
587.488	553.500
587.686	534.500
587.885	550.500
588.084	596.500
588.282	626.500
588.481	586.500
588.680	680.500
588.878	597.500
589.077	647.500
589.276	656.500
589.474	738.500
589.673	678.500
589.871	764.500
590.070	787.500
590.269	781.500
590.467	789.500
590.666	839.500
590.865	788.500
591.063	843.500
591.262	839.500
591.461	801.500
591.659	924.500
591.858	895.500
592.056	922.500
592.255	962.500
592.454	1043.500
592.652	1064.500
592.851	1046.500
593.050	1063.500
593.248	1078.500
593.447	1118.500
593.646	1123.500
593.844	1102.500
594.043	1120.500
594.241	1234.500
594.440	1267.500
594.639	1264.500
594.837	1273.500
595.036	1330.500
595.235	1351.500
595.433	1409.500
595.632	1439.500
595.831	1391.500
596.029	1547.500
596.228	1537.500
596.427	1610.500
596.625	1564.500
596.824	1616.500
597.022	1675.500
597.221	1651.500
597.420	1778.500
597.618	1720.500
597.817	1823.500
598.016	1843.500
598.214	1906.500
598.413	1895.500
598.612	1970.500
598.810	2000.500
599.009	2050.500
599.207	2133.500
599.406	2198.500
599.605	2159.500
599.803	2343.500
600.002	2310.500
600.201	2441.500
600.399	2478.500
600.598	2499.500
600.797	2429.500
600.995	2644.500
601.194	2612.500
601.392	2746.500
601.591	2846.500
601.790	2959.500
601.988	2946.500
602.187	3036.500
602.386	3033.500
602.584	3101.500
602.783	3281.500
602.982	3235.500
603.180	3371.500
603.379	3463.500
603.577	3475.500
603.776	3616.500
603.975	3675.500
604.173	3714.500
604.372	3775.500
604.571	3905.500
604.769	3979.500
604.968	4009.500
605.167	4255.500
605.365	4351.500
605.564	4441.500
605.762	4593.500
605.961	4634.500
606.160	4699.500
606.358	4703.500
606.557	4991.500
606.756	5095.500
606.954	5216.500
607.153	5316.500
607.352	5407.500
607.550	5633.500
607.749	5727.500
607.948	5763.500
608.146	5766.500
608.345	5941.500
608.543	6128.500
608.742	6265.500
608.941	6389.500
609.139	6571.500
609.338	6807.500
609.537	6862.500
609.735	6988.500
609.934	7221.500
610.133	7367.500
610.331	7458.500
610.530	7598.500
610.728	7738.500
610.927	8004.500
611.126	8213.500
611.324	8360.500
611.523	8476.500
611.722	8859.500
611.920	8927.500
612.119	9090.500
612.318	9237.500
612.516	9293.500
612.715	9546.500
612.913	9886.500
613.112	9889.500
613.311	10267.500
613.509	10575.500
613.708	10659.500
613.907	10932.500
614.105	11094.500
614.304	11360.500
614.503	11497.500
614.701	11763.500
614.900	11805.500
615.098	12091.500
615.297	12381.500
615.496	12713.500
615.694	13131.500
615.893	13196.500
616.092	13336.500
616.290	13648.500
616.489	13951.500
616.688	14205.500
616.886	14571.500
617.085	14753.500
617.283	15006.500
617.482	15191.500
617.681	15448.500
617.879	15951.500
618.078	16256.500
618.277	16672.500
618.475	16801.500
618.674	17158.500
618.873	17423.500
619.071	17526.500
619.270	17517.500
619.468	18028.500
619.667	18227.500
619.866	18397.500
620.064	18406.500
620.263	18530.500
620.462	18628.500
620.660	18990.500
620.859	18945.500
621.058	19126.500
621.256	19164.500
621.455	19151.500
621.654	19171.500
621.852	18874.500
622.051	18939.500
622.249	18802.500
622.448	18630.500
622.647	18349.500
622.845	18331.500
623.044	18236.500
623.243	17733.500
623.441	17203.500
623.640	17151.500
623.839	16722.500
624.037	16554.500
624.236	15959.500
624.434	15461.500
624.633	15136.500
624.832	14729.500
625.030	14384.500
625.229	14086.500
625.428	13552.500
625.626	12837.500
625.825	12441.500
626.024	12214.500
626.222	11471.500
626.421	11131.500
626.619	10672.500
626.818	10251.500
627.017	10052.500
627.215	9541.500
627.414	9168.500
627.613	8759.500
627.811	8466.500
628.010	8054.500
628.209	7815.500
628.407	7421.500
628.606	7108.500
628.804	6966.500
629.003	6635.500
629.202	6301.500
629.400	5986.500
629.599	5751.500
629.798	5654.500
629.996	5439.500
630.195	5159.500
630.394	4925.500
630.592	4686.500
630.791	4637.500
630.990	4321.500
631.188	4095.500
631.387	3963.500
631.585	3874.500
631.784	3660.500
631.983	3491.500
632.181	3417.500
632.380	3367.500
632.579	3187.500
632.777	3008.500
632.976	2731.500
633.175	2733.500
633.373	2610.500
633.572	2585.500
633.770	2479.500
633.969	2249.500
634.168	2231.500
634.366	2110.500
634.565	2052.500
634.764	1962.500
634.962	1869.500
635.161	1771.500
635.360	1605.500
635.558	1628.500
635.757	1605.500
635.955	1541.500
636.154	1503.500
636.353	1440.500
636.551	1332.500
636.750	1295.500
636.949	1311.500
637.147	1142.500
637.346	1143.500
637.545	1032.500
637.743	1052.500
637.942	1023.500
638.140	987.500
638.339	937.500
638.538	887.500
638.736	875.500
638.935	896.500
639.134	787.500
639.332	787.500
639.531	770.500
639.730	691.500
639.928	678.500
640.127	651.500
640.325	615.500
640.524	668.500
640.723	587.500
640.921	577.500
641.120	565.500
641.319	449.500
641.517	477.500
641.716	495.500
641.915	444.500
642.113	410.500
642.312	368.500
642.510	342.500
642.709	351.500
642.908	363.500
643.106	375.500
643.305	318.500
643.504	335.500
643.702	335.500
643.901	265.500
644.100	289.500
644.298	262.500
644.497	241.500
644.696	299.500
644.894	282.500
645.093	287.500
645.291	212.500
645.490	261.500
645.689	246.500
645.887	270.500
646.086	171.500
646.285	152.500
646.483	179.500
646.682	146.500
646.881	143.500
647.079	200.500
647.278	112.500
647.476	89.500
647.675	135.500
647.874	149.500
648.072	154.500
648.271	107.500
648.470	118.500
648.668	128.500
648.867	137.500
649.066	134.500
649.264	126.500
649.463	153.500
649.661	107.500
649.860	114.500
650.059	112.500
650.257	106.500
650.456	133.500
650.655	108.500
650.853	111.500
651.052	40.500
651.251	65.500
651.449	107.500
651.648	66.500
651.846	69.500
652.045	82.500
652.244	59.500
652.442	74.500
652.641	51.500
652.840	3.500
653.038	62.500
653.237	113.500
653.436	119.500
653.634	112.500
653.833	88.500
654.032	50.500
654.230	101.500
654.429	77.500
654.627	68.500
654.826	65.500
655.025	49.500
655.223	43.500
655.422	92.500
655.621	74.500
655.819	60.500
656.018	46.500
656.217	99.500
656.415	-1.500
656.614	36.500
656.812	14.500
657.011	-0.500
657.210	39.500
657.408	61.500
657.607	93.500
657.806	59.500
658.004	58.500
658.203	39.500
658.402	49.500
658.600	-13.500
658.799	31.500
658.997	22.500
659.196	37.500
659.395	49.500
659.593	62.500
659.792	103.500
659.991	66.500
660.189	49.500
660.388	32.500
660.587	-1.500
660.785	46.500
660.984	29.500
661.182	91.500
661.381	34.500
661.580	41.500
661.778	40.500
661.977	53.500
662.176	75.500
662.374	26.500
662.573	-19.500
662.772	20.500
662.970	75.500
663.169	94.500
663.367	77.500
663.566	65.500
663.765	37.500
663.963	5.500
664.162	65.500
664.361	76.500
664.559	58.500
664.758	60.500
664.957	66.500
665.155	77.500
665.354	65.500
665.552	61.500
665.751	72.500
665.950	-8.500
666.148	58.500
666.347	46.500
666.546	0.500
666.744	49.500
666.943	55.500
667.142	76.500
667.340	5.500
667.539	52.500
667.738	87.500
667.936	17.500
668.135	31.500
668.333	21.500
668.532	30.500
668.731	103.500
668.929	37.500
669.128	19.500
669.327	55.500
669.525	74.500
669.724	44.500
669.923	24.500
670.121	46.500
670.320	25.500
670.518	-20.500
670.717	88.500
670.916	81.500
671.114	-6.500
671.313	44.500
671.512	103.500
671.710	69.500
671.909	4.500
672.108	29.500
672.306	34.500
672.505	84.500
672.703	71.500
672.902	21.500
673.101	43.500
673.299	52.500
673.498	85.500
673.697	55.500
673.895	21.500
674.094	35.500
674.293	21.500
674.491	22.500
674.690	1.500
674.888	25.500
675.087	59.500
675.286	75.500
675.484	64.500
675.683	13.500
675.882	21.500
676.080	0.500
676.279	5.500
676.478	32.500
676.676	9.500
676.875	37.500
677.073	54.500
677.272	3.500
677.471	39.500
677.669	54.500
677.868	11.500
678.067	23.500
678.265	30.500
678.464	18.500
678.663	26.500
678.861	48.500
679.060	60.500
679.259	50.500
679.457	25.500
679.656	-6.500
679.854	-33.500
680.053	-5.500
680.252	52.500
680.450	46.500
680.649	33.500
680.848	13.500
681.046	18.500
681.245	56.500
681.444	8.500
681.642	-3.500
681.841	1.500
682.039	12.500
682.238	15.500
682.437	-11.500
682.635	45.500
682.834	29.500
683.033	5.500
683.231	15.500
683.430	27.500
683.629	21.500
683.827	39.500
684.026	1.500
684.224	-1.500
684.423	3.500
684.622	49.500
684.820	5.500
685.019	7.500
685.218	54.500
685.416	9.500
685.615	-23.500
685.814	13.500
686.012	42.500
686.211	36.500
686.409	43.500
686.608	-1.500
686.807	51.500
687.005	41.500
687.204	18.500
687.403	-6.500
687.601	19.500
687.800	17.500
687.999	19.500
688.197	62.500
688.396	20.500
688.594	43.500
688.793	31.500
688.992	-19.500
689.190	50.500
689.389	11.500
689.588	-6.500
689.786	-5.500
689.985	39.500
690.184	18.500
690.382	46.500
690.581	41.500
690.779	29.500
690.978	39.500
691.177	-5.500
691.375	11.500
691.574	1.500
691.773	17.500
691.971	-9.500
692.170	-8.500
692.369	43.500
692.567	57.500
692.766	45.500
692.965	-5.500
693.163	3.500
693.362	-23.500
693.560	11.500
693.759	48.500
693.958	-14.500
694.156	-2.500
694.355	24.500
694.554	27.500
694.752	47.500
694.951	33.500
695.150	9.500
695.348	-42.500
695.547	-5.500
695.745	13.500
695.944	37.500
696.143	15.500
696.341	17.500
696.540	21.500
696.743	22.500
696.946	24.500
697.149	-3.500
697.352	-12.500
697.555	43.500
697.757	24.500
697.960	-8.500
698.163	25.500
698.366	-12.500
698.569	-19.500
698.772	-34.500
698.975	15.500
699.178	30.500
699.381	-18.500
699.584	21.500
699.787	34.500
699.989	40.500
700.192	24.500
700.395	23.500
700.598	18.500
700.801	44.500
701.004	35.500
701.207	16.500
701.410	-9.500
701.613	-30.500
701.816	-25.500
702.019	-9.500
702.221	49.500
702.424	14.500
702.627	-20.500
702.830	-10.500
703.033	59.500
703.236	37.500
703.439	4.500
703.642	35.500
703.845	43.500
704.048	68.500
704.251	12.500
704.453	-35.500
704.656	-25.500
704.859	37.500
705.062	8.500
705.265	-7.500
705.468	32.500
705.671	11.500
705.874	9.500
706.077	65.500
706.280	-17.500
706.483	-5.500
706.685	20.500
706.888	-22.500
707.091	23.500
707.294	30.500
707.497	16.500
707.700	54.500
707.903	49.500
708.106	-22.500
708.309	24.500
708.512	-5.500
708.715	8.500
708.917	-29.500
709.120	-26.500
709.323	-19.500
709.526	25.500
709.729	32.500
709.932	6.500
710.135	31.500
710.338	29.500
710.541	43.500
710.744	48.500
710.947	32.500
711.149	-12.500
711.352	61.500
711.555	34.500
711.758	-13.500
711.961	-1.500
712.164	70.500
712.367	3.500
712.570	11.500
712.773	-9.500
712.976	18.500
713.179	11.500
713.381	52.500
713.584	45.500
713.787	-1.500
713.990	10.500
714.193	29.500
714.396	26.500
714.599	-12.500
714.802	9.500
715.005	28.500
715.208	-0.500
715.411	-0.500
715.613	28.500
715.816	67.500
716.019	54.500
716.222	51.500
716.425	10.500
716.628	24.500
716.831	19.500
717.034	-22.500
717.237	7.500
717.440	34.500
717.643	25.500
717.845	32.500
718.048	49.500
718.251	25.500
718.454	9.500
718.657	-3.500
718.860	55.500
719.063	-22.500
719.266	64.500
719.469	2.500
719.672	17.500
719.875	80.500
720.077	39.500
720.280	36.500
720.483	18.500
720.686	34.500
720.889	2.500
721.092	35.500
721.295	34.500
721.498	63.500
721.701	33.500
721.904	27.500
722.107	16.500
722.309	19.500
722.512	5.500
722.715	-10.500
722.918	-1.500
723.121	3.500
723.324	32.500
723.527	25.500
723.730	-26.500
723.933	-22.500
724.136	42.500
724.339	-3.500
724.541	-10.500
724.744	24.500
724.947	-15.500
725.150	47.500
725.353	50.500
725.556	72.500
725.759	79.500
725.962	50.500
726.165	27.500
726.368	-5.500
726.571	7.500
726.773	10.500
726.976	-34.500
727.179	-28.500
727.382	23.500
727.585	144.500
727.788	35.500
727.991	25.500
728.194	-33.500
728.397	35.500
728.600	15.500
728.803	22.500
729.005	30.500
729.208	14.500
729.411	10.500
729.614	65.500
729.817	16.500
730.020	74.500
730.223	60.500
730.426	-29.500
730.629	8.500
730.832	38.500
731.035	49.500
731.237	42.500
731.440	47.500
731.643	39.500
731.846	34.500
732.049	56.500
732.252	9.500
732.455	4.500
732.658	35.500
732.861	14.500
733.064	62.500
733.267	21.500
733.469	53.500
733.672	45.500
733.875	61.500
734.078	35.500
734.281	-42.500
734.484	3.500
734.687	6.500
734.890	57.500
735.093	54.500
735.296	34.500
735.499	68.500
735.701	39.500
735.904	75.500
736.107	13.500
736.310	26.500
736.513	52.500
736.716	34.500
736.919	24.500
737.122	-12.500
737.325	7.500
737.528	46.500
737.731	15.500
737.933	34.500
738.136	36.500
738.339	7.500
738.542	32.500
738.745	0.500
738.948	11.500
739.151	7.500
739.354	23.500
739.557	59.500
739.760	61.500
739.963	21.500
740.165	59.500
740.368	39.500
740.571	-12.500
740.774	66.500
740.977	75.500
741.180	52.500
741.383	-13.500
741.586	50.500
741.789	16.500
741.992	-10.500
742.195	43.500
742.397	27.500
742.600	14.500
742.803	47.500
743.006	27.500
743.209	27.500
743.412	31.500
743.615	40.500
743.818	50.500
744.021	27.500
744.224	-0.500
744.427	-47.500
744.629	-0.500
744.832	18.500
745.035	20.500
745.238	7.500
745.441	12.500
745.644	50.500
745.847	8.500
746.050	34.500
746.253	49.500
746.456	15.500
746.659	27.500
746.861	40.500
747.064	-4.500
747.267	89.500
747.470	44.500
747.673	-11.500
747.876	41.500
748.079	-16.500
748.282	30.500
748.485	-3.500
748.688	53.500
748.891	47.500
749.093	-11.500
749.296	14.500
749.499	48.500
749.702	31.500
749.905	56.500
750.108	1.500
750.311	-76.500
750.514	-44.500
750.717	67.500
750.920	-30.500
751.123	25.500
751.325	-11.500
751.528	-16.500
751.731	7.500
751.934	44.500
752.137	20.500
752.340	-39.500
752.543	-23.500
752.746	22.500
752.949	-24.500
753.152	43.500
753.355	25.500
753.557	29.500
753.760	-24.500
753.963	26.500
754.166	41.500
754.369	60.500
754.572	27.500
754.775	79.500
754.978	66.500
755.181	59.500
755.384	30.500
755.587	77.500
755.789	23.500
755.992	34.500
756.195	34.500
756.398	7.500
756.601	7.500
756.804	-24.500
757.007	56.500
757.210	53.500
757.413	43.500
757.616	-42.500
757.819	29.500
758.021	39.500
758.224	-36.500
758.427	-55.500
758.630	24.500
758.833	45.500
759.036	21.500
759.239	-1.500
759.442	-16.500
759.645	11.500
759.848	0.500
760.051	-0.500
760.253	-10.500
760.456	22.500
760.659	-19.500
760.862	-12.500
761.065	45.500
761.268	16.500
761.471	34.500
761.674	31.500
761.877	28.500
762.080	5.500
762.283	-23.500
762.485	18.500
762.688	61.500
762.891	41.500
763.094	71.500
763.297	44.500
763.500	-29.500
763.706	3.500
763.912	0.500
764.118	-13.500
764.325	-12.500
764.531	7.500
764.737	10.500
764.943	-5.500
765.149	42.500
765.355	7.500
765.561	12.500
765.768	13.500
765.974	7.500
766.180	-29.500
766.386	-19.500
766.592	31.500
766.798	66.500
767.004	-7.500
767.210	-3.500
767.417	9.500
767.623	16.500
767.829	32.500
768.035	-27.500
768.241	-10.500
768.447	-14.500
768.653	-13.500
768.860	-13.500
769.066	70.500
769.272	35.500
769.478	61.500
769.684	-16.500
769.890	70.500
770.096	11.500
770.303	-14.500
770.509	25.500
770.715	-16.500
770.921	30.500
771.127	11.500
771.333	-13.500
771.539	-68.500
771.745	-1.500
771.952	-32.500
772.158	30.500
772.364	30.500
772.570	2.500
772.776	44.500
772.982	33.500
773.188	-5.500
773.395	12.500
773.601	-15.500
773.807	-15.500
774.013	-5.500
774.219	-53.500
774.425	90.500
774.631	21.500
774.838	19.500
775.044	14.500
775.250	25.500
775.456	-18.500
775.662	6.500
775.868	18.500
776.074	42.500
776.281	42.500
776.487	12.500
776.693	27.500
776.899	48.500
777.105	58.500
777.311	42.500
777.517	25.500
777.723	0.500
777.930	6.500
778.136	4.500
778.342	-18.500
778.548	31.500
778.754	39.500
778.960	-7.500
779.166	19.500
779.373	-44.500
779.579	-6.500
779.785	-3.500
779.991	0.500
780.197	22.500
780.403	8.500
780.609	-4.500
780.816	10.500
781.022	45.500
781.228	32.500
781.434	-22.500
781.640	27.500
781.846	37.500
782.052	2.500
782.259	-4.500
782.465	2.500
782.671	21.500
782.877	24.500
783.083	23.500
783.289	44.500
783.495	-29.500
783.701	-32.500
783.908	-7.500
784.114	-8.500
784.320	-0.500
784.526	19.500
784.732	34.500
784.938	66.500
785.144	-16.500
785.351	32.500
785.557	-1.500
785.763	22.500
785.969	-13.500
786.175	-3.500
786.381	5.500
786.587	10.500
786.794	31.500
787.000	29.500
787.206	-47.500
787.412	30.500
787.618	12.500
787.824	3.500
788.030	-41.500
788.236	-28.500
788.443	17.500
788.649	-1.500
788.855	29.500
789.061	26.500
789.267	10.500
789.473	-39.500
789.679	32.500
789.886	52.500
790.092	14.500
790.298	5.500
790.504	10.500
790.710	6.500
790.916	21.500
791.122	55.500
791.329	12.500
791.535	-16.500
791.741	-37.500
791.947	-22.500
792.153	-30.500
792.359	1.500
792.565	18.500
792.771	-13.500
792.978	17.500
793.184	1.500
793.390	2.500
793.596	-40.500
793.802	-17.500
794.008	27.500
794.214	21.500
794.421	51.500
794.627	-7.500
794.833	-25.500
795.039	8.500
795.245	26.500
795.451	-27.500
795.657	15.500
795.864	19.500
796.070	-2.500
796.276	54.500
796.482	46.500
796.688	30.500
796.894	7.500
797.100	11.500
797.307	-24.500
797.513	0.500
797.719	-22.500
797.925	13.500
798.131	14.500
798.337	19.500
798.543	31.500
798.749	20.500
798.956	62.500
799.162	56.500
799.368	11.500
799.574	16.500
799.780	32.500
799.986	18.500
800.192	0.500
800.399	28.500
800.605	-6.500
800.811	-14.500
801.017	42.500
801.223	-0.500
801.429	-17.500
801.635	-20.500
801.842	7.500
802.048	-42.500
802.254	-8.500
802.460	10.500
802.666	10.500
802.872	13.500
803.078	3.500
803.285	-18.500
803.491	-10.500
803.697	-11.500
803.903	9.500
804.109	37.500
804.315	55.500
804.521	-18.500
804.727	9.500
804.934	23.500
805.140	29.500
805.346	29.500
805.552	76.500
805.758	33.500
805.964	5.500
806.170	-11.500
806.377	61.500
806.583	-25.500
806.789	14.500
806.995	24.500
807.201	0.500
807.407	29.500
807.613	47.500
807.820	22.500
808.026	50.500
808.232	-15.500
808.438	2.500
808.644	-2.500
808.850	-47.500
809.056	13.500
809.262	21.500
809.469	-16.500
809.675	-8.500
809.881	-17.500
810.087	9.500
810.293	-53.500
810.499	24.500
810.705	20.500
810.912	10.500
811.118	-18.500
811.324	-3.500
811.530	-48.500
811.739	-4.500
811.947	-1.500
812.156	-58.500
812.365	-37.500
812.573	-23.500
812.782	-7.500
812.990	-13.500
813.199	29.500
813.408	-48.500
813.616	-4.500
813.825	-22.500
814.034	-12.500
814.242	-17.500
814.451	0.500
814.659	49.500
814.868	2.500
815.077	58.500
815.285	34.500
815.494	32.500
815.703	44.500
815.911	15.500
816.120	11.500
816.329	38.500
816.537	52.500
816.746	34.500
816.954	11.500
817.163	22.500
817.372	31.500
817.580	-5.500
817.789	-5.500
817.998	-22.500
818.206	6.500
818.415	50.500
818.624	14.500
818.832	2.500
819.041	21.500
819.249	36.500
819.458	42.500
819.667	31.500
819.875	20.500
820.084	-13.500
820.293	27.500
820.501	53.500
820.710	21.500
820.919	61.500
821.127	16.500
821.336	-3.500
821.544	42.500
821.753	15.500
821.962	-64.500
822.170	-16.500
822.379	-10.500
822.588	45.500
822.796	41.500
823.005	10.500
823.213	0.500
823.422	-27.500
823.631	-25.500
823.839	42.500
824.048	0.500
824.257	43.500
824.465	-34.500
824.674	37.500
824.883	10.500
825.091	31.500
825.300	17.500
825.508	10.500
825.717	-30.500
825.926	20.500
826.134	-17.500
826.343	-50.500
826.552	8.500
826.760	16.500
826.969	15.500
827.178	44.500
827.386	-22.500
827.595	-11.500
827.803	-2.500
828.012	-49.500
828.221	-31.500
828.429	-47.500
828.638	-18.500
828.847	27.500
829.055	21.500
829.264	48.500
829.472	26.500
829.681	17.500
829.890	-65.500
830.098	30.500
830.307	-3.500
830.516	-67.500
830.724	25.500
830.933	7.500
831.142	40.500
831.350	2.500
831.559	-5.500
831.767	24.500
831.976	4.500
832.185	12.500
832.393	37.500
832.602	18.500
832.811	3.500
833.019	-29.500
833.228	32.500
833.437	29.500
833.645	27.500
833.854	26.500
834.062	21.500
834.271	-53.500
834.480	-36.500
834.688	35.500
834.897	72.500
835.106	69.500
835.314	70.500
835.523	45.500
835.731	-14.500
835.940	23.500
836.149	-1.500
836.357	5.500
836.566	16.500
836.775	11.500
836.983	33.500
837.192	-4.500
837.401	-24.500
837.609	-0.500
837.818	24.500
838.026	37.500
838.235	38.500
838.444	-3.500
838.652	-21.500
838.861	31.500
839.070	-26.500
839.278	0.500
839.487	28.500
839.696	62.500
839.904	22.500
840.113	24.500
840.321	-18.500
840.530	21.500
840.739	23.500
840.947	30.500
841.156	20.500
841.365	-39.500
841.573	47.500
841.782	44.500
841.991	11.500
842.199	36.500
842.408	12.500
842.616	27.500
842.825	26.500
843.034	15.500
843.242	42.500
843.451	45.500
843.660	26.500
843.868	3.500
844.077	25.500
844.285	24.500
844.494	11.500
844.703	30.500
844.911	-11.500
845.120	50.500
845.329	-17.500
845.537	-3.500
845.746	6.500
845.955	54.500
846.163	42.500
846.372	19.500
846.580	-33.500
846.789	85.500
846.998	39.500
847.206	53.500
847.415	56.500
847.624	32.500
847.832	5.500
848.041	33.500
848.250	49.500
848.458	23.500
848.667	5.500
848.875	46.500
849.084	-12.500
849.293	47.500
849.501	2.500
849.710	63.500
849.919	33.500
850.127	32.500
850.336	16.500
850.544	1.500
850.753	107.500
850.962	24.500
851.170	-5.500
851.379	49.500
851.588	59.500
851.796	-24.500
852.005	-9.500
852.214	-3.500
852.422	-26.500
852.631	25.500
852.839	41.500
853.048	22.500
853.257	3.500
853.465	34.500
853.674	20.500
853.883	11.500
854.091	17.500
854.300	-18.500
854.509	-2.500
854.717	44.500
854.926	38.500
855.134	29.500
855.343	23.500
855.552	24.500
855.760	-7.500
855.969	-9.500
856.178	-31.500
856.386	-0.500
856.595	9.500
856.803	31.500
857.012	36.500
857.221	15.500
857.429	-18.500
857.638	-22.500
857.847	45.500
858.055	10.500
858.264	-18.500
858.473	-2.500
858.681	6.500
858.890	23.500
859.098	24.500
859.307	44.500
859.516	8.500
859.724	57.500
859.933	42.500
860.142	46.500
860.350	29.500
860.559	-22.500
860.768	-4.500
860.976	50.500
861.185	52.500
861.393	-51.500
861.602	-43.500
861.811	14.500
862.019	7.500
862.228	-27.500
862.437	-38.500
862.645	-27.500
862.854	-46.500
863.062	-9.500
863.271	24.500
863.480	38.500
863.688	31.500
863.897	27.500
864.106	-12.500
864.314	-88.500
864.523	-18.500
864.732	-30.500
864.940	34.500
865.149	35.500
865.357	35.500
865.566	30.500
865.775	4.500
865.983	20.500
866.192	24.500
866.401	-2.500
866.609	37.500
866.818	5.500
867.027	50.500
867.235	-35.500
867.444	2.500
867.652	51.500
867.861	15.500
868.070	34.500
868.278	-5.500
868.487	6.500
868.696	19.500
868.904	-6.500
869.113	0.500
869.321	30.500
869.530	27.500
869.739	24.500
869.947	61.500
870.156	-0.500
870.365	28.500
870.573	-45.500
870.782	-37.500
870.991	-8.500
871.199	22.500
871.408	25.500
871.616	-20.500
871.825	14.500
872.034	21.500
872.242	28.500
872.451	-21.500
872.660	28.500
872.868	-39.500
873.077	-5.500
873.286	0.500
873.494	53.500
873.703	39.500
873.911	43.500
874.120	-26.500
874.329	-41.500
874.537	14.500
874.746	54.500
874.955	-23.500
875.163	-16.500
875.372	29.500
875.581	15.500
875.789	3.500
875.998	-18.500
876.206	7.500
876.415	14.500
876.624	-28.500
876.832	5.500
877.041	28.500
877.250	22.500
877.458	13.500
877.667	19.500
877.875	25.500
878.084	-11.500
878.293	12.500
878.501	44.500
878.710	27.500
878.919	22.500
879.127	4.500
879.336	-40.500
879.545	5.500
879.753	15.500
879.962	12.500
880.170	-4.500
880.379	9.500
880.588	11.500
880.796	5.500
881.005	-36.500
881.214	-12.500
881.422	2.500
881.631	-14.500
881.840	-14.500
882.048	34.500
882.257	36.500
882.465	-14.500
882.674	29.500
882.883	10.500
883.091	25.500
883.300	-8.500
883.509	25.500
883.717	29.500
883.926	23.500
884.134	21.500
884.343	-22.500
884.552	7.500
884.760	22.500
884.969	35.500
885.178	34.500
885.386	26.500
885.595	65.500
885.804	28.500
886.012	-0.500
886.221	-44.500
886.429	19.500
886.638	25.500
886.847	-32.500
887.055	-2.500
887.264	26.500
887.473	26.500
887.681	48.500
887.890	9.500
888.099	-2.500
888.307	-22.500
888.516	16.500
888.724	-9.500
888.933	10.500
889.142	-12.500
889.350	43.500
889.559	23.500
889.768	9.500
889.976	44.500
890.185	37.500
890.393	10.500
890.602	51.500
890.811	15.500
891.019	71.500
891.228	79.500
891.437	55.500
891.645	53.500
891.854	12.500
892.063	5.500
892.271	-21.500
892.480	24.500
892.688	53.500
892.897	10.500
893.106	35.500
893.314	65.500
893.523	18.500
893.732	5.500
893.940	-2.500
894.149	1.500
894.358	7.500
894.566	-5.500
894.775	-30.500
894.983	16.500
895.192	70.500
895.401	33.500
895.609	-24.500
895.818	-4.500
896.027	6.500
896.235	27.500
896.444	-4.500
896.652	-12.500
896.861	-7.500
897.070	52.500
897.278	69.500
897.487	13.500
897.696	38.500
897.904	72.500
898.113	23.500
898.322	-17.500
898.530	13.500
898.739	24.500
898.947	0.500
899.156	-10.500
899.365	-11.500
899.573	17.500
899.782	-37.500
899.991	7.500
900.199	19.500
900.408	-14.500
900.617	35.500
900.825	-35.500
901.034	11.500
901.242	27.500
901.451	27.500
901.660	-11.500
901.868	53.500
902.077	49.500
902.286	-3.500
902.494	10.500
902.703	3.500
902.911	24.500
903.120	49.500
903.329	57.500
903.537	43.500
903.746	37.500
903.955	-18.500
904.163	39.500
904.372	-36.500
904.581	4.500
904.789	-50.500
904.998	-6.500
905.206	-32.500
905.415	11.500
905.624	61.500
905.832	50.500
906.041	18.500
906.250	-32.500
906.458	1.500
906.667	22.500
906.876	-19.500
907.084	48.500
907.293	76.500
907.501	82.500
907.710	16.500
907.919	43.500
908.127	-36.500
908.336	23.500
908.545	1.500
908.753	14.500
908.962	-6.500
909.170	-14.500
909.379	78.500
909.588	42.500
909.796	9.500
910.005	40.500
910.214	-1.500
910.422	21.500
910.631	42.500
910.840	16.500
911.048	-0.500
911.257	-45.500
911.465	-0.500
911.674	-0.500
911.883	62.500
912.091	44.500
912.300	2.500
912.508	-23.500
912.716	1.500
912.924	1.500
913.132	-24.500
913.340	10.500
913.549	37.500
913.757	11.500
913.965	16.500
914.173	25.500
914.381	13.500
914.589	-29.500
914.797	17.500
915.005	22.500
915.213	1.500
915.421	19.500
915.629	77.500
915.838	-8.500
916.046	-12.500
916.254	21.500
916.462	27.500
916.670	-44.500
916.878	-21.500
917.086	-0.500
917.294	-17.500
917.502	46.500
917.710	53.500
917.919	-8.500
918.127	7.500
918.335	57.500
918.543	65.500
918.751	30.500
918.959	-19.500
919.167	-14.500
919.375	34.500
919.583	19.500
919.791	42.500
919.999	-3.500
920.208	-14.500
920.416	32.500
920.624	33.500
920.832	19.500
921.040	13.500
921.248	31.500
921.456	18.500
921.664	65.500
921.872	109.500
922.080	10.500
922.288	29.500
922.497	-28.500
922.705	-27.500
922.913	48.500
923.121	21.500
923.329	3.500
923.537	-4.500
923.745	53.500
923.953	37.500
924.161	-15.500
924.369	46.500
924.578	-20.500
924.786	12.500
924.994	6.500
925.202	6.500
925.410	15.500
925.618	48.500
925.826	31.500
926.034	-41.500
926.242	52.500
926.450	11.500
926.658	35.500
926.867	40.500
927.075	33.500
927.283	49.500
927.491	-35.500
927.699	43.500
927.907	51.500
928.115	20.500
928.323	34.500
928.531	0.500
928.739	23.500
928.947	15.500
929.156	-12.500
929.364	-15.500
929.572	-13.500
929.780	27.500
929.988	38.500
930.196	52.500
930.404	6.500
930.612	49.500
930.820	15.500
931.028	22.500
931.236	64.500
931.445	0.500
931.653	31.500
931.861	72.500
932.069	-37.500
932.277	13.500
932.485	55.500
932.693	20.500
932.901	50.500
933.109	-50.500
933.317	-66.500
933.526	18.500
933.734	7.500
933.942	25.500
934.150	47.500
934.358	-3.500
934.566	-6.500
934.774	-35.500
934.982	28.500
935.190	70.500
935.398	2.500
935.606	7.500
935.815	1.500
936.023	16.500
936.231	59.500
936.439	21.500
936.647	27.500
936.855	25.500
937.063	5.500
937.271	-6.500
937.479	24.500
937.687	22.500
937.895	30.500
938.104	45.500
938.312	-17.500
938.520	36.500
938.728	-12.500
938.936	30.500
939.144	18.500
939.352	-7.500
939.560	-34.500
939.768	23.500
939.976	47.500
940.185	-4.500
940.393	20.500
940.601	24.500
940.809	-24.500
941.017	-1.500
941.225	3.500
941.433	73.500
941.641	55.500
941.849	2.500
942.057	23.500
942.265	6.500
942.474	14.500
942.682	39.500
942.890	-0.500
943.098	-0.500
943.306	5.500
943.514	-1.500
943.722	-16.500
943.930	-8.500
944.138	41.500
944.346	-1.500
944.554	-19.500
944.763	7.500
944.971	33.500
945.179	-11.500
945.387	-1.500
945.595	37.500
945.803	88.500
946.011	-12.500
946.219	30.500
946.427	59.500
946.635	8.500
946.843	30.500
947.052	61.500
947.260	49.500
947.468	41.500
947.676	7.500
947.884	11.500
948.092	-25.500
948.300	-13.500
948.508	-9.500
948.716	-49.500
948.924	9.500
949.133	50.500
949.341	3.500
949.549	-24.500
949.757	-61.500
949.965	60.500
950.173	4.500
950.381	-27.500
950.589	14.500
950.797	0.500
951.005	-30.500
951.213	-15.500
951.422	-16.500
951.630	-4.500
951.838	9.500
952.046	0.500
952.254	45.500
952.462	32.500
952.670	76.500
952.878	3.500
953.086	-4.500
953.294	-45.500
953.502	-10.500
953.711	47.500
953.919	30.500
954.127	-5.500
954.335	29.500
954.543	8.500
954.751	45.500
954.959	-0.500
955.167	39.500
955.375	-4.500
955.583	20.500
955.792	-7.500
956.000	23.500
956.208	7.500
956.416	11.500
956.624	-1.500
956.832	-56.500
957.040	-4.500
957.248	62.500
957.456	15.500
957.664	57.500
957.872	34.500
958.081	25.500
958.289	8.500
958.497	-0.500
958.705	6.500
958.913	9.500
959.121	16.500
959.329	-17.500
959.537	-20.500
959.745	-15.500
959.953	-0.500
960.161	-13.500
960.370	49.500
960.578	37.500
960.786	9.500
960.994	15.500
961.202	-10.500
961.410	-32.500
961.618	37.500
961.826	-4.500
962.034	23.500
962.242	-2.500
962.451	-10.500
962.659	-18.500
962.867	50.500
963.075	19.500
963.283	70.500
963.491	1.500
963.699	11.500
963.907	-14.500
964.115	-8.500
964.323	-21.500
964.531	-29.500
964.740	36.500
964.948	-17.500
965.156	3.500
965.364	6.500
965.572	-10.500
965.780	14.500
965.999	86.500
966.218	36.500
966.438	1.500
966.657	17.500
966.876	55.500
967.095	6.500
967.315	38.500
967.534	-18.500
967.753	23.500
967.972	17.500
968.192	36.500
968.411	38.500
968.630	1.500
968.849	42.500
969.068	10.500
969.288	12.500
969.507	-4.500
969.726	12.500
969.945	32.500
970.165	65.500
970.384	21.500
970.603	54.500
970.822	43.500
971.042	-13.500
971.261	63.500
971.480	49.500
971.699	32.500
971.919	1.500
972.138	31.500
972.357	19.500
972.576	15.500
972.795	42.500
973.015	12.500
973.234	0.500
973.453	47.500
973.672	48.500
973.892	-24.500
974.111	-23.500
974.330	38.500
974.549	50.500
974.769	-15.500
974.988	-2.500
975.207	65.500
975.426	20.500
975.646	-13.500
975.865	39.500
976.084	62.500
976.303	19.500
976.522	29.500
976.742	-35.500
976.961	48.500
977.180	44.500
977.399	2.500
977.619	43.500
977.838	7.500
978.057	41.500
978.276	20.500
978.496	-12.500
978.715	16.500
978.934	32.500
979.153	11.500
979.372	15.500
979.592	10.500
979.811	-33.500
980.030	8.500
980.249	41.500
980.469	46.500
980.688	0.500
980.907	-19.500
981.126	62.500
981.346	55.500
981.565	13.500
981.784	11.500
982.003	6.500
982.223	8.500
982.442	27.500
982.661	-26.500
982.880	28.500
983.099	27.500
983.319	9.500
983.538	31.500
983.757	-6.500
983.976	30.500
984.196	-1.500
984.415	-6.500
984.634	10.500
984.853	-4.500
985.073	13.500
985.292	-27.500
985.511	24.500
985.730	-10.500
985.949	25.500
986.169	68.500
986.388	16.500
986.607	-40.500
986.826	-17.500
987.046	23.500
987.265	16.500
987.484	25.500
987.703	43.500
987.923	-9.500
988.142	27.500
988.361	26.500
988.580	4.500
988.800	27.500
989.019	3.500
989.238	-8.500
989.457	-16.500
989.676	14.500
989.896	39.500
990.115	18.500
990.334	21.500
990.553	27.500
990.773	30.500
990.992	-44.500
991.211	29.500
991.430	32.500
991.650	27.500
991.869	23.500
992.088	6.500
992.307	8.500
992.527	47.500
992.746	8.500
992.965	21.500
993.184	-32.500
993.403	-11.500
993.623	-18.500
993.842	2.500
994.061	14.500
994.280	58.500
994.500	36.500
994.719	-32.500
994.938	-34.500
995.157	35.500
995.377	-3.500
995.596	-1.500
995.815	-15.500
996.034	42.500
996.253	12.500
996.473	33.500
996.692	38.500
996.911	24.500
997.130	-84.500
997.350	16.500
997.569	38.500
997.788	0.500
998.007	1.500
998.227	-3.500
998.446	46.500
998.665	58.500
998.884	28.500
999.104	-13.500
999.323	-8.500
999.542	4.500
999.761	3.500
999.980	-23.500
1000.200	-3.500
1000.419	19.500
1000.638	15.500
1000.857	11.500
1001.077	36.500
1001.296	0.500
1001.515	-24.500
1001.734	-41.500
1001.954	7.500
1002.173	65.500
1002.392	25.500
1002.611	-18.500
1002.830	23.500
1003.050	12.500
1003.269	-3.500
1003.488	28.500
1003.707	8.500
1003.927	2.500
1004.146	25.500
1004.365	23.500
1004.584	59.500
1004.804	54.500
1005.023	-3.500
1005.242	27.500
1005.461	52.500
1005.681	16.500
1005.900	7.500
1006.119	-8.500
1006.338	36.500
1006.557	-2.500
1006.777	51.500
1006.996	12.500
1007.215	11.500
1007.434	7.500
1007.654	19.500
1007.873	29.500
1008.092	27.500
1008.311	53.500
1008.531	0.500
1008.750	18.500
1008.969	66.500
1009.188	57.500
1009.407	48.500
1009.627	-34.500
1009.846	-14.500
1010.065	-20.500
1010.284	1.500
1010.504	27.500
1010.723	-35.500
1010.942	19.500
1011.161	42.500
1011.381	40.500
1011.600	-59.500
1011.819	2.500
1012.038	-47.500
1012.258	-11.500
1012.477	20.500
1012.696	36.500
1012.915	17.500
1013.134	2.500
1013.354	20.500
1013.573	77.500
1013.792	52.500
1014.011	-12.500
1014.231	23.500
1014.450	50.500
1014.669	59.500
1014.888	14.500
1015.108	26.500
1015.327	34.500
1015.546	23.500
1015.765	-19.500
1015.984	-16.500
1016.204	49.500
1016.423	53.500
1016.642	55.500
1016.861	34.500
1017.081	77.500
1017.300	41.500
1017.519	-35.500
