296.912	113.500
297.101	109.500
297.290	117.500
297.479	120.500
297.668	86.500
297.858	65.500
298.047	88.500
298.236	44.500
298.425	63.500
298.614	122.500
298.803	80.500
298.992	92.500
299.181	58.500
299.370	107.500
299.559	46.500
299.748	105.500
299.937	99.500
300.126	77.500
300.315	69.500
300.504	88.500
300.693	107.500
300.882	116.500
301.071	104.500
301.260	120.500
301.449	102.500
301.638	64.500
301.827	74.500
302.016	52.500
302.205	36.500
302.395	65.500
302.584	70.500
302.773	89.500
302.962	92.500
303.151	38.500
303.340	40.500
303.529	52.500
303.718	24.500
303.907	76.500
304.096	83.500
304.285	119.500
304.474	81.500
304.663	75.500
304.852	89.500
305.041	76.500
305.230	52.500
305.419	54.500
305.608	56.500
305.797	43.500
305.986	60.500
306.175	93.500
306.364	134.500
306.553	127.500
306.743	75.500
306.932	70.500
307.121	73.500
307.310	37.500
307.499	103.500
307.688	124.500
307.877	105.500
308.066	106.500
308.255	95.500
308.444	128.500
308.633	170.500
308.822	55.500
309.011	68.500
309.200	125.500
309.389	57.500
309.578	72.500
309.767	102.500
309.956	75.500
310.145	70.500
310.334	81.500
310.523	128.500
310.712	42.500
310.901	94.500
311.091	119.500
311.280	140.500
311.469	120.500
311.658	69.500
311.847	54.500
312.036	88.500
312.225	135.500
312.414	124.500
312.603	72.500
312.792	93.500
312.981	70.500
313.170	77.500
313.349	54.500
313.527	131.500
313.706	133.500
313.884	60.500
314.063	102.500
314.241	52.500
314.420	107.500
314.598	21.500
314.777	12.500
314.955	45.500
315.134	147.500
315.312	77.500
315.491	106.500
315.669	61.500
315.848	135.500
316.027	53.500
316.205	100.500
316.384	108.500
316.562	82.500
316.741	115.500
316.919	98.500
317.098	134.500
317.276	104.500
317.455	65.500
317.633	126.500
317.812	64.500
317.990	97.500
318.169	93.500
318.347	85.500
318.526	126.500
318.705	106.500
318.883	92.500
319.062	76.500
319.240	134.500
319.419	62.500
319.597	52.500
319.776	105.500
319.954	76.500
320.133	50.500
320.311	71.500
320.490	174.500
320.668	100.500
320.847	82.500
321.025	121.500
321.204	110.500
321.382	165.500
321.561	73.500
321.740	119.500
321.918	89.500
322.097	115.500
322.275	96.500
322.454	117.500
322.632	95.500
322.811	77.500
322.989	115.500
323.168	112.500
323.346	134.500
323.525	131.500
323.703	100.500
323.882	99.500
324.060	122.500
324.239	115.500
324.418	79.500
324.596	86.500
324.775	113.500
324.953	149.500
325.132	126.500
325.310	111.500
325.489	100.500
325.667	65.500
325.846	80.500
326.024	99.500
326.203	77.500
326.381	56.500
326.560	93.500
326.738	82.500
326.917	30.500
327.096	110.500
327.274	110.500
327.453	121.500
327.631	168.500
327.810	112.500
327.988	117.500
328.167	56.500
328.345	124.500
328.524	97.500
328.702	102.500
328.881	119.500
329.059	118.500
329.238	100.500
329.416	122.500
329.595	92.500
329.774	88.500
329.952	104.500
330.131	61.500
330.309	111.500
330.488	117.500
330.666	194.500
330.845	168.500
331.023	98.500
331.202	133.500
331.380	124.500
331.559	91.500
331.737	103.500
331.916	98.500
332.094	84.500
332.273	117.500
332.452	108.500
332.630	155.500
332.809	141.500
332.987	134.500
333.166	78.500
333.344	95.500
333.523	133.500
333.701	89.500
333.880	79.500
334.058	115.500
334.237	114.500
334.415	157.500
334.594	111.500
334.772	96.500
334.951	131.500
335.129	116.500
335.308	82.500
335.487	89.500
335.665	158.500
335.844	98.500
336.022	111.500
336.201	134.500
336.379	159.500
336.558	135.500
336.736	112.500
336.915	125.500
337.093	146.500
337.272	114.500
337.450	96.500
337.629	149.500
337.807	186.500
337.986	190.500
338.165	151.500
338.343	123.500
338.522	133.500
338.700	127.500
338.879	139.500
339.057	174.500
339.236	121.500
339.414	147.500
339.593	89.500
339.771	57.500
339.950	127.500
340.128	119.500
340.307	150.500
340.485	100.500
340.664	118.500
340.843	74.500
341.021	111.500
341.200	122.500
341.378	94.500
341.557	161.500
341.735	111.500
341.914	129.500
342.092	107.500
342.271	85.500
342.449	155.500
342.628	113.500
342.806	136.500
342.985	134.500
343.163	116.500
343.342	141.500
343.521	149.500
343.699	66.500
343.878	122.500
344.056	132.500
344.235	105.500
344.413	111.500
344.592	128.500
344.770	143.500
344.949	184.500
345.127	154.500
345.306	146.500
345.484	134.500
345.663	139.500
345.841	123.500
346.020	138.500
346.199	131.500
346.377	115.500
346.556	158.500
346.734	176.500
346.913	133.500
347.091	98.500
347.270	123.500
347.448	132.500
347.627	135.500
347.805	111.500
347.984	160.500
348.162	125.500
348.341	87.500
348.519	137.500
348.698	175.500
348.876	110.500
349.055	144.500
349.234	104.500
349.412	110.500
349.591	57.500
349.769	90.500
349.948	159.500
350.126	151.500
350.305	140.500
350.483	143.500
350.662	105.500
350.840	58.500
351.019	146.500
351.197	157.500
351.376	191.500
351.554	90.500
351.733	129.500
351.912	135.500
352.090	82.500
352.269	106.500
352.447	157.500
352.626	117.500
352.804	106.500
352.983	117.500
353.161	116.500
353.340	177.500
353.518	120.500
353.697	122.500
353.875	103.500
354.054	156.500
354.232	175.500
354.411	172.500
354.590	67.500
354.768	86.500
354.947	158.500
355.125	181.500
355.304	163.500
355.482	79.500
355.661	109.500
355.839	130.500
356.018	158.500
356.196	139.500
356.375	116.500
356.553	138.500
356.732	160.500
356.910	138.500
357.089	146.500
357.268	130.500
357.446	166.500
357.625	136.500
357.803	117.500
357.982	167.500
358.160	100.500
358.339	168.500
358.517	207.500
358.696	181.500
358.874	129.500
359.053	128.500
359.231	121.500
359.410	128.500
359.588	133.500
359.767	72.500
359.945	149.500
360.124	151.500
360.303	166.500
360.481	114.500
360.660	133.500
360.838	84.500
361.017	101.500
361.195	103.500
361.374	136.500
361.552	135.500
361.731	124.500
361.909	119.500
362.088	157.500
362.266	99.500
362.445	149.500
362.623	91.500
362.802	106.500
362.981	70.500
363.159	105.500
363.338	119.500
363.516	159.500
363.695	158.500
363.873	139.500
364.052	163.500
364.230	153.500
364.409	83.500
364.587	89.500
364.766	41.500
364.944	119.500
365.123	93.500
365.301	140.500
365.480	170.500
365.660	159.500
365.839	131.500
366.019	113.500
366.199	207.500
366.379	115.500
366.558	138.500
366.738	112.500
366.918	97.500
367.098	155.500
367.277	119.500
367.457	159.500
367.637	154.500
367.816	145.500
367.996	179.500
368.176	160.500
368.356	128.500
368.535	97.500
368.715	186.500
368.895	148.500
369.075	141.500
369.254	154.500
369.434	146.500
369.614	163.500
369.793	172.500
369.973	149.500
370.153	151.500
370.333	120.500
370.512	103.500
370.692	161.500
370.872	185.500
371.051	168.500
371.231	151.500
371.411	92.500
371.591	126.500
371.770	102.500
371.950	127.500
372.130	114.500
372.310	149.500
372.489	191.500
372.669	165.500
372.849	150.500
373.028	167.500
373.208	176.500
373.388	131.500
373.568	116.500
373.747	157.500
373.927	125.500
374.107	181.500
374.287	164.500
374.466	102.500
374.646	119.500
374.826	134.500
375.005	158.500
375.185	97.500
375.365	89.500
375.545	102.500
375.724	142.500
375.904	188.500
376.084	154.500
376.263	183.500
376.443	166.500
376.623	133.500
376.803	111.500
376.982	131.500
377.162	148.500
377.342	101.500
377.522	171.500
377.701	181.500
377.881	177.500
378.061	222.500
378.240	180.500
378.420	145.500
378.600	122.500
378.780	102.500
378.959	151.500
379.139	165.500
379.319	165.500
379.499	200.500
379.678	130.500
379.858	125.500
380.038	166.500
380.217	145.500
380.397	123.500
380.577	169.500
380.757	179.500
380.936	177.500
381.116	199.500
381.296	161.500
381.476	193.500
381.655	137.500
381.835	128.500
382.015	144.500
382.194	175.500
382.374	126.500
382.554	146.500
382.734	195.500
382.913	168.500
383.093	224.500
383.273	152.500
383.452	152.500
383.632	150.500
383.812	182.500
383.992	106.500
384.171	166.500
384.351	190.500
384.531	160.500
384.711	191.500
384.890	150.500
385.070	147.500
385.250	144.500
385.429	154.500
385.609	134.500
385.789	143.500
385.969	115.500
386.148	165.500
386.328	116.500
386.508	139.500
386.688	217.500
386.867	161.500
387.047	160.500
387.227	109.500
387.406	68.500
387.586	140.500
387.766	92.500
387.946	169.500
388.125	149.500
388.305	205.500
388.485	158.500
388.664	134.500
388.844	94.500
389.024	149.500
389.204	169.500
389.383	146.500
389.563	116.500
389.743	126.500
389.923	97.500
390.102	85.500
390.282	125.500
390.462	156.500
390.641	147.500
390.821	108.500
391.001	89.500
391.181	111.500
391.360	111.500
391.540	157.500
391.720	135.500
391.900	144.500
392.079	167.500
392.259	130.500
392.439	165.500
392.618	176.500
392.798	110.500
392.978	153.500
393.158	143.500
393.337	171.500
393.517	189.500
393.697	134.500
393.877	153.500
394.056	111.500
394.236	192.500
394.416	149.500
394.595	187.500
394.775	161.500
394.955	188.500
395.135	232.500
395.314	198.500
395.494	178.500
395.674	170.500
395.853	146.500
396.033	223.500
396.213	203.500
396.393	125.500
396.572	122.500
396.752	153.500
396.932	165.500
397.112	216.500
397.291	204.500
397.471	182.500
397.651	205.500
397.830	171.500
398.010	162.500
398.190	172.500
398.370	183.500
398.549	209.500
398.729	200.500
398.909	226.500
399.089	191.500
399.268	193.500
399.448	216.500
399.628	117.500
399.807	200.500
399.987	211.500
400.167	222.500
400.347	199.500
400.526	164.500
400.706	182.500
400.886	178.500
401.065	224.500
401.245	249.500
401.425	176.500
401.605	191.500
401.784	193.500
401.964	202.500
402.144	217.500
402.324	197.500
402.503	182.500
402.683	268.500
402.863	244.500
403.042	249.500
403.222	220.500
403.402	273.500
403.582	234.500
403.761	192.500
403.941	200.500
404.121	281.500
404.301	258.500
404.480	297.500
404.660	291.500
404.844	244.500
405.029	265.500
405.213	289.500
405.398	255.500
405.582	271.500
405.767	324.500
405.951	274.500
406.136	315.500
406.320	338.500
406.505	344.500
406.689	389.500
406.874	363.500
407.058	406.500
407.243	424.500
407.427	469.500
407.612	478.500
407.796	502.500
407.981	515.500
408.165	610.500
408.350	641.500
408.534	633.500
408.719	651.500
408.903	743.500
409.088	807.500
409.272	812.500
409.457	787.500
409.641	842.500
409.826	806.500
410.010	876.500
410.195	975.500
410.379	1039.500
410.564	1136.500
410.748	1281.500
410.933	1355.500
411.117	1473.500
411.302	1518.500
411.486	1623.500
411.671	1721.500
411.855	1886.500
412.040	1919.500
412.224	2040.500
412.409	2118.500
412.593	2225.500
412.778	2295.500
412.962	2485.500
413.147	2597.500
413.331	2652.500
413.516	2753.500
413.700	2747.500
413.885	2936.500
414.069	3142.500
414.254	3214.500
414.438	3297.500
414.623	3393.500
414.807	3531.500
414.992	3804.500
415.176	4013.500
415.361	4081.500
415.545	4181.500
415.730	4249.500
415.914	4525.500
416.099	4585.500
416.283	4728.500
416.468	4795.500
416.652	4886.500
416.837	5075.500
417.021	4984.500
417.206	5080.500
417.390	5046.500
417.575	5366.500
417.759	5474.500
417.944	5556.500
418.128	5660.500
418.313	5871.500
418.497	5955.500
418.682	6087.500
418.866	6100.500
419.051	6253.500
419.235	6347.500
419.420	6368.500
419.604	6634.500
419.789	6607.500
419.973	6841.500
420.158	6930.500
420.342	7198.500
420.527	7298.500
420.711	7483.500
420.896	7649.500
421.080	7917.500
421.265	7838.500
421.449	7847.500
421.634	7862.500
421.818	7820.500
422.003	7797.500
422.187	7831.500
422.372	7750.500
422.556	7827.500
422.741	7961.500
422.925	8239.500
423.110	8286.500
423.294	8406.500
423.479	8508.500
423.663	8479.500
423.848	8744.500
424.032	8847.500
424.217	8711.500
424.401	8750.500
424.586	8827.500
424.770	8872.500
424.955	8888.500
425.139	9087.500
425.324	9116.500
425.508	9289.500
425.693	9377.500
425.877	9388.500
426.062	9330.500
426.246	9391.500
426.431	9270.500
426.615	9265.500
426.800	9395.500
426.984	9269.500
427.169	9419.500
427.353	9410.500
427.538	9570.500
427.722	9681.500
427.907	9667.500
428.091	9573.500
428.276	9450.500
428.460	9306.500
428.645	9359.500
428.829	9207.500
429.014	9140.500
429.198	8999.500
429.383	8766.500
429.567	8454.500
429.752	8280.500
429.936	7909.500
430.121	7844.500
430.305	7921.500
430.490	8202.500
430.674	8493.500
430.859	8846.500
431.043	9115.500
431.228	9670.500
431.412	10052.500
431.597	10128.500
431.781	10303.500
431.966	10412.500
432.150	10609.500
432.335	10649.500
432.519	10928.500
432.704	10974.500
432.888	11040.500
433.073	10987.500
433.257	10882.500
433.442	10788.500
433.626	10547.500
433.811	10791.500
433.995	10739.500
434.180	10895.500
434.364	10992.500
434.549	11235.500
434.733	11391.500
434.918	11505.500
435.102	11815.500
435.287	11784.500
435.471	12000.500
435.656	11977.500
435.840	12226.500
436.030	12411.500
436.219	12527.500
436.409	12365.500
436.599	12428.500
436.789	12371.500
436.978	12506.500
437.168	12231.500
437.358	11979.500
437.548	11856.500
437.737	11741.500
437.927	11605.500
438.117	11531.500
438.306	11505.500
438.496	11786.500
438.686	11845.500
438.876	12157.500
439.065	12224.500
439.255	12196.500
439.445	12261.500
439.634	12383.500
439.824	12465.500
440.014	12442.500
440.204	12591.500
440.393	12843.500
440.583	12892.500
440.773	13059.500
440.963	13224.500
441.152	13648.500
441.342	13906.500
441.532	13827.500
441.721	14075.500
441.911	14398.500
442.101	14155.500
442.291	14409.500
442.480	14441.500
442.670	14548.500
442.860	14648.500
443.050	14432.500
443.239	14684.500
443.429	14737.500
443.619	14787.500
443.808	14799.500
443.998	14919.500
444.188	14986.500
444.378	15049.500
444.567	15114.500
444.757	15037.500
444.947	14908.500
445.137	14928.500
445.326	14732.500
445.516	14906.500
445.706	14553.500
445.895	14824.500
446.085	14900.500
446.275	14990.500
446.465	15307.500
446.654	15585.500
446.844	15728.500
447.034	15977.500
447.223	16105.500
447.413	16050.500
447.603	16445.500
447.793	16555.500
447.982	16624.500
448.172	16566.500
448.362	16268.500
448.552	16638.500
448.741	16705.500
448.931	16757.500
449.121	16739.500
449.310	16813.500
449.500	16993.500
449.690	16823.500
449.880	17354.500
450.069	17525.500
450.259	17643.500
450.449	17713.500
450.639	17933.500
450.828	18049.500
451.018	18202.500
451.208	18010.500
451.397	17967.500
451.587	17720.500
451.777	17698.500
451.967	17592.500
452.156	17210.500
452.346	17068.500
452.536	17109.500
452.725	16825.500
452.915	16733.500
453.105	16883.500
453.295	16480.500
453.484	16965.500
453.674	16929.500
453.864	17027.500
454.054	17113.500
454.243	17198.500
454.433	17222.500
454.623	17043.500
454.812	17057.500
455.002	17111.500
455.192	17118.500
455.382	17367.500
455.571	17287.500
455.761	17448.500
455.951	17708.500
456.141	17761.500
456.330	17755.500
456.520	17848.500
456.710	17898.500
456.899	17893.500
457.089	17904.500
457.279	17863.500
457.469	17797.500
457.658	17815.500
457.848	17868.500
458.038	17619.500
458.228	17665.500
458.417	17655.500
458.607	17510.500
458.797	17446.500
458.986	17600.500
459.176	17354.500
459.366	17213.500
459.556	17443.500
459.745	17582.500
459.935	17562.500
460.125	17698.500
460.314	17748.500
460.504	17765.500
460.694	17525.500
460.884	17687.500
461.073	17764.500
461.263	18000.500
461.453	17930.500
461.643	18006.500
461.832	18081.500
462.022	18146.500
462.212	18110.500
462.401	18289.500
462.591	18288.500
462.781	18423.500
462.971	18416.500
463.160	18367.500
463.350	18219.500
463.540	18197.500
463.730	18248.500
463.919	17918.500
464.109	18060.500
464.299	17877.500
464.488	17922.500
464.678	17635.500
464.868	17567.500
465.058	17667.500
465.247	17921.500
465.437	17892.500
465.627	17987.500
465.816	17961.500
466.006	18036.500
466.196	17891.500
466.386	17783.500
466.575	17750.500
466.765	17434.500
466.955	17516.500
467.145	17813.500
467.334	17593.500
467.524	17817.500
467.714	17916.500
467.903	17993.500
468.093	18093.500
468.283	18052.500
468.473	18159.500
468.662	18189.500
468.852	18293.500
469.042	18428.500
469.232	18431.500
469.421	18651.500
469.611	18278.500
469.801	18235.500
469.990	18165.500
470.180	17938.500
470.370	17898.500
470.560	18088.500
470.749	18068.500
470.939	18240.500
471.129	18161.500
471.318	18226.500
471.508	18576.500
471.698	18694.500
471.888	18964.500
472.077	19046.500
472.267	19075.500
472.457	19082.500
472.647	18954.500
472.836	19127.500
473.026	19087.500
473.216	18989.500
473.405	19086.500
473.595	19071.500
473.785	19337.500
473.975	19360.500
474.164	19296.500
474.354	19175.500
474.544	19531.500
474.734	19625.500
474.923	19625.500
475.113	19560.500
475.303	19562.500
475.492	19632.500
475.682	19296.500
475.872	19400.500
476.062	19295.500
476.251	19325.500
476.441	19088.500
476.631	19170.500
476.821	19391.500
477.010	19217.500
477.200	19590.500
477.390	19821.500
477.579	19677.500
477.769	19730.500
477.959	19741.500
478.149	19925.500
478.338	19792.500
478.528	19665.500
478.718	19840.500
478.907	19777.500
479.097	19750.500
479.287	20037.500
479.477	19924.500
479.666	20028.500
479.856	20076.500
480.046	20057.500
480.236	19865.500
480.425	19966.500
480.615	19745.500
480.805	19801.500
480.994	19860.500
481.184	19846.500
481.374	20016.500
481.564	20028.500
481.753	19933.500
481.943	19964.500
482.133	19984.500
482.323	19917.500
482.512	19891.500
482.702	19784.500
482.892	19556.500
483.081	19472.500
483.271	19745.500
483.461	19655.500
483.651	19352.500
483.840	19303.500
484.030	19262.500
484.220	19217.500
484.409	19299.500
484.599	19225.500
484.789	19075.500
484.979	19066.500
485.168	18701.500
485.358	18515.500
485.548	18052.500
485.738	17618.500
485.927	17096.500
486.117	16918.500
486.307	16423.500
486.496	16319.500
486.686	16424.500
486.876	16651.500
487.066	16731.500
487.255	17033.500
487.445	17213.500
487.635	17347.500
487.825	17641.500
488.014	17881.500
488.204	17871.500
488.394	18050.500
488.583	17828.500
488.773	17883.500
488.963	18058.500
489.153	18405.500
489.342	18237.500
489.532	18463.500
489.722	18932.500
489.912	18808.500
490.101	18922.500
490.291	19033.500
490.481	18881.500
490.670	18993.500
490.860	18953.500
491.050	18956.500
491.240	18691.500
491.429	18622.500
491.619	18674.500
491.809	18540.500
491.998	18381.500
492.188	17922.500
492.378	18344.500
492.568	18404.500
492.757	18658.500
492.947	18737.500
493.137	18676.500
493.327	18791.500
493.516	18621.500
493.706	18894.500
493.896	18919.500
494.085	18902.500
494.275	19052.500
494.465	19325.500
494.655	19389.500
494.844	19460.500
495.034	19464.500
495.224	19402.500
495.414	19510.500
495.603	19390.500
495.793	19178.500
495.983	19221.500
496.172	19234.500
496.362	19281.500
496.552	19503.500
496.742	19590.500
496.931	19450.500
497.121	19446.500
497.311	19544.500
497.500	19568.500
497.690	19383.500
497.880	19076.500
498.070	19229.500
498.259	18981.500
498.449	19020.500
498.639	19006.500
498.829	18860.500
499.018	19024.500
499.208	19276.500
499.398	19053.500
499.587	19260.500
499.777	19125.500
499.967	18877.500
500.157	18902.500
500.346	19008.500
500.536	18576.500
500.726	18671.500
500.916	18572.500
501.105	18502.500
501.295	18464.500
501.485	18275.500
501.674	18360.500
501.864	18464.500
502.054	18126.500
502.244	18203.500
502.433	18340.500
502.623	18545.500
502.813	18765.500
503.003	18643.500
503.192	18616.500
503.382	18579.500
503.572	18625.500
503.761	18417.500
503.951	18415.500
504.141	18460.500
504.331	18292.500
504.520	18309.500
504.710	18603.500
504.900	18625.500
505.089	18758.500
505.279	18863.500
505.469	19153.500
505.659	19064.500
505.848	19201.500
506.038	19051.500
506.228	19163.500
506.418	19212.500
506.607	19185.500
506.797	18963.500
506.987	18812.500
507.176	18732.500
507.366	18638.500
507.556	18559.500
507.746	18502.500
507.935	18454.500
508.125	18382.500
508.315	18214.500
508.505	18520.500
508.694	18461.500
508.884	18585.500
509.074	18722.500
509.263	18722.500
509.453	18515.500
509.643	18666.500
509.833	18487.500
510.022	18550.500
510.212	18088.500
510.402	18368.500
510.592	18307.500
510.781	18363.500
510.971	18145.500
511.161	18330.500
511.350	18557.500
511.540	18328.500
511.730	18392.500
511.920	18370.500
512.109	18276.500
512.299	18276.500
512.489	18001.500
512.678	17797.500
512.868	17913.500
513.058	17799.500
513.248	17603.500
513.437	17700.500
513.627	17856.500
513.817	17577.500
514.007	17260.500
514.196	17205.500
514.386	17088.500
514.576	17310.500
514.765	17361.500
514.955	17131.500
515.145	17596.500
515.335	17331.500
515.524	17261.500
515.714	17268.500
515.904	17034.500
516.094	16867.500
516.283	16674.500
516.473	16407.500
516.663	15879.500
516.852	15551.500
517.042	15571.500
517.232	15775.500
517.422	15631.500
517.611	15594.500
517.801	15579.500
517.991	15723.500
518.180	15583.500
518.370	15527.500
518.560	15526.500
518.750	15830.500
518.939	15827.500
519.129	15949.500
519.319	16103.500
519.509	16384.500
519.698	16359.500
519.888	16568.500
520.078	16651.500
520.267	16736.500
520.457	16475.500
520.647	16705.500
520.837	16834.500
521.026	16949.500
521.216	16832.500
521.406	16822.500
521.596	17042.500
521.785	17118.500
521.975	16954.500
522.165	16917.500
522.354	16815.500
522.544	16958.500
522.734	16683.500
522.924	16979.500
523.113	16994.500
523.303	16920.500
523.493	16988.500
523.683	17140.500
523.872	17478.500
524.062	17384.500
524.252	17472.500
524.441	17518.500
524.631	17412.500
524.821	17464.500
525.011	17365.500
525.200	17403.500
525.390	17454.500
525.580	17127.500
525.769	17235.500
525.959	16847.500
526.149	16659.500
526.339	16466.500
526.528	16422.500
526.718	16127.500
526.908	16267.500
527.098	16249.500
527.287	16192.500
527.477	16398.500
527.667	16301.500
527.856	16652.500
528.046	16851.500
528.236	16961.500
528.426	16974.500
528.615	17239.500
528.805	17313.500
528.995	17517.500
529.185	17394.500
529.374	17382.500
529.564	17416.500
529.754	17451.500
529.943	17293.500
530.133	17259.500
530.323	17404.500
530.513	17360.500
530.702	17532.500
530.892	17582.500
531.082	17619.500
531.271	17388.500
531.461	17480.500
531.651	17076.500
531.841	17094.500
532.030	16749.500
532.220	16511.500
532.410	16360.500
532.600	16236.500
532.789	16081.500
532.979	16139.500
533.169	16077.500
533.358	16273.500
533.548	16146.500
533.738	16088.500
533.928	16221.500
534.117	16217.500
534.307	16078.500
534.497	16216.500
534.687	16008.500
534.876	16181.500
535.066	16397.500
535.256	16425.500
535.445	16308.500
535.635	16480.500
535.825	16303.500
536.015	16012.500
536.204	16051.500
536.394	15797.500
536.584	15720.500
536.773	15558.500
536.963	15664.500
537.153	15604.500
537.343	15680.500
537.532	15827.500
537.722	15805.500
537.912	15957.500
538.102	15695.500
538.291	15744.500
538.481	15665.500
538.671	15531.500
538.860	15536.500
539.050	15495.500
539.240	15150.500
539.430	15110.500
539.619	15061.500
539.809	15011.500
539.999	14994.500
540.189	14812.500
540.378	14698.500
540.568	14773.500
540.758	14849.500
540.947	15087.500
541.137	14981.500
541.327	15085.500
541.517	15078.500
541.706	15206.500
541.896	14988.500
542.086	15099.500
542.276	14993.500
542.465	14849.500
542.655	14994.500
542.845	14923.500
543.034	15088.500
543.224	14960.500
543.414	15029.500
543.604	15194.500
543.793	15323.500
543.983	15021.500
544.173	14886.500
544.362	15041.500
544.552	14871.500
544.742	14925.500
544.932	15108.500
545.121	14858.500
545.311	14905.500
545.501	15037.500
545.691	14963.500
545.880	14934.500
546.070	14992.500
546.264	14870.500
546.459	14821.500
546.653	14697.500
546.847	14675.500
547.041	14605.500
547.236	14545.500
547.430	14702.500
547.624	14669.500
547.818	14683.500
548.013	14663.500
548.207	14619.500
548.401	14525.500
548.596	14693.500
548.790	14755.500
548.984	14810.500
549.178	14661.500
549.373	14866.500
549.567	14679.500
549.761	14523.500
549.956	14683.500
550.150	14623.500
550.344	14620.500
550.538	14513.500
550.733	14603.500
550.927	14510.500
551.121	14437.500
551.315	14641.500
551.510	14715.500
551.704	14483.500
551.898	14556.500
552.093	14605.500
552.287	14521.500
552.481	14251.500
552.675	14381.500
552.870	14422.500
553.064	14240.500
553.258	14275.500
553.453	14366.500
553.647	14374.500
553.841	14425.500
554.035	14343.500
554.230	14303.500
554.424	14361.500
554.618	14490.500
554.812	14305.500
555.007	14245.500
555.201	14280.500
555.395	14337.500
555.590	14365.500
555.784	14240.500
555.978	14364.500
556.172	14141.500
556.367	13927.500
556.561	13907.500
556.755	14010.500
556.949	13748.500
557.144	13808.500
557.338	14012.500
557.532	13968.500
557.727	13945.500
557.921	13779.500
558.115	13865.500
558.309	13920.500
558.504	13580.500
558.698	13647.500
558.892	13559.500
559.087	13558.500
559.281	13566.500
559.475	13493.500
559.669	13764.500
559.864	13733.500
560.058	13965.500
560.252	13911.500
560.446	14056.500
560.641	13885.500
560.835	13759.500
561.029	13840.500
561.224	13802.500
561.418	13785.500
561.612	13764.500
561.806	13791.500
562.001	13683.500
562.195	13836.500
562.389	13771.500
562.584	13898.500
562.778	13907.500
562.972	13751.500
563.166	13880.500
563.361	13698.500
563.555	13878.500
563.749	13969.500
563.943	13987.500
564.138	13890.500
564.332	13795.500
564.526	13777.500
564.721	13763.500
564.915	13872.500
565.109	13698.500
565.303	13680.500
565.498	13474.500
565.692	13521.500
565.886	13605.500
566.081	13489.500
566.275	13711.500
566.469	13610.500
566.663	13966.500
566.858	13787.500
567.052	13740.500
567.246	13648.500
567.440	13490.500
567.635	13528.500
567.829	13454.500
568.023	13520.500
568.218	13356.500
568.412	13347.500
568.606	13126.500
568.800	13320.500
568.995	13336.500
569.189	13078.500
569.383	13186.500
569.577	13342.500
569.772	13127.500
569.966	13001.500
570.160	12806.500
570.355	12848.500
570.549	12930.500
570.743	12908.500
570.937	12774.500
571.132	12869.500
571.326	12948.500
571.520	12913.500
571.715	12971.500
571.909	13179.500
572.103	13187.500
572.297	13015.500
572.492	13160.500
572.686	13245.500
572.880	13053.500
573.074	13132.500
573.269	13185.500
573.463	12981.500
573.657	13049.500
573.852	13069.500
574.046	12959.500
574.240	12999.500
574.434	12868.500
574.629	12903.500
574.823	12716.500
575.017	12804.500
575.212	12792.500
575.406	12668.500
575.600	12625.500
575.794	12780.500
575.989	12679.500
576.183	12682.500
576.377	12742.500
576.571	12804.500
576.766	12517.500
576.960	12658.500
577.159	12512.500
577.357	12571.500
577.556	12419.500
577.755	12242.500
577.953	12115.500
578.152	12233.500
578.350	12192.500
578.549	12365.500
578.748	12326.500
578.946	12422.500
579.145	12296.500
579.344	12264.500
579.542	12390.500
579.741	12305.500
579.940	12532.500
580.138	12569.500
580.337	12563.500
580.535	12309.500
580.734	12665.500
580.933	12797.500
581.131	12809.500
581.330	12746.500
581.529	12725.500
581.727	13024.500
581.926	13058.500
582.125	12871.500
582.323	13067.500
582.522	13277.500
582.721	13078.500
582.919	13047.500
583.118	13347.500
583.316	13372.500
583.515	13510.500
583.714	13282.500
583.912	13505.500
584.111	13461.500
584.310	13436.500
584.508	13504.500
584.707	13437.500
584.906	13274.500
585.104	13210.500
585.303	13325.500
585.501	13333.500
585.700	13217.500
585.899	13434.500
586.097	13378.500
586.296	13228.500
586.495	13495.500
586.693	13517.500
586.892	13377.500
587.091	13407.500
587.289	13141.500
587.488	13120.500
587.686	12979.500
587.885	12914.500
588.084	12647.500
588.282	12322.500
588.481	12102.500
588.680	12146.500
588.878	12061.500
589.077	11812.500
589.276	11865.500
589.474	11924.500
589.673	11952.500
589.871	12064.500
590.070	12194.500
590.269	12111.500
590.467	12161.500
590.666	12420.500
590.865	12281.500
591.063	12252.500
591.262	12267.500
591.461	12324.500
591.659	12373.500
591.858	12414.500
592.056	12420.500
592.255	12566.500
592.454	12357.500
592.652	12512.500
592.851	12344.500
593.050	12397.500
593.248	12418.500
593.447	12474.500
593.646	12465.500
593.844	12468.500
594.043	12405.500
594.241	12343.500
594.440	12289.500
594.639	12280.500
594.837	12404.500
595.036	12432.500
595.235	12461.500
595.433	12528.500
595.632	12433.500
595.831	12539.500
596.029	12463.500
596.228	12557.500
596.427	12531.500
596.625	12474.500
596.824	12453.500
597.022	12412.500
597.221	12390.500
597.420	12350.500
597.618	12504.500
597.817	12358.500
598.016	12348.500
598.214	12446.500
598.413	12611.500
598.612	12444.500
598.810	12408.500
599.009	12243.500
599.207	12186.500
599.406	12385.500
599.605	12347.500
599.803	12313.500
600.002	12400.500
600.201	12601.500
600.399	12432.500
600.598	12428.500
600.797	12312.500
600.995	12285.500
601.194	12485.500
601.392	12484.500
601.591	12253.500
601.790	12216.500
601.988	12195.500
602.187	12327.500
602.386	12254.500
602.584	12426.500
602.783	12406.500
602.982	12501.500
603.180	12283.500
603.379	12420.500
603.577	12339.500
603.776	12530.500
603.975	12609.500
604.173	12638.500
604.372	12329.500
604.571	12583.500
604.769	12518.500
604.968	12542.500
605.167	12536.500
605.365	12584.500
605.564	12712.500
605.762	12553.500
605.961	12422.500
606.160	12317.500
606.358	12511.500
606.557	12565.500
606.756	12690.500
606.954	12424.500
607.153	12634.500
607.352	12545.500
607.550	12618.500
607.749	12344.500
607.948	12383.500
608.146	12325.500
608.345	12414.500
608.543	12275.500
608.742	12426.500
608.941	12351.500
609.139	12439.500
609.338	12307.500
609.537	12146.500
609.735	12228.500
609.934	12208.500
610.133	12086.500
610.331	12110.500
610.530	12266.500
610.728	12144.500
610.927	12125.500
611.126	12195.500
611.324	12314.500
611.523	12222.500
611.722	12069.500
611.920	12109.500
612.119	12236.500
612.318	12127.500
612.516	11967.500
612.715	12070.500
612.913	12154.500
613.112	12078.500
613.311	11946.500
613.509	11984.500
613.708	11967.500
613.907	11926.500
614.105	11982.500
614.304	12021.500
614.503	11940.500
614.701	11892.500
614.900	11929.500
615.098	11910.500
615.297	11943.500
615.496	11846.500
615.694	11843.500
615.893	11737.500
616.092	11607.500
616.290	11745.500
616.489	11657.500
616.688	11649.500
616.886	11778.500
617.085	11587.500
617.283	11545.500
617.482	11628.500
617.681	11638.500
617.879	11749.500
618.078	11775.500
618.277	11708.500
618.475	11720.500
618.674	11788.500
618.873	11804.500
619.071	11683.500
619.270	11693.500
619.468	11759.500
619.667	11733.500
619.866	11730.500
620.064	11905.500
620.263	11916.500
620.462	11904.500
620.660	11857.500
620.859	11777.500
621.058	11828.500
621.256	11634.500
621.455	11878.500
621.654	11756.500
621.852	11810.500
622.051	11668.500
622.249	11540.500
622.448	11515.500
622.647	11528.500
622.845	11659.500
623.044	11586.500
623.243	11587.500
623.441	11409.500
623.640	11348.500
623.839	11388.500
624.037	11612.500
624.236	11399.500
624.434	11296.500
624.633	11234.500
624.832	11285.500
625.030	11274.500
625.229	11262.500
625.428	11099.500
625.626	11148.500
625.825	11238.500
626.024	11153.500
626.222	11286.500
626.421	11173.500
626.619	11345.500
626.818	11313.500
627.017	11140.500
627.215	10983.500
627.414	11086.500
627.613	11008.500
627.811	10987.500
628.010	10983.500
628.209	10916.500
628.407	10923.500
628.606	10975.500
628.804	10936.500
629.003	10985.500
629.202	10940.500
629.400	11053.500
629.599	10952.500
629.798	10942.500
629.996	10887.500
630.195	11044.500
630.394	10914.500
630.592	10936.500
630.791	10949.500
630.990	10796.500
631.188	10865.500
631.387	10804.500
631.585	10866.500
631.784	10930.500
631.983	10875.500
632.181	10955.500
632.380	11089.500
632.579	10913.500
632.777	10887.500
632.976	10930.500
633.175	10943.500
633.373	10985.500
633.572	10992.500
633.770	10884.500
633.969	10968.500
634.168	10814.500
634.366	10878.500
634.565	10918.500
634.764	10969.500
634.962	10980.500
635.161	11111.500
635.360	10879.500
635.558	11022.500
635.757	11091.500
635.955	10918.500
636.154	11131.500
636.353	11081.500
636.551	11098.500
636.750	10959.500
636.949	11120.500
637.147	11098.500
637.346	11057.500
637.545	11033.500
637.743	10978.500
637.942	11067.500
638.140	11030.500
638.339	11264.500
638.538	11156.500
638.736	11052.500
638.935	11114.500
639.134	11020.500
639.332	11000.500
639.531	10984.500
639.730	10945.500
639.928	10932.500
640.127	10807.500
640.325	11064.500
640.524	11030.500
640.723	10998.500
640.921	10908.500
641.120	10926.500
641.319	10895.500
641.517	10900.500
641.716	10912.500
641.915	10874.500
642.113	10974.500
642.312	11022.500
642.510	10926.500
642.709	10934.500
642.908	10987.500
643.106	10871.500
643.305	10951.500
643.504	10882.500
643.702	10974.500
643.901	10956.500
644.100	10867.500
644.298	11017.500
644.497	10997.500
644.696	10733.500
644.894	10960.500
645.093	10859.500
645.291	10946.500
645.490	10920.500
645.689	10824.500
645.887	10781.500
646.086	10813.500
646.285	10703.500
646.483	10819.500
646.682	10708.500
646.881	10765.500
647.079	10621.500
647.278	10542.500
647.476	10570.500
647.675	10667.500
647.874	10647.500
648.072	10644.500
648.271	10564.500
648.470	10602.500
648.668	10389.500
648.867	10429.500
649.066	10508.500
649.264	10365.500
649.463	10517.500
649.661	10440.500
649.860	10549.500
650.059	10572.500
650.257	10601.500
650.456	10654.500
650.655	10597.500
650.853	10753.500
651.052	10544.500
651.251	10546.500
651.449	10629.500
651.648	10716.500
651.846	10545.500
652.045	10707.500
652.244	10814.500
652.442	10696.500
652.641	10869.500
652.840	10861.500
653.038	10741.500
653.237	10860.500
653.436	10618.500
653.634	10745.500
653.833	10696.500
654.032	10808.500
654.230	10761.500
654.429	10755.500
654.627	10762.500
654.826	10690.500
655.025	10519.500
655.223	10266.500
655.422	9949.500
655.621	9824.500
655.819	9703.500
656.018	9743.500
656.217	9425.500
656.415	9500.500
656.614	9678.500
656.812	9803.500
657.011	9690.500
657.210	9724.500
657.408	10005.500
657.607	10108.500
657.806	10305.500
658.004	10219.500
658.203	10234.500
658.402	10479.500
658.600	10437.500
658.799	10400.500
658.997	10546.500
659.196	10564.500
659.395	10594.500
659.593	10789.500
659.792	10731.500
659.991	10674.500
660.189	10664.500
660.388	10705.500
660.587	10894.500
660.785	10865.500
660.984	10912.500
661.182	10767.500
661.381	10854.500
661.580	10979.500
661.778	10959.500
661.977	10969.500
662.176	10906.500
662.374	10930.500
662.573	10991.500
662.772	11053.500
662.970	10893.500
663.169	10952.500
663.367	10921.500
663.566	10888.500
663.765	10916.500
663.963	10873.500
664.162	10741.500
664.361	10869.500
664.559	10880.500
664.758	10871.500
664.957	10825.500
665.155	10995.500
665.354	10922.500
665.552	10940.500
665.751	10898.500
665.950	10883.500
666.148	10856.500
666.347	10649.500
666.546	10857.500
666.744	10781.500
666.943	10823.500
667.142	10823.500
667.340	10731.500
667.539	10753.500
667.738	10742.500
667.936	10674.500
668.135	10834.500
668.333	10732.500
668.532	10740.500
668.731	10722.500
668.929	10674.500
669.128	10632.500
669.327	10717.500
669.525	10901.500
669.724	10781.500
669.923	10798.500
670.121	10591.500
670.320	10547.500
670.518	10605.500
670.717	10648.500
670.916	10555.500
671.114	10389.500
671.313	10428.500
671.512	10637.500
671.710	10550.500
671.909	10526.500
672.108	10394.500
672.306	10450.500
672.505	10420.500
672.703	10424.500
672.902	10587.500
673.101	10504.500
673.299	10522.500
673.498	10488.500
673.697	10401.500
673.895	10411.500
674.094	10512.500
674.293	10239.500
674.491	10412.500
674.690	10505.500
674.888	10396.500
675.087	10337.500
675.286	10351.500
675.484	10308.500
675.683	10245.500
675.882	10325.500
676.080	10303.500
676.279	10388.500
676.478	10282.500
676.676	10232.500
676.875	10344.500
677.073	10252.500
677.272	10252.500
677.471	10286.500
677.669	10334.500
677.868	10280.500
678.067	10123.500
678.265	10137.500
678.464	10201.500
678.663	10304.500
678.861	10177.500
679.060	10186.500
679.259	10272.500
679.457	10045.500
679.656	10180.500
679.854	10007.500
680.053	9986.500
680.252	10056.500
680.450	10035.500
680.649	10020.500
680.848	9992.500
681.046	9966.500
681.245	9874.500
681.444	10113.500
681.642	10063.500
681.841	10149.500
682.039	10031.500
682.238	10073.500
682.437	9950.500
682.635	9899.500
682.834	10094.500
683.033	9917.500
683.231	9953.500
683.430	9865.500
683.629	9786.500
683.827	9588.500
684.026	9699.500
684.224	9638.500
684.423	9710.500
684.622	9773.500
684.820	9628.500
685.019	9641.500
685.218	9612.500
685.416	9664.500
685.615	9416.500
685.814	9297.500
686.012	9059.500
686.211	8647.500
686.409	8326.500
686.608	8117.500
686.807	8113.500
687.005	8238.500
687.204	8150.500
687.403	8035.500
687.601	8084.500
687.800	8130.500
687.999	8139.500
688.197	8039.500
688.396	8028.500
688.594	8109.500
688.793	8137.500
688.992	8133.500
689.190	8195.500
689.389	8272.500
689.588	8444.500
689.786	8286.500
689.985	8477.500
690.184	8531.500
690.382	8518.500
690.581	8645.500
690.779	8510.500
690.978	8619.500
691.177	8652.500
691.375	8664.500
691.574	8623.500
691.773	8818.500
691.971	8623.500
692.170	8846.500
692.369	8589.500
692.567	8633.500
692.766	8620.500
692.965	8560.500
693.163	8546.500
693.362	8537.500
693.560	8650.500
693.759	8607.500
693.958	8646.500
694.156	8573.500
694.355	8553.500
694.554	8623.500
694.752	8546.500
694.951	8578.500
695.150	8644.500
695.348	8609.500
695.547	8645.500
695.745	8781.500
695.944	8813.500
696.143	8819.500
696.341	8714.500
696.540	8954.500
696.743	8949.500
696.946	8903.500
697.149	8952.500
697.352	8883.500
697.555	8811.500
697.757	8776.500
697.960	8809.500
698.163	8844.500
698.366	8744.500
698.569	8729.500
698.772	8693.500
698.975	8750.500
699.178	8638.500
699.381	8587.500
699.584	8737.500
699.787	8508.500
699.989	8528.500
700.192	8400.500
700.395	8459.500
700.598	8477.500
700.801	8487.500
701.004	8431.500
701.207	8393.500
701.410	8393.500
701.613	8357.500
701.816	8301.500
702.019	8397.500
702.221	8454.500
702.424	8397.500
702.627	8620.500
702.830	8577.500
703.033	8487.500
703.236	8494.500
703.439	8578.500
703.642	8584.500
703.845	8680.500
704.048	8617.500
704.251	8704.500
704.453	8701.500
704.656	8536.500
704.859	8560.500
705.062	8534.500
705.265	8547.500
705.468	8718.500
705.671	8749.500
705.874	8751.500
706.077	8812.500
706.280	8633.500
706.483	8552.500
706.685	8522.500
706.888	8670.500
707.091	8637.500
707.294	8540.500
707.497	8622.500
707.700	8641.500
707.903	8636.500
708.106	8616.500
708.309	8606.500
708.512	8492.500
708.715	8547.500
708.917	8610.500
709.120	8739.500
709.323	8469.500
709.526	8564.500
709.729	8568.500
709.932	8503.500
710.135	8520.500
710.338	8510.500
710.541	8395.500
710.744	8399.500
710.947	8418.500
711.149	8567.500
711.352	8406.500
711.555	8573.500
711.758	8519.500
711.961	8507.500
712.164	8440.500
712.367	8453.500
712.570	8370.500
712.773	8393.500
712.976	8507.500
713.179	8323.500
713.381	8528.500
713.584	8298.500
713.787	8286.500
713.990	8335.500
714.193	8280.500
714.396	8204.500
714.599	8218.500
714.802	8149.500
715.005	8134.500
715.208	8162.500
715.411	8121.500
715.613	7902.500
715.816	7856.500
716.019	7512.500
716.222	7274.500
716.425	7131.500
716.628	7118.500
716.831	6920.500
717.034	6944.500
717.237	6710.500
717.440	6620.500
717.643	6564.500
717.845	6331.500
718.048	6229.500
718.251	6289.500
718.454	6126.500
718.657	6065.500
718.860	6014.500
719.063	6086.500
719.266	6024.500
719.469	5939.500
719.672	5948.500
719.875	5900.500
720.077	6205.500
720.280	6182.500
720.483	6333.500
720.686	6564.500
720.889	6633.500
721.092	6690.500
721.295	6845.500
721.498	6780.500
721.701	6758.500
721.904	6848.500
722.107	6843.500
722.309	6709.500
722.512	6576.500
722.715	6657.500
722.918	6576.500
723.121	6533.500
723.324	6406.500
723.527	6343.500
723.730	6440.500
723.933	6252.500
724.136	6224.500
724.339	6321.500
724.541	6293.500
724.744	6225.500
724.947	6223.500
725.150	6157.500
725.353	6147.500
725.556	6253.500
725.759	6301.500
725.962	6177.500
726.165	6071.500
726.368	6020.500
726.571	6251.500
726.773	6167.500
726.976	6140.500
727.179	6139.500
727.382	6116.500
727.585	6146.500
727.788	6053.500
727.991	5985.500
728.194	6109.500
728.397	6045.500
728.600	6030.500
728.803	6060.500
729.005	5993.500
729.208	6061.500
729.411	6056.500
729.614	6007.500
729.817	6131.500
730.020	6066.500
730.223	6003.500
730.426	6000.500
730.629	6008.500
730.832	6192.500
731.035	6159.500
731.237	6149.500
731.440	6247.500
731.643	6433.500
731.846	6248.500
732.049	6356.500
732.252	6443.500
732.455	6489.500
732.658	6325.500
732.861	6477.500
733.064	6478.500
733.267	6508.500
733.469	6597.500
733.672	6620.500
733.875	6576.500
734.078	6577.500
734.281	6580.500
734.484	6515.500
734.687	6464.500
734.890	6500.500
735.093	6516.500
735.296	6526.500
735.499	6513.500
735.701	6621.500
735.904	6578.500
736.107	6473.500
736.310	6473.500
736.513	6511.500
736.716	6438.500
736.919	6401.500
737.122	6540.500
737.325	6580.500
737.528	6506.500
737.731	6478.500
737.933	6408.500
738.136	6389.500
738.339	6428.500
738.542	6360.500
738.745	6393.500
738.948	6417.500
739.151	6369.500
739.354	6450.500
739.557	6380.500
739.760	6410.500
739.963	6277.500
740.165	6293.500
740.368	6366.500
740.571	6398.500
740.774	6259.500
740.977	6466.500
741.180	6327.500
741.383	6447.500
741.586	6321.500
741.789	6324.500
741.992	6412.500
742.195	6350.500
742.397	6458.500
742.600	6343.500
742.803	6377.500
743.006	6348.500
743.209	6438.500
743.412	6409.500
743.615	6394.500
743.818	6359.500
744.021	6286.500
744.224	6225.500
744.427	6219.500
744.629	6345.500
744.832	6234.500
745.035	6270.500
745.238	6303.500
745.441	6184.500
745.644	6234.500
745.847	6206.500
746.050	6219.500
746.253	6236.500
746.456	6227.500
746.659	6106.500
746.861	6171.500
747.064	6173.500
747.267	6127.500
747.470	6091.500
747.673	6009.500
747.876	6144.500
748.079	6078.500
748.282	6123.500
748.485	6030.500
748.688	6121.500
748.891	6153.500
749.093	5963.500
749.296	6086.500
749.499	6053.500
749.702	6036.500
749.905	5930.500
750.108	5853.500
750.311	5965.500
750.514	5917.500
750.717	5992.500
750.920	5920.500
751.123	5898.500
751.325	5949.500
751.528	5771.500
751.731	5743.500
751.934	5929.500
752.137	5797.500
752.340	5783.500
752.543	5781.500
752.746	5804.500
752.949	5864.500
753.152	5930.500
753.355	5843.500
753.557	5835.500
753.760	5775.500
753.963	5836.500
754.166	5717.500
754.369	5620.500
754.572	5672.500
754.775	5764.500
754.978	5684.500
755.181	5852.500
755.384	5707.500
755.587	5757.500
755.789	5797.500
755.992	5732.500
756.195	5693.500
756.398	5670.500
756.601	5598.500
756.804	5641.500
757.007	5637.500
757.210	5544.500
757.413	5522.500
757.616	5456.500
757.819	5379.500
758.021	5272.500
758.224	4981.500
758.427	4775.500
758.630	4421.500
758.833	3971.500
759.036	3668.500
759.239	3242.500
759.442	2993.500
759.645	2872.500
759.848	2615.500
760.051	2616.500
760.253	2483.500
760.456	2515.500
760.659	2670.500
760.862	2611.500
761.065	2636.500
761.268	2585.500
761.471	2486.500
761.674	2447.500
761.877	2401.500
762.080	2464.500
762.283	2415.500
762.485	2447.500
762.688	2477.500
762.891	2527.500
763.094	2716.500
763.297	2714.500
763.500	2817.500
763.706	2829.500
763.912	2895.500
764.118	3003.500
764.325	3041.500
764.531	3156.500
764.737	3336.500
764.943	3256.500
765.149	3435.500
765.355	3380.500
765.561	3664.500
765.768	3781.500
765.974	3879.500
766.180	4009.500
766.386	3994.500
766.592	4144.500
766.798	4295.500
767.004	4421.500
767.210	4403.500
767.417	4480.500
767.623	4422.500
767.829	4567.500
768.035	4589.500
768.241	4625.500
768.447	4565.500
768.653	4560.500
768.860	4683.500
769.066	4702.500
769.272	4739.500
769.478	4704.500
769.684	4801.500
769.890	4806.500
770.096	4833.500
770.303	4797.500
770.509	4749.500
770.715	4786.500
770.921	4807.500
771.127	4815.500
771.333	4746.500
771.539	4803.500
771.745	4722.500
771.952	4771.500
772.158	4861.500
772.364	4823.500
772.570	4712.500
772.776	4716.500
772.982	4892.500
773.188	4814.500
773.395	4878.500
773.601	4800.500
773.807	4698.500
774.013	4684.500
774.219	4787.500
774.425	4747.500
774.631	4653.500
774.838	4649.500
775.044	4678.500
775.250	4870.500
775.456	4673.500
775.662	4649.500
775.868	4680.500
776.074	4647.500
776.281	4680.500
776.487	4736.500
776.693	4729.500
776.899	4661.500
777.105	4639.500
777.311	4613.500
777.517	4653.500
777.723	4581.500
777.930	4595.500
778.136	4550.500
778.342	4500.500
778.548	4527.500
778.754	4609.500
778.960	4529.500
779.166	4518.500
779.373	4561.500
779.579	4356.500
779.785	4552.500
779.991	4474.500
780.197	4571.500
780.403	4350.500
780.609	4421.500
780.816	4404.500
781.022	4492.500
781.228	4465.500
781.434	4451.500
781.640	4445.500
781.846	4457.500
782.052	4460.500
782.259	4332.500
782.465	4332.500
782.671	4323.500
782.877	4447.500
783.083	4336.500
783.289	4324.500
783.495	4401.500
783.701	4262.500
783.908	4287.500
784.114	4183.500
784.320	4300.500
784.526	4238.500
784.732	4294.500
784.938	4229.500
785.144	4239.500
785.351	4216.500
785.557	4122.500
785.763	4109.500
785.969	4167.500
786.175	4145.500
786.381	4253.500
786.587	4169.500
786.794	4071.500
787.000	4092.500
787.206	4145.500
787.412	4062.500
787.618	3994.500
787.824	4038.500
788.030	4088.500
788.236	3923.500
788.443	3841.500
788.649	3856.500
788.855	3967.500
789.061	3996.500
789.267	3933.500
789.473	3966.500
789.679	3882.500
789.886	3869.500
790.092	3774.500
790.298	3872.500
790.504	3728.500
790.710	3802.500
790.916	3801.500
791.122	3842.500
791.329	3956.500
791.535	3652.500
791.741	3825.500
791.947	3799.500
792.153	3761.500
792.359	3757.500
792.565	3695.500
792.771	3790.500
792.978	3646.500
793.184	3662.500
793.390	3727.500
793.596	3650.500
793.802	3586.500
794.008	3790.500
794.214	3667.500
794.421	3634.500
794.627	3672.500
794.833	3708.500
795.039	3690.500
795.245	3594.500
795.451	3513.500
795.657	3621.500
795.864	3505.500
796.070	3583.500
796.276	3516.500
796.482	3603.500
796.688	3654.500
796.894	3624.500
797.100	3499.500
797.307	3557.500
797.513	3622.500
797.719	3576.500
797.925	3612.500
798.131	3499.500
798.337	3461.500
798.543	3415.500
798.749	3600.500
798.956	3530.500
799.162	3539.500
799.368	3473.500
799.574	3403.500
799.780	3414.500
799.986	3355.500
800.192	3374.500
800.399	3416.500
800.605	3460.500
800.811	3356.500
801.017	3468.500
801.223	3331.500
801.429	3297.500
801.635	3308.500
801.842	3270.500
802.048	3244.500
802.254	3338.500
802.460	3331.500
802.666	3245.500
802.872	3267.500
803.078	3249.500
803.285	3261.500
803.491	3271.500
803.697	3259.500
803.903	3202.500
804.109	3239.500
804.315	3223.500
804.521	3208.500
804.727	3362.500
804.934	3257.500
805.140	3306.500
805.346	3295.500
805.552	3227.500
805.758	3334.500
805.964	3230.500
806.170	3174.500
806.377	3183.500
806.583	3243.500
806.789	3168.500
806.995	3292.500
807.201	3172.500
807.407	3158.500
807.613	3156.500
807.820	3200.500
808.026	3164.500
808.232	3021.500
808.438	3056.500
808.644	3113.500
808.850	3022.500
809.056	3158.500
809.262	3082.500
809.469	3078.500
809.675	3019.500
809.881	2865.500
810.087	3017.500
810.293	3006.500
810.499	2925.500
810.705	2948.500
810.912	2927.500
811.118	2982.500
811.324	2938.500
811.530	2944.500
811.739	2836.500
811.947	2816.500
812.156	2809.500
812.365	2745.500
812.573	2683.500
812.782	2705.500
812.990	2674.500
813.199	2619.500
813.408	2572.500
813.616	2569.500
813.825	2479.500
814.034	2517.500
814.242	2385.500
814.451	2411.500
814.659	2426.500
814.868	2362.500
815.077	2340.500
815.285	2253.500
815.494	2285.500
815.703	2213.500
815.911	2278.500
816.120	2214.500
816.329	2243.500
816.537	2208.500
816.746	2261.500
816.954	2209.500
817.163	2163.500
817.372	2278.500
817.580	2171.500
817.789	2296.500
817.998	2252.500
818.206	2299.500
818.415	2123.500
818.624	2182.500
818.832	2284.500
819.041	2261.500
819.249	2318.500
819.458	2282.500
819.667	2332.500
819.875	2315.500
820.084	2306.500
820.293	2258.500
820.501	2234.500
820.710	2382.500
820.919	2335.500
821.127	2383.500
821.336	2335.500
821.544	2243.500
821.753	2123.500
821.962	2074.500
822.170	2080.500
822.379	2040.500
822.588	1998.500
822.796	2160.500
823.005	2159.500
823.213	2261.500
823.422	2211.500
823.631	2178.500
823.839	2177.500
824.048	2141.500
824.257	2245.500
824.465	2208.500
824.674	2227.500
824.883	2185.500
825.091	2218.500
825.300	2120.500
825.508	2277.500
825.717	2286.500
825.926	2259.500
826.134	2277.500
826.343	2203.500
826.552	2153.500
826.760	2224.500
826.969	2204.500
827.178	2253.500
827.386	2142.500
827.595	2198.500
827.803	2147.500
828.012	2190.500
828.221	2187.500
828.429	2133.500
828.638	2112.500
828.847	2092.500
829.055	2110.500
829.264	2172.500
829.472	2195.500
829.681	2059.500
829.890	2138.500
830.098	2139.500
830.307	2088.500
830.516	2121.500
830.724	2097.500
830.933	2107.500
831.142	2029.500
831.350	2080.500
831.559	2069.500
831.767	2145.500
831.976	2155.500
832.185	2050.500
832.393	2115.500
832.602	2087.500
832.811	2080.500
833.019	2051.500
833.228	2038.500
833.437	2076.500
833.645	2096.500
833.854	2118.500
834.062	2198.500
834.271	2102.500
834.480	2151.500
834.688	2130.500
834.897	2094.500
835.106	2090.500
835.314	2059.500
835.523	2076.500
835.731	2081.500
835.940	2142.500
836.149	2108.500
836.357	2107.500
836.566	2056.500
836.775	1976.500
836.983	2132.500
837.192	2116.500
837.401	2111.500
837.609	2015.500
837.818	2112.500
838.026	2097.500
838.235	2190.500
838.444	2170.500
838.652	2066.500
838.861	2104.500
839.070	2112.500
839.278	2150.500
839.487	2139.500
839.696	2114.500
839.904	2103.500
840.113	2155.500
840.321	2132.500
840.530	2077.500
840.739	2053.500
840.947	2012.500
841.156	2118.500
841.365	2096.500
841.573	2100.500
841.782	2034.500
841.991	1996.500
842.199	2060.500
842.408	2102.500
842.616	2066.500
842.825	1977.500
843.034	2050.500
843.242	2040.500
843.451	2091.500
843.660	1932.500
843.868	1977.500
844.077	1988.500
844.285	2044.500
844.494	2015.500
844.703	2002.500
844.911	1975.500
845.120	2044.500
845.329	2003.500
845.537	2057.500
845.746	2107.500
845.955	1932.500
846.163	1965.500
846.372	1932.500
846.580	1965.500
846.789	2006.500
846.998	2005.500
847.206	1960.500
847.415	1911.500
847.624	2037.500
847.832	1953.500
848.041	1969.500
848.250	1910.500
848.458	1848.500
848.667	1890.500
848.875	1875.500
849.084	1792.500
849.293	1877.500
849.501	1860.500
849.710	1872.500
849.919	1834.500
850.127	1881.500
850.336	1781.500
850.544	1826.500
850.753	1841.500
850.962	1819.500
851.170	1850.500
851.379	1909.500
851.588	1788.500
851.796	1875.500
852.005	1820.500
852.214	1787.500
852.422	1760.500
852.631	1704.500
852.839	1553.500
853.048	1739.500
853.257	1648.500
853.465	1645.500
853.674	1561.500
853.883	1611.500
854.091	1588.500
854.300	1634.500
854.509	1635.500
854.717	1575.500
854.926	1593.500
855.134	1683.500
855.343	1612.500
855.552	1624.500
855.760	1702.500
855.969	1748.500
856.178	1651.500
856.386	1674.500
856.595	1662.500
856.803	1733.500
857.012	1739.500
857.221	1714.500
857.429	1784.500
857.638	1645.500
857.847	1637.500
858.055	1654.500
858.264	1766.500
858.473	1664.500
858.681	1688.500
858.890	1733.500
859.098	1627.500
859.307	1595.500
859.516	1666.500
859.724	1661.500
859.933	1577.500
860.142	1670.500
860.350	1589.500
860.559	1599.500
860.768	1675.500
860.976	1699.500
861.185	1639.500
861.393	1569.500
861.602	1609.500
861.811	1648.500
862.019	1635.500
862.228	1535.500
862.437	1553.500
862.645	1531.500
862.854	1550.500
863.062	1667.500
863.271	1649.500
863.480	1540.500
863.688	1553.500
863.897	1548.500
864.106	1556.500
864.314	1530.500
864.523	1591.500
864.732	1485.500
864.940	1416.500
865.149	1444.500
865.357	1384.500
865.566	1383.500
865.775	1393.500
865.983	1455.500
866.192	1439.500
866.401	1361.500
866.609	1364.500
866.818	1400.500
867.027	1407.500
867.235	1493.500
867.444	1463.500
867.652	1452.500
867.861	1420.500
868.070	1358.500
868.278	1376.500
868.487	1272.500
868.696	1384.500
868.904	1317.500
869.113	1382.500
869.321	1456.500
869.530	1399.500
869.739	1353.500
869.947	1326.500
870.156	1365.500
870.365	1326.500
870.573	1335.500
870.782	1355.500
870.991	1338.500
871.199	1390.500
871.408	1372.500
871.616	1362.500
871.825	1377.500
872.034	1340.500
872.242	1265.500
872.451	1276.500
872.660	1217.500
872.868	1371.500
873.077	1295.500
873.286	1341.500
873.494	1269.500
873.703	1311.500
873.911	1273.500
874.120	1189.500
874.329	1222.500
874.537	1266.500
874.746	1269.500
874.955	1253.500
875.163	1221.500
875.372	1218.500
875.581	1176.500
875.789	1271.500
875.998	1196.500
876.206	1240.500
876.415	1205.500
876.624	1281.500
876.832	1108.500
877.041	1185.500
877.250	1215.500
877.458	1206.500
877.667	1241.500
877.875	1260.500
878.084	1167.500
878.293	1157.500
878.501	1175.500
878.710	1161.500
878.919	1079.500
879.127	1134.500
879.336	1097.500
879.545	1091.500
879.753	1181.500
879.962	1117.500
880.170	1097.500
880.379	1162.500
880.588	1100.500
880.796	1118.500
881.005	1086.500
881.214	1095.500
881.422	1145.500
881.631	1120.500
881.840	1083.500
882.048	1140.500
882.257	1035.500
882.465	1124.500
882.674	1182.500
882.883	1104.500
883.091	1128.500
883.300	1120.500
883.509	1104.500
883.717	1126.500
883.926	1124.500
884.134	1199.500
884.343	1121.500
884.552	1101.500
884.760	1075.500
884.969	1153.500
885.178	1041.500
885.386	1036.500
885.595	1075.500
885.804	1073.500
886.012	1030.500
886.221	1105.500
886.429	1048.500
886.638	1061.500
886.847	1061.500
887.055	1041.500
887.264	1034.500
887.473	1010.500
887.681	1015.500
887.890	1042.500
888.099	996.500
888.307	1082.500
888.516	1039.500
888.724	1009.500
888.933	979.500
889.142	967.500
889.350	990.500
889.559	1044.500
889.768	988.500
889.976	980.500
890.185	985.500
890.393	954.500
890.602	969.500
890.811	960.500
891.019	988.500
891.228	925.500
891.437	977.500
891.645	933.500
891.854	965.500
892.063	1013.500
892.271	946.500
892.480	935.500
892.688	954.500
892.897	897.500
893.106	919.500
893.314	871.500
893.523	884.500
893.732	906.500
893.940	830.500
894.149	835.500
894.358	835.500
894.566	850.500
894.775	874.500
894.983	880.500
895.192	879.500
895.401	832.500
895.609	838.500
895.818	754.500
896.027	769.500
896.235	818.500
896.444	757.500
896.652	773.500
896.861	767.500
897.070	730.500
897.278	712.500
897.487	725.500
897.696	759.500
897.904	673.500
898.113	682.500
898.322	709.500
898.530	712.500
898.739	695.500
898.947	732.500
899.156	688.500
899.365	667.500
899.573	701.500
899.782	705.500
899.991	674.500
900.199	666.500
900.408	612.500
900.617	629.500
900.825	648.500
901.034	674.500
901.242	609.500
901.451	601.500
901.660	669.500
901.868	682.500
902.077	724.500
902.286	688.500
902.494	788.500
902.703	719.500
902.911	734.500
903.120	734.500
903.329	684.500
903.537	759.500
903.746	753.500
903.955	769.500
904.163	729.500
904.372	729.500
904.581	763.500
904.789	749.500
904.998	745.500
905.206	725.500
905.415	714.500
905.624	751.500
905.832	674.500
906.041	641.500
906.250	706.500
906.458	749.500
906.667	658.500
906.876	679.500
907.084	723.500
907.293	603.500
907.501	645.500
907.710	679.500
907.919	676.500
908.127	659.500
908.336	623.500
908.545	534.500
908.753	536.500
908.962	622.500
909.170	587.500
909.379	585.500
909.588	558.500
909.796	614.500
910.005	643.500
910.214	662.500
910.422	656.500
910.631	662.500
910.840	618.500
911.048	607.500
911.257	619.500
911.465	586.500
911.674	652.500
911.883	624.500
912.091	582.500
912.300	561.500
912.508	552.500
912.716	567.500
912.924	633.500
913.132	583.500
913.340	613.500
913.549	571.500
913.757	584.500
913.965	588.500
914.173	593.500
914.381	571.500
914.589	541.500
914.797	523.500
915.005	550.500
915.213	540.500
915.421	559.500
915.629	546.500
915.838	545.500
916.046	519.500
916.254	571.500
916.462	561.500
916.670	527.500
916.878	537.500
917.086	568.500
917.294	551.500
917.502	551.500
917.710	621.500
917.919	559.500
918.127	568.500
918.335	520.500
918.543	531.500
918.751	547.500
918.959	595.500
919.167	556.500
919.375	526.500
919.583	494.500
919.791	584.500
919.999	566.500
920.208	574.500
920.416	602.500
920.624	601.500
920.832	514.500
921.040	473.500
921.248	552.500
921.456	553.500
921.664	523.500
921.872	557.500
922.080	636.500
922.288	583.500
922.497	650.500
922.705	577.500
922.913	556.500
923.121	503.500
923.329	499.500
923.537	500.500
923.745	476.500
923.953	537.500
924.161	482.500
924.369	501.500
924.578	531.500
924.786	531.500
924.994	569.500
925.202	486.500
925.410	485.500
925.618	489.500
925.826	538.500
926.034	489.500
926.242	516.500
926.450	559.500
926.658	445.500
926.867	498.500
927.075	448.500
927.283	397.500
927.491	517.500
927.699	430.500
927.907	424.500
928.115	390.500
928.323	407.500
928.531	402.500
928.739	380.500
928.947	344.500
929.156	377.500
929.364	318.500
929.572	313.500
929.780	315.500
929.988	293.500
930.196	338.500
930.404	317.500
930.612	292.500
930.820	300.500
931.028	245.500
931.236	258.500
931.445	189.500
931.653	235.500
931.861	285.500
932.069	267.500
932.277	240.500
932.485	204.500
932.693	233.500
932.901	164.500
933.109	168.500
933.317	190.500
933.526	171.500
933.734	196.500
933.942	189.500
934.150	144.500
934.358	174.500
934.566	168.500
934.774	170.500
934.982	202.500
935.190	178.500
935.398	187.500
935.606	197.500
935.815	178.500
936.023	187.500
936.231	216.500
936.439	189.500
936.647	180.500
936.855	191.500
937.063	190.500
937.271	192.500
937.479	197.500
937.687	167.500
937.895	138.500
938.104	218.500
938.312	194.500
938.520	230.500
938.728	191.500
938.936	166.500
939.144	193.500
939.352	201.500
939.560	181.500
939.768	222.500
939.976	227.500
940.185	233.500
940.393	285.500
940.601	215.500
940.809	195.500
941.017	198.500
941.225	191.500
941.433	145.500
941.641	178.500
941.849	192.500
942.057	218.500
942.265	181.500
942.474	188.500
942.682	166.500
942.890	139.500
943.098	169.500
943.306	164.500
943.514	140.500
943.722	127.500
943.930	189.500
944.138	170.500
944.346	174.500
944.554	165.500
944.763	186.500
944.971	160.500
945.179	122.500
945.387	150.500
945.595	116.500
945.803	135.500
946.011	140.500
946.219	161.500
946.427	154.500
946.635	168.500
946.843	175.500
947.052	200.500
947.260	119.500
947.468	118.500
947.676	175.500
947.884	166.500
948.092	195.500
948.300	165.500
948.508	183.500
948.716	184.500
948.924	143.500
949.133	182.500
949.341	165.500
949.549	160.500
949.757	171.500
949.965	211.500
950.173	210.500
950.381	208.500
950.589	219.500
950.797	224.500
951.005	157.500
951.213	153.500
951.422	195.500
951.630	142.500
951.838	115.500
952.046	256.500
952.254	220.500
952.462	182.500
952.670	194.500
952.878	168.500
953.086	155.500
953.294	131.500
953.502	184.500
953.711	169.500
953.919	179.500
954.127	148.500
954.335	161.500
954.543	132.500
954.751	160.500
954.959	198.500
955.167	198.500
955.375	122.500
955.583	187.500
955.792	132.500
956.000	172.500
956.208	122.500
956.416	205.500
956.624	174.500
956.832	179.500
957.040	165.500
957.248	132.500
957.456	173.500
957.664	156.500
957.872	177.500
958.081	146.500
958.289	201.500
958.497	198.500
958.705	198.500
958.913	214.500
959.121	194.500
959.329	185.500
959.537	164.500
959.745	144.500
959.953	208.500
960.161	173.500
960.370	202.500
960.578	203.500
960.786	192.500
960.994	152.500
961.202	160.500
961.410	147.500
961.618	150.500
961.826	170.500
962.034	156.500
962.242	154.500
962.451	167.500
962.659	169.500
962.867	151.500
963.075	187.500
963.283	167.500
963.491	196.500
963.699	179.500
963.907	178.500
964.115	214.500
964.323	152.500
964.531	195.500
964.740	202.500
964.948	219.500
965.156	154.500
965.364	191.500
965.572	170.500
965.780	141.500
965.999	138.500
966.218	198.500
966.438	171.500
966.657	135.500
966.876	181.500
967.095	245.500
967.315	245.500
967.534	177.500
967.753	158.500
967.972	238.500
968.192	210.500
968.411	239.500
968.630	216.500
968.849	239.500
969.068	215.500
969.288	243.500
969.507	207.500
969.726	198.500
969.945	210.500
970.165	220.500
970.384	225.500
970.603	186.500
970.822	174.500
971.042	191.500
971.261	153.500
971.480	222.500
971.699	269.500
971.919	231.500
972.138	185.500
972.357	160.500
972.576	172.500
972.795	191.500
973.015	210.500
973.234	207.500
973.453	241.500
973.672	157.500
973.892	161.500
974.111	190.500
974.330	122.500
974.549	167.500
974.769	175.500
974.988	175.500
975.207	196.500
975.426	198.500
975.646	150.500
975.865	162.500
976.084	206.500
976.303	199.500
976.522	128.500
976.742	177.500
976.961	179.500
977.180	177.500
977.399	153.500
977.619	182.500
977.838	146.500
978.057	150.500
978.276	141.500
978.496	179.500
978.715	164.500
978.934	189.500
979.153	190.500
979.372	194.500
979.592	160.500
979.811	130.500
980.030	162.500
980.249	177.500
980.469	117.500
980.688	134.500
980.907	137.500
981.126	201.500
981.346	201.500
981.565	183.500
981.784	183.500
982.003	149.500
982.223	114.500
982.442	204.500
982.661	146.500
982.880	147.500
983.099	167.500
983.319	172.500
983.538	180.500
983.757	177.500
983.976	149.500
984.196	124.500
984.415	203.500
984.634	188.500
984.853	114.500
985.073	133.500
985.292	147.500
985.511	186.500
985.730	181.500
985.949	175.500
986.169	183.500
986.388	149.500
986.607	131.500
986.826	132.500
987.046	149.500
987.265	113.500
987.484	142.500
987.703	126.500
987.923	197.500
988.142	229.500
988.361	153.500
988.580	183.500
988.800	133.500
989.019	165.500
989.238	135.500
989.457	149.500
989.676	170.500
989.896	166.500
990.115	152.500
990.334	149.500
990.553	124.500
990.773	115.500
990.992	92.500
991.211	143.500
991.430	158.500
991.650	187.500
991.869	175.500
992.088	168.500
992.307	174.500
992.527	199.500
992.746	126.500
992.965	92.500
993.184	118.500
993.403	136.500
993.623	122.500
993.842	169.500
994.061	193.500
994.280	142.500
994.500	160.500
994.719	198.500
994.938	176.500
995.157	179.500
995.377	133.500
995.596	132.500
995.815	133.500
996.034	164.500
996.253	150.500
996.473	109.500
996.692	157.500
996.911	168.500
997.130	168.500
997.350	179.500
997.569	120.500
997.788	123.500
998.007	116.500
998.227	140.500
998.446	129.500
998.665	118.500
998.884	79.500
999.104	105.500
999.323	136.500
999.542	99.500
999.761	106.500
999.980	144.500
1000.200	165.500
1000.419	155.500
1000.638	167.500
1000.857	124.500
1001.077	113.500
1001.296	79.500
1001.515	162.500
1001.734	120.500
1001.954	79.500
1002.173	93.500
1002.392	157.500
1002.611	127.500
1002.830	150.500
1003.050	137.500
1003.269	125.500
1003.488	71.500
1003.707	85.500
1003.927	147.500
1004.146	135.500
1004.365	97.500
1004.584	139.500
1004.804	139.500
1005.023	132.500
1005.242	91.500
1005.461	94.500
1005.681	94.500
1005.900	80.500
1006.119	79.500
1006.338	59.500
1006.557	111.500
1006.777	86.500
1006.996	130.500
1007.215	106.500
1007.434	125.500
1007.654	173.500
1007.873	113.500
1008.092	123.500
1008.311	90.500
1008.531	100.500
1008.750	117.500
1008.969	121.500
1009.188	85.500
1009.407	72.500
1009.627	142.500
1009.846	109.500
1010.065	103.500
1010.284	72.500
1010.504	81.500
1010.723	96.500
1010.942	90.500
1011.161	126.500
1011.381	117.500
1011.600	108.500
1011.819	147.500
1012.038	96.500
1012.258	58.500
1012.477	50.500
1012.696	100.500
1012.915	97.500
1013.134	123.500
1013.354	124.500
1013.573	111.500
1013.792	105.500
1014.011	83.500
1014.231	94.500
1014.450	138.500
1014.669	123.500
1014.888	68.500
1015.108	158.500
1015.327	120.500
1015.546	115.500
1015.765	72.500
1015.984	85.500
1016.204	126.500
1016.423	99.500
1016.642	121.500
1016.861	52.500
1017.081	73.500
1017.300	127.500
1017.519	131.500
