296.912	40.500
297.101	20.500
297.290	44.500
297.479	67.500
297.668	59.500
297.858	73.500
298.047	110.500
298.236	55.500
298.425	12.500
298.614	57.500
298.803	19.500
298.992	28.500
299.181	94.500
299.370	73.500
299.559	38.500
299.748	52.500
299.937	71.500
300.126	49.500
300.315	20.500
300.504	2.500
300.693	49.500
300.882	70.500
301.071	70.500
301.260	33.500
301.449	53.500
301.638	85.500
301.827	43.500
302.016	28.500
302.205	55.500
302.395	47.500
302.584	57.500
302.773	72.500
302.962	69.500
303.151	92.500
303.340	86.500
303.529	73.500
303.718	95.500
303.907	77.500
304.096	88.500
304.285	66.500
304.474	56.500
304.663	85.500
304.852	82.500
305.041	87.500
305.230	55.500
305.419	12.500
305.608	40.500
305.797	47.500
305.986	38.500
306.175	31.500
306.364	47.500
306.553	57.500
306.743	69.500
306.932	86.500
307.121	82.500
307.310	101.500
307.499	89.500
307.688	79.500
307.877	83.500
308.066	61.500
308.255	71.500
308.444	95.500
308.633	95.500
308.822	116.500
309.011	101.500
309.200	104.500
309.389	102.500
309.578	41.500
309.767	46.500
309.956	42.500
310.145	34.500
310.334	28.500
310.523	70.500
310.712	103.500
310.901	84.500
311.091	81.500
311.280	40.500
311.469	57.500
311.658	97.500
311.847	73.500
312.036	49.500
312.225	74.500
312.414	66.500
312.603	96.500
312.792	68.500
312.981	62.500
313.170	98.500
313.349	55.500
313.527	65.500
313.706	71.500
313.884	73.500
314.063	75.500
314.241	105.500
314.420	105.500
314.598	86.500
314.777	68.500
314.955	39.500
315.134	45.500
315.312	94.500
315.491	89.500
315.669	99.500
315.848	129.500
316.027	111.500
316.205	120.500
316.384	84.500
316.562	89.500
316.741	94.500
316.919	73.500
317.098	73.500
317.276	67.500
317.455	104.500
317.633	106.500
317.812	112.500
317.990	100.500
318.169	72.500
318.347	73.500
318.526	25.500
318.705	52.500
318.883	79.500
319.062	93.500
319.240	60.500
319.419	85.500
319.597	99.500
319.776	111.500
319.954	84.500
320.133	57.500
320.311	52.500
320.490	47.500
320.668	49.500
320.847	87.500
321.025	68.500
321.204	72.500
321.382	96.500
321.561	72.500
321.740	70.500
321.918	84.500
322.097	55.500
322.275	57.500
322.454	113.500
322.632	120.500
322.811	87.500
322.989	64.500
323.168	63.500
323.346	58.500
323.525	55.500
323.703	41.500
323.882	24.500
324.060	30.500
324.239	98.500
324.418	88.500
324.596	75.500
324.775	110.500
324.953	99.500
325.132	40.500
325.310	58.500
325.489	38.500
325.667	36.500
325.846	80.500
326.024	74.500
326.203	73.500
326.381	92.500
326.560	90.500
326.738	76.500
326.917	56.500
327.096	55.500
327.274	45.500
327.453	59.500
327.631	84.500
327.810	91.500
327.988	72.500
328.167	110.500
328.345	102.500
328.524	54.500
328.702	88.500
328.881	87.500
329.059	67.500
329.238	40.500
329.416	68.500
329.595	99.500
329.774	92.500
329.952	87.500
330.131	169.500
330.309	126.500
330.488	67.500
330.666	32.500
330.845	42.500
331.023	43.500
331.202	72.500
331.380	105.500
331.559	94.500
331.737	84.500
331.916	77.500
332.094	46.500
332.273	94.500
332.452	75.500
332.630	72.500
332.809	76.500
332.987	75.500
333.166	87.500
333.344	50.500
333.523	71.500
333.701	82.500
333.880	86.500
334.058	82.500
334.237	52.500
334.415	80.500
334.594	110.500
334.772	67.500
334.951	75.500
335.129	82.500
335.308	103.500
335.487	115.500
335.665	84.500
335.844	88.500
336.022	98.500
336.201	72.500
336.379	112.500
336.558	121.500
336.736	94.500
336.915	74.500
337.093	113.500
337.272	87.500
337.450	65.500
337.629	63.500
337.807	95.500
337.986	104.500
338.165	80.500
338.343	95.500
338.522	145.500
338.700	130.500
338.879	83.500
339.057	39.500
339.236	75.500
339.414	106.500
339.593	87.500
339.771	105.500
339.950	145.500
340.128	132.500
340.307	104.500
340.485	96.500
340.664	76.500
340.843	64.500
341.021	51.500
341.200	75.500
341.378	83.500
341.557	104.500
341.735	140.500
341.914	109.500
342.092	84.500
342.271	93.500
342.449	97.500
342.628	72.500
342.806	54.500
342.985	70.500
343.163	81.500
343.342	127.500
343.521	111.500
343.699	104.500
343.878	81.500
344.056	90.500
344.235	99.500
344.413	85.500
344.592	55.500
344.770	68.500
344.949	111.500
345.127	72.500
345.306	63.500
345.484	69.500
345.663	77.500
345.841	47.500
346.020	35.500
346.199	57.500
346.377	86.500
346.556	92.500
346.734	80.500
346.913	63.500
347.091	80.500
347.270	89.500
347.448	79.500
347.627	46.500
347.805	45.500
347.984	87.500
348.162	104.500
348.341	90.500
348.519	88.500
348.698	102.500
348.876	141.500
349.055	116.500
349.234	114.500
349.412	123.500
349.591	89.500
349.769	81.500
349.948	95.500
350.126	78.500
350.305	71.500
350.483	91.500
350.662	109.500
350.840	112.500
351.019	103.500
351.197	107.500
351.376	93.500
351.554	99.500
351.733	123.500
351.912	126.500
352.090	106.500
352.269	93.500
352.447	108.500
352.626	78.500
352.804	112.500
352.983	119.500
353.161	94.500
353.340	106.500
353.518	112.500
353.697	153.500
353.875	173.500
354.054	148.500
354.232	96.500
354.411	75.500
354.590	79.500
354.768	98.500
354.947	92.500
355.125	49.500
355.304	101.500
355.482	116.500
355.661	98.500
355.839	87.500
356.018	49.500
356.196	68.500
356.375	74.500
356.553	79.500
356.732	95.500
356.910	114.500
357.089	129.500
357.268	76.500
357.446	80.500
357.625	100.500
357.803	103.500
357.982	69.500
358.160	82.500
358.339	94.500
358.517	55.500
358.696	83.500
358.874	143.500
359.053	96.500
359.231	73.500
359.410	92.500
359.588	78.500
359.767	79.500
359.945	136.500
360.124	120.500
360.303	86.500
360.481	116.500
360.660	108.500
360.838	75.500
361.017	99.500
361.195	140.500
361.374	114.500
361.552	88.500
361.731	103.500
361.909	107.500
362.088	49.500
362.266	94.500
362.445	130.500
362.623	119.500
362.802	112.500
362.981	136.500
363.159	136.500
363.338	105.500
363.516	114.500
363.695	80.500
363.873	77.500
364.052	126.500
364.230	138.500
364.409	135.500
364.587	143.500
364.766	151.500
364.944	73.500
365.123	58.500
365.301	102.500
365.480	102.500
365.660	90.500
365.839	135.500
366.019	136.500
366.199	143.500
366.379	132.500
366.558	130.500
366.738	116.500
366.918	98.500
367.098	83.500
367.277	88.500
367.457	102.500
367.637	145.500
367.816	153.500
367.996	159.500
368.176	149.500
368.356	129.500
368.535	114.500
368.715	93.500
368.895	82.500
369.075	90.500
369.254	131.500
369.434	158.500
369.614	176.500
369.793	156.500
369.973	136.500
370.153	113.500
370.333	113.500
370.512	103.500
370.692	94.500
370.872	80.500
371.051	92.500
371.231	133.500
371.411	136.500
371.591	96.500
371.770	104.500
371.950	140.500
372.130	138.500
372.310	103.500
372.489	106.500
372.669	117.500
372.849	81.500
373.028	67.500
373.208	126.500
373.388	127.500
373.568	109.500
373.747	107.500
373.927	90.500
374.107	100.500
374.287	95.500
374.466	87.500
374.646	124.500
374.826	122.500
375.005	100.500
375.185	147.500
375.365	128.500
375.545	118.500
375.724	145.500
375.904	99.500
376.084	71.500
376.263	81.500
376.443	123.500
376.623	174.500
376.803	116.500
376.982	121.500
377.162	143.500
377.342	174.500
377.522	149.500
377.701	124.500
377.881	120.500
378.061	160.500
378.240	131.500
378.420	106.500
378.600	97.500
378.780	104.500
378.959	98.500
379.139	117.500
379.319	101.500
379.499	98.500
379.678	120.500
379.858	152.500
380.038	157.500
380.217	155.500
380.397	136.500
380.577	116.500
380.757	103.500
380.936	126.500
381.116	130.500
381.296	96.500
381.476	113.500
381.655	114.500
381.835	128.500
382.015	156.500
382.194	180.500
382.374	148.500
382.554	144.500
382.734	146.500
382.913	137.500
383.093	158.500
383.273	165.500
383.452	182.500
383.632	177.500
383.812	131.500
383.992	132.500
384.171	167.500
384.351	146.500
384.531	154.500
384.711	135.500
384.890	121.500
385.070	128.500
385.250	137.500
385.429	158.500
385.609	145.500
385.789	131.500
385.969	118.500
386.148	128.500
386.328	117.500
386.508	95.500
386.688	72.500
386.867	98.500
387.047	120.500
387.227	149.500
387.406	106.500
387.586	88.500
387.766	93.500
387.946	105.500
388.125	124.500
388.305	93.500
388.485	89.500
388.664	111.500
388.844	115.500
389.024	97.500
389.204	117.500
389.383	120.500
389.563	103.500
389.743	66.500
389.923	81.500
390.102	75.500
390.282	85.500
390.462	113.500
390.641	119.500
390.821	97.500
391.001	135.500
391.181	111.500
391.360	96.500
391.540	117.500
391.720	113.500
391.900	106.500
392.079	81.500
392.259	125.500
392.439	156.500
392.618	126.500
392.798	115.500
392.978	104.500
393.158	102.500
393.337	131.500
393.517	113.500
393.697	149.500
393.877	159.500
394.056	132.500
394.236	160.500
394.416	125.500
394.595	135.500
394.775	137.500
394.955	135.500
395.135	172.500
395.314	173.500
395.494	193.500
395.674	190.500
395.853	208.500
396.033	177.500
396.213	158.500
396.393	192.500
396.572	190.500
396.752	142.500
396.932	179.500
397.112	233.500
397.291	171.500
397.471	190.500
397.651	238.500
397.830	214.500
398.010	249.500
398.190	223.500
398.370	144.500
398.549	159.500
398.729	193.500
398.909	229.500
399.089	230.500
399.268	238.500
399.448	217.500
399.628	211.500
399.807	197.500
399.987	220.500
400.167	213.500
400.347	226.500
400.526	210.500
400.706	181.500
400.886	211.500
401.065	235.500
401.245	243.500
401.425	235.500
401.605	222.500
401.784	222.500
401.964	244.500
402.144	270.500
402.324	229.500
402.503	276.500
402.683	272.500
402.863	260.500
403.042	297.500
403.222	264.500
403.402	259.500
403.582	252.500
403.761	250.500
403.941	232.500
404.121	268.500
404.301	329.500
404.480	355.500
404.660	352.500
404.844	339.500
405.029	338.500
405.213	345.500
405.398	343.500
405.582	301.500
405.767	322.500
405.951	348.500
406.136	410.500
406.320	447.500
406.505	441.500
406.689	447.500
406.874	453.500
407.058	485.500
407.243	516.500
407.427	555.500
407.612	566.500
407.796	620.500
407.981	672.500
408.165	734.500
408.350	764.500
408.534	782.500
408.719	835.500
408.903	862.500
409.088	897.500
409.272	913.500
409.457	920.500
409.641	970.500
409.826	1074.500
410.010	1202.500
410.195	1303.500
410.379	1336.500
410.564	1437.500
410.748	1581.500
410.933	1664.500
411.117	1724.500
411.302	1809.500
411.486	1934.500
411.671	2011.500
411.855	2044.500
412.040	2180.500
412.224	2288.500
412.409	2340.500
412.593	2526.500
412.778	2616.500
412.962	2711.500
413.147	2918.500
413.331	3043.500
413.516	3172.500
413.700	3255.500
413.885	3317.500
414.069	3449.500
414.254	3527.500
414.438	3567.500
414.623	3707.500
414.807	3939.500
414.992	4084.500
415.176	4238.500
415.361	4312.500
415.545	4421.500
415.730	4604.500
415.914	4824.500
416.099	4887.500
416.283	4969.500
416.468	5088.500
416.652	5154.500
416.837	5281.500
417.021	5411.500
417.206	5420.500
417.390	5426.500
417.575	5596.500
417.759	5779.500
417.944	5770.500
418.128	5898.500
418.313	6138.500
418.497	6297.500
418.682	6361.500
418.866	6469.500
419.051	6415.500
419.235	6492.500
419.420	6639.500
419.604	6773.500
419.789	6820.500
419.973	7122.500
420.158	7322.500
420.342	7461.500
420.527	7643.500
420.711	7720.500
420.896	7790.500
421.080	7925.500
421.265	7926.500
421.449	7975.500
421.634	7920.500
421.818	7908.500
422.003	8071.500
422.187	8035.500
422.372	8093.500
422.556	8100.500
422.741	8063.500
422.925	8232.500
423.110	8341.500
423.294	8482.500
423.479	8709.500
423.663	8816.500
423.848	8885.500
424.032	8905.500
424.217	8966.500
424.401	8958.500
424.586	8880.500
424.770	8901.500
424.955	9050.500
425.139	9144.500
425.324	9182.500
425.508	9373.500
425.693	9469.500
425.877	9366.500
426.062	9420.500
426.246	9533.500
426.431	9435.500
426.615	9445.500
426.800	9542.500
426.984	9350.500
427.169	9331.500
427.353	9521.500
427.538	9670.500
427.722	9529.500
427.907	9471.500
428.091	9524.500
428.276	9562.500
428.460	9586.500
428.645	9443.500
428.829	9167.500
429.014	8995.500
429.198	8883.500
429.383	8730.500
429.567	8448.500
429.752	8142.500
429.936	7981.500
430.121	7895.500
430.305	7971.500
430.490	8255.500
430.674	8506.500
430.859	8888.500
431.043	9391.500
431.228	9619.500
431.412	9882.500
431.597	10105.500
431.781	10199.500
431.966	10268.500
432.150	10502.500
432.335	10758.500
432.519	10958.500
432.704	11041.500
432.888	11024.500
433.073	10832.500
433.257	10682.500
433.442	10636.500
433.626	10568.500
433.811	10729.500
433.995	10765.500
434.180	10759.500
434.364	11031.500
434.549	11203.500
434.733	11367.500
434.918	11499.500
435.102	11582.500
435.287	11803.500
435.471	12075.500
435.656	12325.500
435.840	12396.500
436.030	12376.500
436.219	12418.500
436.409	12406.500
436.599	12318.500
436.789	12273.500
436.978	12173.500
437.168	12182.500
437.358	12075.500
437.548	11805.500
437.737	11644.500
437.927	11609.500
438.117	11628.500
438.306	11692.500
438.496	11765.500
438.686	11934.500
438.876	12021.500
439.065	12092.500
439.255	12116.500
439.445	12141.500
439.634	12296.500
439.824	12287.500
440.014	12513.500
440.204	12735.500
440.393	12877.500
440.583	13026.500
440.773	13168.500
440.963	13382.500
441.152	13568.500
441.342	13570.500
441.532	13578.500
441.721	13873.500
441.911	14140.500
442.101	14244.500
442.291	14197.500
442.480	14272.500
442.670	14232.500
442.860	14272.500
443.050	14328.500
443.239	14429.500
443.429	14604.500
443.619	14695.500
443.808	14823.500
443.998	14968.500
444.188	15000.500
444.378	15008.500
444.567	14990.500
444.757	14909.500
444.947	14879.500
445.137	14924.500
445.326	14832.500
445.516	14573.500
445.706	14573.500
445.895	14667.500
446.085	14826.500
446.275	15154.500
446.465	15314.500
446.654	15457.500
446.844	15579.500
447.034	15835.500
447.223	15945.500
447.413	16131.500
447.603	16184.500
447.793	16377.500
447.982	16464.500
448.172	16431.500
448.362	16424.500
448.552	16649.500
448.741	16584.500
448.931	16495.500
449.121	16687.500
449.310	16852.500
449.500	16965.500
449.690	17048.500
449.880	17230.500
450.069	17323.500
450.259	17607.500
450.449	17833.500
450.639	17770.500
450.828	17733.500
451.018	17740.500
451.208	17768.500
451.397	17822.500
451.587	17713.500
451.777	17578.500
451.967	17335.500
452.156	17152.500
452.346	16965.500
452.536	16879.500
452.725	16736.500
452.915	16600.500
453.105	16514.500
453.295	16679.500
453.484	16775.500
453.674	16880.500
453.864	16882.500
454.054	17028.500
454.243	17225.500
454.433	17144.500
454.623	16995.500
454.812	17015.500
455.002	17050.500
455.192	17118.500
455.382	17261.500
455.571	17262.500
455.761	17430.500
455.951	17527.500
456.141	17544.500
456.330	17672.500
456.520	17592.500
456.710	17616.500
456.899	17730.500
457.089	17777.500
457.279	17747.500
457.469	17776.500
457.658	17755.500
457.848	17613.500
458.038	17525.500
458.228	17523.500
458.417	17515.500
458.607	17436.500
458.797	17301.500
458.986	17330.500
459.176	17418.500
459.366	17443.500
459.556	17452.500
459.745	17408.500
459.935	17301.500
460.125	17544.500
460.314	17609.500
460.504	17589.500
460.694	17698.500
460.884	17862.500
461.073	17930.500
461.263	17955.500
461.453	17868.500
461.643	17837.500
461.832	18028.500
462.022	17961.500
462.212	18018.500
462.401	18192.500
462.591	18209.500
462.781	18343.500
462.971	18261.500
463.160	18038.500
463.350	18029.500
463.540	17927.500
463.730	17876.500
463.919	17819.500
464.109	17897.500
464.299	17897.500
464.488	17762.500
464.678	17689.500
464.868	17706.500
465.058	17737.500
465.247	17724.500
465.437	17843.500
465.627	17868.500
465.816	17925.500
466.006	17828.500
466.196	17808.500
466.386	17579.500
466.575	17458.500
466.765	17498.500
466.955	17660.500
467.145	17699.500
467.334	17754.500
467.524	17787.500
467.714	17990.500
467.903	18004.500
468.093	17901.500
468.283	17930.500
468.473	18015.500
468.662	18118.500
468.852	18276.500
469.042	18273.500
469.232	18157.500
469.421	18205.500
469.611	18289.500
469.801	18161.500
469.990	18049.500
470.180	17933.500
470.370	17889.500
470.560	17913.500
470.749	18011.500
470.939	18052.500
471.129	18155.500
471.318	18548.500
471.508	18700.500
471.698	18778.500
471.888	18968.500
472.077	18978.500
472.267	19019.500
472.457	18979.500
472.647	18969.500
472.836	18776.500
473.026	18739.500
473.216	18931.500
473.405	19048.500
473.595	19079.500
473.785	19007.500
473.975	19161.500
474.164	19154.500
474.354	19210.500
474.544	19399.500
474.734	19410.500
474.923	19342.500
475.113	19240.500
475.303	19330.500
475.492	19286.500
475.682	19392.500
475.872	19306.500
476.062	19160.500
476.251	19056.500
476.441	19128.500
476.631	19132.500
476.821	19179.500
477.010	19213.500
477.200	19438.500
477.390	19533.500
477.579	19594.500
477.769	19715.500
477.959	19647.500
478.149	19590.500
478.338	19578.500
478.528	19556.500
478.718	19524.500
478.907	19643.500
479.097	19779.500
479.287	19759.500
479.477	19620.500
479.666	19828.500
479.856	20104.500
480.046	20041.500
480.236	19735.500
480.425	19715.500
480.615	19879.500
480.805	19856.500
480.994	19922.500
481.184	19887.500
481.374	19802.500
481.564	19801.500
481.753	19881.500
481.943	19866.500
482.133	19833.500
482.323	19795.500
482.512	19676.500
482.702	19703.500
482.892	19577.500
483.081	19596.500
483.271	19519.500
483.461	19398.500
483.651	19361.500
483.840	19295.500
484.030	19311.500
484.220	19367.500
484.409	19261.500
484.599	19125.500
484.789	18990.500
484.979	18735.500
485.168	18528.500
485.358	18168.500
485.548	17774.500
485.738	17151.500
485.927	16773.500
486.117	16631.500
486.307	16511.500
486.496	16412.500
486.686	16550.500
486.876	16637.500
487.066	16774.500
487.255	16866.500
487.445	17272.500
487.635	17623.500
487.825	17778.500
488.014	17776.500
488.204	18049.500
488.394	18091.500
488.583	18051.500
488.773	18136.500
488.963	18023.500
489.153	18120.500
489.342	18336.500
489.532	18647.500
489.722	18783.500
489.912	18750.500
490.101	19070.500
490.291	19137.500
490.481	18986.500
490.670	18877.500
490.860	18991.500
491.050	18889.500
491.240	18679.500
491.429	18499.500
491.619	18431.500
491.809	18406.500
491.998	18335.500
492.188	18294.500
492.378	18329.500
492.568	18436.500
492.757	18505.500
492.947	18466.500
493.137	18500.500
493.327	18689.500
493.516	18723.500
493.706	18743.500
493.896	18755.500
494.085	18845.500
494.275	19057.500
494.465	19000.500
494.655	19198.500
494.844	19322.500
495.034	19387.500
495.224	19352.500
495.414	19346.500
495.603	19304.500
495.793	19189.500
495.983	19249.500
496.172	19283.500
496.362	19156.500
496.552	19225.500
496.742	19375.500
496.931	19358.500
497.121	19501.500
497.311	19581.500
497.500	19477.500
497.690	19364.500
497.880	19257.500
498.070	19156.500
498.259	18968.500
498.449	18755.500
498.639	18716.500
498.829	18915.500
499.018	19168.500
499.208	19159.500
499.398	19075.500
499.587	19089.500
499.777	19208.500
499.967	19191.500
500.157	18990.500
500.346	18868.500
500.536	18733.500
500.726	18602.500
500.916	18459.500
501.105	18374.500
501.295	18346.500
501.485	18367.500
501.674	18279.500
501.864	18197.500
502.054	18203.500
502.244	18470.500
502.433	18569.500
502.623	18655.500
502.813	18745.500
503.003	18737.500
503.192	18802.500
503.382	18667.500
503.572	18757.500
503.761	18593.500
503.951	18583.500
504.141	18469.500
504.331	18467.500
504.520	18389.500
504.710	18568.500
504.900	18606.500
505.089	18820.500
505.279	18936.500
505.469	19032.500
505.659	19150.500
505.848	19264.500
506.038	19235.500
506.228	19230.500
506.418	19051.500
506.607	19018.500
506.797	19079.500
506.987	18971.500
507.176	18778.500
507.366	18765.500
507.556	18587.500
507.746	18507.500
507.935	18616.500
508.125	18488.500
508.315	18362.500
508.505	18587.500
508.694	18760.500
508.884	18861.500
509.074	18913.500
509.263	18790.500
509.453	18707.500
509.643	18740.500
509.833	18622.500
510.022	18657.500
510.212	18488.500
510.402	18445.500
510.592	18443.500
510.781	18521.500
510.971	18619.500
511.161	18556.500
511.350	18496.500
511.540	18515.500
511.730	18597.500
511.920	18667.500
512.109	18440.500
512.299	18354.500
512.489	18323.500
512.678	18153.500
512.868	18075.500
513.058	18137.500
513.248	17943.500
513.437	17675.500
513.627	17586.500
513.817	17562.500
514.007	17563.500
514.196	17604.500
514.386	17648.500
514.576	17478.500
514.765	17429.500
514.955	17491.500
515.145	17551.500
515.335	17580.500
515.524	17598.500
515.714	17572.500
515.904	17259.500
516.094	17031.500
516.283	16777.500
516.473	16369.500
516.663	16148.500
516.852	15814.500
517.042	15556.500
517.232	15590.500
517.422	15786.500
517.611	15770.500
517.801	15890.500
517.991	15954.500
518.180	15988.500
518.370	15969.500
518.560	15825.500
518.750	15888.500
518.939	16015.500
519.129	16255.500
519.319	16486.500
519.509	16580.500
519.698	16781.500
519.888	16828.500
520.078	16894.500
520.267	16922.500
520.457	17085.500
520.647	17004.500
520.837	16938.500
521.026	17067.500
521.216	17338.500
521.406	17355.500
521.596	17236.500
521.785	17318.500
521.975	17329.500
522.165	17285.500
522.354	17141.500
522.544	17046.500
522.734	17091.500
522.924	17074.500
523.113	17198.500
523.303	17360.500
523.493	17407.500
523.683	17498.500
523.872	17521.500
524.062	17670.500
524.252	17662.500
524.441	17619.500
524.631	17557.500
524.821	17765.500
525.011	17818.500
525.200	17786.500
525.390	17747.500
525.580	17627.500
525.769	17403.500
525.959	17213.500
526.149	17035.500
526.339	16804.500
526.528	16580.500
526.718	16541.500
526.908	16534.500
527.098	16615.500
527.287	16659.500
527.477	16695.500
527.667	16843.500
527.856	17101.500
528.046	17089.500
528.236	17232.500
528.426	17501.500
528.615	17645.500
528.805	17756.500
528.995	17695.500
529.185	17768.500
529.374	17773.500
529.564	17660.500
529.754	17664.500
529.943	17705.500
530.133	17621.500
530.323	17804.500
530.513	17890.500
530.702	17793.500
530.892	17807.500
531.082	17826.500
531.271	17710.500
531.461	17800.500
531.651	17520.500
531.841	17225.500
532.030	17205.500
532.220	16795.500
532.410	16763.500
532.600	16580.500
532.789	16651.500
532.979	16640.500
533.169	16352.500
533.358	16367.500
533.548	16498.500
533.738	16639.500
533.928	16511.500
534.117	16488.500
534.307	16634.500
534.497	16626.500
534.687	16738.500
534.876	16598.500
535.066	16704.500
535.256	16692.500
535.445	16729.500
535.635	16601.500
535.825	16398.500
536.015	16243.500
536.204	16348.500
536.394	16224.500
536.584	16036.500
536.773	16076.500
536.963	16026.500
537.153	15869.500
537.343	16010.500
537.532	16130.500
537.722	16131.500
537.912	16226.500
538.102	16173.500
538.291	15989.500
538.481	15992.500
538.671	15906.500
538.860	15976.500
539.050	15892.500
539.240	15647.500
539.430	15473.500
539.619	15405.500
539.809	15391.500
539.999	15427.500
540.189	15375.500
540.378	15169.500
540.568	15141.500
540.758	15323.500
540.947	15496.500
541.137	15404.500
541.327	15475.500
541.517	15597.500
541.706	15638.500
541.896	15569.500
542.086	15438.500
542.276	15284.500
542.465	15368.500
542.655	15553.500
542.845	15467.500
543.034	15474.500
543.224	15589.500
543.414	15557.500
543.604	15690.500
543.793	15654.500
543.983	15406.500
544.173	15452.500
544.362	15317.500
544.552	15401.500
544.742	15528.500
544.932	15529.500
545.121	15573.500
545.311	15517.500
545.501	15438.500
545.691	15444.500
545.880	15251.500
546.070	15156.500
546.264	15213.500
546.459	15290.500
546.653	15121.500
546.847	15128.500
547.041	15082.500
547.236	15105.500
547.430	15238.500
547.624	15269.500
547.818	15180.500
548.013	15140.500
548.207	15143.500
548.401	15083.500
548.596	15045.500
548.790	15197.500
548.984	15279.500
549.178	15201.500
549.373	14986.500
549.567	14930.500
549.761	15009.500
549.956	14978.500
550.150	15113.500
550.344	15067.500
550.538	15057.500
550.733	15098.500
550.927	15038.500
551.121	14999.500
551.315	15052.500
551.510	14927.500
551.704	14918.500
551.898	15034.500
552.093	15004.500
552.287	14942.500
552.481	14903.500
552.675	14899.500
552.870	14904.500
553.064	14943.500
553.258	14901.500
553.453	14906.500
553.647	14896.500
553.841	14917.500
554.035	14994.500
554.230	15038.500
554.424	14983.500
554.618	14902.500
554.812	14859.500
555.007	14799.500
555.201	14968.500
555.395	14944.500
555.590	14864.500
555.784	14617.500
555.978	14457.500
556.172	14508.500
556.367	14541.500
556.561	14519.500
556.755	14392.500
556.949	14544.500
557.144	14560.500
557.338	14420.500
557.532	14412.500
557.727	14313.500
557.921	14332.500
558.115	14320.500
558.309	14286.500
558.504	14219.500
558.698	14241.500
558.892	14260.500
559.087	14044.500
559.281	13989.500
559.475	14013.500
559.669	14169.500
559.864	14404.500
560.058	14407.500
560.252	14421.500
560.446	14534.500
560.641	14536.500
560.835	14573.500
561.029	14563.500
561.224	14528.500
561.418	14394.500
561.612	14348.500
561.806	14345.500
562.001	14463.500
562.195	14411.500
562.389	14461.500
562.584	14438.500
562.778	14416.500
562.972	14517.500
563.166	14546.500
563.361	14389.500
563.555	14387.500
563.749	14525.500
563.943	14454.500
564.138	14375.500
564.332	14413.500
564.526	14355.500
564.721	14317.500
564.915	14280.500
565.109	14200.500
565.303	14140.500
565.498	14077.500
565.692	14098.500
565.886	14160.500
566.081	14169.500
566.275	14290.500
566.469	14124.500
566.663	14092.500
566.858	14246.500
567.052	14208.500
567.246	14110.500
567.440	14020.500
567.635	14110.500
567.829	13979.500
568.023	13962.500
568.218	13985.500
568.412	13884.500
568.606	13849.500
568.800	13807.500
568.995	13858.500
569.189	13864.500
569.383	13785.500
569.577	13747.500
569.772	13683.500
569.966	13587.500
570.160	13398.500
570.355	13364.500
570.549	13458.500
570.743	13530.500
570.937	13555.500
571.132	13526.500
571.326	13523.500
571.520	13395.500
571.715	13455.500
571.909	13505.500
572.103	13580.500
572.297	13549.500
572.492	13593.500
572.686	13644.500
572.880	13605.500
573.074	13572.500
573.269	13442.500
573.463	13637.500
573.657	13613.500
573.852	13525.500
574.046	13422.500
574.240	13367.500
574.434	13358.500
574.629	13397.500
574.823	13384.500
575.017	13407.500
575.212	13355.500
575.406	13267.500
575.600	13309.500
575.794	13289.500
575.989	13127.500
576.183	13160.500
576.377	13145.500
576.571	13250.500
576.766	13224.500
576.960	13084.500
577.159	13039.500
577.357	13060.500
577.556	12945.500
577.755	12812.500
577.953	12823.500
578.152	12820.500
578.350	12810.500
578.549	12722.500
578.748	12699.500
578.946	12734.500
579.145	12732.500
579.344	12829.500
579.542	12970.500
579.741	12988.500
579.940	13084.500
580.138	12982.500
580.337	12961.500
580.535	13140.500
580.734	13212.500
580.933	13209.500
581.131	13278.500
581.330	13312.500
581.529	13330.500
581.727	13633.500
581.926	13587.500
582.125	13605.500
582.323	13698.500
582.522	13793.500
582.721	13873.500
582.919	13837.500
583.118	13892.500
583.316	13940.500
583.515	14028.500
583.714	13974.500
583.912	13987.500
584.111	13987.500
584.310	14103.500
584.508	14039.500
584.707	13976.500
584.906	14062.500
585.104	13977.500
585.303	13925.500
585.501	13932.500
585.700	13959.500
585.899	13976.500
586.097	13892.500
586.296	13806.500
586.495	13873.500
586.693	13943.500
586.892	13988.500
587.091	13833.500
587.289	13733.500
587.488	13783.500
587.686	13521.500
587.885	13329.500
588.084	13011.500
588.282	12860.500
588.481	12600.500
588.680	12431.500
588.878	12325.500
589.077	12295.500
589.276	12393.500
589.474	12265.500
589.673	12501.500
589.871	12663.500
590.070	12797.500
590.269	12718.500
590.467	12764.500
590.666	12742.500
590.865	12764.500
591.063	12754.500
591.262	12875.500
591.461	12959.500
591.659	12823.500
591.858	12910.500
592.056	13047.500
592.255	12990.500
592.454	12970.500
592.652	13042.500
592.851	13203.500
593.050	13262.500
593.248	13196.500
593.447	13055.500
593.646	13041.500
593.844	13024.500
594.043	12908.500
594.241	12861.500
594.440	12846.500
594.639	12931.500
594.837	12924.500
595.036	12783.500
595.235	12907.500
595.433	12923.500
595.632	12868.500
595.831	12895.500
596.029	13025.500
596.228	12976.500
596.427	13071.500
596.625	13115.500
596.824	13034.500
597.022	13001.500
597.221	12982.500
597.420	13009.500
597.618	12993.500
597.817	12950.500
598.016	13011.500
598.214	13042.500
598.413	12996.500
598.612	13001.500
598.810	12883.500
599.009	12832.500
599.207	12931.500
599.406	12941.500
599.605	13012.500
599.803	13002.500
600.002	13026.500
600.201	12866.500
600.399	13032.500
600.598	13004.500
600.797	12904.500
600.995	12991.500
601.194	12886.500
601.392	12814.500
601.591	12729.500
601.790	12672.500
601.988	12798.500
602.187	12868.500
602.386	12855.500
602.584	12956.500
602.783	12953.500
602.982	12962.500
603.180	13104.500
603.379	13110.500
603.577	13122.500
603.776	13133.500
603.975	13089.500
604.173	13161.500
604.372	13220.500
604.571	13158.500
604.769	13237.500
604.968	13311.500
605.167	13238.500
605.365	13139.500
605.564	12959.500
605.762	13052.500
605.961	13100.500
606.160	13136.500
606.358	13017.500
606.557	13097.500
606.756	13093.500
606.954	13100.500
607.153	13092.500
607.352	13073.500
607.550	13028.500
607.749	12877.500
607.948	12851.500
608.146	12890.500
608.345	12935.500
608.543	12784.500
608.742	12749.500
608.941	12756.500
609.139	12808.500
609.338	12829.500
609.537	12833.500
609.735	12894.500
609.934	12915.500
610.133	12787.500
610.331	12694.500
610.530	12746.500
610.728	12787.500
610.927	12718.500
611.126	12760.500
611.324	12671.500
611.523	12722.500
611.722	12660.500
611.920	12744.500
612.119	12651.500
612.318	12652.500
612.516	12767.500
612.715	12647.500
612.913	12461.500
613.112	12468.500
613.311	12402.500
613.509	12233.500
613.708	12415.500
613.907	12427.500
614.105	12462.500
614.304	12433.500
614.503	12448.500
614.701	12435.500
614.900	12434.500
615.098	12583.500
615.297	12421.500
615.496	12273.500
615.694	12372.500
615.893	12170.500
616.092	12074.500
616.290	12128.500
616.489	12065.500
616.688	12016.500
616.886	12124.500
617.085	12009.500
617.283	11986.500
617.482	12218.500
617.681	12162.500
617.879	12187.500
618.078	12439.500
618.277	12421.500
618.475	12293.500
618.674	12279.500
618.873	12266.500
619.071	12248.500
619.270	12206.500
619.468	12232.500
619.667	12330.500
619.866	12357.500
620.064	12274.500
620.263	12195.500
620.462	12251.500
620.660	12220.500
620.859	12242.500
621.058	12151.500
621.256	12171.500
621.455	12229.500
621.654	12205.500
621.852	12210.500
622.051	12268.500
622.249	12247.500
622.448	12106.500
622.647	11912.500
622.845	11855.500
623.044	11821.500
623.243	12012.500
623.441	11898.500
623.640	11854.500
623.839	11862.500
624.037	11833.500
624.236	11756.500
624.434	11749.500
624.633	11655.500
624.832	11615.500
625.030	11642.500
625.229	11640.500
625.428	11588.500
625.626	11536.500
625.825	11639.500
626.024	11638.500
626.222	11709.500
626.421	11654.500
626.619	11657.500
626.818	11658.500
627.017	11616.500
627.215	11584.500
627.414	11499.500
627.613	11502.500
627.811	11365.500
628.010	11312.500
628.209	11511.500
628.407	11421.500
628.606	11449.500
628.804	11532.500
629.003	11501.500
629.202	11519.500
629.400	11493.500
629.599	11321.500
629.798	11231.500
629.996	11238.500
630.195	11099.500
630.394	11223.500
630.592	11352.500
630.791	11316.500
630.990	11285.500
631.188	11403.500
631.387	11276.500
631.585	11261.500
631.784	11319.500
631.983	11247.500
632.181	11274.500
632.380	11356.500
632.579	11363.500
632.777	11337.500
632.976	11457.500
633.175	11410.500
633.373	11290.500
633.572	11226.500
633.770	11320.500
633.969	11390.500
634.168	11284.500
634.366	11358.500
634.565	11419.500
634.764	11458.500
634.962	11479.500
635.161	11517.500
635.360	11488.500
635.558	11318.500
635.757	11171.500
635.955	11318.500
636.154	11221.500
636.353	11223.500
636.551	11397.500
636.750	11425.500
636.949	11379.500
637.147	11461.500
637.346	11510.500
637.545	11450.500
637.743	11449.500
637.942	11442.500
638.140	11522.500
638.339	11417.500
638.538	11348.500
638.736	11472.500
638.935	11518.500
639.134	11537.500
639.332	11493.500
639.531	11414.500
639.730	11329.500
639.928	11282.500
640.127	11259.500
640.325	11291.500
640.524	11308.500
640.723	11243.500
640.921	11228.500
641.120	11163.500
641.319	11113.500
641.517	11219.500
641.716	11213.500
641.915	11183.500
642.113	11210.500
642.312	11290.500
642.510	11225.500
642.709	11309.500
642.908	11438.500
643.106	11285.500
643.305	11171.500
643.504	11264.500
643.702	11160.500
643.901	11213.500
644.100	11245.500
644.298	11210.500
644.497	11213.500
644.696	11239.500
644.894	11211.500
645.093	11337.500
645.291	11269.500
645.490	11166.500
645.689	11103.500
645.887	11101.500
646.086	11089.500
646.285	11136.500
646.483	11057.500
646.682	11076.500
646.881	11127.500
647.079	10997.500
647.278	10864.500
647.476	10816.500
647.675	10980.500
647.874	10860.500
648.072	10745.500
648.271	10847.500
648.470	10874.500
648.668	10714.500
648.867	10790.500
649.066	10702.500
649.264	10601.500
649.463	10716.500
649.661	10758.500
649.860	10796.500
650.059	10895.500
650.257	10893.500
650.456	11020.500
650.655	10903.500
650.853	11020.500
651.052	11012.500
651.251	10855.500
651.449	10874.500
651.648	11002.500
651.846	10924.500
652.045	10892.500
652.244	11057.500
652.442	11158.500
652.641	11067.500
652.840	11016.500
653.038	11045.500
653.237	11064.500
653.436	11190.500
653.634	11160.500
653.833	11121.500
654.032	11066.500
654.230	11068.500
654.429	10948.500
654.627	10866.500
654.826	10876.500
655.025	10702.500
655.223	10437.500
655.422	10322.500
655.621	10203.500
655.819	10038.500
656.018	9983.500
656.217	9790.500
656.415	9865.500
656.614	9951.500
656.812	10006.500
657.011	10104.500
657.210	10121.500
657.408	10184.500
657.607	10321.500
657.806	10563.500
658.004	10663.500
658.203	10633.500
658.402	10708.500
658.600	10725.500
658.799	10765.500
658.997	10854.500
659.196	10921.500
659.395	10827.500
659.593	10955.500
659.792	10953.500
659.991	10854.500
660.189	11055.500
660.388	11065.500
660.587	11082.500
660.785	11140.500
660.984	11066.500
661.182	11163.500
661.381	11175.500
661.580	11181.500
661.778	11275.500
661.977	11225.500
662.176	11221.500
662.374	11219.500
662.573	11149.500
662.772	11156.500
662.970	11135.500
663.169	11039.500
663.367	11096.500
663.566	11150.500
663.765	11169.500
663.963	11099.500
664.162	11093.500
664.361	11178.500
664.559	11109.500
664.758	11093.500
664.957	11158.500
665.155	10981.500
665.354	10946.500
665.552	11054.500
665.751	11056.500
665.950	11124.500
666.148	11052.500
666.347	11061.500
666.546	11021.500
666.744	11057.500
666.943	11080.500
667.142	11021.500
667.340	10934.500
667.539	11147.500
667.738	11041.500
667.936	10940.500
668.135	11029.500
668.333	11058.500
668.532	10997.500
668.731	10908.500
668.929	10879.500
669.128	10992.500
669.327	10928.500
669.525	10963.500
669.724	10990.500
669.923	10821.500
670.121	10894.500
670.320	10853.500
670.518	10863.500
670.717	10858.500
670.916	10741.500
671.114	10832.500
671.313	10845.500
671.512	10681.500
671.710	10660.500
671.909	10733.500
672.108	10787.500
672.306	10870.500
672.505	10823.500
672.703	10756.500
672.902	10813.500
673.101	10779.500
673.299	10756.500
673.498	10743.500
673.697	10814.500
673.895	10713.500
674.094	10607.500
674.293	10610.500
674.491	10588.500
674.690	10513.500
674.888	10547.500
675.087	10577.500
675.286	10579.500
675.484	10609.500
675.683	10485.500
675.882	10442.500
676.080	10549.500
676.279	10597.500
676.478	10573.500
676.676	10575.500
676.875	10586.500
677.073	10422.500
677.272	10340.500
677.471	10364.500
677.669	10432.500
677.868	10474.500
678.067	10416.500
678.265	10455.500
678.464	10379.500
678.663	10374.500
678.861	10319.500
679.060	10310.500
679.259	10272.500
679.457	10250.500
679.656	10183.500
679.854	10203.500
680.053	10271.500
680.252	10290.500
680.450	10284.500
680.649	10185.500
680.848	10158.500
681.046	10247.500
681.245	10257.500
681.444	10263.500
681.642	10317.500
681.841	10233.500
682.039	10254.500
682.238	10187.500
682.437	10100.500
682.635	10063.500
682.834	9928.500
683.033	10050.500
683.231	10030.500
683.430	10042.500
683.629	9997.500
683.827	9951.500
684.026	10013.500
684.224	9919.500
684.423	9903.500
684.622	9884.500
684.820	9854.500
685.019	9816.500
685.218	9784.500
685.416	9691.500
685.615	9563.500
685.814	9322.500
686.012	8952.500
686.211	8722.500
686.409	8404.500
686.608	8191.500
686.807	8219.500
687.005	8223.500
687.204	8383.500
687.403	8242.500
687.601	8190.500
687.800	8210.500
687.999	8167.500
688.197	8148.500
688.396	8215.500
688.594	8173.500
688.793	8161.500
688.992	8280.500
689.190	8307.500
689.389	8300.500
689.588	8354.500
689.786	8394.500
689.985	8432.500
690.184	8486.500
690.382	8670.500
690.581	8669.500
690.779	8614.500
690.978	8668.500
691.177	8729.500
691.375	8806.500
691.574	8836.500
691.773	8792.500
691.971	8787.500
692.170	8883.500
692.369	8916.500
692.567	8750.500
692.766	8857.500
692.965	8754.500
693.163	8667.500
693.362	8695.500
693.560	8678.500
693.759	8634.500
693.958	8659.500
694.156	8739.500
694.355	8725.500
694.554	8598.500
694.752	8634.500
694.951	8622.500
695.150	8694.500
695.348	8832.500
695.547	8823.500
695.745	8788.500
695.944	8867.500
696.143	8887.500
696.341	8934.500
696.540	8900.500
696.743	8882.500
696.946	8939.500
697.149	9036.500
697.352	9032.500
697.555	8931.500
697.757	8998.500
697.960	8937.500
698.163	8963.500
698.366	8916.500
698.569	8841.500
698.772	8856.500
698.975	8912.500
699.178	8833.500
699.381	8645.500
699.584	8650.500
699.787	8645.500
699.989	8647.500
700.192	8623.500
700.395	8716.500
700.598	8755.500
700.801	8681.500
701.004	8666.500
701.207	8615.500
701.410	8571.500
701.613	8495.500
701.816	8509.500
702.019	8615.500
702.221	8696.500
702.424	8680.500
702.627	8667.500
702.830	8733.500
703.033	8751.500
703.236	8711.500
703.439	8675.500
703.642	8829.500
703.845	8823.500
704.048	8813.500
704.251	8854.500
704.453	8724.500
704.656	8774.500
704.859	8868.500
705.062	8861.500
705.265	8842.500
705.468	8810.500
705.671	8698.500
705.874	8774.500
706.077	8900.500
706.280	8945.500
706.483	8857.500
706.685	8815.500
706.888	8859.500
707.091	8819.500
707.294	8879.500
707.497	8741.500
707.700	8853.500
707.903	8873.500
708.106	8844.500
708.309	8815.500
708.512	8793.500
708.715	8774.500
708.917	8880.500
709.120	8892.500
709.323	8726.500
709.526	8819.500
709.729	8910.500
709.932	8810.500
710.135	8638.500
710.338	8700.500
710.541	8844.500
710.744	8793.500
710.947	8597.500
711.149	8674.500
711.352	8870.500
711.555	8792.500
711.758	8732.500
711.961	8701.500
712.164	8715.500
712.367	8730.500
712.570	8710.500
712.773	8668.500
712.976	8597.500
713.179	8699.500
713.381	8658.500
713.584	8596.500
713.787	8564.500
713.990	8491.500
714.193	8419.500
714.396	8421.500
714.599	8490.500
714.802	8393.500
715.005	8412.500
715.208	8377.500
715.411	8127.500
715.613	8116.500
715.816	7980.500
716.019	7701.500
716.222	7555.500
716.425	7397.500
716.628	7271.500
716.831	7104.500
717.034	6986.500
717.237	6862.500
717.440	6681.500
717.643	6739.500
717.845	6457.500
718.048	6309.500
718.251	6323.500
718.454	6271.500
718.657	6175.500
718.860	6120.500
719.063	6122.500
719.266	6143.500
719.469	6084.500
719.672	6082.500
719.875	6251.500
720.077	6347.500
720.280	6490.500
720.483	6708.500
720.686	6845.500
720.889	6829.500
721.092	6851.500
721.295	6877.500
721.498	6964.500
721.701	7081.500
721.904	7040.500
722.107	6984.500
722.309	6991.500
722.512	6903.500
722.715	6836.500
722.918	6665.500
723.121	6713.500
723.324	6748.500
723.527	6648.500
723.730	6580.500
723.933	6496.500
724.136	6413.500
724.339	6455.500
724.541	6366.500
724.744	6363.500
724.947	6434.500
725.150	6410.500
725.353	6297.500
725.556	6322.500
725.759	6383.500
725.962	6439.500
726.165	6263.500
726.368	6273.500
726.571	6312.500
726.773	6293.500
726.976	6243.500
727.179	6210.500
727.382	6311.500
727.585	6438.500
727.788	6358.500
727.991	6344.500
728.194	6301.500
728.397	6322.500
728.600	6302.500
728.803	6245.500
729.005	6296.500
729.208	6270.500
729.411	6285.500
729.614	6304.500
729.817	6303.500
730.020	6306.500
730.223	6312.500
730.426	6275.500
730.629	6319.500
730.832	6373.500
731.035	6461.500
731.237	6400.500
731.440	6459.500
731.643	6513.500
731.846	6676.500
732.049	6660.500
732.252	6674.500
732.455	6692.500
732.658	6665.500
732.861	6818.500
733.064	6929.500
733.267	6900.500
733.469	6936.500
733.672	6950.500
733.875	6960.500
734.078	6857.500
734.281	6866.500
734.484	6887.500
734.687	6994.500
734.890	6898.500
735.093	6845.500
735.296	6827.500
735.499	6871.500
735.701	6784.500
735.904	6759.500
736.107	6798.500
736.310	6897.500
736.513	6976.500
736.716	6942.500
736.919	6828.500
737.122	6921.500
737.325	6893.500
737.528	6764.500
737.731	6838.500
737.933	6890.500
738.136	6871.500
738.339	6755.500
738.542	6778.500
738.745	6739.500
738.948	6723.500
739.151	6722.500
739.354	6710.500
739.557	6741.500
739.760	6684.500
739.963	6694.500
740.165	6644.500
740.368	6599.500
740.571	6586.500
740.774	6654.500
740.977	6845.500
741.180	6775.500
741.383	6638.500
741.586	6703.500
741.789	6765.500
741.992	6760.500
742.195	6807.500
742.397	6914.500
742.600	6778.500
742.803	6705.500
743.006	6790.500
743.209	6677.500
743.412	6562.500
743.615	6674.500
743.818	6627.500
744.021	6577.500
744.224	6673.500
744.427	6626.500
744.629	6649.500
744.832	6627.500
745.035	6697.500
745.238	6634.500
745.441	6622.500
745.644	6609.500
745.847	6633.500
746.050	6662.500
746.253	6545.500
746.456	6509.500
746.659	6461.500
746.861	6449.500
747.064	6513.500
747.267	6477.500
747.470	6576.500
747.673	6541.500
747.876	6609.500
748.079	6570.500
748.282	6492.500
748.485	6421.500
748.688	6380.500
748.891	6400.500
749.093	6368.500
749.296	6344.500
749.499	6365.500
749.702	6335.500
749.905	6277.500
750.108	6293.500
750.311	6346.500
750.514	6360.500
750.717	6269.500
750.920	6299.500
751.123	6340.500
751.325	6287.500
751.528	6262.500
751.731	6239.500
751.934	6115.500
752.137	6109.500
752.340	6113.500
752.543	6259.500
752.746	6232.500
752.949	6072.500
753.152	6174.500
753.355	6081.500
753.557	6082.500
753.760	6202.500
753.963	6242.500
754.166	6131.500
754.369	6065.500
754.572	6031.500
754.775	6143.500
754.978	6178.500
755.181	6173.500
755.384	6078.500
755.587	5962.500
755.789	5938.500
755.992	5945.500
756.195	5955.500
756.398	5963.500
756.601	5979.500
756.804	5936.500
757.007	5815.500
757.210	5767.500
757.413	5807.500
757.616	5818.500
757.819	5779.500
758.021	5563.500
758.224	5235.500
758.427	4991.500
758.630	4624.500
758.833	4145.500
759.036	3764.500
759.239	3436.500
759.442	3254.500
759.645	2997.500
759.848	2779.500
760.051	2694.500
760.253	2668.500
760.456	2633.500
760.659	2623.500
760.862	2725.500
761.065	2728.500
761.268	2792.500
761.471	2684.500
761.674	2594.500
761.877	2458.500
762.080	2471.500
762.283	2539.500
762.485	2504.500
762.688	2527.500
762.891	2629.500
763.094	2709.500
763.297	2868.500
763.500	2956.500
763.706	2967.500
763.912	3086.500
764.118	3246.500
764.325	3245.500
764.531	3308.500
764.737	3410.500
764.943	3472.500
765.149	3648.500
765.355	3807.500
765.561	3889.500
765.768	4001.500
765.974	4149.500
766.180	4288.500
766.386	4272.500
766.592	4353.500
766.798	4513.500
767.004	4584.500
767.210	4651.500
767.417	4671.500
767.623	4648.500
767.829	4772.500
768.035	4918.500
768.241	4911.500
768.447	4932.500
768.653	4934.500
768.860	4981.500
769.066	4990.500
769.272	5065.500
769.478	5071.500
769.684	5078.500
769.890	5117.500
770.096	5106.500
770.303	5053.500
770.509	5077.500
770.715	5118.500
770.921	5034.500
771.127	5161.500
771.333	5098.500
771.539	5015.500
771.745	5136.500
771.952	5148.500
772.158	5169.500
772.364	5135.500
772.570	5186.500
772.776	5122.500
772.982	5003.500
773.188	5106.500
773.395	5067.500
773.601	5002.500
773.807	4974.500
774.013	5070.500
774.219	5040.500
774.425	5024.500
774.631	5044.500
774.838	4978.500
775.044	4981.500
775.250	5035.500
775.456	4945.500
775.662	4940.500
775.868	4978.500
776.074	4984.500
776.281	4974.500
776.487	4991.500
776.693	4943.500
776.899	4858.500
777.105	4873.500
777.311	4873.500
777.517	4814.500
777.723	4792.500
777.930	4840.500
778.136	4843.500
778.342	4845.500
778.548	4852.500
778.754	4806.500
778.960	4777.500
779.166	4841.500
779.373	4755.500
779.579	4738.500
779.785	4726.500
779.991	4676.500
780.197	4678.500
780.403	4741.500
780.609	4707.500
780.816	4706.500
781.022	4686.500
781.228	4696.500
781.434	4695.500
781.640	4738.500
781.846	4662.500
782.052	4684.500
782.259	4684.500
782.465	4668.500
782.671	4568.500
782.877	4521.500
783.083	4567.500
783.289	4537.500
783.495	4536.500
783.701	4541.500
783.908	4570.500
784.114	4536.500
784.320	4502.500
784.526	4385.500
784.732	4430.500
784.938	4503.500
785.144	4554.500
785.351	4488.500
785.557	4472.500
785.763	4429.500
785.969	4432.500
786.175	4393.500
786.381	4305.500
786.587	4368.500
786.794	4355.500
787.000	4383.500
787.206	4400.500
787.412	4371.500
787.618	4441.500
787.824	4356.500
788.030	4266.500
788.236	4221.500
788.443	4170.500
788.649	4214.500
788.855	4188.500
789.061	4153.500
789.267	4077.500
789.473	4088.500
789.679	4158.500
789.886	4133.500
790.092	4133.500
790.298	4069.500
790.504	3972.500
790.710	4006.500
790.916	4040.500
791.122	4026.500
791.329	3907.500
791.535	3861.500
791.741	3962.500
791.947	4030.500
792.153	3993.500
792.359	4008.500
792.565	3979.500
792.771	3935.500
792.978	3950.500
793.184	3898.500
793.390	3862.500
793.596	3911.500
793.802	3885.500
794.008	3818.500
794.214	3886.500
794.421	3919.500
794.627	3882.500
794.833	3838.500
795.039	3805.500
795.245	3855.500
795.451	3870.500
795.657	3773.500
795.864	3763.500
796.070	3836.500
796.276	3856.500
796.482	3823.500
796.688	3787.500
796.894	3701.500
797.100	3737.500
797.307	3725.500
797.513	3706.500
797.719	3729.500
797.925	3723.500
798.131	3768.500
798.337	3699.500
798.543	3648.500
798.749	3768.500
798.956	3725.500
799.162	3663.500
799.368	3673.500
799.574	3658.500
799.780	3633.500
799.986	3636.500
800.192	3702.500
800.399	3641.500
800.605	3534.500
800.811	3565.500
801.017	3559.500
801.223	3572.500
801.429	3514.500
801.635	3522.500
801.842	3544.500
802.048	3580.500
802.254	3566.500
802.460	3502.500
802.666	3459.500
802.872	3461.500
803.078	3464.500
803.285	3472.500
803.491	3417.500
803.697	3436.500
803.903	3401.500
804.109	3367.500
804.315	3421.500
804.521	3441.500
804.727	3403.500
804.934	3458.500
805.140	3496.500
805.346	3535.500
805.552	3515.500
805.758	3366.500
805.964	3429.500
806.170	3464.500
806.377	3386.500
806.583	3330.500
806.789	3347.500
806.995	3418.500
807.201	3351.500
807.407	3303.500
807.613	3323.500
807.820	3362.500
808.026	3304.500
808.232	3314.500
808.438	3291.500
808.644	3268.500
808.850	3172.500
809.056	3183.500
809.262	3240.500
809.469	3123.500
809.675	3094.500
809.881	3183.500
810.087	3230.500
810.293	3177.500
810.499	3193.500
810.705	3102.500
810.912	3054.500
811.118	3051.500
811.324	2951.500
811.530	2995.500
811.739	3077.500
811.947	3012.500
812.156	2933.500
812.365	2882.500
812.573	2864.500
812.782	2838.500
812.990	2797.500
813.199	2799.500
813.408	2757.500
813.616	2708.500
813.825	2624.500
814.034	2621.500
814.242	2617.500
814.451	2577.500
814.659	2491.500
814.868	2441.500
815.077	2406.500
815.285	2451.500
815.494	2412.500
815.703	2348.500
815.911	2329.500
816.120	2362.500
816.329	2284.500
816.537	2248.500
816.746	2306.500
816.954	2269.500
817.163	2268.500
817.372	2308.500
817.580	2292.500
817.789	2280.500
817.998	2359.500
818.206	2292.500
818.415	2250.500
818.624	2265.500
818.832	2278.500
819.041	2317.500
819.249	2368.500
819.458	2364.500
819.667	2460.500
819.875	2459.500
820.084	2441.500
820.293	2428.500
820.501	2420.500
820.710	2435.500
820.919	2414.500
821.127	2420.500
821.336	2354.500
821.544	2300.500
821.753	2250.500
821.962	2162.500
822.170	2203.500
822.379	2199.500
822.588	2222.500
822.796	2204.500
823.005	2176.500
823.213	2265.500
823.422	2353.500
823.631	2374.500
823.839	2324.500
824.048	2275.500
824.257	2313.500
824.465	2309.500
824.674	2323.500
824.883	2303.500
825.091	2321.500
825.300	2411.500
825.508	2447.500
825.717	2451.500
825.926	2433.500
826.134	2377.500
826.343	2337.500
826.552	2291.500
826.760	2323.500
826.969	2348.500
827.178	2265.500
827.386	2237.500
827.595	2240.500
827.803	2279.500
828.012	2295.500
828.221	2222.500
828.429	2183.500
828.638	2285.500
828.847	2253.500
829.055	2174.500
829.264	2201.500
829.472	2228.500
829.681	2246.500
829.890	2190.500
830.098	2072.500
830.307	2186.500
830.516	2209.500
830.724	2251.500
830.933	2189.500
831.142	2188.500
831.350	2236.500
831.559	2232.500
831.767	2165.500
831.976	2200.500
832.185	2197.500
832.393	2102.500
832.602	2178.500
832.811	2272.500
833.019	2224.500
833.228	2155.500
833.437	2164.500
833.645	2197.500
833.854	2207.500
834.062	2200.500
834.271	2157.500
834.480	2209.500
834.688	2229.500
834.897	2202.500
835.106	2240.500
835.314	2273.500
835.523	2301.500
835.731	2199.500
835.940	2174.500
836.149	2266.500
836.357	2318.500
836.566	2305.500
836.775	2284.500
836.983	2239.500
837.192	2247.500
837.401	2220.500
837.609	2209.500
837.818	2255.500
838.026	2224.500
838.235	2171.500
838.444	2245.500
838.652	2231.500
838.861	2257.500
839.070	2202.500
839.278	2219.500
839.487	2219.500
839.696	2259.500
839.904	2240.500
840.113	2233.500
840.321	2266.500
840.530	2206.500
840.739	2185.500
840.947	2183.500
841.156	2159.500
841.365	2166.500
841.573	2186.500
841.782	2172.500
841.991	2231.500
842.199	2200.500
842.408	2132.500
842.616	2142.500
842.825	2107.500
843.034	2095.500
843.242	2139.500
843.451	2190.500
843.660	2215.500
843.868	2122.500
844.077	2120.500
844.285	2113.500
844.494	2132.500
844.703	2119.500
844.911	2087.500
845.120	2041.500
845.329	2086.500
845.537	2107.500
845.746	2088.500
845.955	2134.500
846.163	2153.500
846.372	2093.500
846.580	2055.500
846.789	2091.500
846.998	2075.500
847.206	2080.500
847.415	2072.500
847.624	2039.500
847.832	2062.500
848.041	2145.500
848.250	2092.500
848.458	2007.500
848.667	1976.500
848.875	1955.500
849.084	1854.500
849.293	1895.500
849.501	1956.500
849.710	1886.500
849.919	1950.500
850.127	1960.500
850.336	1941.500
850.544	1984.500
850.753	1968.500
850.962	1955.500
851.170	1956.500
851.379	1927.500
851.588	1910.500
851.796	1941.500
852.005	1930.500
852.214	1900.500
852.422	1843.500
852.631	1812.500
852.839	1807.500
853.048	1772.500
853.257	1689.500
853.465	1674.500
853.674	1701.500
853.883	1708.500
854.091	1721.500
854.300	1720.500
854.509	1706.500
854.717	1743.500
854.926	1691.500
855.134	1689.500
855.343	1697.500
855.552	1699.500
855.760	1738.500
855.969	1757.500
856.178	1760.500
856.386	1810.500
856.595	1845.500
856.803	1764.500
857.012	1693.500
857.221	1702.500
857.429	1756.500
857.638	1817.500
857.847	1852.500
858.055	1826.500
858.264	1764.500
858.473	1791.500
858.681	1787.500
858.890	1704.500
859.098	1728.500
859.307	1778.500
859.516	1795.500
859.724	1733.500
859.933	1726.500
860.142	1731.500
860.350	1674.500
860.559	1657.500
860.768	1699.500
860.976	1669.500
861.185	1646.500
861.393	1663.500
861.602	1693.500
861.811	1744.500
862.019	1728.500
862.228	1712.500
862.437	1752.500
862.645	1717.500
862.854	1651.500
863.062	1585.500
863.271	1617.500
863.480	1685.500
863.688	1662.500
863.897	1638.500
864.106	1582.500
864.314	1519.500
864.523	1552.500
864.732	1536.500
864.940	1513.500
865.149	1442.500
865.357	1446.500
865.566	1428.500
865.775	1480.500
865.983	1502.500
866.192	1508.500
866.401	1471.500
866.609	1449.500
866.818	1446.500
867.027	1455.500
867.235	1513.500
867.444	1466.500
867.652	1418.500
867.861	1470.500
868.070	1487.500
868.278	1466.500
868.487	1475.500
868.696	1477.500
868.904	1453.500
869.113	1397.500
869.321	1438.500
869.530	1478.500
869.739	1461.500
869.947	1435.500
870.156	1424.500
870.365	1441.500
870.573	1418.500
870.782	1353.500
870.991	1361.500
871.199	1386.500
871.408	1365.500
871.616	1349.500
871.825	1357.500
872.034	1377.500
872.242	1379.500
872.451	1399.500
872.660	1441.500
872.868	1426.500
873.077	1399.500
873.286	1366.500
873.494	1348.500
873.703	1347.500
873.911	1354.500
874.120	1322.500
874.329	1327.500
874.537	1329.500
874.746	1278.500
874.955	1251.500
875.163	1250.500
875.372	1230.500
875.581	1231.500
875.789	1253.500
875.998	1257.500
876.206	1245.500
876.415	1214.500
876.624	1234.500
876.832	1251.500
877.041	1260.500
877.250	1268.500
877.458	1241.500
877.667	1209.500
877.875	1234.500
878.084	1261.500
878.293	1233.500
878.501	1200.500
878.710	1215.500
878.919	1246.500
879.127	1223.500
879.336	1176.500
879.545	1178.500
879.753	1189.500
879.962	1199.500
880.170	1163.500
880.379	1215.500
880.588	1193.500
880.796	1207.500
881.005	1159.500
881.214	1162.500
881.422	1200.500
881.631	1173.500
881.840	1216.500
882.048	1192.500
882.257	1170.500
882.465	1223.500
882.674	1177.500
882.883	1137.500
883.091	1118.500
883.300	1092.500
883.509	1096.500
883.717	1112.500
883.926	1150.500
884.134	1206.500
884.343	1161.500
884.552	1148.500
884.760	1189.500
884.969	1155.500
885.178	1094.500
885.386	1105.500
885.595	1165.500
885.804	1065.500
886.012	1061.500
886.221	1041.500
886.429	1054.500
886.638	1081.500
886.847	1076.500
887.055	1073.500
887.264	1054.500
887.473	1028.500
887.681	1070.500
887.890	1097.500
888.099	1075.500
888.307	1067.500
888.516	1068.500
888.724	1088.500
888.933	1113.500
889.142	1063.500
889.350	978.500
889.559	979.500
889.768	990.500
889.976	973.500
890.185	949.500
890.393	1025.500
890.602	1047.500
890.811	1013.500
891.019	1042.500
891.228	1033.500
891.437	1004.500
891.645	1006.500
891.854	988.500
892.063	993.500
892.271	984.500
892.480	1006.500
892.688	945.500
892.897	901.500
893.106	942.500
893.314	970.500
893.523	896.500
893.732	879.500
893.940	901.500
894.149	925.500
894.358	903.500
894.566	878.500
894.775	874.500
894.983	864.500
895.192	828.500
895.401	828.500
895.609	842.500
895.818	780.500
896.027	722.500
896.235	763.500
896.444	784.500
896.652	760.500
896.861	777.500
897.070	792.500
897.278	735.500
897.487	717.500
897.696	731.500
897.904	715.500
898.113	681.500
898.322	625.500
898.530	657.500
898.739	745.500
898.947	691.500
899.156	632.500
899.365	682.500
899.573	732.500
899.782	685.500
899.991	643.500
900.199	659.500
900.408	706.500
900.617	659.500
900.825	643.500
901.034	646.500
901.242	656.500
901.451	680.500
901.660	649.500
901.868	647.500
902.077	665.500
902.286	711.500
902.494	762.500
902.703	764.500
902.911	776.500
903.120	782.500
903.329	780.500
903.537	816.500
903.746	771.500
903.955	711.500
904.163	709.500
904.372	714.500
904.581	733.500
904.789	754.500
904.998	777.500
905.206	753.500
905.415	714.500
905.624	696.500
905.832	701.500
906.041	676.500
906.250	714.500
906.458	680.500
906.667	681.500
906.876	638.500
907.084	618.500
907.293	655.500
907.501	684.500
907.710	655.500
907.919	639.500
908.127	638.500
908.336	642.500
908.545	628.500
908.753	646.500
908.962	622.500
909.170	645.500
909.379	602.500
909.588	633.500
909.796	601.500
910.005	576.500
910.214	570.500
910.422	614.500
910.631	585.500
910.840	579.500
911.048	674.500
911.257	622.500
911.465	579.500
911.674	616.500
911.883	586.500
912.091	583.500
912.300	551.500
912.508	551.500
912.716	562.500
912.924	573.500
913.132	596.500
913.340	558.500
913.549	581.500
913.757	599.500
913.965	549.500
914.173	507.500
914.381	535.500
914.589	557.500
914.797	535.500
915.005	551.500
915.213	578.500
915.421	511.500
915.629	482.500
915.838	506.500
916.046	529.500
916.254	538.500
916.462	559.500
916.670	513.500
916.878	485.500
917.086	517.500
917.294	561.500
917.502	587.500
917.710	599.500
917.919	548.500
918.127	539.500
918.335	572.500
918.543	577.500
918.751	566.500
918.959	588.500
919.167	573.500
919.375	499.500
919.583	550.500
919.791	633.500
919.999	599.500
920.208	603.500
920.416	580.500
920.624	584.500
920.832	584.500
921.040	559.500
921.248	563.500
921.456	561.500
921.664	539.500
921.872	532.500
922.080	555.500
922.288	529.500
922.497	562.500
922.705	588.500
922.913	592.500
923.121	561.500
923.329	560.500
923.537	554.500
923.745	536.500
923.953	500.500
924.161	495.500
924.369	534.500
924.578	542.500
924.786	493.500
924.994	490.500
925.202	490.500
925.410	479.500
925.618	501.500
925.826	499.500
926.034	502.500
926.242	509.500
926.450	502.500
926.658	479.500
926.867	439.500
927.075	472.500
927.283	469.500
927.491	415.500
927.699	397.500
927.907	385.500
928.115	421.500
928.323	397.500
928.531	403.500
928.739	338.500
928.947	347.500
929.156	368.500
929.364	356.500
929.572	347.500
929.780	307.500
929.988	261.500
930.196	242.500
930.404	271.500
930.612	321.500
930.820	283.500
931.028	274.500
931.236	271.500
931.445	201.500
931.653	176.500
931.861	188.500
932.069	163.500
932.277	179.500
932.485	225.500
932.693	224.500
932.901	216.500
933.109	150.500
933.317	144.500
933.526	178.500
933.734	189.500
933.942	150.500
934.150	150.500
934.358	120.500
934.566	154.500
934.774	141.500
934.982	168.500
935.190	165.500
935.398	141.500
935.606	92.500
935.815	100.500
936.023	96.500
936.231	116.500
936.439	124.500
936.647	120.500
936.855	138.500
937.063	165.500
937.271	150.500
937.479	163.500
937.687	181.500
937.895	181.500
938.104	188.500
938.312	178.500
938.520	175.500
938.728	165.500
938.936	210.500
939.144	220.500
939.352	164.500
939.560	173.500
939.768	183.500
939.976	170.500
940.185	195.500
940.393	183.500
940.601	159.500
940.809	174.500
941.017	161.500
941.225	132.500
941.433	149.500
941.641	170.500
941.849	148.500
942.057	130.500
942.265	112.500
942.474	121.500
942.682	152.500
942.890	158.500
943.098	175.500
943.306	150.500
943.514	143.500
943.722	139.500
943.930	113.500
944.138	108.500
944.346	145.500
944.554	143.500
944.763	119.500
944.971	152.500
945.179	149.500
945.387	163.500
945.595	151.500
945.803	141.500
946.011	156.500
946.219	145.500
946.427	141.500
946.635	122.500
946.843	136.500
947.052	172.500
947.260	173.500
947.468	151.500
947.676	119.500
947.884	116.500
948.092	105.500
948.300	122.500
948.508	111.500
948.716	138.500
948.924	122.500
949.133	130.500
949.341	172.500
949.549	192.500
949.757	132.500
949.965	143.500
950.173	134.500
950.381	178.500
950.589	160.500
950.797	154.500
951.005	178.500
951.213	185.500
951.422	155.500
951.630	137.500
951.838	125.500
952.046	178.500
952.254	141.500
952.462	105.500
952.670	129.500
952.878	119.500
953.086	153.500
953.294	189.500
953.502	169.500
953.711	149.500
953.919	150.500
954.127	129.500
954.335	129.500
954.543	130.500
954.751	185.500
954.959	170.500
955.167	126.500
955.375	121.500
955.583	137.500
955.792	144.500
956.000	155.500
956.208	172.500
956.416	167.500
956.624	155.500
956.832	138.500
957.040	159.500
957.248	170.500
957.456	177.500
957.664	138.500
957.872	133.500
958.081	150.500
958.289	184.500
958.497	158.500
958.705	146.500
958.913	150.500
959.121	130.500
959.329	125.500
959.537	143.500
959.745	167.500
959.953	159.500
960.161	126.500
960.370	127.500
960.578	157.500
960.786	175.500
960.994	170.500
961.202	186.500
961.410	183.500
961.618	151.500
961.826	102.500
962.034	151.500
962.242	172.500
962.451	126.500
962.659	137.500
962.867	165.500
963.075	177.500
963.283	160.500
963.491	136.500
963.699	130.500
963.907	168.500
964.115	148.500
964.323	139.500
964.531	153.500
964.740	161.500
964.948	168.500
965.156	141.500
965.364	154.500
965.572	160.500
965.780	132.500
965.999	134.500
966.218	151.500
966.438	156.500
966.657	138.500
966.876	166.500
967.095	113.500
967.315	126.500
967.534	196.500
967.753	181.500
967.972	182.500
968.192	184.500
968.411	182.500
968.630	125.500
968.849	133.500
969.068	209.500
969.288	196.500
969.507	164.500
969.726	203.500
969.945	210.500
970.165	169.500
970.384	167.500
970.603	182.500
970.822	183.500
971.042	194.500
971.261	190.500
971.480	209.500
971.699	179.500
971.919	152.500
972.138	135.500
972.357	96.500
972.576	97.500
972.795	102.500
973.015	103.500
973.234	147.500
973.453	153.500
973.672	155.500
973.892	175.500
974.111	193.500
974.330	173.500
974.549	174.500
974.769	163.500
974.988	162.500
975.207	113.500
975.426	129.500
975.646	154.500
975.865	141.500
976.084	116.500
976.303	117.500
976.522	121.500
976.742	168.500
976.961	167.500
977.180	164.500
977.399	143.500
977.619	134.500
977.838	127.500
978.057	126.500
978.276	149.500
978.496	152.500
978.715	166.500
978.934	155.500
979.153	85.500
979.372	100.500
979.592	126.500
979.811	157.500
980.030	144.500
980.249	118.500
980.469	143.500
980.688	127.500
980.907	98.500
981.126	119.500
981.346	155.500
981.565	134.500
981.784	133.500
982.003	150.500
982.223	185.500
982.442	191.500
982.661	157.500
982.880	118.500
983.099	158.500
983.319	132.500
983.538	119.500
983.757	124.500
983.976	180.500
984.196	220.500
984.415	196.500
984.634	157.500
984.853	151.500
985.073	134.500
985.292	113.500
985.511	98.500
985.730	121.500
985.949	141.500
986.169	119.500
986.388	119.500
986.607	127.500
986.826	121.500
987.046	129.500
987.265	143.500
987.484	138.500
987.703	102.500
987.923	115.500
988.142	160.500
988.361	127.500
988.580	154.500
988.800	154.500
989.019	154.500
989.238	126.500
989.457	135.500
989.676	150.500
989.896	122.500
990.115	92.500
990.334	120.500
990.553	107.500
990.773	85.500
990.992	75.500
991.211	122.500
991.430	116.500
991.650	97.500
991.869	119.500
992.088	121.500
992.307	121.500
992.527	124.500
992.746	137.500
992.965	115.500
993.184	99.500
993.403	98.500
993.623	81.500
993.842	62.500
994.061	90.500
994.280	102.500
994.500	76.500
994.719	77.500
994.938	104.500
995.157	93.500
995.377	86.500
995.596	83.500
995.815	82.500
996.034	104.500
996.253	65.500
996.473	52.500
996.692	109.500
996.911	80.500
997.130	96.500
997.350	78.500
997.569	123.500
997.788	135.500
998.007	83.500
998.227	104.500
998.446	107.500
998.665	94.500
998.884	88.500
999.104	112.500
999.323	115.500
999.542	101.500
999.761	109.500
999.980	105.500
1000.200	71.500
1000.419	80.500
1000.638	124.500
1000.857	135.500
1001.077	96.500
1001.296	120.500
1001.515	102.500
1001.734	114.500
1001.954	74.500
1002.173	84.500
1002.392	92.500
1002.611	91.500
1002.830	116.500
1003.050	118.500
1003.269	93.500
1003.488	137.500
1003.707	103.500
1003.927	91.500
1004.146	77.500
1004.365	56.500
1004.584	56.500
1004.804	54.500
1005.023	63.500
1005.242	48.500
1005.461	65.500
1005.681	113.500
1005.900	100.500
1006.119	101.500
1006.338	71.500
1006.557	46.500
1006.777	38.500
1006.996	59.500
1007.215	78.500
1007.434	82.500
1007.654	98.500
1007.873	90.500
1008.092	96.500
1008.311	88.500
1008.531	47.500
1008.750	58.500
1008.969	68.500
1009.188	91.500
1009.407	143.500
1009.627	127.500
1009.846	66.500
1010.065	73.500
1010.284	73.500
1010.504	45.500
1010.723	47.500
1010.942	64.500
1011.161	101.500
1011.381	85.500
1011.600	89.500
1011.819	91.500
1012.038	99.500
1012.258	50.500
1012.477	58.500
1012.696	75.500
1012.915	88.500
1013.134	94.500
1013.354	105.500
1013.573	89.500
1013.792	69.500
1014.011	67.500
1014.231	81.500
1014.450	89.500
1014.669	66.500
1014.888	61.500
1015.108	81.500
1015.327	79.500
1015.546	48.500
1015.765	85.500
1015.984	57.500
1016.204	73.500
1016.423	114.500
1016.642	123.500
1016.861	52.500
1017.081	62.500
1017.300	64.500
1017.519	43.500
