296.912	226.000
297.101	160.000
297.290	142.000
297.479	170.000
297.668	69.000
297.858	124.000
298.047	183.000
298.236	165.000
298.425	194.000
298.614	151.000
298.803	90.000
298.992	127.000
299.181	151.000
299.370	143.000
299.559	167.000
299.748	217.000
299.937	233.000
300.126	227.000
300.315	134.000
300.504	127.000
300.693	133.000
300.882	163.000
301.071	176.000
301.260	152.000
301.449	84.000
301.638	107.000
301.827	126.000
302.016	182.000
302.205	183.000
302.395	166.000
302.584	153.000
302.773	148.000
302.962	173.000
303.151	114.000
303.340	68.000
303.529	38.000
303.718	69.000
303.907	180.000
304.096	190.000
304.285	158.000
304.474	138.000
304.663	130.000
304.852	119.000
305.041	199.000
305.230	173.000
305.419	124.000
305.608	170.000
305.797	164.000
305.986	139.000
306.175	98.000
306.364	84.000
306.553	137.000
306.743	165.000
306.932	135.000
307.121	170.000
307.310	142.000
307.499	145.000
307.688	130.000
307.877	158.000
308.066	137.000
308.255	137.000
308.444	193.000
308.633	141.000
308.822	91.000
309.011	106.000
309.200	149.000
309.389	176.000
309.578	124.000
309.767	169.000
309.956	189.000
310.145	109.000
310.334	106.000
310.523	157.000
310.712	103.000
310.901	36.000
311.091	160.000
311.280	206.000
311.469	119.000
311.658	233.000
311.847	160.000
312.036	88.000
312.225	132.000
312.414	114.000
312.603	54.000
312.792	160.000
312.981	224.000
313.170	119.000
313.349	54.000
313.527	111.000
313.706	160.000
313.884	114.000
314.063	108.000
314.241	169.000
314.420	257.000
314.598	207.000
314.777	186.000
314.955	115.000
315.134	98.000
315.312	96.000
315.491	94.000
315.669	116.000
315.848	163.000
316.027	162.000
316.205	165.000
316.384	114.000
316.562	154.000
316.741	124.000
316.919	115.000
317.098	126.000
317.276	102.000
317.455	94.000
317.633	130.000
317.812	188.000
317.990	158.000
318.169	199.000
318.347	174.000
318.526	193.000
318.705	143.000
318.883	94.000
319.062	119.000
319.240	142.000
319.419	104.000
319.597	138.000
319.776	217.000
319.954	147.000
320.133	91.000
320.311	135.000
320.490	217.000
320.668	194.000
320.847	75.000
321.025	108.000
321.204	199.000
321.382	137.000
321.561	84.000
321.740	133.000
321.918	156.000
322.097	164.000
322.275	155.000
322.454	138.000
322.632	119.000
322.811	147.000
322.989	78.000
323.168	94.000
323.346	143.000
323.525	107.000
323.703	58.000
323.882	102.000
324.060	140.000
324.239	197.000
324.418	185.000
324.596	182.000
324.775	123.000
324.953	73.000
325.132	165.000
325.310	220.000
325.489	141.000
325.667	173.000
325.846	144.000
326.024	161.000
326.203	149.000
326.381	88.000
326.560	194.000
326.738	129.000
326.917	89.000
327.096	128.000
327.274	205.000
327.453	191.000
327.631	73.000
327.810	102.000
327.988	71.000
328.167	110.000
328.345	109.000
328.524	120.000
328.702	97.000
328.881	114.000
329.059	101.000
329.238	54.000
329.416	115.000
329.595	78.000
329.774	132.000
329.952	168.000
330.131	142.000
330.309	202.000
330.488	194.000
330.666	169.000
330.845	98.000
331.023	101.000
331.202	84.000
331.380	106.000
331.559	157.000
331.737	167.000
331.916	117.000
332.094	144.000
332.273	170.000
332.452	133.000
332.630	153.000
332.809	228.000
332.987	163.000
333.166	164.000
333.344	182.000
333.523	182.000
333.701	161.000
333.880	153.000
334.058	173.000
334.237	172.000
334.415	155.000
334.594	158.000
334.772	102.000
334.951	85.000
335.129	88.000
335.308	157.000
335.487	197.000
335.665	184.000
335.844	277.000
336.022	266.000
336.201	205.000
336.379	174.000
336.558	144.000
336.736	151.000
336.915	156.000
337.093	190.000
337.272	157.000
337.450	112.000
337.629	106.000
337.807	120.000
337.986	158.000
338.165	179.000
338.343	163.000
338.522	203.000
338.700	188.000
338.879	119.000
339.057	181.000
339.236	236.000
339.414	189.000
339.593	136.000
339.771	171.000
339.950	232.000
340.128	143.000
340.307	117.000
340.485	141.000
340.664	154.000
340.843	173.000
341.021	147.000
341.200	152.000
341.378	184.000
341.557	201.000
341.735	176.000
341.914	94.000
342.092	129.000
342.271	155.000
342.449	161.000
342.628	120.000
342.806	140.000
342.985	262.000
343.163	251.000
343.342	179.000
343.521	115.000
343.699	105.000
343.878	110.000
344.056	139.000
344.235	132.000
344.413	153.000
344.592	207.000
344.770	130.000
344.949	137.000
345.127	133.000
345.306	162.000
345.484	87.000
345.663	127.000
345.841	221.000
346.020	189.000
346.199	139.000
346.377	126.000
346.556	213.000
346.734	220.000
346.913	85.000
347.091	101.000
347.270	197.000
347.448	125.000
347.627	107.000
347.805	170.000
347.984	150.000
348.162	134.000
348.341	175.000
348.519	166.000
348.698	143.000
348.876	106.000
349.055	107.000
349.234	170.000
349.412	180.000
349.591	87.000
349.769	59.000
349.948	197.000
350.126	255.000
350.305	242.000
350.483	200.000
350.662	135.000
350.840	125.000
351.019	149.000
351.197	224.000
351.376	224.000
351.554	160.000
351.733	128.000
351.912	190.000
352.090	216.000
352.269	161.000
352.447	156.000
352.626	169.000
352.804	188.000
352.983	112.000
353.161	114.000
353.340	142.000
353.518	114.000
353.697	154.000
353.875	161.000
354.054	161.000
354.232	180.000
354.411	194.000
354.590	178.000
354.768	191.000
354.947	151.000
355.125	116.000
355.304	118.000
355.482	87.000
355.661	132.000
355.839	171.000
356.018	163.000
356.196	128.000
356.375	37.000
356.553	143.000
356.732	171.000
356.910	129.000
357.089	146.000
357.268	149.000
357.446	200.000
357.625	168.000
357.803	115.000
357.982	145.000
358.160	150.000
358.339	161.000
358.517	152.000
358.696	143.000
358.874	112.000
359.053	83.000
359.231	27.000
359.410	76.000
359.588	140.000
359.767	209.000
359.945	196.000
360.124	110.000
360.303	125.000
360.481	116.000
360.660	119.000
360.838	193.000
361.017	173.000
361.195	76.000
361.374	103.000
361.552	151.000
361.731	183.000
361.909	200.000
362.088	125.000
362.266	135.000
362.445	129.000
362.623	143.000
362.802	165.000
362.981	152.000
363.159	184.000
363.338	163.000
363.516	182.000
363.695	171.000
363.873	172.000
364.052	142.000
364.230	185.000
364.409	122.000
364.587	179.000
364.766	149.000
364.944	143.000
365.123	186.000
365.301	188.000
365.480	180.000
365.660	138.000
365.839	152.000
366.019	243.000
366.199	220.000
366.379	148.000
366.558	148.000
366.738	199.000
366.918	149.000
367.098	93.000
367.277	112.000
367.457	147.000
367.637	162.000
367.816	170.000
367.996	202.000
368.176	155.000
368.356	178.000
368.535	167.000
368.715	239.000
368.895	211.000
369.075	159.000
369.254	138.000
369.434	215.000
369.614	213.000
369.793	138.000
369.973	185.000
370.153	198.000
370.333	167.000
370.512	147.000
370.692	200.000
370.872	185.000
371.051	195.000
371.231	287.000
371.411	239.000
371.591	135.000
371.770	202.000
371.950	266.000
372.130	189.000
372.310	94.000
372.489	147.000
372.669	176.000
372.849	187.000
373.028	220.000
373.208	182.000
373.388	147.000
373.568	197.000
373.747	232.000
373.927	212.000
374.107	171.000
374.287	199.000
374.466	159.000
374.646	188.000
374.826	160.000
375.005	124.000
375.185	214.000
375.365	306.000
375.545	277.000
375.724	203.000
375.904	189.000
376.084	133.000
376.263	113.000
376.443	173.000
376.623	202.000
376.803	177.000
376.982	180.000
377.162	151.000
377.342	183.000
377.522	262.000
377.701	233.000
377.881	216.000
378.061	255.000
378.240	185.000
378.420	146.000
378.600	147.000
378.780	239.000
378.959	199.000
379.139	183.000
379.319	231.000
379.499	266.000
379.678	208.000
379.858	254.000
380.038	201.000
380.217	184.000
380.397	134.000
380.577	187.000
380.757	236.000
380.936	261.000
381.116	200.000
381.296	160.000
381.476	196.000
381.655	192.000
381.835	265.000
382.015	165.000
382.194	194.000
382.374	250.000
382.554	206.000
382.734	192.000
382.913	225.000
383.093	269.000
383.273	191.000
383.452	219.000
383.632	190.000
383.812	183.000
383.992	199.000
384.171	194.000
384.351	204.000
384.531	200.000
384.711	183.000
384.890	126.000
385.070	124.000
385.250	165.000
385.429	192.000
385.609	150.000
385.789	175.000
385.969	190.000
386.148	114.000
386.328	144.000
386.508	149.000
386.688	148.000
386.867	175.000
387.047	218.000
387.227	216.000
387.406	204.000
387.586	175.000
387.766	198.000
387.946	201.000
388.125	193.000
388.305	173.000
388.485	177.000
388.664	214.000
388.844	142.000
389.024	96.000
389.204	145.000
389.383	188.000
389.563	253.000
389.743	212.000
389.923	179.000
390.102	160.000
390.282	170.000
390.462	191.000
390.641	135.000
390.821	110.000
391.001	181.000
391.181	212.000
391.360	248.000
391.540	249.000
391.720	217.000
391.900	189.000
392.079	152.000
392.259	190.000
392.439	227.000
392.618	234.000
392.798	191.000
392.978	160.000
393.158	164.000
393.337	225.000
393.517	246.000
393.697	254.000
393.877	302.000
394.056	307.000
394.236	311.000
394.416	221.000
394.595	210.000
394.775	244.000
394.955	218.000
395.135	222.000
395.314	226.000
395.494	312.000
395.674	268.000
395.853	167.000
396.033	222.000
396.213	300.000
396.393	243.000
396.572	206.000
396.752	196.000
396.932	298.000
397.112	285.000
397.291	283.000
397.471	228.000
397.651	119.000
397.830	116.000
398.010	193.000
398.190	193.000
398.370	176.000
398.549	261.000
398.729	278.000
398.909	192.000
399.089	170.000
399.268	263.000
399.448	329.000
399.628	339.000
399.807	300.000
399.987	288.000
400.167	262.000
400.347	304.000
400.526	349.000
400.706	262.000
400.886	261.000
401.065	243.000
401.245	260.000
401.425	316.000
401.605	311.000
401.784	286.000
401.964	327.000
402.144	349.000
402.324	310.000
402.503	288.000
402.683	263.000
402.863	288.000
403.042	303.000
403.222	305.000
403.402	387.000
403.582	415.000
403.761	347.000
403.941	399.000
404.121	289.000
404.301	284.000
404.480	412.000
404.660	467.000
404.844	520.000
405.029	475.000
405.213	420.000
405.398	436.000
405.582	471.000
405.767	458.000
405.951	439.000
406.136	517.000
406.320	546.000
406.505	603.000
406.689	695.000
406.874	706.000
407.058	723.000
407.243	678.000
407.427	678.000
407.612	741.000
407.796	812.000
407.981	840.000
408.165	896.000
408.350	999.000
408.534	972.000
408.719	1024.000
408.903	1133.000
409.088	1234.000
409.272	1242.000
409.457	1302.000
409.641	1399.000
409.826	1526.000
410.010	1682.000
410.195	1740.000
410.379	1879.000
410.564	2092.000
410.748	2248.000
410.933	2329.000
411.117	2548.000
411.302	2685.000
411.486	2814.000
411.671	2999.000
411.855	3019.000
412.040	3183.000
412.224	3307.000
412.409	3422.000
412.593	3684.000
412.778	3818.000
412.962	3971.000
413.147	4244.000
413.331	4556.000
413.516	4588.000
413.700	4666.000
413.885	4913.000
414.069	5031.000
414.254	5178.000
414.438	5357.000
414.623	5581.000
414.807	5739.000
414.992	5855.000
415.176	5988.000
415.361	6321.000
415.545	6640.000
415.730	6743.000
415.914	6883.000
416.099	7236.000
416.283	7227.000
416.468	7296.000
416.652	7372.000
416.837	7451.000
417.021	7607.000
417.206	7662.000
417.390	7663.000
417.575	7974.000
417.759	8137.000
417.944	8168.000
418.128	8441.000
418.313	8668.000
418.497	8876.000
418.682	9026.000
418.866	9121.000
419.051	9128.000
419.235	9171.000
419.420	9434.000
419.604	9599.000
419.789	9664.000
419.973	9902.000
420.158	10191.000
420.342	10346.000
420.527	10512.000
420.711	10650.000
420.896	10893.000
421.080	11082.000
421.265	11024.000
421.449	10919.000
421.634	10890.000
421.818	10926.000
422.003	10926.000
422.187	10916.000
422.372	10952.000
422.556	11033.000
422.741	11052.000
422.925	11318.000
423.110	11464.000
423.294	11615.000
423.479	11605.000
423.663	11755.000
423.848	11927.000
424.032	11932.000
424.217	12034.000
424.401	12049.000
424.586	12136.000
424.770	12023.000
424.955	12218.000
425.139	12390.000
425.324	12321.000
425.508	12341.000
425.693	12431.000
425.877	12513.000
426.062	12523.000
426.246	12505.000
426.431	12332.000
426.615	12372.000
426.800	12369.000
426.984	12327.000
427.169	12379.000
427.353	12624.000
427.538	12626.000
427.722	12473.000
427.907	12461.000
428.091	12643.000
428.276	12817.000
428.460	12528.000
428.645	12240.000
428.829	12000.000
429.014	11884.000
429.198	11718.000
429.383	11396.000
429.567	11007.000
429.752	10638.000
429.936	10401.000
430.121	10212.000
430.305	10360.000
430.490	10634.000
430.674	11089.000
430.859	11586.000
431.043	12044.000
431.228	12578.000
431.412	12878.000
431.597	12820.000
431.781	13180.000
431.966	13373.000
432.150	13369.000
432.335	13560.000
432.519	13829.000
432.704	13953.000
432.888	14051.000
433.073	13761.000
433.257	13448.000
433.442	13438.000
433.626	13462.000
433.811	13569.000
433.995	13575.000
434.180	13739.000
434.364	14007.000
434.549	14218.000
434.733	14380.000
434.918	14463.000
435.102	14581.000
435.287	14765.000
435.471	14954.000
435.656	15112.000
435.840	15408.000
436.030	15547.000
436.219	15297.000
436.409	15391.000
436.599	15278.000
436.789	15120.000
436.978	15100.000
437.168	14888.000
437.358	14708.000
437.548	14523.000
437.737	14413.000
437.927	14374.000
438.117	14439.000
438.306	14460.000
438.496	14428.000
438.686	14546.000
438.876	14827.000
439.065	14961.000
439.255	14967.000
439.445	15010.000
439.634	15003.000
439.824	15045.000
440.014	15266.000
440.204	15430.000
440.393	15367.000
440.583	15659.000
440.773	15933.000
440.963	16306.000
441.152	16409.000
441.342	16476.000
441.532	16727.000
441.721	16728.000
441.911	16868.000
442.101	16972.000
442.291	17107.000
442.480	17222.000
442.670	17164.000
442.860	17161.000
443.050	17198.000
443.239	17195.000
443.429	17353.000
443.619	17379.000
443.808	17383.000
443.998	17550.000
444.188	17731.000
444.378	17722.000
444.567	17630.000
444.757	17631.000
444.947	17542.000
445.137	17384.000
445.326	17293.000
445.516	17335.000
445.706	17296.000
445.895	17338.000
446.085	17582.000
446.275	17808.000
446.465	17980.000
446.654	18182.000
446.844	18425.000
447.034	18461.000
447.223	18677.000
447.413	18886.000
447.603	18864.000
447.793	18893.000
447.982	18898.000
448.172	18919.000
448.362	18950.000
448.552	18946.000
448.741	19041.000
448.931	19004.000
449.121	18988.000
449.310	19178.000
449.500	19356.000
449.690	19605.000
449.880	19747.000
450.069	19934.000
450.259	20064.000
450.449	20143.000
450.639	20182.000
450.828	20248.000
451.018	20121.000
451.208	20003.000
451.397	20027.000
451.587	19891.000
451.777	19825.000
451.967	19706.000
452.156	19535.000
452.346	19189.000
452.536	19077.000
452.725	18906.000
452.915	18789.000
453.105	18595.000
453.295	18802.000
453.484	18932.000
453.674	18957.000
453.864	18944.000
454.054	18979.000
454.243	19018.000
454.433	18979.000
454.623	18881.000
454.812	18714.000
455.002	18778.000
455.192	18999.000
455.382	19094.000
455.571	19013.000
455.761	19077.000
455.951	19406.000
456.141	19520.000
456.330	19377.000
456.520	19395.000
456.710	19542.000
456.899	19742.000
457.089	19555.000
457.279	19573.000
457.469	19473.000
457.658	19326.000
457.848	19196.000
458.038	19214.000
458.228	19127.000
458.417	19130.000
458.607	18964.000
458.797	18925.000
458.986	19095.000
459.176	18971.000
459.366	18797.000
459.556	18741.000
459.745	18786.000
459.935	18749.000
460.125	18875.000
460.314	18908.000
460.504	19020.000
460.694	19057.000
460.884	19224.000
461.073	19272.000
461.263	19251.000
461.453	19374.000
461.643	19290.000
461.832	19226.000
462.022	19296.000
462.212	19282.000
462.401	19257.000
462.591	19380.000
462.781	19332.000
462.971	19385.000
463.160	19167.000
463.350	19039.000
463.540	19076.000
463.730	19194.000
463.919	18946.000
464.109	18786.000
464.299	18770.000
464.488	18683.000
464.678	18655.000
464.868	18727.000
465.058	18805.000
465.247	18861.000
465.437	18710.000
465.627	18794.000
465.816	18769.000
466.006	18591.000
466.196	18432.000
466.386	18268.000
466.575	18238.000
466.765	18277.000
466.955	18406.000
467.145	18343.000
467.334	18207.000
467.524	18436.000
467.714	18482.000
467.903	18437.000
468.093	18445.000
468.283	18559.000
468.473	18611.000
468.662	18503.000
468.852	18668.000
469.042	18771.000
469.232	18731.000
469.421	18642.000
469.611	18436.000
469.801	18390.000
469.990	18429.000
470.180	18334.000
470.370	18308.000
470.560	18225.000
470.749	18243.000
470.939	18274.000
471.129	18490.000
471.318	18584.000
471.508	18780.000
471.698	18885.000
471.888	19015.000
472.077	18917.000
472.267	18956.000
472.457	19151.000
472.647	19076.000
472.836	19021.000
473.026	18961.000
473.216	19005.000
473.405	19116.000
473.595	18957.000
473.785	18959.000
473.975	18993.000
474.164	19155.000
474.354	19106.000
474.544	19107.000
474.734	19205.000
474.923	19304.000
475.113	19386.000
475.303	19168.000
475.492	19210.000
475.682	19231.000
475.872	18871.000
476.062	18870.000
476.251	18941.000
476.441	18653.000
476.631	18557.000
476.821	18682.000
477.010	18687.000
477.200	18696.000
477.390	18983.000
477.579	19145.000
477.769	19184.000
477.959	19133.000
478.149	19088.000
478.338	19203.000
478.528	18917.000
478.718	18879.000
478.907	18988.000
479.097	19071.000
479.287	19136.000
479.477	19183.000
479.666	18978.000
479.856	18852.000
480.046	18934.000
480.236	19018.000
480.425	18965.000
480.615	19020.000
480.805	18843.000
480.994	18882.000
481.184	19044.000
481.374	18887.000
481.564	18944.000
481.753	18956.000
481.943	18961.000
482.133	19028.000
482.323	18902.000
482.512	18697.000
482.702	18689.000
482.892	18528.000
483.081	18482.000
483.271	18545.000
483.461	18400.000
483.651	18424.000
483.840	18212.000
484.030	18133.000
484.220	18298.000
484.409	18105.000
484.599	17932.000
484.789	17894.000
484.979	17689.000
485.168	17452.000
485.358	16950.000
485.548	16610.000
485.738	16535.000
485.927	15916.000
486.117	15420.000
486.307	15232.000
486.496	15094.000
486.686	15356.000
486.876	15509.000
487.066	15790.000
487.255	15952.000
487.445	16004.000
487.635	16285.000
487.825	16412.000
488.014	16473.000
488.204	16483.000
488.394	16638.000
488.583	16741.000
488.773	16691.000
488.963	16480.000
489.153	16540.000
489.342	16691.000
489.532	16863.000
489.722	17120.000
489.912	17198.000
490.101	17394.000
490.291	17481.000
490.481	17434.000
490.670	17389.000
490.860	17319.000
491.050	17143.000
491.240	17108.000
491.429	16988.000
491.619	16777.000
491.809	16849.000
491.998	16720.000
492.188	16528.000
492.378	16647.000
492.568	16794.000
492.757	16817.000
492.947	16813.000
493.137	16806.000
493.327	16919.000
493.516	16937.000
493.706	17011.000
493.896	17026.000
494.085	17034.000
494.275	17161.000
494.465	17245.000
494.655	17229.000
494.844	17326.000
495.034	17397.000
495.224	17461.000
495.414	17327.000
495.603	17424.000
495.793	17304.000
495.983	17218.000
496.172	17041.000
496.362	17064.000
496.552	17230.000
496.742	17285.000
496.931	17212.000
497.121	17414.000
497.311	17395.000
497.500	17191.000
497.690	17068.000
497.880	16973.000
498.070	16750.000
498.259	16612.000
498.449	16526.000
498.639	16539.000
498.829	16638.000
499.018	16780.000
499.208	16781.000
499.398	16632.000
499.587	16701.000
499.777	16821.000
499.967	16544.000
500.157	16525.000
500.346	16382.000
500.536	16073.000
500.726	16104.000
500.916	16111.000
501.105	16053.000
501.295	15843.000
501.485	15965.000
501.674	15869.000
501.864	15750.000
502.054	15836.000
502.244	15946.000
502.433	15799.000
502.623	15873.000
502.813	16089.000
503.003	15964.000
503.192	15998.000
503.382	16052.000
503.572	16011.000
503.761	15772.000
503.951	15687.000
504.141	15753.000
504.331	15811.000
504.520	15754.000
504.710	15961.000
504.900	15846.000
505.089	15767.000
505.279	16066.000
505.469	16223.000
505.659	16210.000
505.848	16351.000
506.038	16464.000
506.228	16402.000
506.418	16192.000
506.607	16108.000
506.797	16030.000
506.987	16022.000
507.176	15875.000
507.366	15823.000
507.556	15784.000
507.746	15664.000
507.935	15633.000
508.125	15651.000
508.315	15425.000
508.505	15407.000
508.694	15515.000
508.884	15690.000
509.074	15759.000
509.263	15765.000
509.453	15770.000
509.643	15615.000
509.833	15495.000
510.022	15593.000
510.212	15518.000
510.402	15384.000
510.592	15302.000
510.781	15224.000
510.971	15342.000
511.161	15471.000
511.350	15634.000
511.540	15665.000
511.730	15524.000
511.920	15344.000
512.109	15456.000
512.299	15226.000
512.489	15296.000
512.678	15255.000
512.868	15135.000
513.058	14999.000
513.248	15022.000
513.437	14993.000
513.627	14846.000
513.817	14733.000
514.007	14648.000
514.196	14491.000
514.386	14620.000
514.576	14585.000
514.765	14511.000
514.955	14519.000
515.145	14478.000
515.335	14456.000
515.524	14553.000
515.714	14478.000
515.904	14319.000
516.094	14083.000
516.283	13820.000
516.473	13561.000
516.663	13233.000
516.852	13016.000
517.042	13100.000
517.232	13010.000
517.422	12909.000
517.611	12951.000
517.801	12943.000
517.991	13077.000
518.180	13116.000
518.370	13085.000
518.560	13134.000
518.750	13121.000
518.939	13318.000
519.129	13531.000
519.319	13666.000
519.509	13645.000
519.698	13735.000
519.888	13848.000
520.078	13791.000
520.267	13894.000
520.457	14090.000
520.647	14022.000
520.837	13961.000
521.026	14086.000
521.216	14138.000
521.406	14103.000
521.596	14040.000
521.785	14057.000
521.975	14274.000
522.165	14231.000
522.354	14090.000
522.544	13988.000
522.734	13958.000
522.924	13839.000
523.113	13820.000
523.303	13940.000
523.493	14130.000
523.683	14218.000
523.872	14327.000
524.062	14358.000
524.252	14275.000
524.441	14282.000
524.631	14362.000
524.821	14328.000
525.011	14234.000
525.200	14252.000
525.390	14432.000
525.580	14452.000
525.769	14126.000
525.959	13887.000
526.149	13656.000
526.339	13586.000
526.528	13579.000
526.718	13453.000
526.908	13397.000
527.098	13431.000
527.287	13513.000
527.477	13493.000
527.667	13480.000
527.856	13773.000
528.046	13878.000
528.236	13893.000
528.426	14104.000
528.615	14246.000
528.805	14357.000
528.995	14221.000
529.185	14273.000
529.374	14463.000
529.564	14348.000
529.754	14305.000
529.943	14303.000
530.133	14333.000
530.323	14442.000
530.513	14402.000
530.702	14275.000
530.892	14395.000
531.082	14240.000
531.271	14208.000
531.461	13999.000
531.651	13999.000
531.841	13854.000
532.030	13793.000
532.220	13573.000
532.410	13367.000
532.600	13277.000
532.789	13204.000
532.979	13177.000
533.169	13345.000
533.358	13298.000
533.548	13172.000
533.738	13296.000
533.928	13253.000
534.117	13089.000
534.307	13092.000
534.497	13145.000
534.687	13260.000
534.876	13306.000
535.066	13347.000
535.256	13290.000
535.445	13376.000
535.635	13201.000
535.825	13137.000
536.015	12977.000
536.204	12858.000
536.394	12760.000
536.584	12675.000
536.773	12639.000
536.963	12632.000
537.153	12789.000
537.343	12790.000
537.532	12635.000
537.722	12678.000
537.912	12767.000
538.102	12680.000
538.291	12649.000
538.481	12683.000
538.671	12644.000
538.860	12438.000
539.050	12378.000
539.240	12312.000
539.430	12228.000
539.619	12286.000
539.809	12294.000
539.999	11957.000
540.189	11885.000
540.378	11873.000
540.568	12050.000
540.758	11969.000
540.947	12116.000
541.137	12247.000
541.327	12227.000
541.517	12095.000
541.706	12038.000
541.896	11905.000
542.086	11992.000
542.276	11984.000
542.465	11876.000
542.655	11940.000
542.845	11884.000
543.034	11853.000
543.224	11977.000
543.414	12171.000
543.604	12028.000
543.793	12029.000
543.983	12061.000
544.173	11971.000
544.362	11846.000
544.552	11977.000
544.742	11961.000
544.932	11920.000
545.121	12005.000
545.311	11910.000
545.501	11900.000
545.691	11748.000
545.880	11784.000
546.070	11777.000
546.264	11822.000
546.459	11804.000
546.653	11844.000
546.847	11795.000
547.041	11705.000
547.236	11600.000
547.430	11456.000
547.624	11481.000
547.818	11581.000
548.013	11731.000
548.207	11619.000
548.401	11445.000
548.596	11631.000
548.790	11694.000
548.984	11607.000
549.178	11537.000
549.373	11433.000
549.567	11491.000
549.761	11470.000
549.956	11258.000
550.150	11318.000
550.344	11423.000
550.538	11414.000
550.733	11238.000
550.927	11321.000
551.121	11366.000
551.315	11342.000
551.510	11329.000
551.704	11357.000
551.898	11356.000
552.093	11370.000
552.287	11104.000
552.481	11273.000
552.675	11240.000
552.870	11081.000
553.064	11018.000
553.258	11163.000
553.453	11273.000
553.647	11221.000
553.841	11132.000
554.035	11239.000
554.230	11104.000
554.424	11248.000
554.618	11340.000
554.812	11221.000
555.007	11223.000
555.201	11218.000
555.395	11051.000
555.590	10996.000
555.784	11010.000
555.978	10890.000
556.172	11036.000
556.367	11009.000
556.561	10747.000
556.755	10739.000
556.949	10721.000
557.144	10896.000
557.338	10847.000
557.532	10688.000
557.727	10691.000
557.921	10667.000
558.115	10474.000
558.309	10543.000
558.504	10554.000
558.698	10531.000
558.892	10508.000
559.087	10316.000
559.281	10322.000
559.475	10402.000
559.669	10283.000
559.864	10208.000
560.058	10350.000
560.252	10468.000
560.446	10538.000
560.641	10604.000
560.835	10679.000
561.029	10584.000
561.224	10475.000
561.418	10369.000
561.612	10440.000
561.806	10498.000
562.001	10399.000
562.195	10486.000
562.389	10455.000
562.584	10410.000
562.778	10421.000
562.972	10269.000
563.166	10393.000
563.361	10348.000
563.555	10147.000
563.749	10171.000
563.943	10295.000
564.138	10293.000
564.332	10289.000
564.526	10257.000
564.721	10215.000
564.915	10133.000
565.109	10155.000
565.303	10045.000
565.498	10018.000
565.692	9790.000
565.886	9823.000
566.081	9927.000
566.275	9982.000
566.469	10100.000
566.663	9911.000
566.858	9886.000
567.052	9918.000
567.246	9923.000
567.440	9880.000
567.635	9951.000
567.829	9911.000
568.023	9810.000
568.218	9636.000
568.412	9712.000
568.606	9845.000
568.800	9671.000
568.995	9500.000
569.189	9513.000
569.383	9467.000
569.577	9487.000
569.772	9421.000
569.966	9311.000
570.160	9380.000
570.355	9286.000
570.549	9301.000
570.743	9315.000
570.937	9272.000
571.132	9189.000
571.326	9233.000
571.520	9242.000
571.715	9175.000
571.909	9095.000
572.103	9079.000
572.297	9222.000
572.492	9242.000
572.686	9147.000
572.880	9155.000
573.074	9193.000
573.269	9159.000
573.463	9210.000
573.657	9234.000
573.852	9127.000
574.046	9003.000
574.240	8851.000
574.434	8874.000
574.629	8848.000
574.823	8962.000
575.017	8868.000
575.212	8820.000
575.406	8824.000
575.600	8666.000
575.794	8648.000
575.989	8754.000
576.183	8750.000
576.377	8780.000
576.571	8757.000
576.766	8708.000
576.960	8596.000
577.159	8572.000
577.357	8563.000
577.556	8503.000
577.755	8451.000
577.953	8487.000
578.152	8382.000
578.350	8470.000
578.549	8371.000
578.748	8413.000
578.946	8413.000
579.145	8397.000
579.344	8400.000
579.542	8535.000
579.741	8482.000
579.940	8459.000
580.138	8399.000
580.337	8406.000
580.535	8425.000
580.734	8440.000
580.933	8585.000
581.131	8627.000
581.330	8685.000
581.529	8773.000
581.727	8798.000
581.926	8901.000
582.125	8853.000
582.323	8934.000
582.522	8897.000
582.721	8897.000
582.919	8979.000
583.118	8982.000
583.316	9105.000
583.515	9002.000
583.714	9005.000
583.912	9083.000
584.111	9170.000
584.310	9070.000
584.508	8907.000
584.707	8943.000
584.906	8996.000
585.104	8897.000
585.303	8917.000
585.501	8943.000
585.700	8902.000
585.899	8914.000
586.097	8835.000
586.296	8714.000
586.495	8836.000
586.693	8939.000
586.892	8887.000
587.091	8816.000
587.289	8823.000
587.488	8785.000
587.686	8530.000
587.885	8397.000
588.084	8218.000
588.282	7984.000
588.481	7915.000
588.680	7836.000
588.878	7729.000
589.077	7583.000
589.276	7526.000
589.474	7693.000
589.673	7774.000
589.871	7691.000
590.070	7752.000
590.269	7830.000
590.467	7893.000
590.666	7835.000
590.865	7648.000
591.063	7788.000
591.262	7828.000
591.461	7868.000
591.659	7932.000
591.858	7931.000
592.056	8004.000
592.255	8031.000
592.454	7911.000
592.652	8041.000
592.851	8143.000
593.050	8023.000
593.248	8024.000
593.447	8044.000
593.646	7898.000
593.844	7914.000
594.043	7916.000
594.241	7924.000
594.440	7858.000
594.639	7753.000
594.837	7786.000
595.036	7709.000
595.235	7770.000
595.433	7842.000
595.632	7846.000
595.831	7964.000
596.029	7879.000
596.228	7731.000
596.427	7807.000
596.625	8000.000
596.824	7989.000
597.022	7892.000
597.221	7835.000
597.420	7920.000
597.618	7949.000
597.817	7734.000
598.016	7728.000
598.214	7807.000
598.413	7885.000
598.612	7797.000
598.810	7907.000
599.009	7903.000
599.207	7991.000
599.406	7931.000
599.605	7832.000
599.803	7853.000
600.002	7870.000
600.201	7824.000
600.399	7918.000
600.598	7899.000
600.797	7773.000
600.995	7725.000
601.194	7789.000
601.392	7789.000
601.591	7698.000
601.790	7742.000
601.988	7814.000
602.187	7831.000
602.386	7818.000
602.584	7906.000
602.783	7848.000
602.982	7800.000
603.180	7893.000
603.379	7924.000
603.577	7884.000
603.776	7878.000
603.975	7862.000
604.173	7834.000
604.372	7921.000
604.571	7785.000
604.769	7756.000
604.968	7962.000
605.167	7934.000
605.365	7865.000
605.564	7874.000
605.762	7777.000
605.961	7877.000
606.160	7903.000
606.358	7848.000
606.557	7900.000
606.756	7821.000
606.954	7652.000
607.153	7749.000
607.352	7805.000
607.550	7806.000
607.749	7631.000
607.948	7541.000
608.146	7551.000
608.345	7554.000
608.543	7614.000
608.742	7727.000
608.941	7731.000
609.139	7581.000
609.338	7566.000
609.537	7632.000
609.735	7577.000
609.934	7479.000
610.133	7434.000
610.331	7442.000
610.530	7552.000
610.728	7562.000
610.927	7435.000
611.126	7431.000
611.324	7515.000
611.523	7492.000
611.722	7435.000
611.920	7400.000
612.119	7318.000
612.318	7396.000
612.516	7449.000
612.715	7253.000
612.913	7296.000
613.112	7202.000
613.311	7263.000
613.509	7310.000
613.708	7182.000
613.907	7114.000
614.105	7255.000
614.304	7239.000
614.503	7125.000
614.701	7133.000
614.900	7129.000
615.098	7099.000
615.297	7154.000
615.496	6976.000
615.694	6906.000
615.893	6995.000
616.092	6921.000
616.290	6932.000
616.489	7059.000
616.688	6963.000
616.886	6906.000
617.085	6844.000
617.283	6861.000
617.482	6846.000
617.681	6845.000
617.879	6879.000
618.078	6923.000
618.277	6974.000
618.475	6906.000
618.674	6984.000
618.873	7078.000
619.071	7077.000
619.270	6952.000
619.468	6969.000
619.667	6915.000
619.866	7038.000
620.064	7010.000
620.263	6972.000
620.462	6973.000
620.660	6948.000
620.859	6922.000
621.058	6971.000
621.256	6996.000
621.455	6826.000
621.654	6781.000
621.852	6795.000
622.051	6872.000
622.249	6817.000
622.448	6707.000
622.647	6730.000
622.845	6842.000
623.044	6771.000
623.243	6688.000
623.441	6655.000
623.640	6526.000
623.839	6457.000
624.037	6441.000
624.236	6446.000
624.434	6461.000
624.633	6546.000
624.832	6495.000
625.030	6344.000
625.229	6405.000
625.428	6454.000
625.626	6577.000
625.825	6552.000
626.024	6536.000
626.222	6425.000
626.421	6524.000
626.619	6418.000
626.818	6330.000
627.017	6381.000
627.215	6323.000
627.414	6224.000
627.613	6229.000
627.811	6122.000
628.010	6180.000
628.209	6243.000
628.407	6308.000
628.606	6222.000
628.804	6203.000
629.003	6293.000
629.202	6227.000
629.400	6119.000
629.599	6265.000
629.798	6190.000
629.996	6141.000
630.195	6052.000
630.394	6098.000
630.592	6259.000
630.791	6165.000
630.990	6167.000
631.188	6080.000
631.387	6037.000
631.585	6022.000
631.784	6048.000
631.983	6007.000
632.181	6093.000
632.380	6125.000
632.579	6164.000
632.777	6080.000
632.976	5948.000
633.175	5940.000
633.373	6120.000
633.572	6089.000
633.770	6078.000
633.969	6099.000
634.168	6100.000
634.366	6135.000
634.565	6102.000
634.764	6169.000
634.962	6160.000
635.161	6221.000
635.360	6232.000
635.558	6167.000
635.757	6269.000
635.955	6225.000
636.154	6052.000
636.353	6030.000
636.551	6033.000
636.750	6106.000
636.949	6171.000
637.147	6275.000
637.346	6052.000
637.545	5984.000
637.743	6086.000
637.942	6143.000
638.140	6119.000
638.339	6068.000
638.538	6083.000
638.736	6058.000
638.935	6068.000
639.134	5971.000
639.332	6059.000
639.531	6101.000
639.730	6074.000
639.928	6018.000
640.127	6002.000
640.325	5982.000
640.524	6097.000
640.723	5964.000
640.921	5974.000
641.120	5901.000
641.319	5947.000
641.517	6046.000
641.716	5989.000
641.915	5943.000
642.113	5986.000
642.312	5839.000
642.510	5853.000
642.709	5843.000
642.908	5851.000
643.106	5890.000
643.305	5920.000
643.504	6048.000
643.702	6092.000
643.901	5992.000
644.100	5814.000
644.298	5823.000
644.497	5839.000
644.696	5872.000
644.894	5853.000
645.093	5898.000
645.291	5964.000
645.490	5878.000
645.689	5782.000
645.887	5678.000
646.086	5620.000
646.285	5685.000
646.483	5618.000
646.682	5600.000
646.881	5565.000
647.079	5524.000
647.278	5552.000
647.476	5585.000
647.675	5592.000
647.874	5531.000
648.072	5459.000
648.271	5422.000
648.470	5434.000
648.668	5483.000
648.867	5435.000
649.066	5373.000
649.264	5425.000
649.463	5456.000
649.661	5319.000
649.860	5355.000
650.059	5412.000
650.257	5500.000
650.456	5603.000
650.655	5602.000
650.853	5613.000
651.052	5625.000
651.251	5516.000
651.449	5427.000
651.648	5493.000
651.846	5515.000
652.045	5399.000
652.244	5437.000
652.442	5594.000
652.641	5656.000
652.840	5602.000
653.038	5672.000
653.237	5697.000
653.436	5527.000
653.634	5481.000
653.833	5590.000
654.032	5582.000
654.230	5496.000
654.429	5368.000
654.627	5504.000
654.826	5594.000
655.025	5417.000
655.223	5267.000
655.422	5180.000
655.621	5074.000
655.819	4983.000
656.018	4912.000
656.217	4928.000
656.415	4923.000
656.614	4938.000
656.812	5063.000
657.011	5114.000
657.210	5159.000
657.408	5143.000
657.607	5236.000
657.806	5225.000
658.004	5261.000
658.203	5288.000
658.402	5248.000
658.600	5260.000
658.799	5320.000
658.997	5365.000
659.196	5367.000
659.395	5334.000
659.593	5336.000
659.792	5401.000
659.991	5406.000
660.189	5415.000
660.388	5492.000
660.587	5457.000
660.785	5463.000
660.984	5451.000
661.182	5418.000
661.381	5441.000
661.580	5396.000
661.778	5519.000
661.977	5573.000
662.176	5537.000
662.374	5445.000
662.573	5479.000
662.772	5568.000
662.970	5488.000
663.169	5422.000
663.367	5326.000
663.566	5390.000
663.765	5497.000
663.963	5410.000
664.162	5390.000
664.361	5302.000
664.559	5416.000
664.758	5525.000
664.957	5471.000
665.155	5444.000
665.354	5367.000
665.552	5389.000
665.751	5354.000
665.950	5210.000
666.148	5273.000
666.347	5394.000
666.546	5339.000
666.744	5265.000
666.943	5263.000
667.142	5163.000
667.340	5235.000
667.539	5297.000
667.738	5253.000
667.936	5362.000
668.135	5329.000
668.333	5302.000
668.532	5162.000
668.731	5151.000
668.929	5162.000
669.128	5156.000
669.327	5204.000
669.525	5292.000
669.724	5262.000
669.923	5276.000
670.121	5247.000
670.320	5156.000
670.518	5166.000
670.717	5029.000
670.916	5064.000
671.114	5056.000
671.313	5023.000
671.512	5033.000
671.710	5060.000
671.909	5076.000
672.108	5270.000
672.306	5248.000
672.505	4989.000
672.703	4992.000
672.902	5049.000
673.101	5037.000
673.299	5140.000
673.498	5232.000
673.697	5071.000
673.895	4910.000
674.094	5036.000
674.293	5068.000
674.491	4978.000
674.690	5086.000
674.888	5026.000
675.087	5008.000
675.286	4986.000
675.484	4988.000
675.683	4922.000
675.882	4922.000
676.080	5022.000
676.279	4970.000
676.478	4912.000
676.676	4914.000
676.875	4837.000
677.073	4801.000
677.272	4900.000
677.471	4909.000
677.669	4911.000
677.868	5016.000
678.067	4960.000
678.265	4984.000
678.464	4905.000
678.663	4761.000
678.861	4743.000
679.060	4787.000
679.259	4772.000
679.457	4912.000
679.656	4834.000
679.854	4739.000
680.053	4774.000
680.252	4783.000
680.450	4736.000
680.649	4803.000
680.848	4788.000
681.046	4743.000
681.245	4715.000
681.444	4728.000
681.642	4756.000
681.841	4695.000
682.039	4764.000
682.238	4795.000
682.437	4701.000
682.635	4644.000
682.834	4639.000
683.033	4598.000
683.231	4598.000
683.430	4563.000
683.629	4593.000
683.827	4627.000
684.026	4652.000
684.224	4674.000
684.423	4593.000
684.622	4478.000
684.820	4496.000
685.019	4528.000
685.218	4612.000
685.416	4491.000
685.615	4306.000
685.814	4281.000
686.012	4257.000
686.211	4071.000
686.409	3836.000
686.608	3752.000
686.807	3690.000
687.005	3717.000
687.204	3816.000
687.403	3661.000
687.601	3683.000
687.800	3752.000
687.999	3587.000
688.197	3503.000
688.396	3506.000
688.594	3641.000
688.793	3716.000
688.992	3795.000
689.190	3823.000
689.389	3828.000
689.588	3880.000
689.786	3845.000
689.985	3899.000
690.184	3946.000
690.382	4031.000
690.581	3965.000
690.779	4070.000
690.978	4102.000
691.177	4208.000
691.375	4087.000
691.574	4199.000
691.773	4271.000
691.971	4187.000
692.170	4179.000
692.369	4162.000
692.567	4040.000
692.766	4088.000
692.965	4231.000
693.163	4153.000
693.362	4155.000
693.560	4205.000
693.759	4209.000
693.958	4176.000
694.156	4228.000
694.355	4151.000
694.554	4161.000
694.752	4155.000
694.951	4170.000
695.150	4185.000
695.348	4206.000
695.547	4280.000
695.745	4222.000
695.944	4343.000
696.143	4391.000
696.341	4531.000
696.540	4577.000
696.743	4568.000
696.946	4587.000
697.149	4582.000
697.352	4533.000
697.555	4555.000
697.757	4508.000
697.960	4542.000
698.163	4551.000
698.366	4632.000
698.569	4483.000
698.772	4485.000
698.975	4573.000
699.178	4595.000
699.381	4535.000
699.584	4591.000
699.787	4610.000
699.989	4517.000
700.192	4502.000
700.395	4471.000
700.598	4639.000
700.801	4690.000
701.004	4507.000
701.207	4575.000
701.410	4616.000
701.613	4699.000
701.816	4695.000
702.019	4626.000
702.221	4715.000
702.424	4730.000
702.627	4797.000
702.830	4816.000
703.033	4728.000
703.236	4701.000
703.439	4786.000
703.642	4860.000
703.845	4955.000
704.048	5050.000
704.251	4953.000
704.453	4833.000
704.656	4859.000
704.859	4997.000
705.062	4932.000
705.265	5044.000
705.468	5087.000
705.671	5096.000
705.874	5141.000
706.077	5103.000
706.280	5107.000
706.483	5121.000
706.685	5056.000
706.888	5194.000
707.091	5317.000
707.294	5257.000
707.497	5226.000
707.700	5265.000
707.903	5319.000
708.106	5320.000
708.309	5294.000
708.512	5417.000
708.715	5488.000
708.917	5487.000
709.120	5482.000
709.323	5442.000
709.526	5465.000
709.729	5398.000
709.932	5488.000
710.135	5426.000
710.338	5447.000
710.541	5536.000
710.744	5594.000
710.947	5513.000
711.149	5513.000
711.352	5544.000
711.555	5506.000
711.758	5579.000
711.961	5562.000
712.164	5589.000
712.367	5705.000
712.570	5564.000
712.773	5557.000
712.976	5647.000
713.179	5648.000
713.381	5671.000
713.584	5661.000
713.787	5700.000
713.990	5648.000
714.193	5572.000
714.396	5673.000
714.599	5814.000
714.802	5747.000
715.005	5571.000
715.208	5528.000
715.411	5529.000
715.613	5461.000
715.816	5390.000
716.019	5219.000
716.222	5104.000
716.425	4993.000
716.628	4944.000
716.831	4836.000
717.034	4689.000
717.237	4752.000
717.440	4606.000
717.643	4568.000
717.845	4517.000
718.048	4434.000
718.251	4300.000
718.454	4353.000
718.657	4348.000
718.860	4332.000
719.063	4352.000
719.266	4229.000
719.469	4304.000
719.672	4340.000
719.875	4415.000
720.077	4627.000
720.280	4740.000
720.483	4881.000
720.686	4981.000
720.889	5082.000
721.092	5102.000
721.295	5181.000
721.498	5237.000
721.701	5298.000
721.904	5368.000
722.107	5409.000
722.309	5389.000
722.512	5278.000
722.715	5264.000
722.918	5181.000
723.121	5162.000
723.324	5191.000
723.527	5171.000
723.730	5143.000
723.933	5145.000
724.136	5112.000
724.339	5089.000
724.541	5052.000
724.744	5066.000
724.947	5055.000
725.150	5124.000
725.353	5177.000
725.556	5103.000
725.759	5055.000
725.962	5166.000
726.165	5194.000
726.368	5298.000
726.571	5283.000
726.773	5282.000
726.976	5259.000
727.179	5363.000
727.382	5427.000
727.585	5450.000
727.788	5374.000
727.991	5311.000
728.194	5365.000
728.397	5357.000
728.600	5405.000
728.803	5432.000
729.005	5383.000
729.208	5434.000
729.411	5618.000
729.614	5653.000
729.817	5584.000
730.020	5608.000
730.223	5658.000
730.426	5602.000
730.629	5543.000
730.832	5612.000
731.035	5688.000
731.237	5815.000
731.440	5937.000
731.643	6024.000
731.846	5959.000
732.049	6148.000
732.252	6403.000
732.455	6432.000
732.658	6418.000
732.861	6454.000
733.064	6444.000
733.267	6668.000
733.469	6730.000
733.672	6688.000
733.875	6686.000
734.078	6815.000
734.281	6891.000
734.484	6938.000
734.687	6837.000
734.890	6790.000
735.093	6856.000
735.296	6927.000
735.499	6800.000
735.701	6819.000
735.904	6950.000
736.107	7006.000
736.310	6960.000
736.513	6927.000
736.716	6922.000
736.919	6869.000
737.122	6993.000
737.325	7150.000
737.528	7005.000
737.731	6949.000
737.933	7084.000
738.136	7217.000
738.339	7145.000
738.542	7151.000
738.745	7086.000
738.948	7143.000
739.151	7136.000
739.354	7116.000
739.557	7094.000
739.760	7186.000
739.963	7237.000
740.165	7234.000
740.368	7247.000
740.571	7288.000
740.774	7222.000
740.977	7193.000
741.180	7180.000
741.383	7304.000
741.586	7348.000
741.789	7291.000
741.992	7272.000
742.195	7391.000
742.397	7485.000
742.600	7509.000
742.803	7500.000
743.006	7490.000
743.209	7414.000
743.412	7449.000
743.615	7433.000
743.818	7459.000
744.021	7382.000
744.224	7510.000
744.427	7675.000
744.629	7590.000
744.832	7451.000
745.035	7536.000
745.238	7562.000
745.441	7486.000
745.644	7493.000
745.847	7561.000
746.050	7604.000
746.253	7585.000
746.456	7570.000
746.659	7580.000
746.861	7494.000
747.064	7617.000
747.267	7666.000
747.470	7544.000
747.673	7583.000
747.876	7716.000
748.079	7670.000
748.282	7582.000
748.485	7470.000
748.688	7519.000
748.891	7527.000
749.093	7471.000
749.296	7572.000
749.499	7551.000
749.702	7453.000
749.905	7467.000
750.108	7526.000
750.311	7430.000
750.514	7454.000
750.717	7521.000
750.920	7499.000
751.123	7409.000
751.325	7399.000
751.528	7362.000
751.731	7258.000
751.934	7398.000
752.137	7536.000
752.340	7442.000
752.543	7443.000
752.746	7388.000
752.949	7335.000
753.152	7525.000
753.355	7405.000
753.557	7410.000
753.760	7456.000
753.963	7470.000
754.166	7475.000
754.369	7463.000
754.572	7385.000
754.775	7353.000
754.978	7518.000
755.181	7576.000
755.384	7496.000
755.587	7409.000
755.789	7278.000
755.992	7321.000
756.195	7275.000
756.398	7232.000
756.601	7302.000
756.804	7363.000
757.007	7293.000
757.210	7308.000
757.413	7321.000
757.616	7151.000
757.819	7112.000
758.021	6937.000
758.224	6428.000
758.427	6031.000
758.630	5439.000
758.833	5027.000
759.036	4481.000
759.239	4038.000
759.442	3784.000
759.645	3467.000
759.848	3248.000
760.051	3195.000
760.253	3162.000
760.456	3206.000
760.659	3142.000
760.862	3197.000
761.065	3096.000
761.268	3069.000
761.471	3010.000
761.674	3015.000
761.877	2875.000
762.080	2839.000
762.283	2870.000
762.485	2833.000
762.688	2914.000
762.891	2958.000
763.094	3038.000
763.297	3272.000
763.500	3439.000
763.706	3516.000
763.912	3498.000
764.118	3611.000
764.325	3746.000
764.531	3897.000
764.737	3996.000
764.943	4098.000
765.149	4306.000
765.355	4491.000
765.561	4732.000
765.768	4790.000
765.974	4748.000
766.180	4965.000
766.386	5371.000
766.592	5550.000
766.798	5560.000
767.004	5734.000
767.210	5943.000
767.417	5944.000
767.623	5901.000
767.829	5976.000
768.035	6095.000
768.241	6198.000
768.447	6393.000
768.653	6357.000
768.860	6258.000
769.066	6168.000
769.272	6173.000
769.478	6298.000
769.684	6452.000
769.890	6485.000
770.096	6520.000
770.303	6538.000
770.509	6380.000
770.715	6435.000
770.921	6564.000
771.127	6415.000
771.333	6474.000
771.539	6571.000
771.745	6426.000
771.952	6464.000
772.158	6482.000
772.364	6485.000
772.570	6570.000
772.776	6557.000
772.982	6367.000
773.188	6346.000
773.395	6270.000
773.601	6317.000
773.807	6331.000
774.013	6375.000
774.219	6387.000
774.425	6334.000
774.631	6286.000
774.838	6337.000
775.044	6342.000
775.250	6259.000
775.456	6396.000
775.662	6420.000
775.868	6374.000
776.074	6269.000
776.281	6338.000
776.487	6295.000
776.693	6243.000
776.899	6219.000
777.105	6214.000
777.311	6287.000
777.517	6256.000
777.723	6188.000
777.930	6133.000
778.136	6149.000
778.342	6255.000
778.548	6277.000
778.754	6161.000
778.960	6131.000
779.166	6196.000
779.373	6171.000
779.579	6164.000
779.785	6010.000
779.991	6112.000
780.197	6112.000
780.403	5988.000
780.609	6024.000
780.816	6054.000
781.022	6042.000
781.228	6073.000
781.434	5931.000
781.640	6062.000
781.846	6126.000
782.052	5994.000
782.259	6004.000
782.465	6011.000
782.671	5930.000
782.877	5833.000
783.083	5834.000
783.289	5825.000
783.495	5886.000
783.701	5846.000
783.908	5766.000
784.114	5868.000
784.320	5914.000
784.526	5743.000
784.732	5701.000
784.938	5798.000
785.144	5693.000
785.351	5724.000
785.557	5834.000
785.763	5719.000
785.969	5651.000
786.175	5671.000
786.381	5667.000
786.587	5654.000
786.794	5610.000
787.000	5582.000
787.206	5503.000
787.412	5583.000
787.618	5549.000
787.824	5508.000
788.030	5453.000
788.236	5340.000
788.443	5285.000
788.649	5244.000
788.855	5323.000
789.061	5370.000
789.267	5369.000
789.473	5349.000
789.679	5370.000
789.886	5173.000
790.092	5250.000
790.298	5194.000
790.504	5162.000
790.710	5187.000
790.916	5076.000
791.122	5022.000
791.329	5057.000
791.535	5172.000
791.741	5210.000
791.947	5145.000
792.153	5095.000
792.359	5124.000
792.565	5117.000
792.771	5076.000
792.978	4866.000
793.184	4873.000
793.390	4917.000
793.596	4893.000
793.802	5033.000
794.008	5136.000
794.214	5181.000
794.421	5046.000
794.627	4937.000
794.833	4774.000
795.039	4809.000
795.245	4796.000
795.451	4853.000
795.657	4838.000
795.864	4796.000
796.070	4833.000
796.276	4999.000
796.482	5018.000
796.688	4880.000
796.894	4906.000
797.100	4865.000
797.307	4765.000
797.513	4820.000
797.719	4748.000
797.925	4843.000
798.131	4821.000
798.337	4704.000
798.543	4692.000
798.749	4704.000
798.956	4760.000
799.162	4818.000
799.368	4703.000
799.574	4630.000
799.780	4565.000
799.986	4524.000
800.192	4556.000
800.399	4636.000
800.605	4621.000
800.811	4572.000
801.017	4672.000
801.223	4599.000
801.429	4531.000
801.635	4470.000
801.842	4635.000
802.048	4567.000
802.254	4474.000
802.460	4484.000
802.666	4460.000
802.872	4443.000
803.078	4483.000
803.285	4400.000
803.491	4408.000
803.697	4405.000
803.903	4396.000
804.109	4415.000
804.315	4346.000
804.521	4387.000
804.727	4487.000
804.934	4471.000
805.140	4492.000
805.346	4440.000
805.552	4556.000
805.758	4482.000
805.964	4339.000
806.170	4395.000
806.377	4400.000
806.583	4361.000
806.789	4326.000
806.995	4197.000
807.201	4136.000
807.407	4268.000
807.613	4233.000
807.820	4275.000
808.026	4304.000
808.232	4384.000
808.438	4330.000
808.644	4198.000
808.850	4124.000
809.056	4093.000
809.262	4045.000
809.469	4008.000
809.675	4085.000
809.881	4088.000
810.087	4082.000
810.293	4034.000
810.499	4076.000
810.705	3993.000
810.912	3880.000
811.118	3886.000
811.324	3806.000
811.530	3750.000
811.739	3767.000
811.947	3803.000
812.156	3770.000
812.365	3695.000
812.573	3672.000
812.782	3497.000
812.990	3410.000
813.199	3402.000
813.408	3361.000
813.616	3353.000
813.825	3278.000
814.034	3223.000
814.242	3125.000
814.451	3167.000
814.659	3065.000
814.868	3061.000
815.077	3135.000
815.285	3028.000
815.494	2919.000
815.703	2892.000
815.911	2969.000
816.120	2973.000
816.329	2921.000
816.537	2883.000
816.746	2847.000
816.954	2825.000
817.163	2769.000
817.372	2760.000
817.580	2827.000
817.789	2903.000
817.998	2989.000
818.206	2860.000
818.415	2812.000
818.624	2768.000
818.832	2722.000
819.041	2817.000
819.249	2927.000
819.458	3080.000
819.667	3091.000
819.875	3087.000
820.084	3108.000
820.293	3155.000
820.501	3082.000
820.710	3040.000
820.919	3084.000
821.127	3123.000
821.336	3035.000
821.544	2888.000
821.753	2818.000
821.962	2719.000
822.170	2630.000
822.379	2706.000
822.588	2644.000
822.796	2635.000
823.005	2689.000
823.213	2759.000
823.422	2792.000
823.631	2834.000
823.839	2868.000
824.048	2921.000
824.257	2932.000
824.465	2996.000
824.674	2908.000
824.883	2891.000
825.091	2973.000
825.300	3022.000
825.508	3063.000
825.717	3073.000
825.926	3024.000
826.134	3009.000
826.343	2988.000
826.552	2926.000
826.760	2906.000
826.969	2900.000
827.178	2852.000
827.386	2830.000
827.595	2851.000
827.803	2794.000
828.012	2842.000
828.221	2787.000
828.429	2886.000
828.638	2912.000
828.847	2885.000
829.055	2794.000
829.264	2772.000
829.472	2856.000
829.681	2821.000
829.890	2737.000
830.098	2734.000
830.307	2795.000
830.516	2722.000
830.724	2735.000
830.933	2801.000
831.142	2867.000
831.350	2871.000
831.559	2847.000
831.767	2730.000
831.976	2859.000
832.185	2870.000
832.393	2815.000
832.602	2753.000
832.811	2768.000
833.019	2727.000
833.228	2805.000
833.437	2813.000
833.645	2838.000
833.854	2762.000
834.062	2812.000
834.271	2839.000
834.480	2772.000
834.688	2799.000
834.897	2835.000
835.106	2788.000
835.314	2764.000
835.523	2831.000
835.731	2865.000
835.940	2914.000
836.149	2986.000
836.357	2908.000
836.566	2878.000
836.775	2929.000
836.983	2923.000
837.192	2867.000
837.401	2786.000
837.609	2816.000
837.818	2912.000
838.026	2833.000
838.235	2830.000
838.444	2849.000
838.652	2828.000
838.861	2923.000
839.070	2981.000
839.278	2987.000
839.487	2880.000
839.696	2869.000
839.904	2824.000
840.113	2807.000
840.321	2912.000
840.530	2922.000
840.739	2809.000
840.947	2861.000
841.156	2791.000
841.365	2804.000
841.573	2986.000
841.782	3056.000
841.991	2884.000
842.199	2787.000
842.408	2759.000
842.616	2819.000
842.825	2762.000
843.034	2823.000
843.242	2796.000
843.451	2856.000
843.660	2847.000
843.868	2760.000
844.077	2734.000
844.285	2863.000
844.494	2957.000
844.703	2819.000
844.911	2717.000
845.120	2793.000
845.329	2753.000
845.537	2727.000
845.746	2708.000
845.955	2778.000
846.163	2808.000
846.372	2814.000
846.580	2696.000
846.789	2536.000
846.998	2624.000
847.206	2661.000
847.415	2677.000
847.624	2632.000
847.832	2723.000
848.041	2666.000
848.250	2628.000
848.458	2624.000
848.667	2602.000
848.875	2620.000
849.084	2511.000
849.293	2566.000
849.501	2528.000
849.710	2414.000
849.919	2462.000
850.127	2442.000
850.336	2428.000
850.544	2494.000
850.753	2542.000
850.962	2483.000
851.170	2504.000
851.379	2588.000
851.588	2487.000
851.796	2490.000
852.005	2374.000
852.214	2410.000
852.422	2515.000
852.631	2419.000
852.839	2297.000
853.048	2340.000
853.257	2265.000
853.465	2107.000
853.674	2127.000
853.883	2231.000
854.091	2132.000
854.300	2134.000
854.509	2202.000
854.717	2299.000
854.926	2261.000
855.134	2209.000
855.343	2219.000
855.552	2290.000
855.760	2304.000
855.969	2308.000
856.178	2280.000
856.386	2248.000
856.595	2350.000
856.803	2375.000
857.012	2338.000
857.221	2321.000
857.429	2368.000
857.638	2375.000
857.847	2406.000
858.055	2341.000
858.264	2327.000
858.473	2323.000
858.681	2289.000
858.890	2242.000
859.098	2305.000
859.307	2300.000
859.516	2228.000
859.724	2256.000
859.933	2249.000
860.142	2255.000
860.350	2242.000
860.559	2180.000
860.768	2231.000
860.976	2218.000
861.185	2165.000
861.393	2069.000
861.602	2164.000
861.811	2200.000
862.019	2198.000
862.228	2268.000
862.437	2254.000
862.645	2211.000
862.854	2295.000
863.062	2233.000
863.271	2127.000
863.480	2164.000
863.688	2143.000
863.897	2080.000
864.106	2080.000
864.314	2072.000
864.523	2005.000
864.732	2054.000
864.940	1964.000
865.149	1934.000
865.357	1973.000
865.566	1867.000
865.775	1903.000
865.983	1897.000
866.192	1810.000
866.401	1815.000
866.609	1871.000
866.818	1934.000
867.027	1974.000
867.235	1922.000
867.444	1924.000
867.652	1871.000
867.861	1868.000
868.070	1887.000
868.278	1916.000
868.487	1880.000
868.696	1890.000
868.904	1876.000
869.113	1770.000
869.321	1833.000
869.530	1903.000
869.739	1913.000
869.947	1943.000
870.156	1868.000
870.365	1821.000
870.573	1778.000
870.782	1872.000
870.991	1949.000
871.199	1872.000
871.408	1728.000
871.616	1725.000
871.825	1731.000
872.034	1802.000
872.242	1826.000
872.451	1828.000
872.660	1778.000
872.868	1870.000
873.077	1843.000
873.286	1703.000
873.494	1765.000
873.703	1729.000
873.911	1650.000
874.120	1659.000
874.329	1741.000
874.537	1762.000
874.746	1671.000
874.955	1712.000
875.163	1632.000
875.372	1600.000
875.581	1667.000
875.789	1675.000
875.998	1659.000
876.206	1687.000
876.415	1649.000
876.624	1680.000
876.832	1636.000
877.041	1607.000
877.250	1675.000
877.458	1615.000
877.667	1682.000
877.875	1701.000
878.084	1644.000
878.293	1643.000
878.501	1602.000
878.710	1589.000
878.919	1568.000
879.127	1506.000
879.336	1492.000
879.545	1541.000
879.753	1534.000
879.962	1488.000
880.170	1469.000
880.379	1521.000
880.588	1596.000
880.796	1634.000
881.005	1602.000
881.214	1562.000
881.422	1463.000
881.631	1447.000
881.840	1508.000
882.048	1502.000
882.257	1540.000
882.465	1495.000
882.674	1505.000
882.883	1544.000
883.091	1490.000
883.300	1484.000
883.509	1454.000
883.717	1492.000
883.926	1519.000
884.134	1526.000
884.343	1463.000
884.552	1441.000
884.760	1453.000
884.969	1511.000
885.178	1400.000
885.386	1332.000
885.595	1355.000
885.804	1350.000
886.012	1311.000
886.221	1331.000
886.429	1389.000
886.638	1322.000
886.847	1305.000
887.055	1377.000
887.264	1326.000
887.473	1372.000
887.681	1444.000
887.890	1301.000
888.099	1308.000
888.307	1389.000
888.516	1426.000
888.724	1438.000
888.933	1346.000
889.142	1339.000
889.350	1282.000
889.559	1304.000
889.768	1235.000
889.976	1244.000
890.185	1259.000
890.393	1285.000
890.602	1302.000
890.811	1301.000
891.019	1288.000
891.228	1385.000
891.437	1312.000
891.645	1244.000
891.854	1248.000
892.063	1216.000
892.271	1227.000
892.480	1219.000
892.688	1205.000
892.897	1264.000
893.106	1221.000
893.314	1165.000
893.523	1055.000
893.732	1120.000
893.940	1119.000
894.149	1056.000
894.358	1158.000
894.566	1161.000
894.775	1165.000
894.983	1120.000
895.192	1075.000
895.401	1090.000
895.609	986.000
895.818	933.000
896.027	954.000
896.235	1004.000
896.444	1005.000
896.652	945.000
896.861	920.000
897.070	1047.000
897.278	1032.000
897.487	1001.000
897.696	950.000
897.904	852.000
898.113	885.000
898.322	866.000
898.530	841.000
898.739	832.000
898.947	843.000
899.156	884.000
899.365	926.000
899.573	922.000
899.782	816.000
899.991	718.000
900.199	697.000
900.408	784.000
900.617	846.000
900.825	832.000
901.034	872.000
901.242	822.000
901.451	770.000
901.660	806.000
901.868	824.000
902.077	798.000
902.286	820.000
902.494	870.000
902.703	976.000
902.911	970.000
903.120	983.000
903.329	961.000
903.537	906.000
903.746	882.000
903.955	980.000
904.163	955.000
904.372	945.000
904.581	1005.000
904.789	1010.000
904.998	950.000
905.206	872.000
905.415	916.000
905.624	892.000
905.832	835.000
906.041	805.000
906.250	808.000
906.458	782.000
906.667	816.000
906.876	725.000
907.084	784.000
907.293	769.000
907.501	803.000
907.710	728.000
907.919	778.000
908.127	841.000
908.336	741.000
908.545	781.000
908.753	806.000
908.962	834.000
909.170	827.000
909.379	760.000
909.588	765.000
909.796	791.000
910.005	748.000
910.214	721.000
910.422	745.000
910.631	685.000
910.840	786.000
911.048	801.000
911.257	746.000
911.465	743.000
911.674	778.000
911.883	758.000
912.091	707.000
912.300	676.000
912.508	667.000
912.716	655.000
912.924	666.000
913.132	672.000
913.340	685.000
913.549	667.000
913.757	686.000
913.965	635.000
914.173	606.000
914.381	675.000
914.589	670.000
914.797	603.000
915.005	653.000
915.213	722.000
915.421	724.000
915.629	656.000
915.838	610.000
916.046	628.000
916.254	602.000
916.462	615.000
916.670	664.000
916.878	743.000
917.086	716.000
917.294	664.000
917.502	678.000
917.710	669.000
917.919	646.000
918.127	632.000
918.335	676.000
918.543	692.000
918.751	773.000
918.959	824.000
919.167	752.000
919.375	742.000
919.583	811.000
919.791	736.000
919.999	683.000
920.208	738.000
920.416	645.000
920.624	682.000
920.832	733.000
921.040	725.000
921.248	695.000
921.456	645.000
921.664	656.000
921.872	612.000
922.080	608.000
922.288	641.000
922.497	652.000
922.705	652.000
922.913	680.000
923.121	707.000
923.329	688.000
923.537	605.000
923.745	654.000
923.953	598.000
924.161	564.000
924.369	617.000
924.578	667.000
924.786	671.000
924.994	636.000
925.202	636.000
925.410	685.000
925.618	678.000
925.826	579.000
926.034	653.000
926.242	673.000
926.450	542.000
926.658	555.000
926.867	621.000
927.075	529.000
927.283	500.000
927.491	538.000
927.699	542.000
927.907	555.000
928.115	572.000
928.323	438.000
928.531	408.000
928.739	413.000
928.947	439.000
929.156	437.000
929.364	455.000
929.572	474.000
929.780	362.000
929.988	299.000
930.196	338.000
930.404	363.000
930.612	363.000
930.820	334.000
931.028	337.000
931.236	371.000
931.445	285.000
931.653	243.000
931.861	272.000
932.069	190.000
932.277	260.000
932.485	397.000
932.693	322.000
932.901	194.000
933.109	189.000
933.317	199.000
933.526	267.000
933.734	232.000
933.942	197.000
934.150	221.000
934.358	221.000
934.566	240.000
934.774	211.000
934.982	177.000
935.190	216.000
935.398	207.000
935.606	168.000
935.815	176.000
936.023	256.000
936.231	256.000
936.439	211.000
936.647	237.000
936.855	204.000
937.063	196.000
937.271	201.000
937.479	210.000
937.687	212.000
937.895	236.000
938.104	293.000
938.312	253.000
938.520	199.000
938.728	178.000
938.936	205.000
939.144	235.000
939.352	258.000
939.560	286.000
939.768	266.000
939.976	206.000
940.185	205.000
940.393	180.000
940.601	196.000
940.809	245.000
941.017	267.000
941.225	265.000
941.433	237.000
941.641	220.000
941.849	125.000
942.057	190.000
942.265	208.000
942.474	203.000
942.682	199.000
942.890	124.000
943.098	127.000
943.306	143.000
943.514	160.000
943.722	147.000
943.930	170.000
944.138	171.000
944.346	136.000
944.554	206.000
944.763	180.000
944.971	132.000
945.179	129.000
945.387	160.000
945.595	200.000
945.803	243.000
946.011	175.000
946.219	194.000
946.427	173.000
946.635	137.000
946.843	240.000
947.052	259.000
947.260	177.000
947.468	166.000
947.676	165.000
947.884	210.000
948.092	247.000
948.300	259.000
948.508	221.000
948.716	219.000
948.924	211.000
949.133	306.000
949.341	294.000
949.549	243.000
949.757	305.000
949.965	256.000
950.173	134.000
950.381	205.000
950.589	304.000
950.797	250.000
951.005	194.000
951.213	168.000
951.422	156.000
951.630	183.000
951.838	202.000
952.046	244.000
952.254	226.000
952.462	143.000
952.670	182.000
952.878	239.000
953.086	289.000
953.294	267.000
953.502	215.000
953.711	247.000
953.919	252.000
954.127	148.000
954.335	116.000
954.543	192.000
954.751	255.000
954.959	245.000
955.167	278.000
955.375	220.000
955.583	179.000
955.792	235.000
956.000	228.000
956.208	210.000
956.416	227.000
956.624	212.000
956.832	246.000
957.040	205.000
957.248	199.000
957.456	248.000
957.664	226.000
957.872	156.000
958.081	159.000
958.289	224.000
958.497	206.000
958.705	203.000
958.913	198.000
959.121	116.000
959.329	140.000
959.537	136.000
959.745	169.000
959.953	199.000
960.161	140.000
960.370	113.000
960.578	197.000
960.786	254.000
960.994	234.000
961.202	272.000
961.410	260.000
961.618	255.000
961.826	208.000
962.034	194.000
962.242	198.000
962.451	124.000
962.659	92.000
962.867	164.000
963.075	206.000
963.283	203.000
963.491	199.000
963.699	197.000
963.907	149.000
964.115	196.000
964.323	282.000
964.531	294.000
964.740	204.000
964.948	256.000
965.156	218.000
965.364	282.000
965.572	346.000
965.780	285.000
965.999	225.000
966.218	192.000
966.438	176.000
966.657	144.000
966.876	221.000
967.095	269.000
967.315	225.000
967.534	204.000
967.753	267.000
967.972	299.000
968.192	308.000
968.411	250.000
968.630	188.000
968.849	180.000
969.068	276.000
969.288	244.000
969.507	250.000
969.726	309.000
969.945	270.000
970.165	152.000
970.384	261.000
970.603	177.000
970.822	140.000
971.042	127.000
971.261	171.000
971.480	276.000
971.699	263.000
971.919	220.000
972.138	225.000
972.357	205.000
972.576	194.000
972.795	261.000
973.015	255.000
973.234	252.000
973.453	238.000
973.672	202.000
973.892	146.000
974.111	122.000
974.330	253.000
974.549	263.000
974.769	192.000
974.988	223.000
975.207	154.000
975.426	151.000
975.646	190.000
975.865	197.000
976.084	186.000
976.303	188.000
976.522	156.000
976.742	121.000
976.961	119.000
977.180	172.000
977.399	186.000
977.619	214.000
977.838	247.000
978.057	252.000
978.276	255.000
978.496	244.000
978.715	195.000
978.934	168.000
979.153	92.000
979.372	106.000
979.592	202.000
979.811	233.000
980.030	234.000
980.249	168.000
980.469	179.000
980.688	183.000
980.907	156.000
981.126	211.000
981.346	230.000
981.565	184.000
981.784	165.000
982.003	239.000
982.223	275.000
982.442	255.000
982.661	158.000
982.880	182.000
983.099	183.000
983.319	201.000
983.538	168.000
983.757	188.000
983.976	299.000
984.196	261.000
984.415	252.000
984.634	228.000
984.853	258.000
985.073	304.000
985.292	255.000
985.511	226.000
985.730	210.000
985.949	201.000
986.169	257.000
986.388	314.000
986.607	122.000
986.826	98.000
987.046	92.000
987.265	121.000
987.484	187.000
987.703	209.000
987.923	135.000
988.142	199.000
988.361	265.000
988.580	257.000
988.800	172.000
989.019	212.000
989.238	123.000
989.457	80.000
989.676	209.000
989.896	203.000
990.115	118.000
990.334	131.000
990.553	114.000
990.773	146.000
990.992	137.000
991.211	131.000
991.430	218.000
991.650	132.000
991.869	154.000
992.088	125.000
992.307	148.000
992.527	189.000
992.746	148.000
992.965	159.000
993.184	200.000
993.403	230.000
993.623	147.000
993.842	93.000
994.061	131.000
994.280	170.000
994.500	145.000
994.719	88.000
994.938	117.000
995.157	83.000
995.377	106.000
995.596	160.000
995.815	181.000
996.034	133.000
996.253	100.000
996.473	83.000
996.692	185.000
996.911	153.000
997.130	112.000
997.350	117.000
997.569	168.000
997.788	126.000
998.007	69.000
998.227	105.000
998.446	175.000
998.665	205.000
998.884	227.000
999.104	192.000
999.323	193.000
999.542	134.000
999.761	82.000
999.980	69.000
1000.200	162.000
1000.419	195.000
1000.638	188.000
1000.857	154.000
1001.077	174.000
1001.296	201.000
1001.515	139.000
1001.734	117.000
1001.954	133.000
1002.173	142.000
1002.392	160.000
1002.611	183.000
1002.830	109.000
1003.050	51.000
1003.269	114.000
1003.488	127.000
1003.707	111.000
1003.927	136.000
1004.146	135.000
1004.365	96.000
1004.584	114.000
1004.804	142.000
1005.023	163.000
1005.242	156.000
1005.461	157.000
1005.681	162.000
1005.900	110.000
1006.119	154.000
1006.338	97.000
1006.557	96.000
1006.777	181.000
1006.996	176.000
1007.215	87.000
1007.434	107.000
1007.654	152.000
1007.873	137.000
1008.092	112.000
1008.311	84.000
1008.531	46.000
1008.750	103.000
1008.969	120.000
1009.188	35.000
1009.407	91.000
1009.627	109.000
1009.846	59.000
1010.065	99.000
1010.284	95.000
1010.504	39.000
1010.723	58.000
1010.942	63.000
1011.161	105.000
1011.381	29.000
1011.600	21.000
1011.819	142.000
1012.038	170.000
1012.258	134.000
1012.477	144.000
1012.696	126.000
1012.915	133.000
1013.134	126.000
1013.354	76.000
1013.573	142.000
1013.792	141.000
1014.011	52.000
1014.231	78.000
1014.450	139.000
1014.669	61.000
1014.888	20.000
1015.108	123.000
1015.327	114.000
1015.546	107.000
1015.765	208.000
1015.984	176.000
1016.204	184.000
1016.423	156.000
1016.642	192.000
1016.861	116.000
1017.081	64.000
1017.300	87.000
1017.519	100.000
