296.912	36.500
297.101	44.500
297.290	80.500
297.479	63.500
297.668	24.500
297.858	36.500
298.047	85.500
298.236	41.500
298.425	6.500
298.614	49.500
298.803	74.500
298.992	48.500
299.181	84.500
299.370	82.500
299.559	90.500
299.748	71.500
299.937	81.500
300.126	71.500
300.315	40.500
300.504	46.500
300.693	74.500
300.882	4.500
301.071	-8.500
301.260	37.500
301.449	58.500
301.638	80.500
301.827	52.500
302.016	49.500
302.205	53.500
302.395	65.500
302.584	39.500
302.773	57.500
302.962	75.500
303.151	40.500
303.340	37.500
303.529	28.500
303.718	34.500
303.907	23.500
304.096	-0.500
304.285	0.500
304.474	24.500
304.663	38.500
304.852	87.500
305.041	97.500
305.230	58.500
305.419	48.500
305.608	26.500
305.797	28.500
305.986	27.500
306.175	41.500
306.364	57.500
306.553	38.500
306.743	64.500
306.932	81.500
307.121	74.500
307.310	45.500
307.499	65.500
307.688	42.500
307.877	17.500
308.066	54.500
308.255	92.500
308.444	86.500
308.633	78.500
308.822	93.500
309.011	61.500
309.200	61.500
309.389	110.500
309.578	91.500
309.767	80.500
309.956	102.500
310.145	107.500
310.334	62.500
310.523	69.500
310.712	86.500
310.901	57.500
311.091	62.500
311.280	53.500
311.469	38.500
311.658	78.500
311.847	79.500
312.036	63.500
312.225	80.500
312.414	55.500
312.603	76.500
312.792	84.500
312.981	63.500
313.170	42.500
313.349	68.500
313.527	33.500
313.706	26.500
313.884	61.500
314.063	77.500
314.241	126.500
314.420	146.500
314.598	68.500
314.777	38.500
314.955	59.500
315.134	65.500
315.312	45.500
315.491	81.500
315.669	75.500
315.848	55.500
316.027	63.500
316.205	73.500
316.384	53.500
316.562	53.500
316.741	31.500
316.919	44.500
317.098	83.500
317.276	80.500
317.455	62.500
317.633	72.500
317.812	60.500
317.990	33.500
318.169	56.500
318.347	66.500
318.526	36.500
318.705	36.500
318.883	36.500
319.062	61.500
319.240	56.500
319.419	37.500
319.597	65.500
319.776	100.500
319.954	112.500
320.133	70.500
320.311	39.500
320.490	82.500
320.668	65.500
320.847	39.500
321.025	58.500
321.204	73.500
321.382	53.500
321.561	56.500
321.740	53.500
321.918	43.500
322.097	42.500
322.275	74.500
322.454	82.500
322.632	103.500
322.811	73.500
322.989	68.500
323.168	79.500
323.346	71.500
323.525	39.500
323.703	23.500
323.882	6.500
324.060	39.500
324.239	109.500
324.418	84.500
324.596	78.500
324.775	73.500
324.953	71.500
325.132	87.500
325.310	106.500
325.489	85.500
325.667	45.500
325.846	47.500
326.024	44.500
326.203	40.500
326.381	69.500
326.560	98.500
326.738	124.500
326.917	107.500
327.096	62.500
327.274	72.500
327.453	55.500
327.631	47.500
327.810	42.500
327.988	62.500
328.167	90.500
328.345	49.500
328.524	49.500
328.702	18.500
328.881	40.500
329.059	83.500
329.238	88.500
329.416	107.500
329.595	109.500
329.774	76.500
329.952	76.500
330.131	104.500
330.309	59.500
330.488	49.500
330.666	55.500
330.845	114.500
331.023	123.500
331.202	100.500
331.380	78.500
331.559	81.500
331.737	89.500
331.916	54.500
332.094	43.500
332.273	92.500
332.452	75.500
332.630	96.500
332.809	102.500
332.987	89.500
333.166	80.500
333.344	67.500
333.523	69.500
333.701	79.500
333.880	79.500
334.058	66.500
334.237	77.500
334.415	104.500
334.594	133.500
334.772	87.500
334.951	71.500
335.129	34.500
335.308	45.500
335.487	69.500
335.665	75.500
335.844	107.500
336.022	107.500
336.201	85.500
336.379	147.500
336.558	117.500
336.736	101.500
336.915	83.500
337.093	57.500
337.272	85.500
337.450	72.500
337.629	30.500
337.807	35.500
337.986	96.500
338.165	133.500
338.343	140.500
338.522	115.500
338.700	71.500
338.879	76.500
339.057	65.500
339.236	57.500
339.414	89.500
339.593	121.500
339.771	122.500
339.950	89.500
340.128	83.500
340.307	58.500
340.485	56.500
340.664	56.500
340.843	56.500
341.021	70.500
341.200	74.500
341.378	92.500
341.557	116.500
341.735	121.500
341.914	53.500
342.092	43.500
342.271	121.500
342.449	105.500
342.628	108.500
342.806	124.500
342.985	153.500
343.163	130.500
343.342	74.500
343.521	89.500
343.699	136.500
343.878	135.500
344.056	118.500
344.235	127.500
344.413	108.500
344.592	118.500
344.770	93.500
344.949	91.500
345.127	59.500
345.306	68.500
345.484	85.500
345.663	57.500
345.841	42.500
346.020	60.500
346.199	82.500
346.377	122.500
346.556	105.500
346.734	93.500
346.913	71.500
347.091	105.500
347.270	113.500
347.448	108.500
347.627	98.500
347.805	101.500
347.984	102.500
348.162	65.500
348.341	107.500
348.519	117.500
348.698	87.500
348.876	91.500
349.055	73.500
349.234	61.500
349.412	82.500
349.591	64.500
349.769	101.500
349.948	115.500
350.126	100.500
350.305	110.500
350.483	132.500
350.662	146.500
350.840	111.500
351.019	60.500
351.197	99.500
351.376	146.500
351.554	131.500
351.733	112.500
351.912	132.500
352.090	115.500
352.269	104.500
352.447	104.500
352.626	118.500
352.804	109.500
352.983	92.500
353.161	97.500
353.340	83.500
353.518	60.500
353.697	62.500
353.875	76.500
354.054	84.500
354.232	119.500
354.411	124.500
354.590	123.500
354.768	94.500
354.947	100.500
355.125	110.500
355.304	127.500
355.482	141.500
355.661	139.500
355.839	121.500
356.018	103.500
356.196	87.500
356.375	76.500
356.553	94.500
356.732	123.500
356.910	124.500
357.089	103.500
357.268	104.500
357.446	97.500
357.625	70.500
357.803	88.500
357.982	94.500
358.160	98.500
358.339	118.500
358.517	118.500
358.696	105.500
358.874	102.500
359.053	142.500
359.231	110.500
359.410	100.500
359.588	80.500
359.767	131.500
359.945	147.500
360.124	108.500
360.303	108.500
360.481	95.500
360.660	53.500
360.838	81.500
361.017	102.500
361.195	116.500
361.374	114.500
361.552	111.500
361.731	150.500
361.909	169.500
362.088	138.500
362.266	102.500
362.445	65.500
362.623	54.500
362.802	50.500
362.981	71.500
363.159	54.500
363.338	49.500
363.516	144.500
363.695	142.500
363.873	93.500
364.052	85.500
364.230	101.500
364.409	96.500
364.587	57.500
364.766	84.500
364.944	69.500
365.123	68.500
365.301	133.500
365.480	124.500
365.660	90.500
365.839	94.500
366.019	113.500
366.199	108.500
366.379	134.500
366.558	115.500
366.738	63.500
366.918	77.500
367.098	83.500
367.277	95.500
367.457	118.500
367.637	69.500
367.816	67.500
367.996	98.500
368.176	97.500
368.356	140.500
368.535	98.500
368.715	93.500
368.895	119.500
369.075	102.500
369.254	94.500
369.434	131.500
369.614	133.500
369.793	69.500
369.973	100.500
370.153	122.500
370.333	100.500
370.512	116.500
370.692	107.500
370.872	116.500
371.051	93.500
371.231	90.500
371.411	71.500
371.591	104.500
371.770	139.500
371.950	148.500
372.130	179.500
372.310	158.500
372.489	132.500
372.669	110.500
372.849	99.500
373.028	111.500
373.208	127.500
373.388	105.500
373.568	120.500
373.747	71.500
373.927	104.500
374.107	106.500
374.287	124.500
374.466	123.500
374.646	108.500
374.826	118.500
375.005	96.500
375.185	122.500
375.365	134.500
375.545	137.500
375.724	139.500
375.904	100.500
376.084	107.500
376.263	121.500
376.443	118.500
376.623	131.500
376.803	130.500
376.982	117.500
377.162	86.500
377.342	116.500
377.522	126.500
377.701	145.500
377.881	113.500
378.061	66.500
378.240	43.500
378.420	45.500
378.600	74.500
378.780	104.500
378.959	126.500
379.139	118.500
379.319	97.500
379.499	138.500
379.678	145.500
379.858	172.500
380.038	116.500
380.217	106.500
380.397	97.500
380.577	90.500
380.757	123.500
380.936	139.500
381.116	152.500
381.296	133.500
381.476	114.500
381.655	120.500
381.835	112.500
382.015	97.500
382.194	93.500
382.374	148.500
382.554	161.500
382.734	121.500
382.913	143.500
383.093	210.500
383.273	167.500
383.452	121.500
383.632	114.500
383.812	95.500
383.992	63.500
384.171	93.500
384.351	129.500
384.531	129.500
384.711	129.500
384.890	122.500
385.070	94.500
385.250	70.500
385.429	86.500
385.609	75.500
385.789	96.500
385.969	152.500
386.148	189.500
386.328	171.500
386.508	131.500
386.688	136.500
386.867	115.500
387.047	117.500
387.227	75.500
387.406	83.500
387.586	101.500
387.766	107.500
387.946	145.500
388.125	155.500
388.305	107.500
388.485	99.500
388.664	91.500
388.844	76.500
389.024	77.500
389.204	86.500
389.383	109.500
389.563	141.500
389.743	115.500
389.923	87.500
390.102	86.500
390.282	98.500
390.462	115.500
390.641	95.500
390.821	74.500
391.001	88.500
391.181	110.500
391.360	70.500
391.540	100.500
391.720	140.500
391.900	110.500
392.079	97.500
392.259	102.500
392.439	110.500
392.618	119.500
392.798	60.500
392.978	94.500
393.158	140.500
393.337	132.500
393.517	161.500
393.697	145.500
393.877	100.500
394.056	125.500
394.236	129.500
394.416	108.500
394.595	115.500
394.775	155.500
394.955	152.500
395.135	112.500
395.314	106.500
395.494	137.500
395.674	151.500
395.853	132.500
396.033	138.500
396.213	161.500
396.393	155.500
396.572	106.500
396.752	99.500
396.932	117.500
397.112	126.500
397.291	137.500
397.471	156.500
397.651	109.500
397.830	99.500
398.010	100.500
398.190	160.500
398.370	202.500
398.549	223.500
398.729	179.500
398.909	143.500
399.089	159.500
399.268	189.500
399.448	198.500
399.628	167.500
399.807	162.500
399.987	157.500
400.167	200.500
400.347	186.500
400.526	173.500
400.706	194.500
400.886	173.500
401.065	135.500
401.245	150.500
401.425	220.500
401.605	264.500
401.784	260.500
401.964	241.500
402.144	221.500
402.324	212.500
402.503	173.500
402.683	167.500
402.863	172.500
403.042	215.500
403.222	184.500
403.402	208.500
403.582	247.500
403.761	213.500
403.941	216.500
404.121	242.500
404.301	242.500
404.480	236.500
404.660	273.500
404.844	247.500
405.029	258.500
405.213	281.500
405.398	277.500
405.582	304.500
405.767	319.500
405.951	307.500
406.136	334.500
406.320	321.500
406.505	319.500
406.689	341.500
406.874	371.500
407.058	427.500
407.243	457.500
407.427	457.500
407.612	448.500
407.796	489.500
407.981	573.500
408.165	615.500
408.350	640.500
408.534	598.500
408.719	651.500
408.903	729.500
409.088	760.500
409.272	802.500
409.457	848.500
409.641	866.500
409.826	960.500
410.010	998.500
410.195	1082.500
410.379	1220.500
410.564	1332.500
410.748	1414.500
410.933	1501.500
411.117	1630.500
411.302	1706.500
411.486	1783.500
411.671	1873.500
411.855	1966.500
412.040	2006.500
412.224	2181.500
412.409	2350.500
412.593	2448.500
412.778	2544.500
412.962	2634.500
413.147	2731.500
413.331	2882.500
413.516	3014.500
413.700	3133.500
413.885	3262.500
414.069	3439.500
414.254	3613.500
414.438	3672.500
414.623	3728.500
414.807	3862.500
414.992	4039.500
415.176	4253.500
415.361	4436.500
415.545	4545.500
415.730	4721.500
415.914	4824.500
416.099	4960.500
416.283	5137.500
416.468	5148.500
416.652	5205.500
416.837	5322.500
417.021	5418.500
417.206	5431.500
417.390	5599.500
417.575	5716.500
417.759	5798.500
417.944	5958.500
418.128	6119.500
418.313	6341.500
418.497	6455.500
418.682	6401.500
418.866	6535.500
419.051	6656.500
419.235	6721.500
419.420	6812.500
419.604	6918.500
419.789	7119.500
419.973	7369.500
420.158	7498.500
420.342	7706.500
420.527	7973.500
420.711	8100.500
420.896	8224.500
421.080	8256.500
421.265	8277.500
421.449	8329.500
421.634	8365.500
421.818	8368.500
422.003	8365.500
422.187	8324.500
422.372	8425.500
422.556	8495.500
422.741	8576.500
422.925	8650.500
423.110	8682.500
423.294	8916.500
423.479	8986.500
423.663	9092.500
423.848	9236.500
424.032	9359.500
424.217	9451.500
424.401	9479.500
424.586	9497.500
424.770	9466.500
424.955	9513.500
425.139	9572.500
425.324	9603.500
425.508	9773.500
425.693	9791.500
425.877	9795.500
426.062	9815.500
426.246	9831.500
426.431	9885.500
426.615	9839.500
426.800	9770.500
426.984	9718.500
427.169	9811.500
427.353	9925.500
427.538	10164.500
427.722	10192.500
427.907	10095.500
428.091	10036.500
428.276	9994.500
428.460	10079.500
428.645	9981.500
428.829	9839.500
429.014	9538.500
429.198	9238.500
429.383	9090.500
429.567	8889.500
429.752	8558.500
429.936	8314.500
430.121	8229.500
430.305	8440.500
430.490	8516.500
430.674	8929.500
430.859	9450.500
431.043	9744.500
431.228	10108.500
431.412	10468.500
431.597	10578.500
431.781	10780.500
431.966	10919.500
432.150	10964.500
432.335	11111.500
432.519	11381.500
432.704	11507.500
432.888	11463.500
433.073	11295.500
433.257	11105.500
433.442	11059.500
433.626	11043.500
433.811	11067.500
433.995	11287.500
434.180	11439.500
434.364	11637.500
434.549	11778.500
434.733	11937.500
434.918	12052.500
435.102	12044.500
435.287	12200.500
435.471	12452.500
435.656	12570.500
435.840	12769.500
436.030	13019.500
436.219	12959.500
436.409	12841.500
436.599	12954.500
436.789	12862.500
436.978	12615.500
437.168	12602.500
437.358	12471.500
437.548	12317.500
437.737	12238.500
437.927	12074.500
438.117	11915.500
438.306	12058.500
438.496	12137.500
438.686	12313.500
438.876	12489.500
439.065	12687.500
439.255	12740.500
439.445	12890.500
439.634	12934.500
439.824	12987.500
440.014	13241.500
440.204	13343.500
440.393	13300.500
440.583	13402.500
440.773	13670.500
440.963	13921.500
441.152	14095.500
441.342	14253.500
441.532	14510.500
441.721	14624.500
441.911	14706.500
442.101	14811.500
442.291	14721.500
442.480	14844.500
442.670	14829.500
442.860	15029.500
443.050	15051.500
443.239	15126.500
443.429	15276.500
443.619	15259.500
443.808	15417.500
443.998	15401.500
444.188	15540.500
444.378	15628.500
444.567	15574.500
444.757	15376.500
444.947	15335.500
445.137	15283.500
445.326	15225.500
445.516	15208.500
445.706	15243.500
445.895	15331.500
446.085	15536.500
446.275	15738.500
446.465	15787.500
446.654	15964.500
446.844	16075.500
447.034	16282.500
447.223	16567.500
447.413	16831.500
447.603	16824.500
447.793	16761.500
447.982	16792.500
448.172	16880.500
448.362	17012.500
448.552	17016.500
448.741	17022.500
448.931	17134.500
449.121	17048.500
449.310	17179.500
449.500	17400.500
449.690	17648.500
449.880	17778.500
450.069	17824.500
450.259	18189.500
450.449	18292.500
450.639	18251.500
450.828	18149.500
451.018	18208.500
451.208	18265.500
451.397	18077.500
451.587	18134.500
451.777	18006.500
451.967	18045.500
452.156	17757.500
452.346	17524.500
452.536	17435.500
452.725	17234.500
452.915	16954.500
453.105	16914.500
453.295	17048.500
453.484	17141.500
453.674	17316.500
453.864	17413.500
454.054	17449.500
454.243	17446.500
454.433	17468.500
454.623	17509.500
454.812	17474.500
455.002	17428.500
455.192	17431.500
455.382	17601.500
455.571	17909.500
455.761	17970.500
455.951	17834.500
456.141	17934.500
456.330	18128.500
456.520	18028.500
456.710	18187.500
456.899	18336.500
457.089	18308.500
457.279	18371.500
457.469	18310.500
457.658	18137.500
457.848	17933.500
458.038	17787.500
458.228	17841.500
458.417	17878.500
458.607	17742.500
458.797	17851.500
458.986	17941.500
459.176	17784.500
459.366	17676.500
459.556	17615.500
459.745	17650.500
459.935	17747.500
460.125	17807.500
460.314	17873.500
460.504	18056.500
460.694	18148.500
460.884	18169.500
461.073	18195.500
461.263	18384.500
461.453	18385.500
461.643	18470.500
461.832	18508.500
462.022	18419.500
462.212	18416.500
462.401	18543.500
462.591	18579.500
462.781	18774.500
462.971	18699.500
463.160	18588.500
463.350	18514.500
463.540	18460.500
463.730	18255.500
463.919	18162.500
464.109	18159.500
464.299	18208.500
464.488	18128.500
464.678	17976.500
464.868	17940.500
465.058	18088.500
465.247	18163.500
465.437	18214.500
465.627	18115.500
465.816	18188.500
466.006	18176.500
466.196	18015.500
466.386	17893.500
466.575	17771.500
466.765	18008.500
466.955	18069.500
467.145	18090.500
467.334	18125.500
467.524	18102.500
467.714	18213.500
467.903	18215.500
468.093	18271.500
468.283	18210.500
468.473	18225.500
468.662	18411.500
468.852	18459.500
469.042	18499.500
469.232	18390.500
469.421	18359.500
469.611	18335.500
469.801	18219.500
469.990	18036.500
470.180	18015.500
470.370	18190.500
470.560	18186.500
470.749	18044.500
470.939	18056.500
471.129	18336.500
471.318	18545.500
471.508	18832.500
471.698	18930.500
471.888	19041.500
472.077	19162.500
472.267	19347.500
472.457	19352.500
472.647	19133.500
472.836	19134.500
473.026	19175.500
473.216	19108.500
473.405	19016.500
473.595	19159.500
473.785	19247.500
473.975	19378.500
474.164	19542.500
474.354	19442.500
474.544	19402.500
474.734	19293.500
474.923	19418.500
475.113	19592.500
475.303	19651.500
475.492	19501.500
475.682	19535.500
475.872	19475.500
476.062	19380.500
476.251	19318.500
476.441	19173.500
476.631	19082.500
476.821	19052.500
477.010	19294.500
477.200	19555.500
477.390	19766.500
477.579	19877.500
477.769	19844.500
477.959	19689.500
478.149	19781.500
478.338	19824.500
478.528	19814.500
478.718	19713.500
478.907	19561.500
479.097	19689.500
479.287	19860.500
479.477	19948.500
479.666	19897.500
479.856	19932.500
480.046	19883.500
480.236	19834.500
480.425	19931.500
480.615	19779.500
480.805	19660.500
480.994	19877.500
481.184	19890.500
481.374	19953.500
481.564	20006.500
481.753	19965.500
481.943	20033.500
482.133	19944.500
482.323	19886.500
482.512	19808.500
482.702	19680.500
482.892	19485.500
483.081	19589.500
483.271	19688.500
483.461	19439.500
483.651	19399.500
483.840	19196.500
484.030	19124.500
484.220	19210.500
484.409	19123.500
484.599	19217.500
484.789	19008.500
484.979	18844.500
485.168	18600.500
485.358	18269.500
485.548	17802.500
485.738	17333.500
485.927	16915.500
486.117	16795.500
486.307	16562.500
486.496	16217.500
486.686	16316.500
486.876	16531.500
487.066	16774.500
487.255	16890.500
487.445	17045.500
487.635	17289.500
487.825	17485.500
488.014	17734.500
488.204	17902.500
488.394	17869.500
488.583	17839.500
488.773	17994.500
488.963	18229.500
489.153	18227.500
489.342	18279.500
489.532	18495.500
489.722	18634.500
489.912	18725.500
490.101	18910.500
490.291	19047.500
490.481	18834.500
490.670	18827.500
490.860	18936.500
491.050	18853.500
491.240	18614.500
491.429	18470.500
491.619	18372.500
491.809	18258.500
491.998	18201.500
492.188	18138.500
492.378	18300.500
492.568	18167.500
492.757	18323.500
492.947	18479.500
493.137	18422.500
493.327	18481.500
493.516	18509.500
493.706	18438.500
493.896	18585.500
494.085	18893.500
494.275	18926.500
494.465	18946.500
494.655	18931.500
494.844	19094.500
495.034	19270.500
495.224	19172.500
495.414	18964.500
495.603	19111.500
495.793	19103.500
495.983	18864.500
496.172	18854.500
496.362	19130.500
496.552	19215.500
496.742	19223.500
496.931	19271.500
497.121	19281.500
497.311	19249.500
497.500	19411.500
497.690	19078.500
497.880	18848.500
498.070	18837.500
498.259	18652.500
498.449	18490.500
498.639	18472.500
498.829	18609.500
499.018	18738.500
499.208	18814.500
499.398	18859.500
499.587	18873.500
499.777	18955.500
499.967	18814.500
500.157	18543.500
500.346	18404.500
500.536	18474.500
500.726	18295.500
500.916	17972.500
501.105	18130.500
501.295	18227.500
501.485	17963.500
501.674	17940.500
501.864	18008.500
502.054	17981.500
502.244	18176.500
502.433	18127.500
502.623	18326.500
502.813	18468.500
503.003	18546.500
503.192	18567.500
503.382	18413.500
503.572	18357.500
503.761	18210.500
503.951	17980.500
504.141	17989.500
504.331	18054.500
504.520	18010.500
504.710	18163.500
504.900	18446.500
505.089	18511.500
505.279	18454.500
505.469	18577.500
505.659	18699.500
505.848	18878.500
506.038	18964.500
506.228	18831.500
506.418	18788.500
506.607	18620.500
506.797	18571.500
506.987	18502.500
507.176	18567.500
507.366	18311.500
507.556	18268.500
507.746	18293.500
507.935	18181.500
508.125	18067.500
508.315	18059.500
508.505	18060.500
508.694	18266.500
508.884	18340.500
509.074	18363.500
509.263	18307.500
509.453	18363.500
509.643	18284.500
509.833	18014.500
510.022	18060.500
510.212	18034.500
510.402	17903.500
510.592	17916.500
510.781	17868.500
510.971	17938.500
511.161	17989.500
511.350	18022.500
511.540	18207.500
511.730	18184.500
511.920	17959.500
512.109	17744.500
512.299	17896.500
512.489	17645.500
512.678	17501.500
512.868	17579.500
513.058	17551.500
513.248	17479.500
513.437	17302.500
513.627	17134.500
513.817	17087.500
514.007	16986.500
514.196	16945.500
514.386	16952.500
514.576	16813.500
514.765	16907.500
514.955	17007.500
515.145	17078.500
515.335	16905.500
515.524	16808.500
515.714	16964.500
515.904	16769.500
516.094	16555.500
516.283	16256.500
516.473	15993.500
516.663	15669.500
516.852	15366.500
517.042	15299.500
517.232	15235.500
517.422	15226.500
517.611	15232.500
517.801	15289.500
517.991	15307.500
518.180	15426.500
518.370	15505.500
518.560	15380.500
518.750	15480.500
518.939	15540.500
519.129	15600.500
519.319	15766.500
519.509	15989.500
519.698	15997.500
519.888	16247.500
520.078	16304.500
520.267	16200.500
520.457	16331.500
520.647	16454.500
520.837	16398.500
521.026	16412.500
521.216	16551.500
521.406	16659.500
521.596	16723.500
521.785	16727.500
521.975	16750.500
522.165	16613.500
522.354	16577.500
522.544	16537.500
522.734	16529.500
522.924	16385.500
523.113	16411.500
523.303	16357.500
523.493	16611.500
523.683	16885.500
523.872	16863.500
524.062	16800.500
524.252	16898.500
524.441	17001.500
524.631	16999.500
524.821	16923.500
525.011	16880.500
525.200	16938.500
525.390	16982.500
525.580	16882.500
525.769	16623.500
525.959	16385.500
526.149	16240.500
526.339	15975.500
526.528	15875.500
526.718	15846.500
526.908	15665.500
527.098	15742.500
527.287	15830.500
527.477	15703.500
527.667	15950.500
527.856	16378.500
528.046	16441.500
528.236	16596.500
528.426	16688.500
528.615	16698.500
528.805	16773.500
528.995	16834.500
529.185	16817.500
529.374	16871.500
529.564	16813.500
529.754	16717.500
529.943	16930.500
530.133	17015.500
530.323	16953.500
530.513	17061.500
530.702	17076.500
530.892	17008.500
531.082	16869.500
531.271	16844.500
531.461	16815.500
531.651	16666.500
531.841	16385.500
532.030	16166.500
532.220	16166.500
532.410	16040.500
532.600	15831.500
532.789	15744.500
532.979	15656.500
533.169	15740.500
533.358	15664.500
533.548	15614.500
533.738	15605.500
533.928	15757.500
534.117	15669.500
534.307	15539.500
534.497	15644.500
534.687	15719.500
534.876	15828.500
535.066	15891.500
535.256	15811.500
535.445	15895.500
535.635	15812.500
535.825	15742.500
536.015	15608.500
536.204	15467.500
536.394	15332.500
536.584	15317.500
536.773	15105.500
536.963	15107.500
537.153	15163.500
537.343	15098.500
537.532	15140.500
537.722	15285.500
537.912	15341.500
538.102	15242.500
538.291	15221.500
538.481	14989.500
538.671	15014.500
538.860	15005.500
539.050	14707.500
539.240	14728.500
539.430	14631.500
539.619	14597.500
539.809	14555.500
539.999	14450.500
540.189	14344.500
540.378	14446.500
540.568	14492.500
540.758	14500.500
540.947	14619.500
541.137	14547.500
541.327	14739.500
541.517	14609.500
541.706	14441.500
541.896	14374.500
542.086	14422.500
542.276	14490.500
542.465	14346.500
542.655	14446.500
542.845	14469.500
543.034	14442.500
543.224	14520.500
543.414	14597.500
543.604	14687.500
543.793	14696.500
543.983	14595.500
544.173	14516.500
544.362	14418.500
544.552	14400.500
544.742	14676.500
544.932	14705.500
545.121	14532.500
545.311	14521.500
545.501	14687.500
545.691	14570.500
545.880	14497.500
546.070	14505.500
546.264	14300.500
546.459	14187.500
546.653	14234.500
546.847	14211.500
547.041	14154.500
547.236	14210.500
547.430	14228.500
547.624	14202.500
547.818	14172.500
548.013	14173.500
548.207	14179.500
548.401	14262.500
548.596	14123.500
548.790	14037.500
548.984	14254.500
549.178	14395.500
549.373	14379.500
549.567	14309.500
549.761	14163.500
549.956	14069.500
550.150	14119.500
550.344	14063.500
550.538	14076.500
550.733	14285.500
550.927	14091.500
551.121	14083.500
551.315	14033.500
551.510	13981.500
551.704	13966.500
551.898	13983.500
552.093	14013.500
552.287	13861.500
552.481	13980.500
552.675	13930.500
552.870	13975.500
553.064	13909.500
553.258	13952.500
553.453	13869.500
553.647	13808.500
553.841	13963.500
554.035	13916.500
554.230	13886.500
554.424	14021.500
554.618	13938.500
554.812	13961.500
555.007	13974.500
555.201	13912.500
555.395	13779.500
555.590	13756.500
555.784	13626.500
555.978	13469.500
556.172	13613.500
556.367	13587.500
556.561	13497.500
556.755	13592.500
556.949	13514.500
557.144	13509.500
557.338	13450.500
557.532	13495.500
557.727	13523.500
557.921	13416.500
558.115	13248.500
558.309	13237.500
558.504	13202.500
558.698	13125.500
558.892	13223.500
559.087	13178.500
559.281	13094.500
559.475	13089.500
559.669	13133.500
559.864	13068.500
560.058	13129.500
560.252	13279.500
560.446	13414.500
560.641	13523.500
560.835	13506.500
561.029	13342.500
561.224	13215.500
561.418	13446.500
561.612	13373.500
561.806	13419.500
562.001	13473.500
562.195	13428.500
562.389	13380.500
562.584	13467.500
562.778	13464.500
562.972	13570.500
563.166	13368.500
563.361	13244.500
563.555	13218.500
563.749	13365.500
563.943	13283.500
564.138	13398.500
564.332	13397.500
564.526	13329.500
564.721	13260.500
564.915	13032.500
565.109	13064.500
565.303	13061.500
565.498	12932.500
565.692	13029.500
565.886	13103.500
566.081	13192.500
566.275	13123.500
566.469	12995.500
566.663	12996.500
566.858	13095.500
567.052	13034.500
567.246	13063.500
567.440	13109.500
567.635	13028.500
567.829	13040.500
568.023	12941.500
568.218	12848.500
568.412	12814.500
568.606	12766.500
568.800	12773.500
568.995	12753.500
569.189	12653.500
569.383	12554.500
569.577	12529.500
569.772	12609.500
569.966	12593.500
570.160	12483.500
570.355	12464.500
570.549	12450.500
570.743	12398.500
570.937	12365.500
571.132	12382.500
571.326	12490.500
571.520	12488.500
571.715	12614.500
571.909	12681.500
572.103	12500.500
572.297	12507.500
572.492	12624.500
572.686	12703.500
572.880	12600.500
573.074	12590.500
573.269	12647.500
573.463	12559.500
573.657	12494.500
573.852	12425.500
574.046	12369.500
574.240	12161.500
574.434	12183.500
574.629	12311.500
574.823	12404.500
575.017	12355.500
575.212	12318.500
575.406	12289.500
575.600	12208.500
575.794	12231.500
575.989	12135.500
576.183	12021.500
576.377	12083.500
576.571	12130.500
576.766	12065.500
576.960	11963.500
577.159	12052.500
577.357	12011.500
577.556	11921.500
577.755	11729.500
577.953	11736.500
578.152	11748.500
578.350	11745.500
578.549	11795.500
578.748	11762.500
578.946	11693.500
579.145	11820.500
579.344	11902.500
579.542	11943.500
579.741	11978.500
579.940	12012.500
580.138	11993.500
580.337	11894.500
580.535	11985.500
580.734	12064.500
580.933	12088.500
581.131	12160.500
581.330	12321.500
581.529	12357.500
581.727	12405.500
581.926	12454.500
582.125	12569.500
582.323	12606.500
582.522	12575.500
582.721	12618.500
582.919	12739.500
583.118	12758.500
583.316	12741.500
583.515	12833.500
583.714	12896.500
583.912	12869.500
584.111	12895.500
584.310	12966.500
584.508	12899.500
584.707	12865.500
584.906	12854.500
585.104	12918.500
585.303	12889.500
585.501	12758.500
585.700	12638.500
585.899	12778.500
586.097	12701.500
586.296	12768.500
586.495	12917.500
586.693	12946.500
586.892	12850.500
587.091	12810.500
587.289	12815.500
587.488	12703.500
587.686	12519.500
587.885	12239.500
588.084	12222.500
588.282	11942.500
588.481	11741.500
588.680	11580.500
588.878	11441.500
589.077	11394.500
589.276	11412.500
589.474	11422.500
589.673	11490.500
589.871	11598.500
590.070	11565.500
590.269	11784.500
590.467	11807.500
590.666	11780.500
590.865	11732.500
591.063	11736.500
591.262	11673.500
591.461	11744.500
591.659	11912.500
591.858	11944.500
592.056	11895.500
592.255	12015.500
592.454	11968.500
592.652	11948.500
592.851	11978.500
593.050	12107.500
593.248	12011.500
593.447	11950.500
593.646	12024.500
593.844	11917.500
594.043	11845.500
594.241	11736.500
594.440	11783.500
594.639	11739.500
594.837	11876.500
595.036	11955.500
595.235	11878.500
595.433	11910.500
595.632	11927.500
595.831	12022.500
596.029	11986.500
596.228	11970.500
596.427	11938.500
596.625	11983.500
596.824	12108.500
597.022	11867.500
597.221	11997.500
597.420	11888.500
597.618	11902.500
597.817	11883.500
598.016	11970.500
598.214	12019.500
598.413	11932.500
598.612	11943.500
598.810	11938.500
599.009	11848.500
599.207	11933.500
599.406	11869.500
599.605	11806.500
599.803	11918.500
600.002	11914.500
600.201	11883.500
600.399	11923.500
600.598	11863.500
600.797	11834.500
600.995	11776.500
601.194	11820.500
601.392	11808.500
601.591	11858.500
601.790	11948.500
601.988	11866.500
602.187	11842.500
602.386	11689.500
602.584	11832.500
602.783	11874.500
602.982	11984.500
603.180	11937.500
603.379	12001.500
603.577	12016.500
603.776	11997.500
603.975	12106.500
604.173	12086.500
604.372	11994.500
604.571	11849.500
604.769	11918.500
604.968	12062.500
605.167	12049.500
605.365	11958.500
605.564	12007.500
605.762	11986.500
605.961	12063.500
606.160	12072.500
606.358	12079.500
606.557	12127.500
606.756	12046.500
606.954	12018.500
607.153	11937.500
607.352	11893.500
607.550	11923.500
607.749	11943.500
607.948	11815.500
608.146	11818.500
608.345	11907.500
608.543	11795.500
608.742	11819.500
608.941	11836.500
609.139	11785.500
609.338	11769.500
609.537	11619.500
609.735	11621.500
609.934	11791.500
610.133	11701.500
610.331	11668.500
610.530	11618.500
610.728	11722.500
610.927	11766.500
611.126	11757.500
611.324	11752.500
611.523	11692.500
611.722	11643.500
611.920	11630.500
612.119	11573.500
612.318	11552.500
612.516	11616.500
612.715	11595.500
612.913	11533.500
613.112	11401.500
613.311	11327.500
613.509	11369.500
613.708	11471.500
613.907	11407.500
614.105	11423.500
614.304	11445.500
614.503	11440.500
614.701	11253.500
614.900	11264.500
615.098	11427.500
615.297	11322.500
615.496	11217.500
615.694	11092.500
615.893	11117.500
616.092	11105.500
616.290	11079.500
616.489	11039.500
616.688	11048.500
616.886	10985.500
617.085	11019.500
617.283	11158.500
617.482	11183.500
617.681	11273.500
617.879	11176.500
618.078	11230.500
618.277	11306.500
618.475	11324.500
618.674	11200.500
618.873	11192.500
619.071	11267.500
619.270	11310.500
619.468	11305.500
619.667	11227.500
619.866	11286.500
620.064	11344.500
620.263	11326.500
620.462	11330.500
620.660	11343.500
620.859	11216.500
621.058	11203.500
621.256	11290.500
621.455	11291.500
621.654	11314.500
621.852	11098.500
622.051	11086.500
622.249	11203.500
622.448	11089.500
622.647	11019.500
622.845	11107.500
623.044	10961.500
623.243	11009.500
623.441	10914.500
623.640	11032.500
623.839	10995.500
624.037	10710.500
624.236	10831.500
624.434	10777.500
624.633	10747.500
624.832	10761.500
625.030	10691.500
625.229	10706.500
625.428	10661.500
625.626	10470.500
625.825	10474.500
626.024	10653.500
626.222	10739.500
626.421	10681.500
626.619	10799.500
626.818	10656.500
627.017	10612.500
627.215	10636.500
627.414	10512.500
627.613	10475.500
627.811	10449.500
628.010	10416.500
628.209	10376.500
628.407	10427.500
628.606	10461.500
628.804	10488.500
629.003	10457.500
629.202	10305.500
629.400	10399.500
629.599	10475.500
629.798	10433.500
629.996	10440.500
630.195	10407.500
630.394	10429.500
630.592	10481.500
630.791	10348.500
630.990	10276.500
631.188	10345.500
631.387	10284.500
631.585	10280.500
631.784	10321.500
631.983	10360.500
632.181	10359.500
632.380	10427.500
632.579	10398.500
632.777	10431.500
632.976	10465.500
633.175	10473.500
633.373	10475.500
633.572	10446.500
633.770	10455.500
633.969	10371.500
634.168	10413.500
634.366	10488.500
634.565	10491.500
634.764	10439.500
634.962	10438.500
635.161	10554.500
635.360	10551.500
635.558	10387.500
635.757	10166.500
635.955	10235.500
636.154	10396.500
636.353	10370.500
636.551	10349.500
636.750	10368.500
636.949	10518.500
637.147	10498.500
637.346	10439.500
637.545	10435.500
637.743	10534.500
637.942	10524.500
638.140	10581.500
638.339	10603.500
638.538	10530.500
638.736	10601.500
638.935	10611.500
639.134	10539.500
639.332	10466.500
639.531	10420.500
639.730	10370.500
639.928	10366.500
640.127	10298.500
640.325	10286.500
640.524	10520.500
640.723	10387.500
640.921	10339.500
641.120	10352.500
641.319	10344.500
641.517	10236.500
641.716	10265.500
641.915	10325.500
642.113	10336.500
642.312	10409.500
642.510	10436.500
642.709	10406.500
642.908	10329.500
643.106	10301.500
643.305	10331.500
643.504	10380.500
643.702	10334.500
643.901	10397.500
644.100	10480.500
644.298	10563.500
644.497	10518.500
644.696	10432.500
644.894	10357.500
645.093	10387.500
645.291	10350.500
645.490	10327.500
645.689	10284.500
645.887	10180.500
646.086	10193.500
646.285	10142.500
646.483	10244.500
646.682	10208.500
646.881	10121.500
647.079	10114.500
647.278	10111.500
647.476	10012.500
647.675	9930.500
647.874	9968.500
648.072	10053.500
648.271	10027.500
648.470	10021.500
648.668	10017.500
648.867	9919.500
649.066	9932.500
649.264	9917.500
649.463	9853.500
649.661	9943.500
649.860	10084.500
650.059	10139.500
650.257	10063.500
650.456	10126.500
650.655	10141.500
650.853	10095.500
651.052	9986.500
651.251	9986.500
651.449	10126.500
651.648	10035.500
651.846	10102.500
652.045	10172.500
652.244	10239.500
652.442	10127.500
652.641	10225.500
652.840	10263.500
653.038	10146.500
653.237	10248.500
653.436	10302.500
653.634	10179.500
653.833	10173.500
654.032	10146.500
654.230	9987.500
654.429	10058.500
654.627	10092.500
654.826	10037.500
655.025	9986.500
655.223	9722.500
655.422	9497.500
655.621	9346.500
655.819	9325.500
656.018	9113.500
656.217	8978.500
656.415	8983.500
656.614	9212.500
656.812	9309.500
657.011	9392.500
657.210	9323.500
657.408	9400.500
657.607	9634.500
657.806	9656.500
658.004	9757.500
658.203	9923.500
658.402	9940.500
658.600	9923.500
658.799	9992.500
658.997	10046.500
659.196	10010.500
659.395	10039.500
659.593	10126.500
659.792	10187.500
659.991	10247.500
660.189	10316.500
660.388	10303.500
660.587	10246.500
660.785	10244.500
660.984	10247.500
661.182	10374.500
661.381	10401.500
661.580	10458.500
661.778	10433.500
661.977	10395.500
662.176	10422.500
662.374	10336.500
662.573	10407.500
662.772	10371.500
662.970	10222.500
663.169	10179.500
663.367	10188.500
663.566	10240.500
663.765	10314.500
663.963	10267.500
664.162	10353.500
664.361	10306.500
664.559	10421.500
664.758	10303.500
664.957	10226.500
665.155	10299.500
665.354	10288.500
665.552	10224.500
665.751	10215.500
665.950	10265.500
666.148	10158.500
666.347	10112.500
666.546	10088.500
666.744	10243.500
666.943	10279.500
667.142	10168.500
667.340	10129.500
667.539	10068.500
667.738	10167.500
667.936	10178.500
668.135	10236.500
668.333	10245.500
668.532	10174.500
668.731	10050.500
668.929	10076.500
669.128	10162.500
669.327	10121.500
669.525	10201.500
669.724	10134.500
669.923	9990.500
670.121	10000.500
670.320	9965.500
670.518	9946.500
670.717	9878.500
670.916	9900.500
671.114	9933.500
671.313	9935.500
671.512	9778.500
671.710	9845.500
671.909	10038.500
672.108	10083.500
672.306	9978.500
672.505	9931.500
672.703	9851.500
672.902	9914.500
673.101	9939.500
673.299	9928.500
673.498	9925.500
673.697	9830.500
673.895	9783.500
674.094	9681.500
674.293	9671.500
674.491	9713.500
674.690	9730.500
674.888	9753.500
675.087	9884.500
675.286	9852.500
675.484	9804.500
675.683	9720.500
675.882	9666.500
676.080	9713.500
676.279	9739.500
676.478	9719.500
676.676	9567.500
676.875	9628.500
677.073	9614.500
677.272	9584.500
677.471	9683.500
677.669	9767.500
677.868	9789.500
678.067	9621.500
678.265	9479.500
678.464	9459.500
678.663	9591.500
678.861	9619.500
679.060	9649.500
679.259	9647.500
679.457	9640.500
679.656	9562.500
679.854	9576.500
680.053	9508.500
680.252	9455.500
680.450	9507.500
680.649	9552.500
680.848	9525.500
681.046	9391.500
681.245	9377.500
681.444	9569.500
681.642	9598.500
681.841	9466.500
682.039	9457.500
682.238	9486.500
682.437	9517.500
682.635	9429.500
682.834	9361.500
683.033	9321.500
683.231	9265.500
683.430	9189.500
683.629	9199.500
683.827	9212.500
684.026	9142.500
684.224	9173.500
684.423	9229.500
684.622	9208.500
684.820	9215.500
685.019	9248.500
685.218	9099.500
685.416	8895.500
685.615	8761.500
685.814	8544.500
686.012	8449.500
686.211	8206.500
686.409	7875.500
686.608	7721.500
686.807	7598.500
687.005	7552.500
687.204	7570.500
687.403	7625.500
687.601	7701.500
687.800	7672.500
687.999	7636.500
688.197	7586.500
688.396	7504.500
688.594	7514.500
688.793	7644.500
688.992	7639.500
689.190	7760.500
689.389	7792.500
689.588	7815.500
689.786	7897.500
689.985	7934.500
690.184	7904.500
690.382	8026.500
690.581	8138.500
690.779	8067.500
690.978	8069.500
691.177	8122.500
691.375	8124.500
691.574	8097.500
691.773	8150.500
691.971	8182.500
692.170	8038.500
692.369	8170.500
692.567	8200.500
692.766	8042.500
692.965	8079.500
693.163	8100.500
693.362	8164.500
693.560	8165.500
693.759	8160.500
693.958	8143.500
694.156	8039.500
694.355	8073.500
694.554	8026.500
694.752	7996.500
694.951	8083.500
695.150	8022.500
695.348	8072.500
695.547	8113.500
695.745	8184.500
695.944	8244.500
696.143	8213.500
696.341	8356.500
696.540	8356.500
696.743	8362.500
696.946	8414.500
697.149	8429.500
697.352	8421.500
697.555	8367.500
697.757	8319.500
697.960	8284.500
698.163	8220.500
698.366	8176.500
698.569	8194.500
698.772	8208.500
698.975	8232.500
699.178	8123.500
699.381	7985.500
699.584	8115.500
699.787	8057.500
699.989	8010.500
700.192	8122.500
700.395	7999.500
700.598	7958.500
700.801	7982.500
701.004	7939.500
701.207	7867.500
701.410	7839.500
701.613	7761.500
701.816	7779.500
702.019	7916.500
702.221	8049.500
702.424	7899.500
702.627	7880.500
702.830	7987.500
703.033	8082.500
703.236	8051.500
703.439	7945.500
703.642	7967.500
703.845	8156.500
704.048	8097.500
704.251	8021.500
704.453	8023.500
704.656	8109.500
704.859	8112.500
705.062	8103.500
705.265	8099.500
705.468	8018.500
705.671	8067.500
705.874	8119.500
706.077	8208.500
706.280	8159.500
706.483	8150.500
706.685	8135.500
706.888	8069.500
707.091	8174.500
707.294	8150.500
707.497	8166.500
707.700	8146.500
707.903	8197.500
708.106	8238.500
708.309	8208.500
708.512	7984.500
708.715	7975.500
708.917	8022.500
709.120	8092.500
709.323	8080.500
709.526	7923.500
709.729	7922.500
709.932	8004.500
710.135	7996.500
710.338	7996.500
710.541	7998.500
710.744	7881.500
710.947	8013.500
711.149	8068.500
711.352	7976.500
711.555	7918.500
711.758	7935.500
711.961	7972.500
712.164	7902.500
712.367	7902.500
712.570	7930.500
712.773	7810.500
712.976	7792.500
713.179	7772.500
713.381	7819.500
713.584	7794.500
713.787	7663.500
713.990	7679.500
714.193	7630.500
714.396	7580.500
714.599	7624.500
714.802	7658.500
715.005	7644.500
715.208	7454.500
715.411	7345.500
715.613	7384.500
715.816	7216.500
716.019	7050.500
716.222	6889.500
716.425	6721.500
716.628	6604.500
716.831	6451.500
717.034	6414.500
717.237	6283.500
717.440	6088.500
717.643	6142.500
717.845	5977.500
718.048	5737.500
718.251	5738.500
718.454	5749.500
718.657	5671.500
718.860	5646.500
719.063	5616.500
719.266	5594.500
719.469	5491.500
719.672	5604.500
719.875	5663.500
720.077	5702.500
720.280	5899.500
720.483	6046.500
720.686	6170.500
720.889	6180.500
721.092	6269.500
721.295	6305.500
721.498	6411.500
721.701	6372.500
721.904	6352.500
722.107	6291.500
722.309	6226.500
722.512	6218.500
722.715	6156.500
722.918	6074.500
723.121	6047.500
723.324	6043.500
723.527	6135.500
723.730	5990.500
723.933	5857.500
724.136	5768.500
724.339	5862.500
724.541	5888.500
724.744	5793.500
724.947	5773.500
725.150	5782.500
725.353	5681.500
725.556	5704.500
725.759	5789.500
725.962	5776.500
726.165	5769.500
726.368	5793.500
726.571	5752.500
726.773	5693.500
726.976	5650.500
727.179	5767.500
727.382	5772.500
727.585	5745.500
727.788	5711.500
727.991	5686.500
728.194	5614.500
728.397	5607.500
728.600	5581.500
728.803	5618.500
729.005	5705.500
729.208	5807.500
729.411	5703.500
729.614	5586.500
729.817	5633.500
730.020	5580.500
730.223	5666.500
730.426	5661.500
730.629	5729.500
730.832	5733.500
731.035	5782.500
731.237	5876.500
731.440	5902.500
731.643	5886.500
731.846	5849.500
732.049	5929.500
732.252	6076.500
732.455	6045.500
732.658	5976.500
732.861	6083.500
733.064	6268.500
733.267	6247.500
733.469	6263.500
733.672	6242.500
733.875	6183.500
734.078	6171.500
734.281	6185.500
734.484	6230.500
734.687	6205.500
734.890	6146.500
735.093	6135.500
735.296	6095.500
735.499	6100.500
735.701	6115.500
735.904	6113.500
736.107	6081.500
736.310	6077.500
736.513	6145.500
736.716	6107.500
736.919	6139.500
737.122	6072.500
737.325	6079.500
737.528	6131.500
737.731	6010.500
737.933	5862.500
738.136	5922.500
738.339	6006.500
738.542	5987.500
738.745	6051.500
738.948	5973.500
739.151	5933.500
739.354	6011.500
739.557	5975.500
739.760	5937.500
739.963	5969.500
740.165	5949.500
740.368	5895.500
740.571	5838.500
740.774	5898.500
740.977	5890.500
741.180	5931.500
741.383	5995.500
741.586	5909.500
741.789	5963.500
741.992	5990.500
742.195	5934.500
742.397	6133.500
742.600	6068.500
742.803	6016.500
743.006	5953.500
743.209	5971.500
743.412	5863.500
743.615	5884.500
743.818	5993.500
744.021	5918.500
744.224	5976.500
744.427	5922.500
744.629	5819.500
744.832	5789.500
745.035	5833.500
745.238	5811.500
745.441	5809.500
745.644	5763.500
745.847	5818.500
746.050	5847.500
746.253	5883.500
746.456	5813.500
746.659	5929.500
746.861	5957.500
747.064	5939.500
747.267	5832.500
747.470	5805.500
747.673	5837.500
747.876	5765.500
748.079	5736.500
748.282	5695.500
748.485	5614.500
748.688	5591.500
748.891	5574.500
749.093	5622.500
749.296	5612.500
749.499	5562.500
749.702	5575.500
749.905	5639.500
750.108	5573.500
750.311	5565.500
750.514	5609.500
750.717	5616.500
750.920	5558.500
751.123	5559.500
751.325	5476.500
751.528	5454.500
751.731	5438.500
751.934	5511.500
752.137	5520.500
752.340	5430.500
752.543	5478.500
752.746	5455.500
752.949	5446.500
753.152	5436.500
753.355	5403.500
753.557	5490.500
753.760	5516.500
753.963	5357.500
754.166	5354.500
754.369	5353.500
754.572	5341.500
754.775	5362.500
754.978	5374.500
755.181	5241.500
755.384	5310.500
755.587	5326.500
755.789	5297.500
755.992	5311.500
756.195	5303.500
756.398	5286.500
756.601	5343.500
756.804	5324.500
757.007	5205.500
757.210	5131.500
757.413	5165.500
757.616	5162.500
757.819	5026.500
758.021	4829.500
758.224	4602.500
758.427	4444.500
758.630	4032.500
758.833	3704.500
759.036	3416.500
759.239	3069.500
759.442	2810.500
759.645	2577.500
759.848	2445.500
760.051	2407.500
760.253	2398.500
760.456	2400.500
760.659	2380.500
760.862	2412.500
761.065	2441.500
761.268	2427.500
761.471	2353.500
761.674	2251.500
761.877	2216.500
762.080	2243.500
762.283	2271.500
762.485	2314.500
762.688	2356.500
762.891	2400.500
763.094	2433.500
763.297	2536.500
763.500	2555.500
763.706	2622.500
763.912	2741.500
764.118	2799.500
764.325	2820.500
764.531	3001.500
764.737	2990.500
764.943	3114.500
765.149	3221.500
765.355	3336.500
765.561	3375.500
765.768	3449.500
765.974	3614.500
766.180	3749.500
766.386	3896.500
766.592	3936.500
766.798	3938.500
767.004	4027.500
767.210	4102.500
767.417	4140.500
767.623	4203.500
767.829	4207.500
768.035	4234.500
768.241	4277.500
768.447	4329.500
768.653	4494.500
768.860	4510.500
769.066	4419.500
769.272	4379.500
769.478	4403.500
769.684	4434.500
769.890	4466.500
770.096	4519.500
770.303	4497.500
770.509	4466.500
770.715	4547.500
770.921	4504.500
771.127	4510.500
771.333	4540.500
771.539	4514.500
771.745	4507.500
771.952	4450.500
772.158	4527.500
772.364	4598.500
772.570	4572.500
772.776	4562.500
772.982	4498.500
773.188	4453.500
773.395	4398.500
773.601	4396.500
773.807	4357.500
774.013	4345.500
774.219	4451.500
774.425	4411.500
774.631	4342.500
774.838	4407.500
775.044	4409.500
775.250	4367.500
775.456	4271.500
775.662	4294.500
775.868	4310.500
776.074	4356.500
776.281	4286.500
776.487	4266.500
776.693	4278.500
776.899	4314.500
777.105	4270.500
777.311	4251.500
777.517	4304.500
777.723	4249.500
777.930	4192.500
778.136	4239.500
778.342	4256.500
778.548	4329.500
778.754	4292.500
778.960	4284.500
779.166	4301.500
779.373	4254.500
779.579	4169.500
779.785	4230.500
779.991	4236.500
780.197	4160.500
780.403	4233.500
780.609	4218.500
780.816	4140.500
781.022	4091.500
781.228	4115.500
781.434	4114.500
781.640	4063.500
781.846	4111.500
782.052	4079.500
782.259	4080.500
782.465	4105.500
782.671	4118.500
782.877	4096.500
783.083	4079.500
783.289	4062.500
783.495	3920.500
783.701	3920.500
783.908	3910.500
784.114	3882.500
784.320	3963.500
784.526	4044.500
784.732	4071.500
784.938	4008.500
785.144	3949.500
785.351	3957.500
785.557	3930.500
785.763	3903.500
785.969	3910.500
786.175	3909.500
786.381	3966.500
786.587	3896.500
786.794	3774.500
787.000	3830.500
787.206	3868.500
787.412	3826.500
787.618	3868.500
787.824	3801.500
788.030	3793.500
788.236	3694.500
788.443	3673.500
788.649	3662.500
788.855	3700.500
789.061	3700.500
789.267	3687.500
789.473	3658.500
789.679	3662.500
789.886	3559.500
790.092	3551.500
790.298	3616.500
790.504	3615.500
790.710	3556.500
790.916	3584.500
791.122	3571.500
791.329	3524.500
791.535	3504.500
791.741	3514.500
791.947	3534.500
792.153	3497.500
792.359	3457.500
792.565	3493.500
792.771	3498.500
792.978	3414.500
793.184	3381.500
793.390	3335.500
793.596	3361.500
793.802	3498.500
794.008	3536.500
794.214	3545.500
794.421	3463.500
794.627	3432.500
794.833	3406.500
795.039	3281.500
795.245	3253.500
795.451	3282.500
795.657	3330.500
795.864	3303.500
796.070	3356.500
796.276	3363.500
796.482	3313.500
796.688	3341.500
796.894	3417.500
797.100	3361.500
797.307	3287.500
797.513	3276.500
797.719	3346.500
797.925	3334.500
798.131	3251.500
798.337	3192.500
798.543	3239.500
798.749	3202.500
798.956	3139.500
799.162	3117.500
799.368	3151.500
799.574	3199.500
799.780	3183.500
799.986	3143.500
800.192	3230.500
800.399	3199.500
800.605	3166.500
800.811	3127.500
801.017	3130.500
801.223	3083.500
801.429	2972.500
801.635	2994.500
801.842	3056.500
802.048	3104.500
802.254	3143.500
802.460	3115.500
802.666	3115.500
802.872	3154.500
803.078	3035.500
803.285	3009.500
803.491	3019.500
803.697	3059.500
803.903	3026.500
804.109	2962.500
804.315	3014.500
804.521	3052.500
804.727	3025.500
804.934	3022.500
805.140	2891.500
805.346	2951.500
805.552	3053.500
805.758	3012.500
805.964	2965.500
806.170	2959.500
806.377	3055.500
806.583	2975.500
806.789	2927.500
806.995	2896.500
807.201	2870.500
807.407	2897.500
807.613	2957.500
807.820	2905.500
808.026	2913.500
808.232	2931.500
808.438	2842.500
808.644	2857.500
808.850	2877.500
809.056	2809.500
809.262	2828.500
809.469	2784.500
809.675	2812.500
809.881	2780.500
810.087	2774.500
810.293	2763.500
810.499	2724.500
810.705	2739.500
810.912	2675.500
811.118	2683.500
811.324	2685.500
811.530	2618.500
811.739	2626.500
811.947	2608.500
812.156	2649.500
812.365	2603.500
812.573	2538.500
812.782	2461.500
812.990	2398.500
813.199	2424.500
813.408	2407.500
813.616	2297.500
813.825	2299.500
814.034	2310.500
814.242	2297.500
814.451	2276.500
814.659	2173.500
814.868	2138.500
815.077	2113.500
815.285	2102.500
815.494	2151.500
815.703	2132.500
815.911	2113.500
816.120	2112.500
816.329	2134.500
816.537	2107.500
816.746	2024.500
816.954	1947.500
817.163	2015.500
817.372	2042.500
817.580	2054.500
817.789	2047.500
817.998	2028.500
818.206	1996.500
818.415	2072.500
818.624	2014.500
818.832	1984.500
819.041	1993.500
819.249	2066.500
819.458	2121.500
819.667	2164.500
819.875	2174.500
820.084	2123.500
820.293	2155.500
820.501	2234.500
820.710	2162.500
820.919	2128.500
821.127	2120.500
821.336	2064.500
821.544	1981.500
821.753	1987.500
821.962	1915.500
822.170	1928.500
822.379	1923.500
822.588	1946.500
822.796	1966.500
823.005	1957.500
823.213	1948.500
823.422	1939.500
823.631	2023.500
823.839	2049.500
824.048	2026.500
824.257	2047.500
824.465	2120.500
824.674	2025.500
824.883	2032.500
825.091	2088.500
825.300	2060.500
825.508	2093.500
825.717	2143.500
825.926	2124.500
826.134	2148.500
826.343	2111.500
826.552	2053.500
826.760	2031.500
826.969	2066.500
827.178	2068.500
827.386	2024.500
827.595	2001.500
827.803	1996.500
828.012	1960.500
828.221	1924.500
828.429	1966.500
828.638	1987.500
828.847	1878.500
829.055	1892.500
829.264	1927.500
829.472	1946.500
829.681	2049.500
829.890	2028.500
830.098	1953.500
830.307	1942.500
830.516	1963.500
830.724	1926.500
830.933	1938.500
831.142	1914.500
831.350	1885.500
831.559	1921.500
831.767	1894.500
831.976	1878.500
832.185	1909.500
832.393	1931.500
832.602	1872.500
832.811	1803.500
833.019	1850.500
833.228	1879.500
833.437	1870.500
833.645	1869.500
833.854	1916.500
834.062	1947.500
834.271	1907.500
834.480	1880.500
834.688	1907.500
834.897	1964.500
835.106	1958.500
835.314	1891.500
835.523	1896.500
835.731	1979.500
835.940	1976.500
836.149	2006.500
836.357	1935.500
836.566	1911.500
836.775	1987.500
836.983	2043.500
837.192	1941.500
837.401	1898.500
837.609	1996.500
837.818	2013.500
838.026	1898.500
838.235	1903.500
838.444	1945.500
838.652	1949.500
838.861	1953.500
839.070	2021.500
839.278	1968.500
839.487	1959.500
839.696	1957.500
839.904	1920.500
840.113	1950.500
840.321	1914.500
840.530	1891.500
840.739	1851.500
840.947	1861.500
841.156	1901.500
841.365	1942.500
841.573	1919.500
841.782	1894.500
841.991	1937.500
842.199	1929.500
842.408	1905.500
842.616	1895.500
842.825	1891.500
843.034	1918.500
843.242	1888.500
843.451	1855.500
843.660	1810.500
843.868	1822.500
844.077	1837.500
844.285	1859.500
844.494	1849.500
844.703	1897.500
844.911	1856.500
845.120	1852.500
845.329	1889.500
845.537	1901.500
845.746	1888.500
845.955	1804.500
846.163	1730.500
846.372	1740.500
846.580	1807.500
846.789	1807.500
846.998	1780.500
847.206	1790.500
847.415	1792.500
847.624	1723.500
847.832	1781.500
848.041	1776.500
848.250	1751.500
848.458	1742.500
848.667	1715.500
848.875	1720.500
849.084	1663.500
849.293	1650.500
849.501	1715.500
849.710	1677.500
849.919	1679.500
850.127	1680.500
850.336	1713.500
850.544	1671.500
850.753	1632.500
850.962	1641.500
851.170	1687.500
851.379	1682.500
851.588	1660.500
851.796	1670.500
852.005	1651.500
852.214	1659.500
852.422	1598.500
852.631	1576.500
852.839	1542.500
853.048	1502.500
853.257	1498.500
853.465	1445.500
853.674	1431.500
853.883	1531.500
854.091	1487.500
854.300	1498.500
854.509	1524.500
854.717	1547.500
854.926	1533.500
855.134	1519.500
855.343	1505.500
855.552	1523.500
855.760	1561.500
855.969	1578.500
856.178	1523.500
856.386	1547.500
856.595	1530.500
856.803	1540.500
857.012	1555.500
857.221	1530.500
857.429	1526.500
857.638	1558.500
857.847	1566.500
858.055	1563.500
858.264	1562.500
858.473	1554.500
858.681	1571.500
858.890	1601.500
859.098	1580.500
859.307	1515.500
859.516	1493.500
859.724	1497.500
859.933	1486.500
860.142	1488.500
860.350	1528.500
860.559	1462.500
860.768	1471.500
860.976	1499.500
861.185	1426.500
861.393	1423.500
861.602	1450.500
861.811	1472.500
862.019	1529.500
862.228	1532.500
862.437	1441.500
862.645	1450.500
862.854	1478.500
863.062	1461.500
863.271	1463.500
863.480	1389.500
863.688	1416.500
863.897	1406.500
864.106	1407.500
864.314	1449.500
864.523	1390.500
864.732	1337.500
864.940	1374.500
865.149	1377.500
865.357	1263.500
865.566	1210.500
865.775	1247.500
865.983	1274.500
866.192	1236.500
866.401	1275.500
866.609	1284.500
866.818	1254.500
867.027	1281.500
867.235	1308.500
867.444	1280.500
867.652	1225.500
867.861	1252.500
868.070	1234.500
868.278	1257.500
868.487	1275.500
868.696	1287.500
868.904	1268.500
869.113	1264.500
869.321	1294.500
869.530	1262.500
869.739	1262.500
869.947	1274.500
870.156	1196.500
870.365	1200.500
870.573	1277.500
870.782	1252.500
870.991	1164.500
871.199	1170.500
871.408	1213.500
871.616	1217.500
871.825	1224.500
872.034	1243.500
872.242	1158.500
872.451	1144.500
872.660	1181.500
872.868	1197.500
873.077	1219.500
873.286	1198.500
873.494	1220.500
873.703	1166.500
873.911	1174.500
874.120	1230.500
874.329	1180.500
874.537	1149.500
874.746	1110.500
874.955	1124.500
875.163	1118.500
875.372	1107.500
875.581	1080.500
875.789	1105.500
875.998	1157.500
876.206	1104.500
876.415	1115.500
876.624	1103.500
876.832	1134.500
877.041	1154.500
877.250	1114.500
877.458	1085.500
877.667	1121.500
877.875	1109.500
878.084	1085.500
878.293	1063.500
878.501	1036.500
878.710	1013.500
878.919	1058.500
879.127	1098.500
879.336	1056.500
879.545	1013.500
879.753	1004.500
879.962	1007.500
880.170	1038.500
880.379	997.500
880.588	1015.500
880.796	1059.500
881.005	1080.500
881.214	1020.500
881.422	992.500
881.631	995.500
881.840	991.500
882.048	1033.500
882.257	1085.500
882.465	968.500
882.674	961.500
882.883	1048.500
883.091	1037.500
883.300	996.500
883.509	982.500
883.717	1042.500
883.926	1014.500
884.134	976.500
884.343	969.500
884.552	952.500
884.760	954.500
884.969	950.500
885.178	974.500
885.386	982.500
885.595	926.500
885.804	894.500
886.012	912.500
886.221	968.500
886.429	992.500
886.638	964.500
886.847	941.500
887.055	926.500
887.264	922.500
887.473	903.500
887.681	893.500
887.890	897.500
888.099	949.500
888.307	908.500
888.516	940.500
888.724	931.500
888.933	879.500
889.142	852.500
889.350	825.500
889.559	837.500
889.768	884.500
889.976	877.500
890.185	844.500
890.393	849.500
890.602	869.500
890.811	861.500
891.019	857.500
891.228	878.500
891.437	860.500
891.645	803.500
891.854	808.500
892.063	857.500
892.271	857.500
892.480	803.500
892.688	812.500
892.897	832.500
893.106	790.500
893.314	798.500
893.523	755.500
893.732	724.500
893.940	716.500
894.149	765.500
894.358	748.500
894.566	684.500
894.775	721.500
894.983	745.500
895.192	716.500
895.401	715.500
895.609	697.500
895.818	674.500
896.027	662.500
896.235	669.500
896.444	713.500
896.652	666.500
896.861	638.500
897.070	691.500
897.278	670.500
897.487	626.500
897.696	629.500
897.904	598.500
898.113	598.500
898.322	600.500
898.530	635.500
898.739	613.500
898.947	562.500
899.156	569.500
899.365	565.500
899.573	545.500
899.782	486.500
899.991	491.500
900.199	524.500
900.408	561.500
900.617	590.500
900.825	614.500
901.034	604.500
901.242	577.500
901.451	556.500
901.660	557.500
901.868	584.500
902.077	576.500
902.286	577.500
902.494	633.500
902.703	626.500
902.911	618.500
903.120	646.500
903.329	691.500
903.537	719.500
903.746	678.500
903.955	678.500
904.163	684.500
904.372	644.500
904.581	660.500
904.789	685.500
904.998	606.500
905.206	608.500
905.415	676.500
905.624	622.500
905.832	547.500
906.041	578.500
906.250	614.500
906.458	576.500
906.667	553.500
906.876	544.500
907.084	548.500
907.293	543.500
907.501	577.500
907.710	598.500
907.919	534.500
908.127	544.500
908.336	548.500
908.545	522.500
908.753	534.500
908.962	526.500
909.170	513.500
909.379	515.500
909.588	530.500
909.796	490.500
910.005	451.500
910.214	534.500
910.422	525.500
910.631	476.500
910.840	523.500
911.048	572.500
911.257	528.500
911.465	562.500
911.674	531.500
911.883	503.500
912.091	489.500
912.300	504.500
912.508	481.500
912.716	438.500
912.924	457.500
913.132	462.500
913.340	456.500
913.549	468.500
913.757	516.500
913.965	469.500
914.173	454.500
914.381	465.500
914.589	446.500
914.797	452.500
915.005	442.500
915.213	421.500
915.421	450.500
915.629	452.500
915.838	418.500
916.046	402.500
916.254	433.500
916.462	461.500
916.670	431.500
916.878	422.500
917.086	480.500
917.294	475.500
917.502	460.500
917.710	447.500
917.919	414.500
918.127	427.500
918.335	454.500
918.543	433.500
918.751	456.500
918.959	517.500
919.167	511.500
919.375	508.500
919.583	546.500
919.791	528.500
919.999	481.500
920.208	509.500
920.416	503.500
920.624	466.500
920.832	485.500
921.040	511.500
921.248	502.500
921.456	466.500
921.664	459.500
921.872	430.500
922.080	412.500
922.288	482.500
922.497	490.500
922.705	472.500
922.913	470.500
923.121	434.500
923.329	414.500
923.537	422.500
923.745	460.500
923.953	438.500
924.161	452.500
924.369	466.500
924.578	440.500
924.786	455.500
924.994	412.500
925.202	408.500
925.410	471.500
925.618	455.500
925.826	453.500
926.034	444.500
926.242	451.500
926.450	422.500
926.658	378.500
926.867	410.500
927.075	416.500
927.283	374.500
927.491	336.500
927.699	313.500
927.907	340.500
928.115	355.500
928.323	313.500
928.531	313.500
928.739	277.500
928.947	283.500
929.156	335.500
929.364	284.500
929.572	238.500
929.780	238.500
929.988	236.500
930.196	239.500
930.404	213.500
930.612	221.500
930.820	211.500
931.028	192.500
931.236	215.500
931.445	183.500
931.653	170.500
931.861	212.500
932.069	161.500
932.277	161.500
932.485	183.500
932.693	156.500
932.901	77.500
933.109	64.500
933.317	133.500
933.526	151.500
933.734	129.500
933.942	143.500
934.150	148.500
934.358	154.500
934.566	118.500
934.774	82.500
934.982	103.500
935.190	100.500
935.398	111.500
935.606	113.500
935.815	125.500
936.023	76.500
936.231	96.500
936.439	134.500
936.647	146.500
936.855	151.500
937.063	125.500
937.271	121.500
937.479	145.500
937.687	104.500
937.895	124.500
938.104	130.500
938.312	166.500
938.520	126.500
938.728	129.500
938.936	151.500
939.144	126.500
939.352	127.500
939.560	124.500
939.768	150.500
939.976	144.500
940.185	138.500
940.393	129.500
940.601	186.500
940.809	179.500
941.017	175.500
941.225	166.500
941.433	130.500
941.641	111.500
941.849	116.500
942.057	60.500
942.265	86.500
942.474	137.500
942.682	136.500
942.890	138.500
943.098	123.500
943.306	108.500
943.514	69.500
943.722	77.500
943.930	99.500
944.138	100.500
944.346	107.500
944.554	127.500
944.763	112.500
944.971	111.500
945.179	112.500
945.387	87.500
945.595	86.500
945.803	102.500
946.011	108.500
946.219	91.500
946.427	122.500
946.635	164.500
946.843	165.500
947.052	146.500
947.260	139.500
947.468	109.500
947.676	94.500
947.884	114.500
948.092	103.500
948.300	152.500
948.508	190.500
948.716	164.500
948.924	124.500
949.133	152.500
949.341	153.500
949.549	134.500
949.757	99.500
949.965	68.500
950.173	69.500
950.381	116.500
950.589	140.500
950.797	146.500
951.005	128.500
951.213	71.500
951.422	48.500
951.630	57.500
951.838	91.500
952.046	127.500
952.254	134.500
952.462	125.500
952.670	101.500
952.878	106.500
953.086	119.500
953.294	79.500
953.502	77.500
953.711	117.500
953.919	113.500
954.127	96.500
954.335	128.500
954.543	162.500
954.751	137.500
954.959	140.500
955.167	119.500
955.375	87.500
955.583	87.500
955.792	136.500
956.000	144.500
956.208	167.500
956.416	165.500
956.624	127.500
956.832	96.500
957.040	95.500
957.248	106.500
957.456	56.500
957.664	61.500
957.872	119.500
958.081	92.500
958.289	119.500
958.497	160.500
958.705	155.500
958.913	139.500
959.121	137.500
959.329	121.500
959.537	144.500
959.745	112.500
959.953	104.500
960.161	94.500
960.370	114.500
960.578	118.500
960.786	93.500
960.994	101.500
961.202	136.500
961.410	118.500
961.618	80.500
961.826	68.500
962.034	85.500
962.242	81.500
962.451	87.500
962.659	138.500
962.867	148.500
963.075	166.500
963.283	141.500
963.491	129.500
963.699	129.500
963.907	134.500
964.115	120.500
964.323	180.500
964.531	169.500
964.740	126.500
964.948	142.500
965.156	112.500
965.364	108.500
965.572	103.500
965.780	109.500
965.999	123.500
966.218	111.500
966.438	133.500
966.657	158.500
966.876	123.500
967.095	163.500
967.315	167.500
967.534	117.500
967.753	148.500
967.972	142.500
968.192	157.500
968.411	156.500
968.630	140.500
968.849	137.500
969.068	152.500
969.288	142.500
969.507	150.500
969.726	133.500
969.945	142.500
970.165	113.500
970.384	117.500
970.603	129.500
970.822	126.500
971.042	134.500
971.261	128.500
971.480	99.500
971.699	52.500
971.919	73.500
972.138	125.500
972.357	160.500
972.576	148.500
972.795	145.500
973.015	128.500
973.234	105.500
973.453	100.500
973.672	128.500
973.892	104.500
974.111	115.500
974.330	101.500
974.549	101.500
974.769	126.500
974.988	115.500
975.207	104.500
975.426	106.500
975.646	120.500
975.865	100.500
976.084	115.500
976.303	123.500
976.522	95.500
976.742	122.500
976.961	158.500
977.180	138.500
977.399	115.500
977.619	127.500
977.838	130.500
978.057	82.500
978.276	88.500
978.496	111.500
978.715	78.500
978.934	71.500
979.153	80.500
979.372	110.500
979.592	131.500
979.811	94.500
980.030	97.500
980.249	118.500
980.469	90.500
980.688	73.500
980.907	95.500
981.126	115.500
981.346	134.500
981.565	109.500
981.784	94.500
982.003	135.500
982.223	116.500
982.442	136.500
982.661	90.500
982.880	76.500
983.099	65.500
983.319	105.500
983.538	121.500
983.757	93.500
983.976	142.500
984.196	152.500
984.415	121.500
984.634	101.500
984.853	82.500
985.073	79.500
985.292	76.500
985.511	107.500
985.730	129.500
985.949	121.500
986.169	118.500
986.388	102.500
986.607	108.500
986.826	76.500
987.046	80.500
987.265	91.500
987.484	95.500
987.703	133.500
987.923	132.500
988.142	101.500
988.361	80.500
988.580	105.500
988.800	94.500
989.019	73.500
989.238	89.500
989.457	118.500
989.676	140.500
989.896	141.500
990.115	110.500
990.334	98.500
990.553	98.500
990.773	90.500
990.992	90.500
991.211	75.500
991.430	86.500
991.650	90.500
991.869	132.500
992.088	158.500
992.307	141.500
992.527	106.500
992.746	52.500
992.965	54.500
993.184	98.500
993.403	65.500
993.623	67.500
993.842	110.500
994.061	115.500
994.280	148.500
994.500	111.500
994.719	66.500
994.938	66.500
995.157	90.500
995.377	89.500
995.596	81.500
995.815	73.500
996.034	117.500
996.253	136.500
996.473	103.500
996.692	84.500
996.911	100.500
997.130	132.500
997.350	121.500
997.569	60.500
997.788	62.500
998.007	91.500
998.227	51.500
998.446	65.500
998.665	96.500
998.884	77.500
999.104	86.500
999.323	82.500
999.542	47.500
999.761	34.500
999.980	35.500
1000.200	76.500
1000.419	74.500
1000.638	94.500
1000.857	84.500
1001.077	61.500
1001.296	76.500
1001.515	55.500
1001.734	46.500
1001.954	37.500
1002.173	48.500
1002.392	74.500
1002.611	43.500
1002.830	40.500
1003.050	68.500
1003.269	65.500
1003.488	70.500
1003.707	76.500
1003.927	56.500
1004.146	58.500
1004.365	97.500
1004.584	104.500
1004.804	93.500
1005.023	88.500
1005.242	66.500
1005.461	33.500
1005.681	76.500
1005.900	24.500
1006.119	14.500
1006.338	72.500
1006.557	79.500
1006.777	115.500
1006.996	78.500
1007.215	70.500
1007.434	100.500
1007.654	66.500
1007.873	78.500
1008.092	70.500
1008.311	55.500
1008.531	34.500
1008.750	71.500
1008.969	102.500
1009.188	67.500
1009.407	55.500
1009.627	42.500
1009.846	51.500
1010.065	51.500
1010.284	66.500
1010.504	66.500
1010.723	34.500
1010.942	30.500
1011.161	77.500
1011.381	66.500
1011.600	69.500
1011.819	83.500
1012.038	44.500
1012.258	34.500
1012.477	56.500
1012.696	36.500
1012.915	30.500
1013.134	42.500
1013.354	77.500
1013.573	68.500
1013.792	52.500
1014.011	34.500
1014.231	14.500
1014.450	29.500
1014.669	42.500
1014.888	42.500
1015.108	81.500
1015.327	99.500
1015.546	85.500
1015.765	82.500
1015.984	29.500
1016.204	0.500
1016.423	45.500
1016.642	54.500
1016.861	41.500
1017.081	60.500
1017.300	57.500
1017.519	51.500
