296.912	155.000
297.101	28.000
297.290	-12.000
297.479	64.000
297.668	-102.000
297.858	54.000
298.047	232.000
298.236	115.000
298.425	-12.000
298.614	-63.000
298.803	-143.000
298.992	-34.000
299.181	36.000
299.370	-11.000
299.559	7.000
299.748	96.000
299.937	176.000
300.126	209.000
300.315	-67.000
300.504	-132.000
300.693	3.000
300.882	19.000
301.071	3.000
301.260	-67.000
301.449	-41.000
301.638	90.000
301.827	-4.000
302.016	-48.000
302.205	-8.000
302.395	-80.000
302.584	-57.000
302.773	25.000
302.962	127.000
303.151	-8.000
303.340	-121.000
303.529	-157.000
303.718	-78.000
303.907	41.000
304.096	13.000
304.285	-34.000
304.474	27.000
304.663	33.000
304.852	1.000
305.041	45.000
305.230	131.000
305.419	94.000
305.608	83.000
305.797	-18.000
305.986	-78.000
306.175	-144.000
306.364	-188.000
306.553	-131.000
306.743	0.000
306.932	58.000
307.121	85.000
307.310	21.000
307.499	-14.000
307.688	-92.000
307.877	-41.000
308.066	-52.000
308.255	18.000
308.444	148.000
308.633	58.000
308.822	-88.000
309.011	-125.000
309.200	45.000
309.389	106.000
309.578	-73.000
309.767	-59.000
309.956	57.000
310.145	-8.000
310.334	-132.000
310.523	16.000
310.712	22.000
310.901	-109.000
311.091	39.000
311.280	142.000
311.469	23.000
311.658	186.000
311.847	23.000
312.036	-92.000
312.225	-10.000
312.414	-119.000
312.603	-120.000
312.792	35.000
312.981	56.000
313.170	-8.000
313.349	-105.000
313.527	-59.000
313.706	-62.000
313.884	-16.000
314.063	36.000
314.241	99.000
314.420	252.000
314.598	137.000
314.777	62.000
314.955	-61.000
315.134	-28.000
315.312	-51.000
315.491	-113.000
315.669	9.000
315.848	-14.000
316.027	-67.000
316.205	57.000
316.384	-18.000
316.562	15.000
316.741	-65.000
316.919	-26.000
317.098	-16.000
317.276	-110.000
317.455	-53.000
317.633	60.000
317.812	114.000
317.990	-24.000
318.169	46.000
318.347	87.000
318.526	142.000
318.705	-42.000
318.883	-55.000
319.062	16.000
319.240	50.000
319.419	-100.000
319.597	63.000
319.776	170.000
319.954	-55.000
320.133	-108.000
320.311	-32.000
320.490	132.000
320.668	46.000
320.847	-67.000
321.025	-50.000
321.204	125.000
321.382	91.000
321.561	-80.000
321.740	-66.000
321.918	57.000
322.097	78.000
322.275	-14.000
322.454	-17.000
322.632	-26.000
322.811	-36.000
322.989	-119.000
323.168	-54.000
323.346	-32.000
323.525	-78.000
323.703	-154.000
323.882	-204.000
324.060	-98.000
324.239	104.000
324.418	87.000
324.596	65.000
324.775	-29.000
324.953	-191.000
325.132	-70.000
325.310	80.000
325.489	-87.000
325.667	-9.000
325.846	-15.000
326.024	44.000
326.203	163.000
326.381	14.000
326.560	54.000
326.738	-37.000
326.917	-61.000
327.096	2.000
327.274	119.000
327.453	45.000
327.631	-108.000
327.810	-8.000
327.988	-40.000
328.167	-34.000
328.345	-94.000
328.524	-95.000
328.702	-98.000
328.881	-136.000
329.059	-146.000
329.238	-89.000
329.416	40.000
329.595	13.000
329.774	-45.000
329.952	-1.000
330.131	41.000
330.309	105.000
330.488	128.000
330.666	-50.000
330.845	-88.000
331.023	-16.000
331.202	-96.000
331.380	-103.000
331.559	-4.000
331.737	-7.000
331.916	-135.000
332.094	-10.000
332.273	84.000
332.452	-99.000
332.630	-16.000
332.809	96.000
332.987	37.000
333.166	5.000
333.344	71.000
333.523	32.000
333.701	-73.000
333.880	5.000
334.058	8.000
334.237	136.000
334.415	199.000
334.594	69.000
334.772	-208.000
334.951	-120.000
335.129	-96.000
335.308	124.000
335.487	212.000
335.665	118.000
335.844	276.000
336.022	280.000
336.201	34.000
336.379	-40.000
336.558	45.000
336.736	103.000
336.915	49.000
337.093	161.000
337.272	50.000
337.450	-31.000
337.629	-24.000
337.807	-90.000
337.986	-32.000
338.165	24.000
338.343	44.000
338.522	110.000
338.700	66.000
338.879	-95.000
339.057	22.000
339.236	170.000
339.414	35.000
339.593	-33.000
339.771	103.000
339.950	151.000
340.128	77.000
340.307	35.000
340.485	7.000
340.664	93.000
340.843	12.000
341.021	-28.000
341.200	-41.000
341.378	16.000
341.557	123.000
341.735	29.000
341.914	-115.000
342.092	-58.000
342.271	96.000
342.449	6.000
342.628	-106.000
342.806	-36.000
342.985	229.000
343.163	135.000
343.342	-27.000
343.521	-97.000
343.699	-143.000
343.878	-55.000
344.056	-2.000
344.235	-42.000
344.413	46.000
344.592	121.000
344.770	-84.000
344.949	40.000
345.127	93.000
345.306	62.000
345.484	-81.000
345.663	-63.000
345.841	28.000
346.020	97.000
346.199	17.000
346.377	-94.000
346.556	179.000
346.734	267.000
346.913	10.000
347.091	-21.000
347.270	74.000
347.448	24.000
347.627	-35.000
347.805	52.000
347.984	-4.000
348.162	-93.000
348.341	82.000
348.519	121.000
348.698	-94.000
348.876	-73.000
349.055	-68.000
349.234	42.000
349.412	79.000
349.591	-129.000
349.769	-140.000
349.948	88.000
350.126	158.000
350.305	220.000
350.483	115.000
350.662	-45.000
350.840	43.000
351.019	-51.000
351.197	-3.000
351.376	32.000
351.554	-5.000
351.733	-23.000
351.912	83.000
352.090	148.000
352.269	22.000
352.447	54.000
352.626	104.000
352.804	118.000
352.983	-43.000
353.161	-21.000
353.340	-3.000
353.518	-92.000
353.697	25.000
353.875	115.000
354.054	140.000
354.232	166.000
354.411	60.000
354.590	-53.000
354.768	54.000
354.947	9.000
355.125	-41.000
355.304	-30.000
355.482	-82.000
355.661	-28.000
355.839	-47.000
356.018	-41.000
356.196	-66.000
356.375	-117.000
356.553	20.000
356.732	-37.000
356.910	-35.000
357.089	47.000
357.268	46.000
357.446	38.000
357.625	26.000
357.803	-27.000
357.982	-68.000
358.160	-89.000
358.339	38.000
358.517	37.000
358.696	31.000
358.874	-19.000
359.053	-78.000
359.231	-218.000
359.410	-78.000
359.588	23.000
359.767	34.000
359.945	106.000
360.124	11.000
360.303	-81.000
360.481	-104.000
360.660	-69.000
360.838	-4.000
361.017	-43.000
361.195	-94.000
361.374	-42.000
361.552	17.000
361.731	23.000
361.909	41.000
362.088	-59.000
362.266	12.000
362.445	-22.000
362.623	2.000
362.802	56.000
362.981	24.000
363.159	130.000
363.338	22.000
363.516	120.000
363.695	132.000
363.873	58.000
364.052	-46.000
364.230	97.000
364.409	2.000
364.587	47.000
364.766	29.000
364.944	41.000
365.123	78.000
365.301	51.000
365.480	52.000
365.660	-11.000
365.839	59.000
366.019	189.000
366.199	55.000
366.379	3.000
366.558	46.000
366.738	151.000
366.918	-41.000
367.098	-196.000
367.277	-159.000
367.457	-51.000
367.637	-6.000
367.816	16.000
367.996	92.000
368.176	5.000
368.356	72.000
368.535	-17.000
368.715	106.000
368.895	128.000
369.075	-55.000
369.254	-91.000
369.434	137.000
369.614	246.000
369.793	126.000
369.973	183.000
370.153	48.000
370.333	34.000
370.512	-32.000
370.692	-11.000
370.872	24.000
371.051	54.000
371.231	247.000
371.411	135.000
371.591	-38.000
371.770	54.000
371.950	106.000
372.130	-49.000
372.310	-115.000
372.489	-10.000
372.669	-17.000
372.849	-50.000
373.028	62.000
373.208	111.000
373.388	-14.000
373.568	-71.000
373.747	40.000
373.927	29.000
374.107	-50.000
374.287	84.000
374.466	23.000
374.646	31.000
374.826	49.000
375.005	-24.000
375.185	87.000
375.365	271.000
375.545	184.000
375.724	95.000
375.904	94.000
376.084	-23.000
376.263	-28.000
376.443	88.000
376.623	120.000
376.803	145.000
376.982	107.000
377.162	-10.000
377.342	-6.000
377.522	147.000
377.701	121.000
377.881	14.000
378.061	164.000
378.240	78.000
378.420	-23.000
378.600	56.000
378.780	152.000
378.959	-1.000
379.139	44.000
379.319	167.000
379.499	235.000
379.678	202.000
379.858	214.000
380.038	-18.000
380.217	60.000
380.397	87.000
380.577	82.000
380.757	-35.000
380.936	122.000
381.116	104.000
381.296	34.000
381.476	117.000
381.655	29.000
381.835	15.000
382.015	-26.000
382.194	59.000
382.374	175.000
382.554	170.000
382.734	46.000
382.913	95.000
383.093	232.000
383.273	108.000
383.452	110.000
383.632	26.000
383.812	6.000
383.992	0.000
384.171	110.000
384.351	105.000
384.531	77.000
384.711	-24.000
384.890	-115.000
385.070	-40.000
385.250	23.000
385.429	120.000
385.609	35.000
385.789	35.000
385.969	44.000
386.148	-26.000
386.328	36.000
386.508	99.000
386.688	45.000
386.867	56.000
387.047	125.000
387.227	38.000
387.406	40.000
387.586	19.000
387.766	114.000
387.946	59.000
388.125	35.000
388.305	3.000
388.485	17.000
388.664	139.000
388.844	62.000
389.024	-4.000
389.204	63.000
389.383	59.000
389.563	-24.000
389.743	-42.000
389.923	5.000
390.102	-7.000
390.282	-8.000
390.462	92.000
390.641	17.000
390.821	-64.000
391.001	26.000
391.181	59.000
391.360	123.000
391.540	180.000
391.720	191.000
391.900	83.000
392.079	-12.000
392.259	122.000
392.439	186.000
392.618	190.000
392.798	107.000
392.978	-9.000
393.158	-82.000
393.337	90.000
393.517	192.000
393.697	161.000
393.877	269.000
394.056	189.000
394.236	223.000
394.416	97.000
394.595	-42.000
394.775	24.000
394.955	103.000
395.135	74.000
395.314	63.000
395.494	250.000
395.674	178.000
395.853	-12.000
396.033	136.000
396.213	128.000
396.393	42.000
396.572	154.000
396.752	76.000
396.932	186.000
397.112	210.000
397.291	178.000
397.471	132.000
397.651	-2.000
397.830	-117.000
398.010	66.000
398.190	122.000
398.370	61.000
398.549	165.000
398.729	84.000
398.909	12.000
399.089	24.000
399.268	133.000
399.448	298.000
399.628	305.000
399.807	147.000
399.987	157.000
400.167	236.000
400.347	266.000
400.526	325.000
400.706	99.000
400.886	85.000
401.065	99.000
401.245	68.000
401.425	150.000
401.605	132.000
401.784	130.000
401.964	176.000
402.144	200.000
402.324	192.000
402.503	164.000
402.683	137.000
402.863	83.000
403.042	89.000
403.222	135.000
403.402	221.000
403.582	204.000
403.761	123.000
403.941	332.000
404.121	180.000
404.301	84.000
404.480	289.000
404.660	425.000
404.844	489.000
405.029	375.000
405.213	293.000
405.398	253.000
405.582	224.000
405.767	224.000
405.951	262.000
406.136	402.000
406.320	428.000
406.505	491.000
406.689	641.000
406.874	576.000
407.058	684.000
407.243	562.000
407.427	501.000
407.612	593.000
407.796	518.000
407.981	684.000
408.165	852.000
408.350	948.000
408.534	697.000
408.719	685.000
408.903	891.000
409.088	1022.000
409.272	854.000
409.457	1041.000
409.641	1169.000
409.826	1272.000
410.010	1558.000
410.195	1537.000
410.379	1569.000
410.564	1835.000
410.748	1929.000
410.933	1954.000
411.117	2179.000
411.302	2439.000
411.486	2525.000
411.671	2610.000
411.855	2730.000
412.040	2822.000
412.224	2788.000
412.409	2899.000
412.593	3319.000
412.778	3460.000
412.962	3419.000
413.147	3834.000
413.331	4130.000
413.516	4209.000
413.700	4367.000
413.885	4620.000
414.069	4673.000
414.254	4832.000
414.438	4926.000
414.623	4931.000
414.807	5191.000
414.992	5292.000
415.176	5487.000
415.361	5816.000
415.545	6166.000
415.730	6220.000
415.914	6242.000
416.099	6696.000
416.283	6725.000
416.468	6696.000
416.652	6713.000
416.837	6864.000
417.021	7091.000
417.206	7176.000
417.390	7089.000
417.575	7350.000
417.759	7542.000
417.944	7679.000
418.128	7841.000
418.313	8075.000
418.497	8137.000
418.682	8275.000
418.866	8533.000
419.051	8407.000
419.235	8518.000
419.420	8886.000
419.604	9057.000
419.789	9146.000
419.973	9212.000
420.158	9362.000
420.342	9562.000
420.527	9764.000
420.711	10125.000
420.896	10466.000
421.080	10318.000
421.265	10394.000
421.449	10288.000
421.634	10454.000
421.818	10405.000
422.003	10197.000
422.187	10296.000
422.372	10479.000
422.556	10465.000
422.741	10676.000
422.925	11029.000
423.110	11127.000
423.294	11038.000
423.479	11091.000
423.663	11286.000
423.848	11314.000
424.032	11419.000
424.217	11630.000
424.401	11703.000
424.586	11592.000
424.770	11318.000
424.955	11498.000
425.139	11705.000
425.324	11824.000
425.508	11908.000
425.693	11953.000
425.877	12142.000
426.062	12126.000
426.246	12251.000
426.431	12036.000
426.615	11918.000
426.800	11930.000
426.984	11894.000
427.169	11948.000
427.353	12176.000
427.538	12283.000
427.722	12167.000
427.907	11940.000
428.091	11919.000
428.276	11928.000
428.460	11973.000
428.645	12060.000
428.829	11636.000
429.014	11348.000
429.198	11123.000
429.383	10969.000
429.567	10604.000
429.752	10268.000
429.936	10272.000
430.121	9884.000
430.305	10039.000
430.490	10176.000
430.674	10562.000
430.859	11352.000
431.043	11813.000
431.228	12285.000
431.412	12518.000
431.597	12589.000
431.781	12634.000
431.966	12901.000
432.150	13125.000
432.335	13274.000
432.519	13484.000
432.704	13587.000
432.888	13395.000
433.073	13157.000
433.257	12989.000
433.442	13147.000
433.626	13063.000
433.811	13169.000
433.995	13342.000
434.180	13599.000
434.364	13807.000
434.549	13969.000
434.733	14171.000
434.918	14099.000
435.102	14227.000
435.287	14357.000
435.471	14598.000
435.656	14914.000
435.840	15164.000
436.030	15001.000
436.219	14740.000
436.409	14997.000
436.599	14901.000
436.789	14691.000
436.978	14668.000
437.168	14647.000
437.358	14451.000
437.548	14178.000
437.737	13997.000
437.927	14086.000
438.117	14207.000
438.306	14178.000
438.496	14191.000
438.686	14254.000
438.876	14463.000
439.065	14667.000
439.255	14811.000
439.445	14780.000
439.634	15021.000
439.824	14906.000
440.014	14853.000
440.204	14924.000
440.393	14994.000
440.583	15388.000
440.773	15500.000
440.963	15663.000
441.152	15868.000
441.342	15966.000
441.532	16126.000
441.721	16080.000
441.911	16264.000
442.101	16408.000
442.291	16560.000
442.480	16758.000
442.670	16931.000
442.860	16832.000
443.050	16892.000
443.239	16940.000
443.429	17148.000
443.619	17045.000
443.808	17061.000
443.998	17079.000
444.188	17227.000
444.378	17413.000
444.567	17336.000
444.757	17217.000
444.947	17235.000
445.137	17122.000
445.326	17036.000
445.516	16879.000
445.706	16910.000
445.895	17198.000
446.085	17377.000
446.275	17355.000
446.465	17385.000
446.654	17750.000
446.844	17954.000
447.034	18051.000
447.223	18365.000
447.413	18419.000
447.603	18527.000
447.793	18715.000
447.982	18763.000
448.172	18357.000
448.362	18642.000
448.552	18648.000
448.741	18862.000
448.931	18814.000
449.121	18836.000
449.310	19007.000
449.500	19159.000
449.690	19154.000
449.880	19359.000
450.069	19743.000
450.259	19917.000
450.449	19735.000
450.639	19824.000
450.828	19807.000
451.018	19748.000
451.208	19844.000
451.397	19941.000
451.587	20000.000
451.777	19621.000
451.967	19081.000
452.156	19010.000
452.346	18986.000
452.536	18884.000
452.725	18573.000
452.915	18489.000
453.105	18437.000
453.295	18684.000
453.484	18738.000
453.674	18778.000
453.864	18794.000
454.054	18766.000
454.243	18846.000
454.433	18735.000
454.623	18822.000
454.812	18735.000
455.002	18828.000
455.192	18944.000
455.382	19130.000
455.571	19002.000
455.761	19163.000
455.951	19397.000
456.141	19427.000
456.330	19466.000
456.520	19335.000
456.710	19553.000
456.899	19666.000
457.089	19606.000
457.279	19542.000
457.469	19238.000
457.658	19273.000
457.848	19165.000
458.038	19135.000
458.228	18926.000
458.417	18963.000
458.607	18907.000
458.797	18910.000
458.986	19040.000
459.176	18846.000
459.366	18651.000
459.556	18574.000
459.745	18680.000
459.935	18879.000
460.125	18880.000
460.314	18795.000
460.504	18824.000
460.694	18886.000
460.884	18974.000
461.073	18860.000
461.263	19023.000
461.453	19272.000
461.643	19373.000
461.832	19186.000
462.022	19154.000
462.212	19203.000
462.401	19429.000
462.591	19382.000
462.781	19312.000
462.971	19411.000
463.160	19160.000
463.350	19008.000
463.540	19205.000
463.730	19112.000
463.919	18829.000
464.109	18658.000
464.299	18868.000
464.488	18754.000
464.678	18480.000
464.868	18802.000
465.058	18824.000
465.247	18947.000
465.437	18777.000
465.627	18752.000
465.816	18513.000
466.006	18232.000
466.196	18433.000
466.386	18566.000
466.575	18550.000
466.765	18442.000
466.955	18446.000
467.145	18224.000
467.334	18274.000
467.524	18581.000
467.714	18333.000
467.903	18357.000
468.093	18533.000
468.283	18569.000
468.473	18731.000
468.662	18758.000
468.852	18897.000
469.042	18848.000
469.232	18722.000
469.421	18605.000
469.611	18645.000
469.801	18837.000
469.990	18602.000
470.180	18606.000
470.370	18325.000
470.560	18163.000
470.749	18139.000
470.939	18437.000
471.129	18655.000
471.318	18796.000
471.508	19010.000
471.698	19217.000
471.888	19081.000
472.077	19020.000
472.267	19437.000
472.457	19416.000
472.647	19193.000
472.836	19040.000
473.026	19122.000
473.216	19288.000
473.405	19151.000
473.595	19003.000
473.785	19233.000
473.975	19253.000
474.164	19231.000
474.354	19422.000
474.544	19289.000
474.734	19525.000
474.923	19342.000
475.113	19369.000
475.303	19158.000
475.492	19356.000
475.682	19425.000
475.872	19147.000
476.062	19092.000
476.251	19069.000
476.441	18979.000
476.631	18967.000
476.821	18896.000
477.010	19018.000
477.200	19163.000
477.390	19201.000
477.579	19346.000
477.769	19479.000
477.959	19436.000
478.149	19434.000
478.338	19538.000
478.528	19331.000
478.718	19268.000
478.907	19354.000
479.097	19366.000
479.287	19090.000
479.477	19152.000
479.666	19297.000
479.856	19504.000
480.046	19363.000
480.236	19303.000
480.425	19147.000
480.615	19195.000
480.805	19218.000
480.994	19355.000
481.184	19486.000
481.374	19448.000
481.564	19444.000
481.753	19449.000
481.943	19247.000
482.133	19335.000
482.323	19297.000
482.512	19070.000
482.702	19102.000
482.892	18732.000
483.081	18843.000
483.271	18899.000
483.461	18803.000
483.651	18565.000
483.840	18495.000
484.030	18637.000
484.220	18531.000
484.409	18432.000
484.599	18359.000
484.789	18122.000
484.979	17990.000
485.168	17794.000
485.358	17387.000
485.548	16852.000
485.738	16573.000
485.927	16109.000
486.117	15849.000
486.307	15645.000
486.496	15468.000
486.686	15602.000
486.876	15748.000
487.066	15996.000
487.255	16021.000
487.445	16383.000
487.635	16636.000
487.825	16468.000
488.014	16838.000
488.204	16958.000
488.394	16979.000
488.583	17136.000
488.773	17079.000
488.963	16962.000
489.153	17121.000
489.342	17187.000
489.532	17477.000
489.722	17661.000
489.912	17674.000
490.101	17839.000
490.291	17688.000
490.481	17629.000
490.670	17633.000
490.860	17809.000
491.050	17765.000
491.240	17550.000
491.429	17330.000
491.619	17186.000
491.809	16995.000
491.998	16889.000
492.188	16954.000
492.378	17054.000
492.568	17032.000
492.757	17050.000
492.947	17131.000
493.137	17188.000
493.327	17327.000
493.516	17104.000
493.706	17285.000
493.896	17365.000
494.085	17615.000
494.275	17509.000
494.465	17590.000
494.655	17775.000
494.844	17905.000
495.034	17894.000
495.224	17807.000
495.414	17836.000
495.603	17847.000
495.793	17676.000
495.983	17539.000
496.172	17528.000
496.362	17602.000
496.552	17763.000
496.742	17667.000
496.931	17738.000
497.121	17879.000
497.311	17709.000
497.500	17639.000
497.690	17661.000
497.880	17285.000
498.070	17191.000
498.259	17112.000
498.449	16924.000
498.639	16950.000
498.829	16948.000
499.018	17193.000
499.208	17096.000
499.398	17211.000
499.587	17298.000
499.777	17064.000
499.967	17038.000
500.157	17096.000
500.346	16789.000
500.536	16676.000
500.726	16490.000
500.916	16493.000
501.105	16607.000
501.295	16497.000
501.485	16635.000
501.674	16272.000
501.864	16165.000
502.054	16482.000
502.244	16613.000
502.433	16505.000
502.623	16637.000
502.813	16782.000
503.003	16648.000
503.192	16676.000
503.382	16839.000
503.572	16664.000
503.761	16317.000
503.951	16247.000
504.141	16285.000
504.331	15966.000
504.520	16087.000
504.710	16448.000
504.900	16535.000
505.089	16562.000
505.279	16570.000
505.469	16618.000
505.659	16555.000
505.848	16720.000
506.038	16789.000
506.228	16720.000
506.418	16636.000
506.607	16523.000
506.797	16588.000
506.987	16500.000
507.176	16324.000
507.366	16402.000
507.556	16064.000
507.746	15914.000
507.935	16116.000
508.125	16111.000
508.315	15910.000
508.505	15875.000
508.694	15900.000
508.884	16152.000
509.074	16098.000
509.263	16154.000
509.453	16063.000
509.643	15911.000
509.833	15878.000
510.022	15743.000
510.212	15640.000
510.402	15852.000
510.592	15860.000
510.781	15727.000
510.971	15774.000
511.161	15728.000
511.350	15773.000
511.540	15870.000
511.730	15982.000
511.920	15741.000
512.109	15404.000
512.299	15440.000
512.489	15520.000
512.678	15514.000
512.868	15296.000
513.058	15202.000
513.248	15134.000
513.437	15029.000
513.627	14983.000
513.817	14806.000
514.007	14908.000
514.196	15014.000
514.386	14848.000
514.576	14782.000
514.765	14767.000
514.955	14748.000
515.145	14693.000
515.335	14857.000
515.524	14778.000
515.714	14584.000
515.904	14453.000
516.094	14363.000
516.283	14184.000
516.473	13821.000
516.663	13534.000
516.852	13344.000
517.042	13382.000
517.232	13120.000
517.422	13133.000
517.611	13147.000
517.801	13225.000
517.991	13354.000
518.180	13254.000
518.370	13102.000
518.560	13180.000
518.750	13274.000
518.939	13429.000
519.129	13675.000
519.319	13920.000
519.509	13834.000
519.698	13839.000
519.888	14096.000
520.078	14034.000
520.267	14012.000
520.457	14197.000
520.647	14018.000
520.837	14031.000
521.026	14241.000
521.216	14323.000
521.406	14333.000
521.596	14470.000
521.785	14395.000
521.975	14468.000
522.165	14107.000
522.354	14269.000
522.544	14121.000
522.734	14028.000
522.924	14023.000
523.113	14002.000
523.303	14056.000
523.493	14114.000
523.683	14041.000
523.872	14113.000
524.062	14321.000
524.252	14316.000
524.441	14267.000
524.631	14426.000
524.821	14457.000
525.011	14274.000
525.200	14376.000
525.390	14365.000
525.580	14172.000
525.769	14051.000
525.959	14025.000
526.149	13568.000
526.339	13480.000
526.528	13550.000
526.718	13366.000
526.908	13053.000
527.098	13227.000
527.287	13517.000
527.477	13360.000
527.667	13565.000
527.856	13666.000
528.046	13658.000
528.236	13948.000
528.426	14138.000
528.615	14093.000
528.805	14110.000
528.995	14202.000
529.185	14167.000
529.374	14364.000
529.564	14138.000
529.754	13970.000
529.943	14192.000
530.133	14124.000
530.323	14367.000
530.513	14338.000
530.702	14203.000
530.892	14210.000
531.082	14057.000
531.271	13902.000
531.461	13849.000
531.651	13696.000
531.841	13616.000
532.030	13570.000
532.220	13429.000
532.410	13335.000
532.600	13167.000
532.789	13170.000
532.979	13102.000
533.169	13209.000
533.358	13168.000
533.548	13216.000
533.738	13213.000
533.928	13147.000
534.117	12965.000
534.307	13090.000
534.497	13125.000
534.687	13179.000
534.876	13304.000
535.066	13307.000
535.256	13180.000
535.445	13128.000
535.635	13061.000
535.825	12838.000
536.015	12779.000
536.204	12829.000
536.394	12656.000
536.584	12448.000
536.773	12478.000
536.963	12413.000
537.153	12488.000
537.343	12315.000
537.532	12538.000
537.722	12592.000
537.912	12610.000
538.102	12548.000
538.291	12483.000
538.481	12490.000
538.671	12372.000
538.860	12390.000
539.050	12167.000
539.240	12088.000
539.430	12060.000
539.619	11904.000
539.809	11836.000
539.999	11630.000
540.189	11566.000
540.378	11620.000
540.568	11791.000
540.758	11897.000
540.947	12101.000
541.137	11945.000
541.327	12004.000
541.517	11909.000
541.706	11783.000
541.896	11770.000
542.086	11785.000
542.276	11815.000
542.465	11701.000
542.655	11596.000
542.845	11728.000
543.034	11710.000
543.224	11897.000
543.414	12041.000
543.604	11905.000
543.793	11771.000
543.983	11899.000
544.173	11868.000
544.362	11879.000
544.552	12018.000
544.742	11856.000
544.932	11645.000
545.121	11668.000
545.311	11566.000
545.501	11796.000
545.691	11552.000
545.880	11362.000
546.070	11529.000
546.264	11599.000
546.459	11601.000
546.653	11408.000
546.847	11212.000
547.041	11372.000
547.236	11617.000
547.430	11593.000
547.624	11437.000
547.818	11312.000
548.013	11349.000
548.207	11465.000
548.401	11230.000
548.596	11405.000
548.790	11478.000
548.984	11564.000
549.178	11457.000
549.373	11337.000
549.567	11243.000
549.761	11228.000
549.956	11166.000
550.150	11058.000
550.344	11128.000
550.538	11264.000
550.733	11081.000
550.927	11126.000
551.121	11164.000
551.315	11063.000
551.510	11174.000
551.704	11161.000
551.898	11300.000
552.093	11530.000
552.287	10959.000
552.481	11025.000
552.675	10999.000
552.870	10990.000
553.064	10837.000
553.258	10859.000
553.453	10973.000
553.647	10963.000
553.841	10807.000
554.035	10908.000
554.230	10949.000
554.424	11003.000
554.618	11015.000
554.812	11192.000
555.007	11123.000
555.201	11102.000
555.395	10779.000
555.590	10676.000
555.784	10810.000
555.978	10898.000
556.172	10912.000
556.367	10739.000
556.561	10601.000
556.755	10493.000
556.949	10476.000
557.144	10566.000
557.338	10713.000
557.532	10504.000
557.727	10472.000
557.921	10550.000
558.115	10389.000
558.309	10415.000
558.504	10292.000
558.698	10402.000
558.892	10459.000
559.087	10107.000
559.281	10019.000
559.475	10115.000
559.669	10246.000
559.864	10384.000
560.058	10492.000
560.252	10310.000
560.446	10234.000
560.641	10416.000
560.835	10717.000
561.029	10487.000
561.224	10461.000
561.418	10242.000
561.612	10215.000
561.806	10556.000
562.001	10453.000
562.195	10344.000
562.389	10233.000
562.584	10208.000
562.778	10154.000
562.972	10177.000
563.166	10222.000
563.361	10172.000
563.555	10065.000
563.749	10182.000
563.943	10270.000
564.138	10287.000
564.332	10421.000
564.526	10134.000
564.721	10034.000
564.915	10091.000
565.109	9887.000
565.303	9828.000
565.498	9929.000
565.692	9819.000
565.886	9615.000
566.081	10055.000
566.275	10156.000
566.469	10032.000
566.663	9850.000
566.858	9832.000
567.052	10057.000
567.246	9997.000
567.440	9776.000
567.635	9836.000
567.829	9818.000
568.023	9796.000
568.218	9698.000
568.412	9515.000
568.606	9684.000
568.800	9659.000
568.995	9623.000
569.189	9661.000
569.383	9641.000
569.577	9668.000
569.772	9538.000
569.966	9336.000
570.160	9564.000
570.355	9435.000
570.549	9355.000
570.743	9294.000
570.937	9249.000
571.132	9290.000
571.326	9259.000
571.520	9171.000
571.715	9275.000
571.909	9241.000
572.103	9249.000
572.297	9408.000
572.492	9311.000
572.686	9282.000
572.880	9356.000
573.074	9279.000
573.269	9246.000
573.463	9483.000
573.657	9301.000
573.852	9241.000
574.046	8957.000
574.240	8894.000
574.434	8868.000
574.629	8968.000
574.823	9080.000
575.017	9149.000
575.212	8776.000
575.406	8802.000
575.600	8870.000
575.794	8836.000
575.989	8860.000
576.183	8833.000
576.377	9047.000
576.571	9035.000
576.766	8877.000
576.960	8904.000
577.159	8848.000
577.357	8642.000
577.556	8642.000
577.755	8611.000
577.953	8637.000
578.152	8471.000
578.350	8535.000
578.549	8511.000
578.748	8474.000
578.946	8395.000
579.145	8528.000
579.344	8667.000
579.542	8846.000
579.741	8847.000
579.940	8659.000
580.138	8714.000
580.337	8527.000
580.535	8655.000
580.734	8888.000
580.933	8871.000
581.131	8762.000
581.330	8819.000
581.529	9072.000
581.727	9132.000
581.926	9433.000
582.125	9296.000
582.323	9061.000
582.522	8939.000
582.721	9077.000
582.919	9141.000
583.118	9062.000
583.316	9218.000
583.515	9257.000
583.714	9597.000
583.912	9453.000
584.111	9438.000
584.310	9407.000
584.508	9067.000
584.707	9130.000
584.906	9283.000
585.104	9233.000
585.303	9282.000
585.501	9216.000
585.700	9020.000
585.899	9084.000
586.097	9124.000
586.296	9130.000
586.495	9027.000
586.693	9024.000
586.892	9005.000
587.091	9006.000
587.289	9199.000
587.488	9185.000
587.686	8692.000
587.885	8658.000
588.084	8373.000
588.282	8134.000
588.481	8071.000
588.680	8076.000
588.878	7899.000
589.077	7723.000
589.276	7807.000
589.474	7942.000
589.673	8022.000
589.871	7973.000
590.070	8069.000
590.269	8061.000
590.467	8090.000
590.666	8176.000
590.865	8043.000
591.063	8161.000
591.262	8338.000
591.461	8331.000
591.659	8238.000
591.858	8268.000
592.056	8236.000
592.255	8070.000
592.454	8110.000
592.652	8312.000
592.851	8454.000
593.050	8364.000
593.248	8347.000
593.447	8250.000
593.646	8084.000
593.844	8318.000
594.043	8380.000
594.241	8159.000
594.440	8194.000
594.639	8180.000
594.837	7988.000
595.036	8149.000
595.235	8203.000
595.433	8173.000
595.632	8111.000
595.831	8093.000
596.029	8134.000
596.228	8017.000
596.427	7983.000
596.625	8315.000
596.824	8335.000
597.022	8264.000
597.221	8109.000
597.420	8108.000
597.618	8263.000
597.817	8112.000
598.016	8077.000
598.214	8116.000
598.413	8097.000
598.612	7860.000
598.810	8099.000
599.009	8194.000
599.207	8394.000
599.406	8185.000
599.605	7970.000
599.803	8050.000
600.002	8162.000
600.201	8051.000
600.399	8122.000
600.598	8290.000
600.797	8108.000
600.995	7971.000
601.194	7987.000
601.392	8160.000
601.591	8055.000
601.790	8054.000
601.988	7865.000
602.187	7958.000
602.386	8040.000
602.584	8159.000
602.783	8238.000
602.982	8298.000
603.180	8279.000
603.379	8306.000
603.577	8246.000
603.776	8216.000
603.975	8165.000
604.173	8137.000
604.372	8111.000
604.571	8092.000
604.769	8078.000
604.968	8060.000
605.167	7988.000
605.365	7878.000
605.564	7910.000
605.762	7989.000
605.961	7978.000
606.160	8017.000
606.358	8235.000
606.557	8305.000
606.756	8119.000
606.954	8025.000
607.153	8192.000
607.352	8224.000
607.550	8050.000
607.749	7812.000
607.948	7914.000
608.146	7926.000
608.345	7999.000
608.543	7928.000
608.742	7895.000
608.941	8107.000
609.139	8028.000
609.338	7918.000
609.537	7881.000
609.735	7818.000
609.934	7702.000
610.133	7715.000
610.331	7829.000
610.530	8044.000
610.728	7876.000
610.927	7678.000
611.126	7781.000
611.324	7792.000
611.523	7739.000
611.722	7642.000
611.920	7729.000
612.119	7617.000
612.318	7579.000
612.516	7647.000
612.715	7488.000
612.913	7488.000
613.112	7443.000
613.311	7452.000
613.509	7315.000
613.708	7492.000
613.907	7502.000
614.105	7556.000
614.304	7416.000
614.503	7314.000
614.701	7255.000
614.900	7400.000
615.098	7585.000
615.297	7411.000
615.496	7141.000
615.694	7134.000
615.893	7231.000
616.092	7303.000
616.290	7324.000
616.489	7494.000
616.688	7268.000
616.886	7139.000
617.085	7155.000
617.283	7241.000
617.482	7168.000
617.681	7220.000
617.879	7308.000
618.078	7370.000
618.277	7512.000
618.475	7232.000
618.674	7253.000
618.873	7323.000
619.071	7300.000
619.270	7333.000
619.468	7324.000
619.667	7347.000
619.866	7431.000
620.064	7384.000
620.263	7228.000
620.462	7196.000
620.660	7147.000
620.859	7264.000
621.058	7312.000
621.256	7154.000
621.455	7104.000
621.654	7119.000
621.852	7012.000
622.051	7104.000
622.249	7128.000
622.448	6991.000
622.647	6828.000
622.845	7009.000
623.044	6913.000
623.243	6961.000
623.441	7018.000
623.640	6786.000
623.839	6758.000
624.037	6684.000
624.236	6793.000
624.434	6797.000
624.633	6831.000
624.832	6875.000
625.030	6624.000
625.229	6679.000
625.428	6579.000
625.626	6789.000
625.825	6884.000
626.024	6920.000
626.222	6883.000
626.421	6878.000
626.619	6877.000
626.818	6632.000
627.017	6792.000
627.215	6717.000
627.414	6373.000
627.613	6415.000
627.811	6381.000
628.010	6404.000
628.209	6577.000
628.407	6636.000
628.606	6703.000
628.804	6564.000
629.003	6736.000
629.202	6660.000
629.400	6404.000
629.599	6516.000
629.798	6358.000
629.996	6358.000
630.195	6320.000
630.394	6340.000
630.592	6517.000
630.791	6460.000
630.990	6526.000
631.188	6413.000
631.387	6283.000
631.585	6394.000
631.784	6385.000
631.983	6230.000
632.181	6330.000
632.380	6509.000
632.579	6508.000
632.777	6498.000
632.976	6416.000
633.175	6291.000
633.373	6563.000
633.572	6696.000
633.770	6480.000
633.969	6512.000
634.168	6450.000
634.366	6385.000
634.565	6256.000
634.764	6355.000
634.962	6477.000
635.161	6517.000
635.360	6485.000
635.558	6554.000
635.757	6616.000
635.955	6443.000
636.154	6337.000
636.353	6387.000
636.551	6336.000
636.750	6311.000
636.949	6301.000
637.147	6338.000
637.346	6373.000
637.545	6389.000
637.743	6298.000
637.942	6329.000
638.140	6428.000
638.339	6479.000
638.538	6528.000
638.736	6551.000
638.935	6365.000
639.134	6194.000
639.332	6362.000
639.531	6367.000
639.730	6373.000
639.928	6585.000
640.127	6384.000
640.325	6397.000
640.524	6488.000
640.723	6424.000
640.921	6648.000
641.120	6466.000
641.319	6333.000
641.517	6198.000
641.716	6328.000
641.915	6440.000
642.113	6423.000
642.312	6135.000
642.510	6056.000
642.709	6264.000
642.908	6376.000
643.106	6205.000
643.305	6057.000
643.504	6188.000
643.702	6333.000
643.901	6460.000
644.100	6176.000
644.298	6174.000
644.497	6146.000
644.696	6252.000
644.894	6105.000
645.093	6152.000
645.291	6226.000
645.490	6408.000
645.689	6196.000
645.887	6168.000
646.086	6343.000
646.285	6116.000
646.483	5896.000
646.682	5989.000
646.881	5990.000
647.079	5978.000
647.278	5961.000
647.476	5933.000
647.675	5988.000
647.874	6047.000
648.072	6038.000
648.271	5978.000
648.470	5844.000
648.668	5977.000
648.867	5992.000
649.066	5876.000
649.264	5855.000
649.463	5781.000
649.661	5790.000
649.860	5890.000
650.059	5830.000
650.257	5833.000
650.456	6062.000
650.655	6192.000
650.853	6051.000
651.052	5907.000
651.251	5825.000
651.449	5670.000
651.648	5768.000
651.846	5807.000
652.045	5774.000
652.244	5853.000
652.442	6024.000
652.641	5905.000
652.840	5946.000
653.038	5932.000
653.237	6024.000
653.436	5965.000
653.634	5838.000
653.833	6005.000
654.032	5932.000
654.230	5951.000
654.429	5784.000
654.627	5762.000
654.826	5916.000
655.025	5811.000
655.223	5730.000
655.422	5580.000
655.621	5490.000
655.819	5432.000
656.018	5364.000
656.217	5178.000
656.415	5164.000
656.614	5273.000
656.812	5572.000
657.011	5614.000
657.210	5500.000
657.408	5626.000
657.607	5720.000
657.806	5629.000
658.004	5646.000
658.203	5723.000
658.402	5606.000
658.600	5689.000
658.799	5735.000
658.997	5794.000
659.196	5791.000
659.395	5826.000
659.593	5834.000
659.792	5878.000
659.991	5918.000
660.189	5878.000
660.388	6110.000
660.587	6003.000
660.785	5888.000
660.984	5930.000
661.182	5812.000
661.381	5943.000
661.580	6046.000
661.778	6025.000
661.977	6144.000
662.176	6048.000
662.374	5926.000
662.573	5947.000
662.772	5935.000
662.970	5815.000
663.169	5719.000
663.367	5705.000
663.566	5815.000
663.765	6111.000
663.963	6043.000
664.162	6019.000
664.361	5959.000
664.559	5898.000
664.758	6096.000
664.957	6032.000
665.155	5898.000
665.354	5961.000
665.552	6053.000
665.751	6038.000
665.950	5851.000
666.148	5805.000
666.347	5869.000
666.546	5711.000
666.744	5773.000
666.943	5855.000
667.142	5588.000
667.340	5673.000
667.539	5942.000
667.738	5846.000
667.936	5885.000
668.135	5940.000
668.333	5831.000
668.532	5909.000
668.731	5802.000
668.929	5757.000
669.128	5798.000
669.327	5775.000
669.525	5927.000
669.724	5821.000
669.923	5618.000
670.121	5542.000
670.320	5549.000
670.518	5576.000
670.717	5435.000
670.916	5602.000
671.114	5649.000
671.313	5716.000
671.512	5681.000
671.710	5497.000
671.909	5639.000
672.108	6080.000
672.306	6119.000
672.505	5542.000
672.703	5538.000
672.902	5616.000
673.101	5716.000
673.299	5982.000
673.498	5853.000
673.697	5672.000
673.895	5596.000
674.094	5567.000
674.293	5455.000
674.491	5347.000
674.690	5524.000
674.888	5285.000
675.087	5562.000
675.286	5615.000
675.484	5419.000
675.683	5410.000
675.882	5359.000
676.080	5525.000
676.279	5453.000
676.478	5452.000
676.676	5593.000
676.875	5375.000
677.073	5331.000
677.272	5435.000
677.471	5391.000
677.669	5509.000
677.868	5560.000
678.067	5401.000
678.265	5431.000
678.464	5491.000
678.663	5337.000
678.861	5385.000
679.060	5444.000
679.259	5314.000
679.457	5417.000
679.656	5475.000
679.854	5358.000
680.053	5249.000
680.252	5298.000
680.450	5312.000
680.649	5388.000
680.848	5357.000
681.046	5255.000
681.245	5207.000
681.444	5192.000
681.642	5361.000
681.841	5392.000
682.039	5411.000
682.238	5444.000
682.437	5134.000
682.635	5120.000
682.834	5182.000
683.033	5226.000
683.231	5038.000
683.430	4987.000
683.629	4996.000
683.827	5063.000
684.026	5204.000
684.224	5158.000
684.423	4905.000
684.622	4949.000
684.820	4902.000
685.019	5022.000
685.218	5162.000
685.416	5017.000
685.615	4794.000
685.814	4694.000
686.012	4593.000
686.211	4396.000
686.409	4240.000
686.608	4033.000
686.807	3982.000
687.005	4069.000
687.204	4210.000
687.403	3956.000
687.601	4015.000
687.800	4109.000
687.999	3980.000
688.197	3907.000
688.396	3811.000
688.594	3925.000
688.793	3975.000
688.992	4106.000
689.190	4227.000
689.389	4167.000
689.588	4167.000
689.786	4214.000
689.985	4310.000
690.184	4325.000
690.382	4448.000
690.581	4283.000
690.779	4442.000
690.978	4242.000
691.177	4191.000
691.375	4268.000
691.574	4563.000
691.773	4639.000
691.971	4356.000
692.170	4399.000
692.369	4261.000
692.567	4160.000
692.766	4284.000
692.965	4413.000
693.163	4428.000
693.362	4435.000
693.560	4456.000
693.759	4490.000
693.958	4502.000
694.156	4479.000
694.355	4173.000
694.554	4157.000
694.752	4211.000
694.951	4233.000
695.150	4149.000
695.348	4269.000
695.547	4365.000
695.745	4382.000
695.944	4355.000
696.143	4316.000
696.341	4451.000
696.540	4537.000
696.743	4517.000
696.946	4382.000
697.149	4533.000
697.352	4516.000
697.555	4455.000
697.757	4441.000
697.960	4421.000
698.163	4429.000
698.366	4416.000
698.569	4341.000
698.772	4316.000
698.975	4511.000
699.178	4462.000
699.381	4306.000
699.584	4454.000
699.787	4414.000
699.989	4366.000
700.192	4404.000
700.395	4276.000
700.598	4507.000
700.801	4340.000
701.004	4298.000
701.207	4466.000
701.410	4327.000
701.613	4397.000
701.816	4423.000
702.019	4284.000
702.221	4516.000
702.424	4434.000
702.627	4268.000
702.830	4279.000
703.033	4319.000
703.236	4272.000
703.439	4451.000
703.642	4423.000
703.845	4300.000
704.048	4396.000
704.251	4342.000
704.453	4168.000
704.656	4307.000
704.859	4613.000
705.062	4556.000
705.265	4552.000
705.468	4277.000
705.671	4328.000
705.874	4377.000
706.077	4381.000
706.280	4390.000
706.483	4373.000
706.685	4387.000
706.888	4392.000
707.091	4573.000
707.294	4504.000
707.497	4333.000
707.700	4460.000
707.903	4554.000
708.106	4397.000
708.309	4378.000
708.512	4452.000
708.715	4561.000
708.917	4530.000
709.120	4547.000
709.323	4444.000
709.526	4398.000
709.729	4317.000
709.932	4421.000
710.135	4356.000
710.338	4369.000
710.541	4281.000
710.744	4360.000
710.947	4497.000
711.149	4498.000
711.352	4375.000
711.555	4383.000
711.758	4452.000
711.961	4392.000
712.164	4409.000
712.367	4417.000
712.570	4221.000
712.773	4302.000
712.976	4265.000
713.179	4097.000
713.381	4210.000
713.584	4326.000
713.787	4213.000
713.990	4071.000
714.193	4211.000
714.396	4327.000
714.599	4583.000
714.802	4331.000
715.005	4080.000
715.208	4041.000
715.411	3991.000
715.613	3968.000
715.816	3939.000
716.019	3715.000
716.222	3642.000
716.425	3583.000
716.628	3584.000
716.831	3488.000
717.034	3322.000
717.237	3243.000
717.440	3104.000
717.643	3122.000
717.845	3082.000
718.048	2979.000
718.251	2874.000
718.454	3026.000
718.657	2952.000
718.860	3051.000
719.063	3082.000
719.266	2868.000
719.469	2796.000
719.672	2895.000
719.875	3020.000
720.077	3164.000
720.280	3243.000
720.483	3380.000
720.686	3331.000
720.889	3405.000
721.092	3397.000
721.295	3359.000
721.498	3272.000
721.701	3359.000
721.904	3324.000
722.107	3400.000
722.309	3446.000
722.512	3232.000
722.715	3188.000
722.918	3075.000
723.121	3126.000
723.324	3223.000
723.527	3163.000
723.730	3076.000
723.933	3258.000
724.136	3248.000
724.339	2962.000
724.541	3016.000
724.744	3107.000
724.947	2928.000
725.150	2871.000
725.353	2959.000
725.556	2882.000
725.759	3009.000
725.962	3120.000
726.165	3023.000
726.368	3007.000
726.571	2997.000
726.773	3238.000
726.976	3207.000
727.179	3121.000
727.382	3030.000
727.585	3122.000
727.788	2998.000
727.991	2812.000
728.194	2810.000
728.397	2722.000
728.600	2889.000
728.803	2982.000
729.005	2945.000
729.208	3029.000
729.411	3127.000
729.614	3112.000
729.817	3131.000
730.020	3028.000
730.223	2905.000
730.426	2868.000
730.629	3047.000
730.832	3068.000
731.035	3040.000
731.237	3063.000
731.440	3034.000
731.643	3188.000
731.846	3249.000
732.049	3286.000
732.252	3575.000
732.455	3538.000
732.658	3250.000
732.861	3295.000
733.064	3278.000
733.267	3298.000
733.469	3412.000
733.672	3508.000
733.875	3310.000
734.078	3370.000
734.281	3465.000
734.484	3650.000
734.687	3376.000
734.890	3303.000
735.093	3583.000
735.296	3669.000
735.499	3512.000
735.701	3412.000
735.904	3582.000
736.107	3421.000
736.310	3332.000
736.513	3394.000
736.716	3529.000
736.919	3301.000
737.122	3173.000
737.325	3264.000
737.528	3253.000
737.731	3264.000
737.933	3269.000
738.136	3447.000
738.339	3451.000
738.542	3518.000
738.745	3414.000
738.948	3342.000
739.151	3361.000
739.354	3269.000
739.557	3260.000
739.760	3227.000
739.963	3280.000
740.165	3498.000
740.368	3365.000
740.571	3243.000
740.774	3214.000
740.977	3308.000
741.180	3344.000
741.383	3422.000
741.586	3516.000
741.789	3499.000
741.992	3452.000
742.195	3347.000
742.397	3431.000
742.600	3445.000
742.803	3422.000
743.006	3519.000
743.209	3458.000
743.412	3240.000
743.615	3129.000
743.818	3374.000
744.021	3263.000
744.224	3264.000
744.427	3371.000
744.629	3355.000
744.832	3349.000
745.035	3298.000
745.238	3321.000
745.441	3364.000
745.644	3260.000
745.847	3316.000
746.050	3411.000
746.253	3482.000
746.456	3384.000
746.659	3296.000
746.861	3132.000
747.064	3260.000
747.267	3276.000
747.470	3172.000
747.673	3328.000
747.876	3508.000
748.079	3354.000
748.282	3224.000
748.485	3172.000
748.688	3226.000
748.891	3231.000
749.093	3223.000
749.296	3255.000
749.499	3181.000
749.702	3087.000
749.905	3147.000
750.108	3186.000
750.311	3136.000
750.514	3073.000
750.717	3208.000
750.920	3266.000
751.123	3146.000
751.325	3014.000
751.528	2986.000
751.731	2853.000
751.934	2913.000
752.137	3138.000
752.340	3085.000
752.543	3191.000
752.746	3159.000
752.949	2960.000
753.152	3040.000
753.355	3052.000
753.557	2967.000
753.760	2900.000
753.963	3004.000
754.166	3060.000
754.369	2965.000
754.572	3015.000
754.775	3056.000
754.978	3150.000
755.181	3055.000
755.384	2934.000
755.587	3064.000
755.789	2859.000
755.992	2988.000
756.195	3003.000
756.398	2914.000
756.601	3024.000
756.804	2998.000
757.007	2935.000
757.210	2886.000
757.413	2756.000
757.616	2764.000
757.819	2851.000
758.021	2871.000
758.224	2536.000
758.427	2344.000
758.630	2046.000
758.833	1996.000
759.036	1785.000
759.239	1522.000
759.442	1377.000
759.645	1154.000
759.848	1041.000
760.051	1104.000
760.253	1242.000
760.456	1399.000
760.659	1260.000
760.862	1185.000
761.065	954.000
761.268	1010.000
761.471	1177.000
761.674	1164.000
761.877	911.000
762.080	935.000
762.283	905.000
762.485	847.000
762.688	999.000
762.891	1070.000
763.094	1032.000
763.297	1174.000
763.500	1243.000
763.706	1271.000
763.912	1221.000
764.118	1256.000
764.325	1292.000
764.531	1365.000
764.737	1348.000
764.943	1414.000
765.149	1487.000
765.355	1552.000
765.561	1875.000
765.768	1742.000
765.974	1580.000
766.180	1769.000
766.386	2048.000
766.592	2181.000
766.798	2066.000
767.004	2048.000
767.210	2285.000
767.417	2336.000
767.623	2253.000
767.829	2309.000
768.035	2238.000
768.241	2377.000
768.447	2518.000
768.653	2389.000
768.860	2418.000
769.066	2378.000
769.272	2346.000
769.478	2352.000
769.684	2566.000
769.890	2632.000
770.096	2584.000
770.303	2560.000
770.509	2453.000
770.715	2500.000
770.921	2540.000
771.127	2557.000
771.333	2676.000
771.539	2607.000
771.745	2430.000
771.952	2478.000
772.158	2467.000
772.364	2301.000
772.570	2512.000
772.776	2585.000
772.982	2307.000
773.188	2332.000
773.395	2362.000
773.601	2414.000
773.807	2326.000
774.013	2302.000
774.219	2364.000
774.425	2357.000
774.631	2430.000
774.838	2234.000
775.044	2283.000
775.250	2385.000
775.456	2316.000
775.662	2440.000
775.868	2488.000
776.074	2398.000
776.281	2375.000
776.487	2154.000
776.693	2170.000
776.899	2327.000
777.105	2430.000
777.311	2424.000
777.517	2430.000
777.723	2525.000
777.930	2329.000
778.136	2226.000
778.342	2327.000
778.548	2564.000
778.754	2314.000
778.960	2258.000
779.166	2329.000
779.373	2416.000
779.579	2298.000
779.785	2090.000
779.991	2116.000
780.197	2194.000
780.403	2115.000
780.609	2158.000
780.816	2181.000
781.022	2350.000
781.228	2437.000
781.434	2279.000
781.640	2293.000
781.846	2401.000
782.052	2320.000
782.259	2245.000
782.465	2067.000
782.671	2121.000
782.877	2029.000
783.083	2050.000
783.289	2239.000
783.495	2113.000
783.701	2132.000
783.908	2212.000
784.114	2145.000
784.320	2073.000
784.526	1912.000
784.732	1969.000
784.938	2179.000
785.144	2108.000
785.351	2015.000
785.557	2256.000
785.763	2210.000
785.969	2074.000
786.175	2100.000
786.381	2088.000
786.587	2067.000
786.794	2109.000
787.000	2180.000
787.206	2089.000
787.412	2151.000
787.618	2030.000
787.824	1945.000
788.030	2024.000
788.236	1957.000
788.443	1906.000
788.649	1822.000
788.855	1819.000
789.061	1782.000
789.267	1937.000
789.473	1875.000
789.679	1900.000
789.886	1824.000
790.092	1713.000
790.298	1697.000
790.504	1789.000
790.710	1817.000
790.916	1787.000
791.122	1811.000
791.329	1813.000
791.535	1782.000
791.741	1754.000
791.947	1768.000
792.153	1755.000
792.359	1694.000
792.565	1919.000
792.771	1895.000
792.978	1771.000
793.184	1783.000
793.390	1660.000
793.596	1691.000
793.802	1781.000
794.008	1835.000
794.214	1960.000
794.421	1868.000
794.627	1695.000
794.833	1693.000
795.039	1775.000
795.245	1693.000
795.451	1671.000
795.657	1722.000
795.864	1629.000
796.070	1685.000
796.276	1926.000
796.482	1947.000
796.688	1782.000
796.894	1685.000
797.100	1622.000
797.307	1698.000
797.513	1791.000
797.719	1715.000
797.925	1742.000
798.131	1625.000
798.337	1552.000
798.543	1498.000
798.749	1640.000
798.956	1914.000
799.162	1850.000
799.368	1545.000
799.574	1560.000
799.780	1665.000
799.986	1504.000
800.192	1517.000
800.399	1520.000
800.605	1484.000
800.811	1518.000
801.017	1693.000
801.223	1579.000
801.429	1468.000
801.635	1591.000
801.842	1555.000
802.048	1603.000
802.254	1551.000
802.460	1615.000
802.666	1503.000
802.872	1577.000
803.078	1695.000
803.285	1508.000
803.491	1398.000
803.697	1436.000
803.903	1371.000
804.109	1419.000
804.315	1593.000
804.521	1557.000
804.727	1526.000
804.934	1520.000
805.140	1660.000
805.346	1631.000
805.552	1725.000
805.758	1544.000
805.964	1413.000
806.170	1589.000
806.377	1667.000
806.583	1437.000
806.789	1456.000
806.995	1371.000
807.201	1332.000
807.407	1423.000
807.613	1481.000
807.820	1348.000
808.026	1411.000
808.232	1563.000
808.438	1512.000
808.644	1363.000
808.850	1293.000
809.056	1347.000
809.262	1230.000
809.469	1207.000
809.675	1126.000
809.881	1207.000
810.087	1338.000
810.293	1513.000
810.499	1452.000
810.705	1360.000
810.912	1244.000
811.118	1279.000
811.324	1176.000
811.530	1178.000
811.739	1126.000
811.947	1216.000
812.156	1242.000
812.365	1113.000
812.573	1203.000
812.782	1067.000
812.990	1082.000
813.199	1051.000
813.408	1143.000
813.616	1050.000
813.825	847.000
814.034	854.000
814.242	998.000
814.451	1059.000
814.659	977.000
814.868	1081.000
815.077	1022.000
815.285	940.000
815.494	868.000
815.703	776.000
815.911	839.000
816.120	968.000
816.329	981.000
816.537	983.000
816.746	956.000
816.954	935.000
817.163	815.000
817.372	793.000
817.580	733.000
817.789	911.000
817.998	962.000
818.206	887.000
818.415	965.000
818.624	772.000
818.832	716.000
819.041	834.000
819.249	991.000
819.458	1132.000
819.667	1103.000
819.875	976.000
820.084	903.000
820.293	978.000
820.501	810.000
820.710	870.000
820.919	1040.000
821.127	950.000
821.336	904.000
821.544	776.000
821.753	763.000
821.962	791.000
822.170	781.000
822.379	812.000
822.588	748.000
822.796	653.000
823.005	722.000
823.213	816.000
823.422	882.000
823.631	933.000
823.839	827.000
824.048	828.000
824.257	967.000
824.465	1042.000
824.674	850.000
824.883	897.000
825.091	980.000
825.300	821.000
825.508	1039.000
825.717	1059.000
825.926	952.000
826.134	940.000
826.343	951.000
826.552	892.000
826.760	818.000
826.969	879.000
827.178	868.000
827.386	919.000
827.595	998.000
827.803	791.000
828.012	786.000
828.221	786.000
828.429	1038.000
828.638	1121.000
828.847	1100.000
829.055	861.000
829.264	868.000
829.472	1089.000
829.681	912.000
829.890	785.000
830.098	753.000
830.307	805.000
830.516	835.000
830.724	726.000
830.933	723.000
831.142	821.000
831.350	908.000
831.559	936.000
831.767	687.000
831.976	852.000
832.185	967.000
832.393	993.000
832.602	837.000
832.811	773.000
833.019	769.000
833.228	804.000
833.437	920.000
833.645	970.000
833.854	839.000
834.062	936.000
834.271	918.000
834.480	805.000
834.688	880.000
834.897	824.000
835.106	778.000
835.314	834.000
835.523	880.000
835.731	916.000
835.940	928.000
836.149	886.000
836.357	806.000
836.566	936.000
836.775	979.000
836.983	921.000
837.192	877.000
837.401	827.000
837.609	840.000
837.818	1060.000
838.026	939.000
838.235	876.000
838.444	977.000
838.652	1033.000
838.861	1059.000
839.070	999.000
839.278	983.000
839.487	910.000
839.696	1003.000
839.904	868.000
840.113	862.000
840.321	977.000
840.530	970.000
840.739	881.000
840.947	874.000
841.156	816.000
841.365	870.000
841.573	1022.000
841.782	1061.000
841.991	916.000
842.199	883.000
842.408	834.000
842.616	878.000
842.825	806.000
843.034	869.000
843.242	803.000
843.451	893.000
843.660	873.000
843.868	780.000
844.077	672.000
844.285	995.000
844.494	1137.000
844.703	905.000
844.911	667.000
845.120	706.000
845.329	828.000
845.537	832.000
845.746	813.000
845.955	878.000
846.163	806.000
846.372	823.000
846.580	766.000
846.789	802.000
846.998	907.000
847.206	810.000
847.415	885.000
847.624	828.000
847.832	962.000
848.041	917.000
848.250	765.000
848.458	720.000
848.667	805.000
848.875	871.000
849.084	663.000
849.293	707.000
849.501	770.000
849.710	600.000
849.919	673.000
850.127	718.000
850.336	774.000
850.544	615.000
850.753	751.000
850.962	748.000
851.170	810.000
851.379	1011.000
851.588	911.000
851.796	851.000
852.005	700.000
852.214	725.000
852.422	789.000
852.631	752.000
852.839	573.000
853.048	651.000
853.257	729.000
853.465	534.000
853.674	623.000
853.883	661.000
854.091	445.000
854.300	520.000
854.509	569.000
854.717	828.000
854.926	770.000
855.134	687.000
855.343	605.000
855.552	647.000
855.760	767.000
855.969	705.000
856.178	543.000
856.386	602.000
856.595	789.000
856.803	822.000
857.012	725.000
857.221	705.000
857.429	801.000
857.638	706.000
857.847	754.000
858.055	676.000
858.264	671.000
858.473	799.000
858.681	828.000
858.890	654.000
859.098	661.000
859.307	710.000
859.516	596.000
859.724	667.000
859.933	626.000
860.142	656.000
860.350	659.000
860.559	520.000
860.768	478.000
860.976	479.000
861.185	462.000
861.393	507.000
861.602	657.000
861.811	654.000
862.019	622.000
862.228	563.000
862.437	467.000
862.645	494.000
862.854	714.000
863.062	753.000
863.271	640.000
863.480	786.000
863.688	796.000
863.897	574.000
864.106	437.000
864.314	519.000
864.523	499.000
864.732	460.000
864.940	455.000
865.149	510.000
865.357	531.000
865.566	528.000
865.775	618.000
865.983	643.000
866.192	477.000
866.401	369.000
866.609	392.000
866.818	535.000
867.027	652.000
867.235	591.000
867.444	449.000
867.652	362.000
867.861	528.000
868.070	410.000
868.278	433.000
868.487	532.000
868.696	609.000
868.904	520.000
869.113	466.000
869.321	608.000
869.530	601.000
869.739	576.000
869.947	643.000
870.156	461.000
870.365	327.000
870.573	420.000
870.782	576.000
870.991	647.000
871.199	541.000
871.408	402.000
871.616	374.000
871.825	414.000
872.034	648.000
872.242	702.000
872.451	635.000
872.660	619.000
872.868	741.000
873.077	661.000
873.286	444.000
873.494	594.000
873.703	619.000
873.911	587.000
874.120	329.000
874.329	418.000
874.537	612.000
874.746	505.000
874.955	503.000
875.163	379.000
875.372	313.000
875.581	467.000
875.789	528.000
875.998	504.000
876.206	492.000
876.415	525.000
876.624	400.000
876.832	367.000
877.041	523.000
877.250	580.000
877.458	421.000
877.667	570.000
877.875	645.000
878.084	479.000
878.293	396.000
878.501	428.000
878.710	405.000
878.919	402.000
879.127	308.000
879.336	230.000
879.545	275.000
879.753	225.000
879.962	293.000
880.170	350.000
880.379	428.000
880.588	501.000
880.796	545.000
881.005	594.000
881.214	630.000
881.422	454.000
881.631	468.000
881.840	611.000
882.048	580.000
882.257	555.000
882.465	392.000
882.674	404.000
882.883	511.000
883.091	482.000
883.300	388.000
883.509	287.000
883.717	431.000
883.926	518.000
884.134	509.000
884.343	362.000
884.552	409.000
884.760	438.000
884.969	542.000
885.178	359.000
885.386	355.000
885.595	336.000
885.804	403.000
886.012	367.000
886.221	347.000
886.429	319.000
886.638	184.000
886.847	123.000
887.055	266.000
887.264	378.000
887.473	451.000
887.681	507.000
887.890	325.000
888.099	305.000
888.307	280.000
888.516	281.000
888.724	347.000
888.933	366.000
889.142	456.000
889.350	444.000
889.559	457.000
889.768	302.000
889.976	357.000
890.185	341.000
890.393	360.000
890.602	425.000
890.811	405.000
891.019	430.000
891.228	531.000
891.437	445.000
891.645	336.000
891.854	318.000
892.063	398.000
892.271	352.000
892.480	199.000
892.688	312.000
892.897	408.000
893.106	379.000
893.314	403.000
893.523	168.000
893.732	243.000
893.940	350.000
894.149	195.000
894.358	278.000
894.566	394.000
894.775	412.000
894.983	285.000
895.192	230.000
895.401	395.000
895.609	304.000
895.818	190.000
896.027	128.000
896.235	182.000
896.444	295.000
896.652	310.000
896.861	230.000
897.070	460.000
897.278	476.000
897.487	439.000
897.696	433.000
897.904	263.000
898.113	325.000
898.322	163.000
898.530	127.000
898.739	223.000
898.947	184.000
899.156	126.000
899.365	255.000
899.573	280.000
899.782	139.000
899.991	119.000
900.199	54.000
900.408	240.000
900.617	319.000
900.825	292.000
901.034	368.000
901.242	185.000
901.451	152.000
901.660	197.000
901.868	311.000
902.077	278.000
902.286	160.000
902.494	125.000
902.703	256.000
902.911	303.000
903.120	248.000
903.329	183.000
903.537	202.000
903.746	156.000
903.955	227.000
904.163	170.000
904.372	84.000
904.581	178.000
904.789	287.000
904.998	237.000
905.206	169.000
905.415	301.000
905.624	310.000
905.832	186.000
906.041	125.000
906.250	133.000
906.458	111.000
906.667	139.000
906.876	27.000
907.084	119.000
907.293	165.000
907.501	300.000
907.710	167.000
907.919	207.000
908.127	353.000
908.336	168.000
908.545	293.000
908.753	414.000
908.962	344.000
909.170	233.000
909.379	156.000
909.588	350.000
909.796	320.000
910.005	139.000
910.214	11.000
910.422	97.000
910.631	17.000
910.840	262.000
911.048	300.000
911.257	84.000
911.465	157.000
911.674	304.000
911.883	305.000
912.091	292.000
912.300	282.000
912.508	123.000
912.716	144.000
912.924	196.000
913.132	235.000
913.340	223.000
913.549	197.000
913.757	131.000
913.965	107.000
914.173	136.000
914.381	180.000
914.589	171.000
914.797	117.000
915.005	132.000
915.213	201.000
915.421	222.000
915.629	130.000
915.838	-3.000
916.046	70.000
916.254	187.000
916.462	172.000
916.670	135.000
916.878	157.000
917.086	230.000
917.294	129.000
917.502	149.000
917.710	259.000
917.919	215.000
918.127	72.000
918.335	121.000
918.543	114.000
918.751	265.000
918.959	341.000
919.167	200.000
919.375	117.000
919.583	395.000
919.791	206.000
919.999	167.000
920.208	296.000
920.416	184.000
920.624	187.000
920.832	205.000
921.040	178.000
921.248	150.000
921.456	35.000
921.664	1.000
921.872	49.000
922.080	53.000
922.288	41.000
922.497	192.000
922.705	223.000
922.913	225.000
923.121	255.000
923.329	144.000
923.537	34.000
923.745	122.000
923.953	16.000
924.161	61.000
924.369	169.000
924.578	141.000
924.786	212.000
924.994	220.000
925.202	229.000
925.410	168.000
925.618	204.000
925.826	192.000
926.034	214.000
926.242	233.000
926.450	103.000
926.658	117.000
926.867	212.000
927.075	102.000
927.283	76.000
927.491	96.000
927.699	189.000
927.907	273.000
928.115	339.000
928.323	69.000
928.531	20.000
928.739	4.000
928.947	75.000
929.156	84.000
929.364	114.000
929.572	190.000
929.780	8.000
929.988	-81.000
930.196	29.000
930.404	89.000
930.612	74.000
930.820	22.000
931.028	102.000
931.236	130.000
931.445	60.000
931.653	37.000
931.861	134.000
932.069	-30.000
932.277	119.000
932.485	407.000
932.693	156.000
932.901	-49.000
933.109	-74.000
933.317	-34.000
933.526	55.000
933.734	55.000
933.942	34.000
934.150	-2.000
934.358	24.000
934.566	37.000
934.774	-44.000
934.982	-69.000
935.190	52.000
935.398	78.000
935.606	52.000
935.815	54.000
936.023	141.000
936.231	117.000
936.439	68.000
936.647	85.000
936.855	18.000
937.063	-15.000
937.271	134.000
937.479	172.000
937.687	20.000
937.895	59.000
938.104	193.000
938.312	102.000
938.520	-74.000
938.728	-97.000
938.936	-52.000
939.144	2.000
939.352	47.000
939.560	132.000
939.768	112.000
939.976	18.000
940.185	12.000
940.393	39.000
940.601	15.000
940.809	-82.000
941.017	83.000
941.225	40.000
941.433	-18.000
941.641	-7.000
941.849	-168.000
942.057	-27.000
942.265	50.000
942.474	39.000
942.682	42.000
942.890	-106.000
943.098	6.000
943.306	-4.000
943.514	-84.000
943.722	-113.000
943.930	9.000
944.138	111.000
944.346	118.000
944.554	131.000
944.763	7.000
944.971	-65.000
945.179	-50.000
945.387	19.000
945.595	82.000
945.803	214.000
946.011	92.000
946.219	68.000
946.427	62.000
946.635	-67.000
946.843	137.000
947.052	206.000
947.260	32.000
947.468	-5.000
947.676	-13.000
947.884	9.000
948.092	105.000
948.300	107.000
948.508	46.000
948.716	9.000
948.924	72.000
949.133	272.000
949.341	187.000
949.549	-23.000
949.757	150.000
949.965	104.000
950.173	-100.000
950.381	71.000
950.589	189.000
950.797	101.000
951.005	-8.000
951.213	-88.000
951.422	-61.000
951.630	-41.000
951.838	23.000
952.046	272.000
952.254	182.000
952.462	54.000
952.670	186.000
952.878	167.000
953.086	119.000
953.294	126.000
953.502	84.000
953.711	159.000
953.919	138.000
954.127	-28.000
954.335	-59.000
954.543	21.000
954.751	115.000
954.959	83.000
955.167	188.000
955.375	120.000
955.583	-41.000
955.792	67.000
956.000	155.000
956.208	133.000
956.416	74.000
956.624	62.000
956.832	158.000
957.040	47.000
957.248	-48.000
957.456	-30.000
957.664	-51.000
957.872	-160.000
958.081	-112.000
958.289	66.000
958.497	91.000
958.705	61.000
958.913	-25.000
959.121	-91.000
959.329	-28.000
959.537	-102.000
959.745	-33.000
959.953	-26.000
960.161	-35.000
960.370	-79.000
960.578	6.000
960.786	182.000
960.994	120.000
961.202	116.000
961.410	114.000
961.618	-38.000
961.826	-28.000
962.034	123.000
962.242	3.000
962.451	-160.000
962.659	-139.000
962.867	-108.000
963.075	-2.000
963.283	110.000
963.491	67.000
963.699	9.000
963.907	40.000
964.115	145.000
964.323	290.000
964.531	222.000
964.740	-16.000
964.948	153.000
965.156	-8.000
965.364	155.000
965.572	364.000
965.780	162.000
965.999	55.000
966.218	47.000
966.438	-63.000
966.657	-119.000
966.876	-26.000
967.095	36.000
967.315	-20.000
967.534	-85.000
967.753	112.000
967.972	153.000
968.192	154.000
968.411	33.000
968.630	-46.000
968.849	-40.000
969.068	174.000
969.288	148.000
969.507	143.000
969.726	221.000
969.945	172.000
970.165	-13.000
970.384	89.000
970.603	-52.000
970.822	-126.000
971.042	-140.000
971.261	-24.000
971.480	198.000
971.699	119.000
971.919	-17.000
972.138	99.000
972.357	68.000
972.576	-32.000
972.795	73.000
973.015	111.000
973.234	157.000
973.453	53.000
973.672	-62.000
973.892	-138.000
974.111	-117.000
974.330	16.000
974.549	73.000
974.769	-31.000
974.988	165.000
975.207	10.000
975.426	-115.000
975.646	-42.000
975.865	-31.000
976.084	3.000
976.303	-3.000
976.522	-15.000
976.742	-36.000
976.961	-100.000
977.180	52.000
977.399	34.000
977.619	36.000
977.838	150.000
978.057	125.000
978.276	181.000
978.496	110.000
978.715	108.000
978.934	84.000
979.153	-157.000
979.372	-105.000
979.592	18.000
979.811	80.000
980.030	53.000
980.249	-83.000
980.469	62.000
980.688	99.000
980.907	-106.000
981.126	4.000
981.346	164.000
981.565	43.000
981.784	-77.000
982.003	106.000
982.223	201.000
982.442	265.000
982.661	6.000
982.880	46.000
983.099	82.000
983.319	139.000
983.538	162.000
983.757	33.000
983.976	186.000
984.196	191.000
984.415	202.000
984.634	135.000
984.853	175.000
985.073	286.000
985.292	119.000
985.511	111.000
985.730	82.000
985.949	66.000
986.169	186.000
986.388	277.000
986.607	-154.000
986.826	-148.000
987.046	-203.000
987.265	-65.000
987.484	48.000
987.703	57.000
987.923	5.000
988.142	138.000
988.361	202.000
988.580	177.000
988.800	-43.000
989.019	118.000
989.238	55.000
989.457	-74.000
989.676	64.000
989.896	29.000
990.115	-86.000
990.334	-42.000
990.553	-118.000
990.773	-164.000
990.992	-75.000
991.211	-53.000
991.430	50.000
991.650	31.000
991.869	26.000
992.088	-114.000
992.307	36.000
992.527	90.000
992.746	-44.000
992.965	-38.000
993.184	43.000
993.403	92.000
993.623	76.000
993.842	-14.000
994.061	-97.000
994.280	22.000
994.500	-2.000
994.719	-77.000
994.938	-27.000
995.157	-108.000
995.377	-79.000
995.596	-3.000
995.815	66.000
996.034	-12.000
996.253	-75.000
996.473	-48.000
996.692	117.000
996.911	72.000
997.130	23.000
997.350	-42.000
997.569	39.000
997.788	41.000
998.007	-159.000
998.227	-110.000
998.446	69.000
998.665	67.000
998.884	85.000
999.104	25.000
999.323	80.000
999.542	-25.000
999.761	-54.000
999.980	-90.000
1000.200	90.000
1000.419	146.000
1000.638	218.000
1000.857	229.000
1001.077	170.000
1001.296	85.000
1001.515	-62.000
1001.734	-16.000
1001.954	19.000
1002.173	143.000
1002.392	204.000
1002.611	140.000
1002.830	7.000
1003.050	-145.000
1003.269	-27.000
1003.488	66.000
1003.707	4.000
1003.927	-26.000
1004.146	82.000
1004.365	65.000
1004.584	4.000
1004.804	54.000
1005.023	85.000
1005.242	29.000
1005.461	55.000
1005.681	94.000
1005.900	22.000
1006.119	56.000
1006.338	10.000
1006.557	28.000
1006.777	254.000
1006.996	258.000
1007.215	-20.000
1007.434	-16.000
1007.654	82.000
1007.873	60.000
1008.092	27.000
1008.311	-10.000
1008.531	-165.000
1008.750	62.000
1008.969	131.000
1009.188	-174.000
1009.407	-130.000
1009.627	-69.000
1009.846	-110.000
1010.065	42.000
1010.284	-27.000
1010.504	-207.000
1010.723	-112.000
1010.942	-61.000
1011.161	-23.000
1011.381	-80.000
1011.600	-51.000
1011.819	139.000
1012.038	92.000
1012.258	60.000
1012.477	108.000
1012.696	44.000
1012.915	52.000
1013.134	46.000
1013.354	33.000
1013.573	105.000
1013.792	73.000
1014.011	-41.000
1014.231	18.000
1014.450	167.000
1014.669	29.000
1014.888	-154.000
1015.108	59.000
1015.327	125.000
1015.546	140.000
1015.765	257.000
1015.984	180.000
1016.204	226.000
1016.423	153.000
1016.642	204.000
1016.861	90.000
1017.081	-74.000
1017.300	8.000
1017.519	0.000
