296.912	64.500
297.101	32.500
297.290	52.500
297.479	68.500
297.668	81.500
297.858	43.500
298.047	-0.500
298.236	29.500
298.425	44.500
298.614	45.500
298.803	34.500
298.992	50.500
299.181	43.500
299.370	31.500
299.559	64.500
299.748	97.500
299.937	107.500
300.126	98.500
300.315	47.500
300.504	11.500
300.693	42.500
300.882	83.500
301.071	83.500
301.260	68.500
301.449	66.500
301.638	67.500
301.827	71.500
302.016	100.500
302.205	84.500
302.395	77.500
302.584	88.500
302.773	55.500
302.962	48.500
303.151	51.500
303.340	48.500
303.529	78.500
303.718	92.500
303.907	64.500
304.096	29.500
304.285	32.500
304.474	41.500
304.663	33.500
304.852	73.500
305.041	76.500
305.230	82.500
305.419	113.500
305.608	98.500
305.797	50.500
305.986	51.500
306.175	40.500
306.364	51.500
306.553	70.500
306.743	98.500
306.932	86.500
307.121	49.500
307.310	52.500
307.499	40.500
307.688	48.500
307.877	69.500
308.066	64.500
308.255	56.500
308.444	89.500
308.633	55.500
308.822	107.500
309.011	109.500
309.200	62.500
309.389	46.500
309.578	53.500
309.767	44.500
309.956	65.500
310.145	57.500
310.334	62.500
310.523	85.500
310.712	101.500
310.901	108.500
311.091	113.500
311.280	107.500
311.469	53.500
311.658	43.500
311.847	53.500
312.036	86.500
312.225	85.500
312.414	84.500
312.603	78.500
312.792	95.500
312.981	89.500
313.170	104.500
313.349	83.500
313.527	62.500
313.706	91.500
313.884	125.500
314.063	116.500
314.241	127.500
314.420	77.500
314.598	38.500
314.777	62.500
314.955	67.500
315.134	95.500
315.312	81.500
315.491	30.500
315.669	45.500
315.848	63.500
316.027	42.500
316.205	72.500
316.384	69.500
316.562	83.500
316.741	69.500
316.919	75.500
317.098	80.500
317.276	87.500
317.455	85.500
317.633	102.500
317.812	110.500
317.990	113.500
318.169	96.500
318.347	76.500
318.526	87.500
318.705	91.500
318.883	75.500
319.062	96.500
319.240	130.500
319.419	99.500
319.597	76.500
319.776	84.500
319.954	88.500
320.133	70.500
320.311	87.500
320.490	94.500
320.668	64.500
320.847	98.500
321.025	100.500
321.204	99.500
321.382	85.500
321.561	93.500
321.740	90.500
321.918	76.500
322.097	82.500
322.275	78.500
322.454	107.500
322.632	94.500
322.811	70.500
322.989	86.500
323.168	89.500
323.346	66.500
323.525	96.500
323.703	82.500
323.882	47.500
324.060	61.500
324.239	72.500
324.418	73.500
324.596	102.500
324.775	104.500
324.953	124.500
325.132	102.500
325.310	76.500
325.489	54.500
325.667	75.500
325.846	74.500
326.024	70.500
326.203	104.500
326.381	165.500
326.560	141.500
326.738	111.500
326.917	110.500
327.096	82.500
327.274	96.500
327.453	100.500
327.631	86.500
327.810	112.500
327.988	100.500
328.167	81.500
328.345	83.500
328.524	44.500
328.702	41.500
328.881	57.500
329.059	62.500
329.238	85.500
329.416	119.500
329.595	108.500
329.774	82.500
329.952	95.500
330.131	129.500
330.309	104.500
330.488	106.500
330.666	87.500
330.845	61.500
331.023	74.500
331.202	86.500
331.380	79.500
331.559	109.500
331.737	83.500
331.916	75.500
332.094	83.500
332.273	72.500
332.452	76.500
332.630	46.500
332.809	74.500
332.987	107.500
333.166	139.500
333.344	103.500
333.523	80.500
333.701	98.500
333.880	88.500
334.058	85.500
334.237	82.500
334.415	48.500
334.594	70.500
334.772	117.500
334.951	120.500
335.129	106.500
335.308	112.500
335.487	104.500
335.665	90.500
335.844	86.500
336.022	56.500
336.201	53.500
336.379	65.500
336.558	112.500
336.736	114.500
336.915	116.500
337.093	115.500
337.272	89.500
337.450	103.500
337.629	114.500
337.807	77.500
337.986	106.500
338.165	110.500
338.343	86.500
338.522	104.500
338.700	123.500
338.879	100.500
339.057	68.500
339.236	94.500
339.414	93.500
339.593	82.500
339.771	68.500
339.950	87.500
340.128	94.500
340.307	74.500
340.485	64.500
340.664	89.500
340.843	80.500
341.021	75.500
341.200	82.500
341.378	78.500
341.557	110.500
341.735	146.500
341.914	127.500
342.092	121.500
342.271	136.500
342.449	88.500
342.628	72.500
342.806	119.500
342.985	152.500
343.163	154.500
343.342	154.500
343.521	139.500
343.699	117.500
343.878	133.500
344.056	125.500
344.235	74.500
344.413	65.500
344.592	70.500
344.770	93.500
344.949	91.500
345.127	85.500
345.306	106.500
345.484	104.500
345.663	92.500
345.841	69.500
346.020	106.500
346.199	90.500
346.377	74.500
346.556	93.500
346.734	99.500
346.913	100.500
347.091	108.500
347.270	82.500
347.448	54.500
347.627	69.500
347.805	68.500
347.984	76.500
348.162	93.500
348.341	99.500
348.519	100.500
348.698	81.500
348.876	82.500
349.055	98.500
349.234	106.500
349.412	139.500
349.591	111.500
349.769	101.500
349.948	85.500
350.126	87.500
350.305	99.500
350.483	112.500
350.662	101.500
350.840	137.500
351.019	128.500
351.197	119.500
351.376	134.500
351.554	86.500
351.733	82.500
351.912	134.500
352.090	144.500
352.269	121.500
352.447	85.500
352.626	92.500
352.804	114.500
352.983	52.500
353.161	56.500
353.340	112.500
353.518	139.500
353.697	126.500
353.875	101.500
354.054	109.500
354.232	152.500
354.411	131.500
354.590	112.500
354.768	123.500
354.947	104.500
355.125	90.500
355.304	118.500
355.482	122.500
355.661	125.500
355.839	123.500
356.018	108.500
356.196	85.500
356.375	99.500
356.553	83.500
356.732	97.500
356.910	123.500
357.089	99.500
357.268	105.500
357.446	80.500
357.625	89.500
357.803	128.500
357.982	110.500
358.160	80.500
358.339	92.500
358.517	118.500
358.696	115.500
358.874	86.500
359.053	70.500
359.231	95.500
359.410	117.500
359.588	89.500
359.767	86.500
359.945	110.500
360.124	96.500
360.303	98.500
360.481	155.500
360.660	160.500
360.838	151.500
361.017	145.500
361.195	94.500
361.374	77.500
361.552	128.500
361.731	129.500
361.909	108.500
362.088	77.500
362.266	98.500
362.445	125.500
362.623	163.500
362.802	151.500
362.981	88.500
363.159	94.500
363.338	86.500
363.516	98.500
363.695	86.500
363.873	99.500
364.052	120.500
364.230	105.500
364.409	114.500
364.587	131.500
364.766	108.500
364.944	133.500
365.123	133.500
365.301	105.500
365.480	95.500
365.660	149.500
365.839	140.500
366.019	148.500
366.199	143.500
366.379	135.500
366.558	87.500
366.738	76.500
366.918	93.500
367.098	104.500
367.277	156.500
367.457	142.500
367.637	138.500
367.816	147.500
367.996	148.500
368.176	100.500
368.356	125.500
368.535	137.500
368.715	115.500
368.895	118.500
369.075	129.500
369.254	133.500
369.434	147.500
369.614	134.500
369.793	142.500
369.973	148.500
370.153	128.500
370.333	139.500
370.512	119.500
370.692	113.500
370.872	124.500
371.051	141.500
371.231	133.500
371.411	96.500
371.591	136.500
371.770	145.500
371.950	130.500
372.130	141.500
372.310	122.500
372.489	112.500
372.669	119.500
372.849	92.500
373.028	106.500
373.208	154.500
373.388	168.500
373.568	123.500
373.747	107.500
373.927	105.500
374.107	132.500
374.287	157.500
374.466	154.500
374.646	135.500
374.826	121.500
375.005	132.500
375.185	155.500
375.365	141.500
375.545	142.500
375.724	137.500
375.904	130.500
376.084	136.500
376.263	148.500
376.443	150.500
376.623	143.500
376.803	136.500
376.982	137.500
377.162	140.500
377.342	127.500
377.522	101.500
377.701	122.500
377.881	121.500
378.061	88.500
378.240	86.500
378.420	146.500
378.600	158.500
378.780	104.500
378.959	86.500
379.139	92.500
379.319	86.500
379.499	148.500
379.678	165.500
379.858	168.500
380.038	130.500
380.217	119.500
380.397	142.500
380.577	136.500
380.757	149.500
380.936	146.500
381.116	152.500
381.296	114.500
381.476	114.500
381.655	130.500
381.835	156.500
382.015	148.500
382.194	127.500
382.374	136.500
382.554	137.500
382.734	134.500
382.913	146.500
383.093	145.500
383.273	163.500
383.452	174.500
383.632	134.500
383.812	97.500
383.992	103.500
384.171	109.500
384.351	123.500
384.531	127.500
384.711	152.500
384.890	158.500
385.070	126.500
385.250	145.500
385.429	154.500
385.609	124.500
385.789	102.500
385.969	130.500
386.148	122.500
386.328	115.500
386.508	162.500
386.688	144.500
386.867	109.500
387.047	101.500
387.227	102.500
387.406	113.500
387.586	103.500
387.766	98.500
387.946	86.500
388.125	131.500
388.305	122.500
388.485	118.500
388.664	144.500
388.844	90.500
389.024	83.500
389.204	78.500
389.383	64.500
389.563	92.500
389.743	125.500
389.923	154.500
390.102	97.500
390.282	90.500
390.462	114.500
390.641	115.500
390.821	85.500
391.001	154.500
391.181	128.500
391.360	74.500
391.540	85.500
391.720	110.500
391.900	102.500
392.079	103.500
392.259	107.500
392.439	108.500
392.618	113.500
392.798	120.500
392.978	127.500
393.158	133.500
393.337	110.500
393.517	100.500
393.697	156.500
393.877	184.500
394.056	165.500
394.236	146.500
394.416	125.500
394.595	114.500
394.775	106.500
394.955	127.500
395.135	147.500
395.314	157.500
395.494	172.500
395.674	186.500
395.853	168.500
396.033	143.500
396.213	135.500
396.393	137.500
396.572	132.500
396.752	186.500
396.932	178.500
397.112	175.500
397.291	173.500
397.471	172.500
397.651	180.500
397.830	177.500
398.010	193.500
398.190	182.500
398.370	177.500
398.549	174.500
398.729	173.500
398.909	191.500
399.089	217.500
399.268	211.500
399.448	197.500
399.628	194.500
399.807	209.500
399.987	234.500
400.167	234.500
400.347	227.500
400.526	204.500
400.706	222.500
400.886	189.500
401.065	200.500
401.245	224.500
401.425	238.500
401.605	237.500
401.784	178.500
401.964	199.500
402.144	221.500
402.324	218.500
402.503	224.500
402.683	260.500
402.863	226.500
403.042	199.500
403.222	227.500
403.402	224.500
403.582	202.500
403.761	258.500
403.941	291.500
404.121	264.500
404.301	270.500
404.480	303.500
404.660	299.500
404.844	312.500
405.029	313.500
405.213	284.500
405.398	268.500
405.582	281.500
405.767	302.500
405.951	330.500
406.136	387.500
406.320	400.500
406.505	421.500
406.689	406.500
406.874	463.500
407.058	469.500
407.243	434.500
407.427	472.500
407.612	492.500
407.796	530.500
407.981	561.500
408.165	613.500
408.350	658.500
408.534	715.500
408.719	730.500
408.903	784.500
409.088	863.500
409.272	806.500
409.457	866.500
409.641	917.500
409.826	983.500
410.010	1032.500
410.195	1068.500
410.379	1177.500
410.564	1258.500
410.748	1342.500
410.933	1452.500
411.117	1569.500
411.302	1672.500
411.486	1775.500
411.671	1853.500
411.855	1975.500
412.040	2075.500
412.224	2138.500
412.409	2258.500
412.593	2358.500
412.778	2476.500
412.962	2625.500
413.147	2758.500
413.331	2821.500
413.516	2909.500
413.700	3072.500
413.885	3189.500
414.069	3291.500
414.254	3410.500
414.438	3478.500
414.623	3685.500
414.807	3882.500
414.992	3916.500
415.176	4071.500
415.361	4218.500
415.545	4406.500
415.730	4492.500
415.914	4577.500
416.099	4796.500
416.283	4852.500
416.468	4964.500
416.652	5060.500
416.837	5078.500
417.021	5202.500
417.206	5324.500
417.390	5392.500
417.575	5564.500
417.759	5638.500
417.944	5908.500
418.128	5960.500
418.313	6058.500
418.497	6162.500
418.682	6233.500
418.866	6397.500
419.051	6512.500
419.235	6606.500
419.420	6668.500
419.604	6699.500
419.789	6859.500
419.973	7027.500
420.158	7254.500
420.342	7538.500
420.527	7664.500
420.711	7707.500
420.896	7913.500
421.080	7952.500
421.265	7980.500
421.449	8049.500
421.634	8109.500
421.818	8078.500
422.003	8104.500
422.187	8261.500
422.372	8292.500
422.556	8312.500
422.741	8299.500
422.925	8366.500
423.110	8399.500
423.294	8804.500
423.479	8862.500
423.663	8869.500
423.848	8921.500
424.032	9033.500
424.217	9078.500
424.401	9074.500
424.586	9184.500
424.770	9206.500
424.955	9209.500
425.139	9305.500
425.324	9393.500
425.508	9629.500
425.693	9665.500
425.877	9714.500
426.062	9620.500
426.246	9572.500
426.431	9555.500
426.615	9463.500
426.800	9437.500
426.984	9607.500
427.169	9807.500
427.353	9810.500
427.538	9920.500
427.722	9931.500
427.907	9864.500
428.091	9850.500
428.276	9835.500
428.460	9761.500
428.645	9658.500
428.829	9601.500
429.014	9439.500
429.198	9122.500
429.383	8837.500
429.567	8558.500
429.752	8363.500
429.936	8191.500
430.121	8072.500
430.305	8125.500
430.490	8419.500
430.674	8733.500
430.859	9163.500
431.043	9723.500
431.228	10104.500
431.412	10253.500
431.597	10358.500
431.781	10622.500
431.966	10780.500
432.150	10872.500
432.335	11167.500
432.519	11367.500
432.704	11371.500
432.888	11277.500
433.073	11147.500
433.257	11045.500
433.442	11098.500
433.626	10932.500
433.811	11005.500
433.995	11116.500
434.180	11350.500
434.364	11602.500
434.549	11687.500
434.733	11889.500
434.918	11970.500
435.102	12040.500
435.287	12389.500
435.471	12510.500
435.656	12500.500
435.840	12767.500
436.030	12775.500
436.219	12727.500
436.409	12715.500
436.599	12676.500
436.789	12750.500
436.978	12650.500
437.168	12557.500
437.358	12316.500
437.548	12144.500
437.737	12047.500
437.927	11974.500
438.117	12026.500
438.306	12088.500
438.496	12204.500
438.686	12376.500
438.876	12489.500
439.065	12656.500
439.255	12667.500
439.445	12737.500
439.634	12875.500
439.824	12878.500
440.014	12959.500
440.204	13077.500
440.393	13234.500
440.583	13465.500
440.773	13766.500
440.963	13934.500
441.152	14059.500
441.342	14251.500
441.532	14395.500
441.721	14555.500
441.911	14690.500
442.101	14730.500
442.291	14780.500
442.480	14858.500
442.670	14923.500
442.860	15031.500
443.050	14964.500
443.239	15023.500
443.429	15102.500
443.619	15194.500
443.808	15453.500
443.998	15646.500
444.188	15532.500
444.378	15591.500
444.567	15708.500
444.757	15574.500
444.947	15469.500
445.137	15229.500
445.326	15185.500
445.516	15173.500
445.706	15211.500
445.895	15450.500
446.085	15665.500
446.275	15727.500
446.465	15727.500
446.654	15901.500
446.844	16192.500
447.034	16418.500
447.223	16589.500
447.413	16692.500
447.603	16836.500
447.793	16768.500
447.982	16882.500
448.172	16912.500
448.362	16861.500
448.552	17118.500
448.741	17128.500
448.931	17248.500
449.121	17227.500
449.310	17449.500
449.500	17758.500
449.690	17761.500
449.880	17805.500
450.069	17977.500
450.259	17937.500
450.449	18244.500
450.639	18591.500
450.828	18574.500
451.018	18478.500
451.208	18560.500
451.397	18496.500
451.587	18317.500
451.777	18376.500
451.967	18202.500
452.156	17756.500
452.346	17686.500
452.536	17543.500
452.725	17254.500
452.915	17304.500
453.105	17295.500
453.295	17293.500
453.484	17453.500
453.674	17548.500
453.864	17676.500
454.054	17797.500
454.243	17864.500
454.433	17665.500
454.623	17652.500
454.812	17657.500
455.002	17633.500
455.192	17625.500
455.382	17816.500
455.571	18008.500
455.761	18077.500
455.951	18295.500
456.141	18347.500
456.330	18284.500
456.520	18297.500
456.710	18443.500
456.899	18480.500
457.089	18529.500
457.279	18379.500
457.469	18334.500
457.658	18435.500
457.848	18337.500
458.038	18255.500
458.228	18071.500
458.417	17924.500
458.607	18062.500
458.797	18156.500
458.986	18167.500
459.176	18217.500
459.366	17956.500
459.556	18091.500
459.745	18183.500
459.935	18090.500
460.125	18279.500
460.314	18303.500
460.504	18128.500
460.694	18223.500
460.884	18250.500
461.073	18484.500
461.263	18582.500
461.453	18577.500
461.643	18700.500
461.832	18806.500
462.022	18742.500
462.212	18809.500
462.401	19093.500
462.591	19065.500
462.781	18971.500
462.971	18938.500
463.160	18757.500
463.350	18830.500
463.540	18930.500
463.730	18668.500
463.919	18640.500
464.109	18520.500
464.299	18592.500
464.488	18493.500
464.678	18432.500
464.868	18401.500
465.058	18263.500
465.247	18434.500
465.437	18621.500
465.627	18766.500
465.816	18744.500
466.006	18550.500
466.196	18531.500
466.386	18526.500
466.575	18377.500
466.765	18171.500
466.955	18320.500
467.145	18476.500
467.334	18513.500
467.524	18523.500
467.714	18627.500
467.903	18584.500
468.093	18623.500
468.283	18701.500
468.473	18820.500
468.662	18869.500
468.852	18971.500
469.042	18986.500
469.232	19126.500
469.421	19143.500
469.611	19091.500
469.801	18986.500
469.990	18762.500
470.180	18685.500
470.370	18551.500
470.560	18578.500
470.749	18603.500
470.939	18809.500
471.129	18978.500
471.318	19217.500
471.508	19492.500
471.698	19626.500
471.888	19601.500
472.077	19891.500
472.267	19964.500
472.457	19870.500
472.647	19773.500
472.836	19871.500
473.026	19732.500
473.216	19695.500
473.405	19854.500
473.595	19695.500
473.785	19765.500
473.975	19960.500
474.164	20156.500
474.354	20086.500
474.544	20171.500
474.734	20322.500
474.923	20386.500
475.113	20226.500
475.303	20268.500
475.492	20229.500
475.682	20234.500
475.872	20176.500
476.062	20106.500
476.251	20079.500
476.441	19941.500
476.631	20001.500
476.821	20179.500
477.010	20284.500
477.200	20372.500
477.390	20384.500
477.579	20531.500
477.769	20493.500
477.959	20520.500
478.149	20539.500
478.338	20639.500
478.528	20656.500
478.718	20539.500
478.907	20600.500
479.097	20552.500
479.287	20521.500
479.477	20738.500
479.666	20800.500
479.856	20606.500
480.046	20543.500
480.236	20597.500
480.425	20642.500
480.615	20644.500
480.805	20603.500
480.994	20655.500
481.184	20692.500
481.374	20620.500
481.564	20728.500
481.753	20856.500
481.943	20886.500
482.133	20760.500
482.323	20718.500
482.512	20675.500
482.702	20518.500
482.892	20673.500
483.081	20530.500
483.271	20450.500
483.461	20449.500
483.651	20359.500
483.840	20291.500
484.030	20275.500
484.220	20100.500
484.409	20088.500
484.599	19943.500
484.789	19785.500
484.979	19670.500
485.168	19592.500
485.358	19091.500
485.548	18554.500
485.738	18278.500
485.927	17884.500
486.117	17367.500
486.307	17204.500
486.496	17138.500
486.686	17152.500
486.876	17197.500
487.066	17532.500
487.255	17727.500
487.445	17853.500
487.635	18115.500
487.825	18539.500
488.014	18802.500
488.204	18736.500
488.394	18795.500
488.583	18830.500
488.773	18851.500
488.963	18941.500
489.153	18812.500
489.342	18997.500
489.532	19304.500
489.722	19573.500
489.912	19789.500
490.101	19778.500
490.291	19715.500
490.481	19743.500
490.670	19893.500
490.860	19910.500
491.050	19932.500
491.240	19619.500
491.429	19444.500
491.619	19425.500
491.809	19261.500
491.998	19028.500
492.188	18941.500
492.378	19070.500
492.568	19249.500
492.757	19298.500
492.947	19298.500
493.137	19363.500
493.327	19394.500
493.516	19415.500
493.706	19503.500
493.896	19653.500
494.085	19731.500
494.275	19895.500
494.465	19891.500
494.655	20144.500
494.844	20190.500
495.034	20298.500
495.224	20332.500
495.414	20298.500
495.603	20141.500
495.793	20192.500
495.983	19974.500
496.172	19883.500
496.362	20066.500
496.552	20172.500
496.742	20251.500
496.931	20371.500
497.121	20372.500
497.311	20299.500
497.500	20191.500
497.690	20006.500
497.880	19947.500
498.070	19850.500
498.259	19811.500
498.449	19828.500
498.639	19756.500
498.829	19831.500
499.018	19821.500
499.208	19779.500
499.398	20011.500
499.587	20103.500
499.777	19999.500
499.967	19863.500
500.157	19820.500
500.346	19724.500
500.536	19517.500
500.726	19252.500
500.916	19172.500
501.105	19244.500
501.295	18941.500
501.485	18895.500
501.674	19023.500
501.864	19090.500
502.054	18910.500
502.244	19058.500
502.433	19202.500
502.623	19270.500
502.813	19352.500
503.003	19503.500
503.192	19519.500
503.382	19519.500
503.572	19498.500
503.761	19405.500
503.951	19428.500
504.141	19216.500
504.331	19171.500
504.520	19288.500
504.710	19425.500
504.900	19610.500
505.089	19515.500
505.279	19592.500
505.469	19773.500
505.659	19755.500
505.848	20060.500
506.038	20038.500
506.228	20077.500
506.418	20042.500
506.607	19903.500
506.797	19808.500
506.987	19602.500
507.176	19637.500
507.366	19496.500
507.556	19374.500
507.746	19206.500
507.935	19205.500
508.125	19097.500
508.315	19121.500
508.505	19205.500
508.694	19301.500
508.884	19385.500
509.074	19523.500
509.263	19538.500
509.453	19565.500
509.643	19409.500
509.833	19198.500
510.022	19157.500
510.212	19287.500
510.402	19115.500
510.592	19046.500
510.781	19148.500
510.971	19232.500
511.161	19240.500
511.350	19230.500
511.540	19382.500
511.730	19348.500
511.920	19179.500
512.109	19035.500
512.299	18968.500
512.489	19025.500
512.678	18923.500
512.868	18747.500
513.058	18507.500
513.248	18597.500
513.437	18659.500
513.627	18535.500
513.817	18339.500
514.007	18193.500
514.196	18165.500
514.386	18112.500
514.576	18087.500
514.765	18121.500
514.955	18159.500
515.145	18241.500
515.335	18151.500
515.524	18123.500
515.714	18135.500
515.904	17938.500
516.094	17623.500
516.283	17531.500
516.473	17195.500
516.663	16806.500
516.852	16506.500
517.042	16393.500
517.232	16390.500
517.422	16244.500
517.611	16285.500
517.801	16374.500
517.991	16404.500
518.180	16469.500
518.370	16263.500
518.560	16351.500
518.750	16436.500
518.939	16637.500
519.129	16788.500
519.319	17043.500
519.509	17142.500
519.698	17274.500
519.888	17288.500
520.078	17265.500
520.267	17548.500
520.457	17649.500
520.647	17644.500
520.837	17692.500
521.026	17589.500
521.216	17698.500
521.406	17890.500
521.596	17862.500
521.785	17796.500
521.975	17833.500
522.165	17764.500
522.354	17598.500
522.544	17666.500
522.734	17582.500
522.924	17678.500
523.113	17806.500
523.303	17694.500
523.493	17697.500
523.683	17926.500
523.872	18090.500
524.062	18124.500
524.252	18153.500
524.441	18120.500
524.631	18140.500
524.821	18035.500
525.011	18162.500
525.200	18187.500
525.390	18151.500
525.580	18191.500
525.769	17950.500
525.959	17755.500
526.149	17555.500
526.339	17131.500
526.528	16942.500
526.718	16918.500
526.908	16935.500
527.098	16992.500
527.287	17050.500
527.477	17108.500
527.667	17442.500
527.856	17635.500
528.046	17762.500
528.236	17769.500
528.426	17922.500
528.615	18074.500
528.805	18177.500
528.995	18223.500
529.185	18041.500
529.374	18166.500
529.564	18101.500
529.754	18166.500
529.943	18317.500
530.133	18222.500
530.323	18253.500
530.513	18255.500
530.702	18249.500
530.892	18286.500
531.082	18100.500
531.271	18128.500
531.461	18058.500
531.651	17868.500
531.841	17726.500
532.030	17552.500
532.220	17288.500
532.410	17080.500
532.600	16940.500
532.789	17048.500
532.979	16921.500
533.169	16803.500
533.358	16770.500
533.548	16880.500
533.738	16771.500
533.928	16844.500
534.117	16910.500
534.307	16920.500
534.497	17042.500
534.687	16981.500
534.876	16812.500
535.066	16890.500
535.256	17173.500
535.445	17255.500
535.635	17116.500
535.825	17059.500
536.015	16874.500
536.204	16747.500
536.394	16569.500
536.584	16456.500
536.773	16514.500
536.963	16516.500
537.153	16501.500
537.343	16441.500
537.532	16517.500
537.722	16553.500
537.912	16524.500
538.102	16409.500
538.291	16396.500
538.481	16589.500
538.671	16473.500
538.860	16269.500
539.050	16170.500
539.240	16072.500
539.430	15894.500
539.619	15851.500
539.809	15844.500
539.999	15812.500
540.189	15445.500
540.378	15508.500
540.568	15638.500
540.758	15630.500
540.947	15719.500
541.137	15807.500
541.327	15771.500
541.517	16003.500
541.706	15912.500
541.896	15855.500
542.086	15795.500
542.276	15908.500
542.465	15896.500
542.655	15766.500
542.845	15960.500
543.034	15950.500
543.224	15949.500
543.414	15743.500
543.604	15672.500
543.793	15802.500
543.983	15894.500
544.173	15883.500
544.362	15784.500
544.552	15824.500
544.742	15988.500
544.932	15936.500
545.121	15811.500
545.311	15863.500
545.501	15738.500
545.691	15842.500
545.880	15789.500
546.070	15850.500
546.264	15783.500
546.459	15740.500
546.653	15591.500
546.847	15488.500
547.041	15502.500
547.236	15471.500
547.430	15479.500
547.624	15466.500
547.818	15370.500
548.013	15373.500
548.207	15431.500
548.401	15498.500
548.596	15560.500
548.790	15569.500
548.984	15618.500
549.178	15479.500
549.373	15453.500
549.567	15426.500
549.761	15396.500
549.956	15352.500
550.150	15292.500
550.344	15261.500
550.538	15197.500
550.733	15216.500
550.927	15270.500
551.121	15273.500
551.315	15391.500
551.510	15331.500
551.704	15346.500
551.898	15298.500
552.093	15314.500
552.287	15248.500
552.481	15093.500
552.675	15138.500
552.870	15184.500
553.064	15121.500
553.258	15098.500
553.453	15236.500
553.647	15244.500
553.841	15120.500
554.035	15109.500
554.230	15026.500
554.424	15208.500
554.618	15318.500
554.812	15149.500
555.007	15095.500
555.201	15309.500
555.395	15195.500
555.590	14919.500
555.784	14960.500
555.978	14945.500
556.172	14871.500
556.367	14804.500
556.561	14697.500
556.755	14639.500
556.949	14809.500
557.144	14954.500
557.338	14798.500
557.532	14664.500
557.727	14657.500
557.921	14648.500
558.115	14519.500
558.309	14418.500
558.504	14372.500
558.698	14329.500
558.892	14303.500
559.087	14342.500
559.281	14309.500
559.475	14410.500
559.669	14396.500
559.864	14334.500
560.058	14558.500
560.252	14619.500
560.446	14633.500
560.641	14773.500
560.835	14743.500
561.029	14575.500
561.224	14497.500
561.418	14526.500
561.612	14618.500
561.806	14533.500
562.001	14687.500
562.195	14628.500
562.389	14566.500
562.584	14647.500
562.778	14719.500
562.972	14634.500
563.166	14619.500
563.361	14750.500
563.555	14839.500
563.749	14622.500
563.943	14587.500
564.138	14682.500
564.332	14565.500
564.526	14479.500
564.721	14431.500
564.915	14413.500
565.109	14403.500
565.303	14451.500
565.498	14375.500
565.692	14321.500
565.886	14258.500
566.081	14176.500
566.275	14285.500
566.469	14360.500
566.663	14447.500
566.858	14631.500
567.052	14587.500
567.246	14444.500
567.440	14367.500
567.635	14215.500
567.829	14107.500
568.023	14025.500
568.218	14081.500
568.412	14270.500
568.606	14167.500
568.800	14019.500
568.995	14029.500
569.189	14022.500
569.383	14003.500
569.577	13927.500
569.772	13828.500
569.966	13808.500
570.160	13815.500
570.355	13786.500
570.549	13749.500
570.743	13617.500
570.937	13632.500
571.132	13686.500
571.326	13668.500
571.520	13727.500
571.715	13945.500
571.909	13835.500
572.103	13663.500
572.297	13705.500
572.492	13839.500
572.686	14093.500
572.880	14046.500
573.074	13904.500
573.269	13854.500
573.463	13798.500
573.657	13834.500
573.852	13754.500
574.046	13643.500
574.240	13568.500
574.434	13604.500
574.629	13528.500
574.823	13458.500
575.017	13590.500
575.212	13523.500
575.406	13427.500
575.600	13477.500
575.794	13398.500
575.989	13408.500
576.183	13387.500
576.377	13416.500
576.571	13436.500
576.766	13320.500
576.960	13179.500
577.159	13228.500
577.357	13247.500
577.556	13060.500
577.755	13029.500
577.953	13111.500
578.152	13080.500
578.350	12959.500
578.549	12857.500
578.748	13050.500
578.946	12981.500
579.145	12946.500
579.344	12986.500
579.542	12968.500
579.741	13043.500
579.940	13214.500
580.138	13289.500
580.337	13242.500
580.535	13132.500
580.734	13130.500
580.933	13276.500
581.131	13478.500
581.330	13515.500
581.529	13588.500
581.727	13616.500
581.926	13581.500
582.125	13689.500
582.323	13930.500
582.522	13864.500
582.721	13787.500
582.919	14043.500
583.118	14173.500
583.316	14320.500
583.515	14248.500
583.714	14375.500
583.912	14463.500
584.111	14218.500
584.310	14196.500
584.508	14262.500
584.707	14204.500
584.906	14185.500
585.104	14203.500
585.303	14055.500
585.501	13964.500
585.700	14063.500
585.899	14092.500
586.097	14130.500
586.296	14122.500
586.495	14024.500
586.693	14213.500
586.892	14302.500
587.091	14015.500
587.289	13969.500
587.488	13929.500
587.686	13880.500
587.885	13725.500
588.084	13381.500
588.282	13100.500
588.481	12815.500
588.680	12740.500
588.878	12608.500
589.077	12635.500
589.276	12512.500
589.474	12525.500
589.673	12600.500
589.871	12702.500
590.070	12886.500
590.269	12848.500
590.467	12910.500
590.666	12994.500
590.865	13064.500
591.063	12975.500
591.262	13068.500
591.461	13180.500
591.659	13149.500
591.858	13293.500
592.056	13117.500
592.255	13096.500
592.454	13139.500
592.652	13172.500
592.851	13197.500
593.050	13235.500
593.248	13281.500
593.447	13257.500
593.646	13346.500
593.844	13164.500
594.043	13066.500
594.241	13123.500
594.440	13136.500
594.639	13041.500
594.837	13032.500
595.036	13153.500
595.235	13150.500
595.433	13205.500
595.632	13229.500
595.831	13299.500
596.029	13180.500
596.228	13118.500
596.427	13181.500
596.625	13200.500
596.824	13261.500
597.022	13205.500
597.221	13183.500
597.420	13216.500
597.618	13104.500
597.817	13157.500
598.016	13280.500
598.214	13073.500
598.413	13117.500
598.612	13327.500
598.810	13385.500
599.009	13118.500
599.207	13126.500
599.406	13171.500
599.605	13157.500
599.803	13130.500
600.002	13084.500
600.201	13124.500
600.399	13122.500
600.598	13124.500
600.797	13091.500
600.995	12968.500
601.194	13033.500
601.392	13221.500
601.591	13112.500
601.790	13019.500
601.988	12942.500
602.187	13001.500
602.386	13083.500
602.584	13116.500
602.783	13212.500
602.982	13381.500
603.180	13264.500
603.379	13345.500
603.577	13249.500
603.776	13166.500
603.975	13275.500
604.173	13376.500
604.372	13283.500
604.571	13323.500
604.769	13212.500
604.968	13134.500
605.167	13245.500
605.365	13164.500
605.564	13144.500
605.762	13248.500
605.961	13311.500
606.160	13327.500
606.358	13221.500
606.557	13358.500
606.756	13280.500
606.954	13255.500
607.153	13187.500
607.352	13234.500
607.550	13081.500
607.749	13172.500
607.948	13182.500
608.146	13116.500
608.345	13099.500
608.543	13112.500
608.742	13058.500
608.941	12931.500
609.139	12988.500
609.338	13049.500
609.537	13002.500
609.735	12995.500
609.934	13017.500
610.133	12840.500
610.331	12902.500
610.530	12971.500
610.728	12962.500
610.927	12954.500
611.126	12946.500
611.324	12903.500
611.523	12864.500
611.722	12878.500
611.920	12934.500
612.119	12962.500
612.318	12786.500
612.516	12674.500
612.715	12690.500
612.913	12743.500
613.112	12612.500
613.311	12681.500
613.509	12807.500
613.708	12745.500
613.907	12822.500
614.105	12723.500
614.304	12705.500
614.503	12592.500
614.701	12626.500
614.900	12526.500
615.098	12411.500
615.297	12520.500
615.496	12454.500
615.694	12432.500
615.893	12286.500
616.092	12308.500
616.290	12230.500
616.489	12266.500
616.688	12373.500
616.886	12288.500
617.085	12270.500
617.283	12365.500
617.482	12432.500
617.681	12385.500
617.879	12504.500
618.078	12578.500
618.277	12526.500
618.475	12449.500
618.674	12439.500
618.873	12442.500
619.071	12444.500
619.270	12445.500
619.468	12459.500
619.667	12554.500
619.866	12603.500
620.064	12682.500
620.263	12589.500
620.462	12676.500
620.660	12562.500
620.859	12419.500
621.058	12345.500
621.256	12372.500
621.455	12357.500
621.654	12403.500
621.852	12286.500
622.051	12366.500
622.249	12380.500
622.448	12381.500
622.647	12307.500
622.845	12256.500
623.044	12194.500
623.243	12144.500
623.441	12074.500
623.640	12038.500
623.839	11965.500
624.037	11968.500
624.236	11967.500
624.434	11980.500
624.633	11896.500
624.832	11799.500
625.030	11813.500
625.229	11827.500
625.428	11804.500
625.626	11740.500
625.825	11827.500
626.024	11847.500
626.222	11822.500
626.421	11880.500
626.619	11839.500
626.818	11732.500
627.017	11875.500
627.215	11811.500
627.414	11782.500
627.613	11767.500
627.811	11783.500
628.010	11692.500
628.209	11731.500
628.407	11661.500
628.606	11567.500
628.804	11547.500
629.003	11597.500
629.202	11590.500
629.400	11535.500
629.599	11531.500
629.798	11567.500
629.996	11524.500
630.195	11581.500
630.394	11599.500
630.592	11433.500
630.791	11430.500
630.990	11474.500
631.188	11553.500
631.387	11526.500
631.585	11567.500
631.784	11447.500
631.983	11530.500
632.181	11622.500
632.380	11635.500
632.579	11580.500
632.777	11514.500
632.976	11612.500
633.175	11667.500
633.373	11604.500
633.572	11438.500
633.770	11399.500
633.969	11438.500
634.168	11533.500
634.366	11703.500
634.565	11691.500
634.764	11559.500
634.962	11674.500
635.161	11599.500
635.360	11556.500
635.558	11569.500
635.757	11581.500
635.955	11504.500
636.154	11566.500
636.353	11603.500
636.551	11727.500
636.750	11645.500
636.949	11586.500
637.147	11615.500
637.346	11687.500
637.545	11818.500
637.743	11822.500
637.942	11688.500
638.140	11757.500
638.339	11742.500
638.538	11783.500
638.736	11923.500
638.935	11896.500
639.134	11691.500
639.332	11717.500
639.531	11631.500
639.730	11522.500
639.928	11553.500
640.127	11627.500
640.325	11517.500
640.524	11496.500
640.723	11597.500
640.921	11474.500
641.120	11410.500
641.319	11460.500
641.517	11485.500
641.716	11407.500
641.915	11561.500
642.113	11530.500
642.312	11412.500
642.510	11381.500
642.709	11524.500
642.908	11600.500
643.106	11542.500
643.305	11541.500
643.504	11549.500
643.702	11484.500
643.901	11538.500
644.100	11595.500
644.298	11605.500
644.497	11603.500
644.696	11490.500
644.894	11465.500
645.093	11510.500
645.291	11515.500
645.490	11572.500
645.689	11596.500
645.887	11396.500
646.086	11363.500
646.285	11321.500
646.483	11311.500
646.682	11302.500
646.881	11299.500
647.079	11431.500
647.278	11202.500
647.476	11201.500
647.675	11200.500
647.874	11244.500
648.072	11228.500
648.271	11102.500
648.470	11107.500
648.668	11089.500
648.867	11007.500
649.066	11065.500
649.264	10960.500
649.463	10769.500
649.661	10832.500
649.860	11065.500
650.059	11159.500
650.257	11172.500
650.456	11305.500
650.655	11260.500
650.853	11103.500
651.052	11171.500
651.251	11192.500
651.449	11199.500
651.648	11257.500
651.846	11306.500
652.045	11246.500
652.244	11326.500
652.442	11404.500
652.641	11251.500
652.840	11209.500
653.038	11395.500
653.237	11572.500
653.436	11375.500
653.634	11266.500
653.833	11284.500
654.032	11263.500
654.230	11298.500
654.429	11320.500
654.627	11193.500
654.826	11109.500
655.025	11101.500
655.223	10850.500
655.422	10615.500
655.621	10326.500
655.819	10184.500
656.018	10148.500
656.217	10059.500
656.415	10034.500
656.614	10188.500
656.812	10264.500
657.011	10292.500
657.210	10470.500
657.408	10649.500
657.607	10607.500
657.806	10634.500
658.004	10746.500
658.203	10845.500
658.402	10982.500
658.600	11050.500
658.799	11046.500
658.997	11053.500
659.196	11147.500
659.395	11200.500
659.593	11258.500
659.792	11422.500
659.991	11408.500
660.189	11493.500
660.388	11521.500
660.587	11462.500
660.785	11362.500
660.984	11389.500
661.182	11485.500
661.381	11428.500
661.580	11551.500
661.778	11639.500
661.977	11626.500
662.176	11646.500
662.374	11608.500
662.573	11428.500
662.772	11469.500
662.970	11538.500
663.169	11497.500
663.367	11334.500
663.566	11374.500
663.765	11334.500
663.963	11402.500
664.162	11618.500
664.361	11542.500
664.559	11426.500
664.758	11327.500
664.957	11439.500
665.155	11626.500
665.354	11489.500
665.552	11231.500
665.751	11343.500
665.950	11353.500
666.148	11369.500
666.347	11372.500
666.546	11380.500
666.744	11334.500
666.943	11304.500
667.142	11376.500
667.340	11306.500
667.539	11305.500
667.738	11413.500
667.936	11402.500
668.135	11341.500
668.333	11292.500
668.532	11442.500
668.731	11346.500
668.929	11238.500
669.128	11337.500
669.327	11365.500
669.525	11263.500
669.724	11251.500
669.923	11274.500
670.121	11221.500
670.320	11289.500
670.518	11287.500
670.717	11255.500
670.916	11158.500
671.114	11132.500
671.313	11097.500
671.512	11067.500
671.710	11027.500
671.909	10987.500
672.108	11041.500
672.306	11042.500
672.505	11115.500
672.703	11084.500
672.902	11048.500
673.101	11005.500
673.299	10967.500
673.498	11096.500
673.697	11048.500
673.895	10963.500
674.094	11011.500
674.293	11049.500
674.491	10944.500
674.690	10984.500
674.888	11095.500
675.087	11074.500
675.286	11028.500
675.484	10928.500
675.683	10925.500
675.882	10928.500
676.080	10827.500
676.279	10823.500
676.478	10864.500
676.676	10808.500
676.875	10921.500
677.073	10963.500
677.272	10884.500
677.471	10851.500
677.669	10801.500
677.868	10681.500
678.067	10770.500
678.265	10837.500
678.464	10729.500
678.663	10692.500
678.861	10640.500
679.060	10746.500
679.259	10801.500
679.457	10726.500
679.656	10738.500
679.854	10667.500
680.053	10638.500
680.252	10684.500
680.450	10633.500
680.649	10633.500
680.848	10640.500
681.046	10593.500
681.245	10541.500
681.444	10598.500
681.642	10552.500
681.841	10557.500
682.039	10536.500
682.238	10599.500
682.437	10499.500
682.635	10461.500
682.834	10459.500
683.033	10385.500
683.231	10277.500
683.430	10358.500
683.629	10341.500
683.827	10283.500
684.026	10332.500
684.224	10317.500
684.423	10297.500
684.622	10294.500
684.820	10191.500
685.019	10190.500
685.218	10212.500
685.416	10149.500
685.615	9926.500
685.814	9624.500
686.012	9338.500
686.211	9086.500
686.409	8804.500
686.608	8549.500
686.807	8505.500
687.005	8535.500
687.204	8485.500
687.403	8562.500
687.601	8647.500
687.800	8620.500
687.999	8589.500
688.197	8565.500
688.396	8577.500
688.594	8531.500
688.793	8531.500
688.992	8588.500
689.190	8702.500
689.389	8644.500
689.588	8717.500
689.786	8728.500
689.985	8815.500
690.184	8973.500
690.382	8843.500
690.581	8932.500
690.779	8985.500
690.978	9067.500
691.177	9102.500
691.375	9119.500
691.574	9136.500
691.773	8986.500
691.971	9051.500
692.170	9002.500
692.369	9109.500
692.567	9198.500
692.766	9230.500
692.965	9186.500
693.163	9176.500
693.362	8998.500
693.560	8906.500
693.759	8908.500
693.958	8975.500
694.156	8994.500
694.355	8986.500
694.554	9087.500
694.752	9052.500
694.951	9036.500
695.150	9066.500
695.348	9209.500
695.547	9294.500
695.745	9173.500
695.944	9259.500
696.143	9383.500
696.341	9455.500
696.540	9503.500
696.743	9425.500
696.946	9359.500
697.149	9297.500
697.352	9279.500
697.555	9327.500
697.757	9366.500
697.960	9254.500
698.163	9137.500
698.366	9252.500
698.569	9304.500
698.772	9213.500
698.975	9189.500
699.178	9058.500
699.381	9030.500
699.584	9037.500
699.787	9020.500
699.989	8948.500
700.192	8926.500
700.395	8951.500
700.598	9022.500
700.801	9070.500
701.004	8994.500
701.207	8849.500
701.410	8810.500
701.613	8801.500
701.816	8823.500
702.019	8857.500
702.221	8956.500
702.424	8924.500
702.627	9050.500
702.830	9093.500
703.033	9034.500
703.236	8933.500
703.439	8883.500
703.642	9016.500
703.845	9157.500
704.048	9173.500
704.251	9158.500
704.453	9080.500
704.656	9070.500
704.859	9154.500
705.062	9072.500
705.265	8942.500
705.468	9024.500
705.671	9055.500
705.874	9017.500
706.077	9064.500
706.280	9127.500
706.483	9029.500
706.685	8984.500
706.888	9046.500
707.091	9130.500
707.294	8992.500
707.497	8862.500
707.700	9033.500
707.903	9043.500
708.106	8983.500
708.309	8981.500
708.512	9050.500
708.715	8995.500
708.917	8994.500
709.120	9029.500
709.323	9114.500
709.526	9096.500
709.729	9062.500
709.932	9003.500
710.135	8950.500
710.338	8962.500
710.541	9004.500
710.744	8879.500
710.947	8814.500
711.149	8818.500
711.352	8945.500
711.555	8899.500
711.758	8728.500
711.961	8908.500
712.164	8918.500
712.367	8812.500
712.570	8786.500
712.773	8778.500
712.976	8829.500
713.179	8933.500
713.381	8785.500
713.584	8611.500
713.787	8679.500
713.990	8697.500
714.193	8661.500
714.396	8798.500
714.599	8715.500
714.802	8530.500
715.005	8453.500
715.208	8388.500
715.411	8384.500
715.613	8305.500
715.816	7948.500
716.019	7826.500
716.222	7682.500
716.425	7554.500
716.628	7541.500
716.831	7400.500
717.034	7218.500
717.237	7023.500
717.440	6751.500
717.643	6659.500
717.845	6611.500
718.048	6575.500
718.251	6505.500
718.454	6485.500
718.657	6540.500
718.860	6454.500
719.063	6321.500
719.266	6235.500
719.469	6212.500
719.672	6284.500
719.875	6383.500
720.077	6471.500
720.280	6578.500
720.483	6779.500
720.686	6983.500
720.889	6988.500
721.092	7062.500
721.295	7077.500
721.498	7151.500
721.701	7160.500
721.904	7154.500
722.107	7114.500
722.309	7069.500
722.512	6979.500
722.715	7043.500
722.918	6893.500
723.121	6757.500
723.324	6751.500
723.527	6666.500
723.730	6667.500
723.933	6677.500
724.136	6652.500
724.339	6655.500
724.541	6574.500
724.744	6530.500
724.947	6450.500
725.150	6528.500
725.353	6496.500
725.556	6519.500
725.759	6507.500
725.962	6466.500
726.165	6450.500
726.368	6495.500
726.571	6637.500
726.773	6532.500
726.976	6462.500
727.179	6505.500
727.382	6493.500
727.585	6466.500
727.788	6494.500
727.991	6342.500
728.194	6275.500
728.397	6377.500
728.600	6376.500
728.803	6302.500
729.005	6216.500
729.208	6268.500
729.411	6322.500
729.614	6282.500
729.817	6368.500
730.020	6469.500
730.223	6464.500
730.426	6303.500
730.629	6295.500
730.832	6445.500
731.035	6409.500
731.237	6413.500
731.440	6559.500
731.643	6710.500
731.846	6653.500
732.049	6713.500
732.252	6739.500
732.455	6760.500
732.658	6791.500
732.861	6722.500
733.064	6703.500
733.267	6920.500
733.469	6979.500
733.672	6989.500
733.875	6972.500
734.078	6923.500
734.281	6897.500
734.484	6995.500
734.687	7021.500
734.890	6946.500
735.093	6840.500
735.296	6807.500
735.499	6801.500
735.701	6847.500
735.904	6809.500
736.107	6880.500
736.310	6942.500
736.513	6885.500
736.716	6823.500
736.919	6789.500
737.122	6814.500
737.325	6750.500
737.528	6772.500
737.731	6736.500
737.933	6712.500
738.136	6749.500
738.339	6722.500
738.542	6610.500
738.745	6754.500
738.948	6740.500
739.151	6687.500
739.354	6797.500
739.557	6774.500
739.760	6768.500
739.963	6729.500
740.165	6649.500
740.368	6622.500
740.571	6567.500
740.774	6526.500
740.977	6590.500
741.180	6607.500
741.383	6765.500
741.586	6686.500
741.789	6644.500
741.992	6703.500
742.195	6679.500
742.397	6678.500
742.600	6633.500
742.803	6722.500
743.006	6655.500
743.209	6582.500
743.412	6539.500
743.615	6565.500
743.818	6690.500
744.021	6642.500
744.224	6680.500
744.427	6664.500
744.629	6578.500
744.832	6451.500
745.035	6515.500
745.238	6564.500
745.441	6559.500
745.644	6472.500
745.847	6467.500
746.050	6520.500
746.253	6432.500
746.456	6477.500
746.659	6502.500
746.861	6562.500
747.064	6493.500
747.267	6413.500
747.470	6410.500
747.673	6366.500
747.876	6457.500
748.079	6520.500
748.282	6362.500
748.485	6364.500
748.688	6329.500
748.891	6319.500
749.093	6332.500
749.296	6348.500
749.499	6318.500
749.702	6324.500
749.905	6244.500
750.108	6195.500
750.311	6291.500
750.514	6270.500
750.717	6245.500
750.920	6234.500
751.123	6190.500
751.325	6146.500
751.528	6117.500
751.731	6168.500
751.934	6082.500
752.137	6043.500
752.340	6088.500
752.543	6154.500
752.746	6072.500
752.949	6042.500
753.152	6103.500
753.355	6114.500
753.557	6049.500
753.760	6006.500
753.963	6051.500
754.166	6038.500
754.369	6019.500
754.572	6014.500
754.775	5943.500
754.978	5992.500
755.181	6043.500
755.384	5985.500
755.587	5946.500
755.789	5963.500
755.992	5965.500
756.195	5867.500
756.398	5802.500
756.601	5827.500
756.804	5732.500
757.007	5802.500
757.210	5743.500
757.413	5775.500
757.616	5750.500
757.819	5645.500
758.021	5483.500
758.224	5230.500
758.427	4944.500
758.630	4546.500
758.833	4069.500
759.036	3722.500
759.239	3488.500
759.442	3170.500
759.645	2928.500
759.848	2750.500
760.051	2705.500
760.253	2700.500
760.456	2676.500
760.659	2728.500
760.862	2784.500
761.065	2762.500
761.268	2744.500
761.471	2650.500
761.674	2553.500
761.877	2515.500
762.080	2516.500
762.283	2532.500
762.485	2536.500
762.688	2588.500
762.891	2652.500
763.094	2743.500
763.297	2857.500
763.500	2866.500
763.706	2946.500
763.912	3103.500
764.118	3190.500
764.325	3221.500
764.531	3307.500
764.737	3432.500
764.943	3471.500
765.149	3582.500
765.355	3752.500
765.561	3876.500
765.768	4029.500
765.974	4078.500
766.180	4143.500
766.386	4237.500
766.592	4316.500
766.798	4405.500
767.004	4538.500
767.210	4689.500
767.417	4722.500
767.623	4641.500
767.829	4840.500
768.035	4778.500
768.241	4830.500
768.447	4877.500
768.653	4854.500
768.860	4916.500
769.066	4925.500
769.272	4899.500
769.478	4985.500
769.684	5103.500
769.890	5005.500
770.096	4995.500
770.303	5079.500
770.509	4988.500
770.715	4956.500
770.921	5049.500
771.127	5011.500
771.333	4997.500
771.539	5118.500
771.745	5139.500
771.952	5003.500
772.158	4901.500
772.364	4997.500
772.570	5038.500
772.776	4995.500
772.982	4991.500
773.188	4903.500
773.395	4988.500
773.601	5016.500
773.807	4957.500
774.013	4930.500
774.219	4997.500
774.425	4901.500
774.631	4829.500
774.838	4905.500
775.044	4957.500
775.250	4982.500
775.456	4986.500
775.662	5024.500
775.868	4973.500
776.074	4845.500
776.281	4816.500
776.487	4897.500
776.693	4887.500
776.899	4794.500
777.105	4897.500
777.311	4817.500
777.517	4776.500
777.723	4747.500
777.930	4781.500
778.136	4799.500
778.342	4795.500
778.548	4786.500
778.754	4725.500
778.960	4656.500
779.166	4635.500
779.373	4638.500
779.579	4673.500
779.785	4645.500
779.991	4682.500
780.197	4730.500
780.403	4662.500
780.609	4638.500
780.816	4690.500
781.022	4710.500
781.228	4641.500
781.434	4642.500
781.640	4631.500
781.846	4594.500
782.052	4503.500
782.259	4557.500
782.465	4514.500
782.671	4477.500
782.877	4448.500
783.083	4459.500
783.289	4516.500
783.495	4481.500
783.701	4478.500
783.908	4504.500
784.114	4401.500
784.320	4461.500
784.526	4415.500
784.732	4359.500
784.938	4417.500
785.144	4415.500
785.351	4445.500
785.557	4332.500
785.763	4389.500
785.969	4350.500
786.175	4322.500
786.381	4404.500
786.587	4382.500
786.794	4306.500
787.000	4353.500
787.206	4310.500
787.412	4230.500
787.618	4293.500
787.824	4298.500
788.030	4205.500
788.236	4196.500
788.443	4086.500
788.649	4091.500
788.855	4199.500
789.061	4198.500
789.267	4088.500
789.473	4101.500
789.679	4113.500
789.886	4096.500
790.092	4051.500
790.298	3917.500
790.504	3965.500
790.710	4024.500
790.916	4000.500
791.122	4016.500
791.329	3941.500
791.535	3911.500
791.741	3954.500
791.947	3907.500
792.153	3885.500
792.359	3888.500
792.565	3847.500
792.771	3980.500
792.978	3892.500
793.184	3756.500
793.390	3866.500
793.596	3952.500
793.802	3897.500
794.008	3845.500
794.214	3825.500
794.421	3813.500
794.627	3811.500
794.833	3819.500
795.039	3744.500
795.245	3761.500
795.451	3778.500
795.657	3767.500
795.864	3759.500
796.070	3693.500
796.276	3665.500
796.482	3727.500
796.688	3753.500
796.894	3725.500
797.100	3708.500
797.307	3686.500
797.513	3801.500
797.719	3733.500
797.925	3642.500
798.131	3724.500
798.337	3687.500
798.543	3649.500
798.749	3661.500
798.956	3645.500
799.162	3629.500
799.368	3625.500
799.574	3581.500
799.780	3520.500
799.986	3516.500
800.192	3499.500
800.399	3526.500
800.605	3532.500
800.811	3548.500
801.017	3436.500
801.223	3498.500
801.429	3539.500
801.635	3574.500
801.842	3546.500
802.048	3451.500
802.254	3451.500
802.460	3472.500
802.666	3481.500
802.872	3534.500
803.078	3480.500
803.285	3479.500
803.491	3499.500
803.697	3416.500
803.903	3395.500
804.109	3413.500
804.315	3442.500
804.521	3372.500
804.727	3384.500
804.934	3405.500
805.140	3368.500
805.346	3403.500
805.552	3403.500
805.758	3424.500
805.964	3311.500
806.170	3369.500
806.377	3443.500
806.583	3376.500
806.789	3293.500
806.995	3312.500
807.201	3318.500
807.407	3327.500
807.613	3341.500
807.820	3299.500
808.026	3230.500
808.232	3267.500
808.438	3292.500
808.644	3269.500
808.850	3212.500
809.056	3203.500
809.262	3230.500
809.469	3136.500
809.675	3144.500
809.881	3121.500
810.087	3091.500
810.293	3121.500
810.499	3132.500
810.705	3088.500
810.912	3049.500
811.118	3028.500
811.324	3037.500
811.530	3010.500
811.739	3011.500
811.947	2922.500
812.156	2896.500
812.365	2823.500
812.573	2789.500
812.782	2775.500
812.990	2805.500
813.199	2763.500
813.408	2699.500
813.616	2697.500
813.825	2654.500
814.034	2591.500
814.242	2561.500
814.451	2531.500
814.659	2537.500
814.868	2414.500
815.077	2380.500
815.285	2395.500
815.494	2434.500
815.703	2426.500
815.911	2382.500
816.120	2321.500
816.329	2392.500
816.537	2381.500
816.746	2385.500
816.954	2325.500
817.163	2302.500
817.372	2287.500
817.580	2367.500
817.789	2340.500
817.998	2251.500
818.206	2276.500
818.415	2335.500
818.624	2338.500
818.832	2349.500
819.041	2351.500
819.249	2365.500
819.458	2460.500
819.667	2469.500
819.875	2451.500
820.084	2482.500
820.293	2391.500
820.501	2372.500
820.710	2454.500
820.919	2434.500
821.127	2458.500
821.336	2395.500
821.544	2278.500
821.753	2206.500
821.962	2148.500
822.170	2160.500
822.379	2143.500
822.588	2146.500
822.796	2190.500
823.005	2269.500
823.213	2354.500
823.422	2306.500
823.631	2284.500
823.839	2274.500
824.048	2316.500
824.257	2433.500
824.465	2445.500
824.674	2322.500
824.883	2298.500
825.091	2333.500
825.300	2352.500
825.508	2377.500
825.717	2390.500
825.926	2433.500
826.134	2412.500
826.343	2351.500
826.552	2315.500
826.760	2300.500
826.969	2291.500
827.178	2326.500
827.386	2235.500
827.595	2262.500
827.803	2278.500
828.012	2243.500
828.221	2223.500
828.429	2253.500
828.638	2245.500
828.847	2279.500
829.055	2224.500
829.264	2242.500
829.472	2226.500
829.681	2244.500
829.890	2240.500
830.098	2195.500
830.307	2188.500
830.516	2165.500
830.724	2242.500
830.933	2258.500
831.142	2172.500
831.350	2143.500
831.559	2226.500
831.767	2218.500
831.976	2174.500
832.185	2202.500
832.393	2230.500
832.602	2184.500
832.811	2158.500
833.019	2206.500
833.228	2206.500
833.437	2185.500
833.645	2212.500
833.854	2160.500
834.062	2133.500
834.271	2197.500
834.480	2208.500
834.688	2207.500
834.897	2237.500
835.106	2243.500
835.314	2232.500
835.523	2178.500
835.731	2159.500
835.940	2178.500
836.149	2173.500
836.357	2187.500
836.566	2211.500
836.775	2282.500
836.983	2205.500
837.192	2142.500
837.401	2171.500
837.609	2232.500
837.818	2206.500
838.026	2183.500
838.235	2146.500
838.444	2117.500
838.652	2167.500
838.861	2284.500
839.070	2300.500
839.278	2256.500
839.487	2222.500
839.696	2238.500
839.904	2222.500
840.113	2223.500
840.321	2248.500
840.530	2160.500
840.739	2167.500
840.947	2161.500
841.156	2251.500
841.365	2238.500
841.573	2206.500
841.782	2164.500
841.991	2159.500
842.199	2145.500
842.408	2159.500
842.616	2155.500
842.825	2148.500
843.034	2123.500
843.242	2120.500
843.451	2157.500
843.660	2117.500
843.868	2041.500
844.077	2111.500
844.285	2166.500
844.494	2116.500
844.703	2046.500
844.911	2051.500
845.120	2126.500
845.329	2118.500
845.537	2070.500
845.746	2073.500
845.955	2065.500
846.163	2053.500
846.372	2032.500
846.580	2008.500
846.789	2082.500
846.998	2071.500
847.206	2021.500
847.415	2022.500
847.624	2066.500
847.832	2092.500
848.041	2083.500
848.250	2036.500
848.458	1946.500
848.667	1904.500
848.875	1947.500
849.084	1948.500
849.293	1901.500
849.501	1886.500
849.710	1877.500
849.919	1881.500
850.127	1899.500
850.336	1921.500
850.544	1916.500
850.753	1819.500
850.962	1826.500
851.170	1896.500
851.379	1888.500
851.588	1914.500
851.796	1909.500
852.005	1855.500
852.214	1904.500
852.422	1932.500
852.631	1851.500
852.839	1756.500
853.048	1753.500
853.257	1695.500
853.465	1660.500
853.674	1744.500
853.883	1716.500
854.091	1691.500
854.300	1642.500
854.509	1707.500
854.717	1783.500
854.926	1766.500
855.134	1718.500
855.343	1744.500
855.552	1794.500
855.760	1833.500
855.969	1829.500
856.178	1791.500
856.386	1807.500
856.595	1805.500
856.803	1793.500
857.012	1768.500
857.221	1761.500
857.429	1720.500
857.638	1763.500
857.847	1810.500
858.055	1800.500
858.264	1763.500
858.473	1759.500
858.681	1750.500
858.890	1731.500
859.098	1823.500
859.307	1779.500
859.516	1742.500
859.724	1748.500
859.933	1714.500
860.142	1698.500
860.350	1706.500
860.559	1719.500
860.768	1732.500
860.976	1754.500
861.185	1707.500
861.393	1600.500
861.602	1672.500
861.811	1727.500
862.019	1691.500
862.228	1691.500
862.437	1691.500
862.645	1689.500
862.854	1707.500
863.062	1684.500
863.271	1645.500
863.480	1671.500
863.688	1633.500
863.897	1575.500
864.106	1509.500
864.314	1561.500
864.523	1594.500
864.732	1573.500
864.940	1520.500
865.149	1489.500
865.357	1462.500
865.566	1457.500
865.775	1469.500
865.983	1419.500
866.192	1388.500
866.401	1450.500
866.609	1482.500
866.818	1469.500
867.027	1467.500
867.235	1463.500
867.444	1492.500
867.652	1495.500
867.861	1428.500
868.070	1420.500
868.278	1455.500
868.487	1473.500
868.696	1473.500
868.904	1430.500
869.113	1452.500
869.321	1481.500
869.530	1437.500
869.739	1429.500
869.947	1446.500
870.156	1446.500
870.365	1441.500
870.573	1435.500
870.782	1443.500
870.991	1387.500
871.199	1390.500
871.408	1426.500
871.616	1415.500
871.825	1439.500
872.034	1400.500
872.242	1337.500
872.451	1284.500
872.660	1351.500
872.868	1315.500
873.077	1324.500
873.286	1371.500
873.494	1378.500
873.703	1333.500
873.911	1300.500
874.120	1284.500
874.329	1349.500
874.537	1357.500
874.746	1359.500
874.955	1304.500
875.163	1314.500
875.372	1381.500
875.581	1289.500
875.789	1232.500
875.998	1219.500
876.206	1174.500
876.415	1212.500
876.624	1263.500
876.832	1232.500
877.041	1215.500
877.250	1252.500
877.458	1253.500
877.667	1253.500
877.875	1200.500
878.084	1210.500
878.293	1190.500
878.501	1130.500
878.710	1194.500
878.919	1226.500
879.127	1163.500
879.336	1157.500
879.545	1177.500
879.753	1194.500
879.962	1177.500
880.170	1147.500
880.379	1206.500
880.588	1204.500
880.796	1161.500
881.005	1115.500
881.214	1194.500
881.422	1190.500
881.631	1159.500
881.840	1166.500
882.048	1204.500
882.257	1218.500
882.465	1214.500
882.674	1130.500
882.883	1124.500
883.091	1112.500
883.300	1083.500
883.509	1113.500
883.717	1167.500
883.926	1176.500
884.134	1216.500
884.343	1208.500
884.552	1198.500
884.760	1116.500
884.969	1083.500
885.178	1148.500
885.386	1158.500
885.595	1150.500
885.804	1126.500
886.012	1112.500
886.221	1061.500
886.429	1050.500
886.638	1090.500
886.847	1064.500
887.055	1078.500
887.264	1087.500
887.473	1086.500
887.681	1073.500
887.890	1080.500
888.099	1028.500
888.307	1041.500
888.516	1050.500
888.724	1038.500
888.933	1029.500
889.142	1070.500
889.350	1057.500
889.559	1039.500
889.768	994.500
889.976	1073.500
890.185	1056.500
890.393	999.500
890.602	956.500
890.811	977.500
891.019	1016.500
891.228	985.500
891.437	934.500
891.645	955.500
891.854	976.500
892.063	991.500
892.271	988.500
892.480	952.500
892.688	947.500
892.897	973.500
893.106	982.500
893.314	988.500
893.523	986.500
893.732	963.500
893.940	951.500
894.149	893.500
894.358	873.500
894.566	877.500
894.775	897.500
894.983	838.500
895.192	836.500
895.401	879.500
895.609	838.500
895.818	819.500
896.027	800.500
896.235	763.500
896.444	760.500
896.652	775.500
896.861	780.500
897.070	722.500
897.278	728.500
897.487	810.500
897.696	773.500
897.904	703.500
898.113	671.500
898.322	716.500
898.530	739.500
898.739	711.500
898.947	687.500
899.156	732.500
899.365	746.500
899.573	730.500
899.782	685.500
899.991	714.500
900.199	699.500
900.408	672.500
900.617	662.500
900.825	695.500
901.034	692.500
901.242	690.500
901.451	731.500
901.660	708.500
901.868	731.500
902.077	711.500
902.286	705.500
902.494	685.500
902.703	754.500
902.911	790.500
903.120	755.500
903.329	766.500
903.537	782.500
903.746	806.500
903.955	793.500
904.163	775.500
904.372	760.500
904.581	780.500
904.789	802.500
904.998	800.500
905.206	774.500
905.415	747.500
905.624	732.500
905.832	742.500
906.041	727.500
906.250	723.500
906.458	685.500
906.667	688.500
906.876	639.500
907.084	616.500
907.293	632.500
907.501	675.500
907.710	712.500
907.919	667.500
908.127	628.500
908.336	611.500
908.545	622.500
908.753	662.500
908.962	631.500
909.170	601.500
909.379	629.500
909.588	678.500
909.796	667.500
910.005	650.500
910.214	655.500
910.422	646.500
910.631	684.500
910.840	670.500
911.048	599.500
911.257	578.500
911.465	634.500
911.674	621.500
911.883	650.500
912.091	630.500
912.300	562.500
912.508	618.500
912.716	624.500
912.924	573.500
913.132	572.500
913.340	607.500
913.549	602.500
913.757	587.500
913.965	555.500
914.173	573.500
914.381	574.500
914.589	529.500
914.797	508.500
915.005	512.500
915.213	557.500
915.421	589.500
915.629	581.500
915.838	578.500
916.046	606.500
916.254	570.500
916.462	519.500
916.670	494.500
916.878	523.500
917.086	533.500
917.294	536.500
917.502	528.500
917.710	558.500
917.919	590.500
918.127	599.500
918.335	602.500
918.543	586.500
918.751	586.500
918.959	566.500
919.167	565.500
919.375	594.500
919.583	618.500
919.791	601.500
919.999	578.500
920.208	596.500
920.416	590.500
920.624	596.500
920.832	572.500
921.040	549.500
921.248	571.500
921.456	629.500
921.664	589.500
921.872	560.500
922.080	557.500
922.288	594.500
922.497	551.500
922.705	518.500
922.913	559.500
923.121	598.500
923.329	584.500
923.537	533.500
923.745	526.500
923.953	495.500
924.161	463.500
924.369	532.500
924.578	543.500
924.786	527.500
924.994	528.500
925.202	497.500
925.410	502.500
925.618	527.500
925.826	525.500
926.034	498.500
926.242	514.500
926.450	490.500
926.658	470.500
926.867	451.500
927.075	423.500
927.283	397.500
927.491	446.500
927.699	489.500
927.907	472.500
928.115	433.500
928.323	372.500
928.531	367.500
928.739	386.500
928.947	338.500
929.156	329.500
929.364	330.500
929.572	369.500
929.780	362.500
929.988	282.500
930.196	299.500
930.404	315.500
930.612	291.500
930.820	263.500
931.028	241.500
931.236	221.500
931.445	263.500
931.653	272.500
931.861	253.500
932.069	234.500
932.277	210.500
932.485	217.500
932.693	210.500
932.901	223.500
933.109	221.500
933.317	189.500
933.526	212.500
933.734	225.500
933.942	200.500
934.150	149.500
934.358	161.500
934.566	169.500
934.774	157.500
934.982	160.500
935.190	156.500
935.398	149.500
935.606	162.500
935.815	171.500
936.023	183.500
936.231	152.500
936.439	133.500
936.647	116.500
936.855	139.500
937.063	195.500
937.271	190.500
937.479	140.500
937.687	146.500
937.895	202.500
938.104	209.500
938.312	214.500
938.520	195.500
938.728	181.500
938.936	174.500
939.144	200.500
939.352	198.500
939.560	208.500
939.768	191.500
939.976	159.500
940.185	190.500
940.393	186.500
940.601	192.500
940.809	229.500
941.017	204.500
941.225	173.500
941.433	166.500
941.641	133.500
941.849	155.500
942.057	161.500
942.265	164.500
942.474	173.500
942.682	192.500
942.890	175.500
943.098	171.500
943.306	166.500
943.514	154.500
943.722	120.500
943.930	120.500
944.138	147.500
944.346	178.500
944.554	165.500
944.763	167.500
944.971	168.500
945.179	144.500
945.387	150.500
945.595	144.500
945.803	172.500
946.011	164.500
946.219	161.500
946.427	119.500
946.635	104.500
946.843	156.500
947.052	168.500
947.260	154.500
947.468	191.500
947.676	184.500
947.884	188.500
948.092	184.500
948.300	150.500
948.508	102.500
948.716	92.500
948.924	110.500
949.133	156.500
949.341	165.500
949.549	171.500
949.757	192.500
949.965	172.500
950.173	177.500
950.381	174.500
950.589	164.500
950.797	167.500
951.005	120.500
951.213	124.500
951.422	144.500
951.630	144.500
951.838	168.500
952.046	157.500
952.254	157.500
952.462	178.500
952.670	208.500
952.878	173.500
953.086	138.500
953.294	90.500
953.502	129.500
953.711	173.500
953.919	145.500
954.127	150.500
954.335	179.500
954.543	201.500
954.751	202.500
954.959	180.500
955.167	155.500
955.375	157.500
955.583	165.500
955.792	172.500
956.000	182.500
956.208	168.500
956.416	179.500
956.624	172.500
956.832	176.500
957.040	178.500
957.248	166.500
957.456	178.500
957.664	172.500
957.872	155.500
958.081	158.500
958.289	128.500
958.497	141.500
958.705	132.500
958.913	133.500
959.121	157.500
959.329	143.500
959.537	156.500
959.745	157.500
959.953	161.500
960.161	173.500
960.370	155.500
960.578	167.500
960.786	148.500
960.994	149.500
961.202	149.500
961.410	159.500
961.618	185.500
961.826	158.500
962.034	127.500
962.242	163.500
962.451	162.500
962.659	170.500
962.867	169.500
963.075	150.500
963.283	154.500
963.491	174.500
963.699	198.500
963.907	193.500
964.115	164.500
964.323	170.500
964.531	191.500
964.740	176.500
964.948	205.500
965.156	165.500
965.364	136.500
965.572	164.500
965.780	196.500
965.999	176.500
966.218	147.500
966.438	199.500
966.657	210.500
966.876	207.500
967.095	169.500
967.315	161.500
967.534	215.500
967.753	214.500
967.972	199.500
968.192	234.500
968.411	209.500
968.630	175.500
968.849	151.500
969.068	185.500
969.288	154.500
969.507	167.500
969.726	184.500
969.945	201.500
970.165	222.500
970.384	226.500
970.603	182.500
970.822	159.500
971.042	185.500
971.261	150.500
971.480	160.500
971.699	164.500
971.919	205.500
972.138	168.500
972.357	182.500
972.576	188.500
972.795	151.500
973.015	145.500
973.234	130.500
973.453	139.500
973.672	156.500
973.892	121.500
974.111	146.500
974.330	198.500
974.549	203.500
974.769	149.500
974.988	156.500
975.207	135.500
975.426	123.500
975.646	157.500
975.865	139.500
976.084	127.500
976.303	114.500
976.522	150.500
976.742	170.500
976.961	179.500
977.180	213.500
977.399	188.500
977.619	145.500
977.838	117.500
978.057	99.500
978.276	145.500
978.496	179.500
978.715	210.500
978.934	155.500
979.153	130.500
979.372	139.500
979.592	136.500
979.811	144.500
980.030	130.500
980.249	109.500
980.469	139.500
980.688	139.500
980.907	147.500
981.126	146.500
981.346	144.500
981.565	140.500
981.784	101.500
982.003	116.500
982.223	134.500
982.442	151.500
982.661	154.500
982.880	165.500
983.099	175.500
983.319	160.500
983.538	169.500
983.757	179.500
983.976	174.500
984.196	150.500
984.415	146.500
984.634	179.500
984.853	203.500
985.073	202.500
985.292	196.500
985.511	157.500
985.730	115.500
985.949	106.500
986.169	126.500
986.388	142.500
986.607	143.500
986.826	156.500
987.046	145.500
987.265	191.500
987.484	147.500
987.703	147.500
987.923	136.500
988.142	84.500
988.361	87.500
988.580	123.500
988.800	196.500
989.019	207.500
989.238	172.500
989.457	162.500
989.676	132.500
989.896	102.500
990.115	82.500
990.334	83.500
990.553	99.500
990.773	103.500
990.992	172.500
991.211	172.500
991.430	147.500
991.650	143.500
991.869	128.500
992.088	125.500
992.307	132.500
992.527	141.500
992.746	146.500
992.965	126.500
993.184	119.500
993.403	89.500
993.623	67.500
993.842	97.500
994.061	109.500
994.280	97.500
994.500	98.500
994.719	80.500
994.938	113.500
995.157	176.500
995.377	150.500
995.596	133.500
995.815	119.500
996.034	121.500
996.253	118.500
996.473	130.500
996.692	119.500
996.911	104.500
997.130	123.500
997.350	143.500
997.569	167.500
997.788	139.500
998.007	141.500
998.227	151.500
998.446	137.500
998.665	129.500
998.884	111.500
999.104	77.500
999.323	108.500
999.542	152.500
999.761	149.500
999.980	139.500
1000.200	110.500
1000.419	107.500
1000.638	96.500
1000.857	84.500
1001.077	64.500
1001.296	86.500
1001.515	117.500
1001.734	112.500
1001.954	127.500
1002.173	127.500
1002.392	110.500
1002.611	113.500
1002.830	114.500
1003.050	96.500
1003.269	92.500
1003.488	93.500
1003.707	108.500
1003.927	110.500
1004.146	136.500
1004.365	165.500
1004.584	148.500
1004.804	105.500
1005.023	101.500
1005.242	81.500
1005.461	82.500
1005.681	83.500
1005.900	94.500
1006.119	93.500
1006.338	92.500
1006.557	85.500
1006.777	83.500
1006.996	44.500
1007.215	51.500
1007.434	87.500
1007.654	136.500
1007.873	129.500
1008.092	130.500
1008.311	91.500
1008.531	70.500
1008.750	98.500
1008.969	93.500
1009.188	83.500
1009.407	83.500
1009.627	103.500
1009.846	86.500
1010.065	123.500
1010.284	130.500
1010.504	116.500
1010.723	57.500
1010.942	46.500
1011.161	66.500
1011.381	71.500
1011.600	76.500
1011.819	59.500
1012.038	89.500
1012.258	94.500
1012.477	85.500
1012.696	95.500
1012.915	101.500
1013.134	90.500
1013.354	83.500
1013.573	82.500
1013.792	62.500
1014.011	65.500
1014.231	89.500
1014.450	102.500
1014.669	115.500
1014.888	74.500
1015.108	48.500
1015.327	72.500
1015.546	88.500
1015.765	63.500
1015.984	76.500
1016.204	118.500
1016.423	98.500
1016.642	119.500
1016.861	116.500
1017.081	99.500
1017.300	101.500
1017.519	79.500
