296.912	39.500
297.101	89.500
297.290	75.500
297.479	50.500
297.668	63.500
297.858	78.500
298.047	49.500
298.236	36.500
298.425	33.500
298.614	-8.500
298.803	7.500
298.992	92.500
299.181	83.500
299.370	45.500
299.559	57.500
299.748	32.500
299.937	20.500
300.126	41.500
300.315	22.500
300.504	63.500
300.693	51.500
300.882	0.500
301.071	53.500
301.260	55.500
301.449	37.500
301.638	37.500
301.827	41.500
302.016	19.500
302.205	38.500
302.395	85.500
302.584	99.500
302.773	54.500
302.962	70.500
303.151	89.500
303.340	70.500
303.529	62.500
303.718	52.500
303.907	51.500
304.096	93.500
304.285	89.500
304.474	41.500
304.663	50.500
304.852	68.500
305.041	70.500
305.230	72.500
305.419	61.500
305.608	30.500
305.797	32.500
305.986	39.500
306.175	75.500
306.364	29.500
306.553	32.500
306.743	83.500
306.932	80.500
307.121	75.500
307.310	65.500
307.499	82.500
307.688	70.500
307.877	69.500
308.066	109.500
308.255	100.500
308.444	75.500
308.633	78.500
308.822	40.500
309.011	21.500
309.200	37.500
309.389	47.500
309.578	17.500
309.767	37.500
309.956	69.500
310.145	57.500
310.334	27.500
310.523	45.500
310.712	52.500
310.901	66.500
311.091	39.500
311.280	35.500
311.469	57.500
311.658	63.500
311.847	88.500
312.036	60.500
312.225	44.500
312.414	62.500
312.603	63.500
312.792	56.500
312.981	40.500
313.170	28.500
313.349	44.500
313.527	66.500
313.706	73.500
313.884	66.500
314.063	85.500
314.241	53.500
314.420	65.500
314.598	66.500
314.777	32.500
314.955	43.500
315.134	48.500
315.312	56.500
315.491	62.500
315.669	68.500
315.848	86.500
316.027	58.500
316.205	53.500
316.384	70.500
316.562	55.500
316.741	57.500
316.919	63.500
317.098	37.500
317.276	61.500
317.455	94.500
317.633	111.500
317.812	96.500
317.990	67.500
318.169	40.500
318.347	41.500
318.526	67.500
318.705	54.500
318.883	65.500
319.062	58.500
319.240	40.500
319.419	43.500
319.597	84.500
319.776	73.500
319.954	81.500
320.133	107.500
320.311	68.500
320.490	56.500
320.668	52.500
320.847	41.500
321.025	70.500
321.204	92.500
321.382	90.500
321.561	68.500
321.740	35.500
321.918	64.500
322.097	65.500
322.275	100.500
322.454	92.500
322.632	55.500
322.811	54.500
322.989	57.500
323.168	43.500
323.346	21.500
323.525	62.500
323.703	97.500
323.882	62.500
324.060	58.500
324.239	63.500
324.418	36.500
324.596	64.500
324.775	45.500
324.953	58.500
325.132	27.500
325.310	39.500
325.489	95.500
325.667	108.500
325.846	77.500
326.024	70.500
326.203	90.500
326.381	79.500
326.560	53.500
326.738	75.500
326.917	95.500
327.096	100.500
327.274	102.500
327.453	52.500
327.631	49.500
327.810	45.500
327.988	49.500
328.167	110.500
328.345	83.500
328.524	71.500
328.702	73.500
328.881	47.500
329.059	84.500
329.238	69.500
329.416	81.500
329.595	70.500
329.774	64.500
329.952	62.500
330.131	75.500
330.309	81.500
330.488	64.500
330.666	49.500
330.845	40.500
331.023	84.500
331.202	64.500
331.380	42.500
331.559	50.500
331.737	57.500
331.916	54.500
332.094	61.500
332.273	67.500
332.452	74.500
332.630	79.500
332.809	102.500
332.987	62.500
333.166	77.500
333.344	71.500
333.523	60.500
333.701	58.500
333.880	84.500
334.058	93.500
334.237	89.500
334.415	110.500
334.594	79.500
334.772	46.500
334.951	51.500
335.129	96.500
335.308	95.500
335.487	61.500
335.665	94.500
335.844	98.500
336.022	96.500
336.201	92.500
336.379	100.500
336.558	48.500
336.736	65.500
336.915	107.500
337.093	124.500
337.272	87.500
337.450	100.500
337.629	73.500
337.807	78.500
337.986	114.500
338.165	110.500
338.343	100.500
338.522	80.500
338.700	68.500
338.879	54.500
339.057	87.500
339.236	83.500
339.414	100.500
339.593	115.500
339.771	112.500
339.950	64.500
340.128	45.500
340.307	80.500
340.485	109.500
340.664	65.500
340.843	80.500
341.021	85.500
341.200	112.500
341.378	96.500
341.557	93.500
341.735	89.500
341.914	60.500
342.092	86.500
342.271	90.500
342.449	102.500
342.628	87.500
342.806	39.500
342.985	49.500
343.163	67.500
343.342	57.500
343.521	71.500
343.699	46.500
343.878	69.500
344.056	56.500
344.235	98.500
344.413	141.500
344.592	114.500
344.770	97.500
344.949	94.500
345.127	49.500
345.306	39.500
345.484	48.500
345.663	77.500
345.841	109.500
346.020	113.500
346.199	131.500
346.377	117.500
346.556	124.500
346.734	97.500
346.913	81.500
347.091	65.500
347.270	41.500
347.448	33.500
347.627	53.500
347.805	89.500
347.984	100.500
348.162	75.500
348.341	94.500
348.519	57.500
348.698	57.500
348.876	61.500
349.055	53.500
349.234	49.500
349.412	80.500
349.591	104.500
349.769	96.500
349.948	60.500
350.126	66.500
350.305	80.500
350.483	95.500
350.662	85.500
350.840	121.500
351.019	130.500
351.197	113.500
351.376	62.500
351.554	100.500
351.733	126.500
351.912	104.500
352.090	124.500
352.269	130.500
352.447	90.500
352.626	95.500
352.804	92.500
352.983	103.500
353.161	114.500
353.340	83.500
353.518	106.500
353.697	136.500
353.875	104.500
354.054	117.500
354.232	107.500
354.411	84.500
354.590	94.500
354.768	71.500
354.947	56.500
355.125	60.500
355.304	95.500
355.482	107.500
355.661	111.500
355.839	109.500
356.018	66.500
356.196	111.500
356.375	124.500
356.553	144.500
356.732	164.500
356.910	115.500
357.089	55.500
357.268	89.500
357.446	99.500
357.625	85.500
357.803	103.500
357.982	96.500
358.160	113.500
358.339	148.500
358.517	125.500
358.696	120.500
358.874	107.500
359.053	107.500
359.231	111.500
359.410	96.500
359.588	134.500
359.767	130.500
359.945	113.500
360.124	78.500
360.303	82.500
360.481	59.500
360.660	63.500
360.838	83.500
361.017	96.500
361.195	76.500
361.374	110.500
361.552	113.500
361.731	79.500
361.909	90.500
362.088	91.500
362.266	109.500
362.445	70.500
362.623	54.500
362.802	81.500
362.981	168.500
363.159	182.500
363.338	134.500
363.516	136.500
363.695	142.500
363.873	89.500
364.052	111.500
364.230	134.500
364.409	136.500
364.587	89.500
364.766	108.500
364.944	124.500
365.123	96.500
365.301	88.500
365.480	88.500
365.660	91.500
365.839	114.500
366.019	109.500
366.199	104.500
366.379	125.500
366.558	125.500
366.738	85.500
366.918	93.500
367.098	105.500
367.277	105.500
367.457	129.500
367.637	138.500
367.816	149.500
367.996	74.500
368.176	107.500
368.356	94.500
368.535	113.500
368.715	158.500
368.895	121.500
369.075	49.500
369.254	98.500
369.434	167.500
369.614	161.500
369.793	135.500
369.973	132.500
370.153	117.500
370.333	105.500
370.512	115.500
370.692	85.500
370.872	81.500
371.051	131.500
371.231	131.500
371.411	121.500
371.591	137.500
371.770	132.500
371.950	133.500
372.130	113.500
372.310	92.500
372.489	109.500
372.669	111.500
372.849	80.500
373.028	111.500
373.208	101.500
373.388	97.500
373.568	93.500
373.747	60.500
373.927	69.500
374.107	105.500
374.287	114.500
374.466	113.500
374.646	147.500
374.826	131.500
375.005	135.500
375.185	142.500
375.365	124.500
375.545	132.500
375.724	95.500
375.904	86.500
376.084	137.500
376.263	141.500
376.443	74.500
376.623	96.500
376.803	136.500
376.982	129.500
377.162	141.500
377.342	162.500
377.522	153.500
377.701	94.500
377.881	86.500
378.061	118.500
378.240	140.500
378.420	149.500
378.600	73.500
378.780	117.500
378.959	165.500
379.139	140.500
379.319	140.500
379.499	120.500
379.678	95.500
379.858	117.500
380.038	123.500
380.217	162.500
380.397	130.500
380.577	125.500
380.757	127.500
380.936	111.500
381.116	133.500
381.296	126.500
381.476	125.500
381.655	141.500
381.835	141.500
382.015	160.500
382.194	184.500
382.374	153.500
382.554	138.500
382.734	139.500
382.913	89.500
383.093	103.500
383.273	116.500
383.452	136.500
383.632	135.500
383.812	105.500
383.992	117.500
384.171	109.500
384.351	78.500
384.531	73.500
384.711	112.500
384.890	140.500
385.070	127.500
385.250	127.500
385.429	166.500
385.609	131.500
385.789	121.500
385.969	157.500
386.148	111.500
386.328	112.500
386.508	119.500
386.688	82.500
386.867	71.500
387.047	109.500
387.227	109.500
387.406	120.500
387.586	125.500
387.766	92.500
387.946	100.500
388.125	103.500
388.305	69.500
388.485	111.500
388.664	105.500
388.844	95.500
389.024	96.500
389.204	96.500
389.383	83.500
389.563	81.500
389.743	104.500
389.923	123.500
390.102	120.500
390.282	55.500
390.462	70.500
390.641	109.500
390.821	92.500
391.001	82.500
391.181	108.500
391.360	133.500
391.540	152.500
391.720	166.500
391.900	129.500
392.079	95.500
392.259	124.500
392.439	96.500
392.618	95.500
392.798	107.500
392.978	108.500
393.158	91.500
393.337	70.500
393.517	75.500
393.697	81.500
393.877	118.500
394.056	117.500
394.236	144.500
394.416	129.500
394.595	115.500
394.775	131.500
394.955	167.500
395.135	151.500
395.314	131.500
395.494	127.500
395.674	140.500
395.853	169.500
396.033	204.500
396.213	165.500
396.393	153.500
396.572	114.500
396.752	129.500
396.932	157.500
397.112	137.500
397.291	145.500
397.471	140.500
397.651	136.500
397.830	161.500
398.010	145.500
398.190	151.500
398.370	152.500
398.549	155.500
398.729	153.500
398.909	157.500
399.089	181.500
399.268	184.500
399.448	175.500
399.628	147.500
399.807	169.500
399.987	188.500
400.167	165.500
400.347	159.500
400.526	181.500
400.706	183.500
400.886	192.500
401.065	194.500
401.245	177.500
401.425	158.500
401.605	185.500
401.784	218.500
401.964	189.500
402.144	196.500
402.324	168.500
402.503	172.500
402.683	219.500
402.863	228.500
403.042	218.500
403.222	221.500
403.402	217.500
403.582	190.500
403.761	153.500
403.941	170.500
404.121	244.500
404.301	263.500
404.480	291.500
404.660	268.500
404.844	242.500
405.029	257.500
405.213	253.500
405.398	249.500
405.582	297.500
405.767	262.500
405.951	248.500
406.136	305.500
406.320	332.500
406.505	343.500
406.689	341.500
406.874	324.500
407.058	375.500
407.243	411.500
407.427	390.500
407.612	415.500
407.796	504.500
407.981	551.500
408.165	560.500
408.350	622.500
408.534	625.500
408.719	656.500
408.903	701.500
409.088	708.500
409.272	733.500
409.457	759.500
409.641	817.500
409.826	930.500
410.010	991.500
410.195	1057.500
410.379	1171.500
410.564	1288.500
410.748	1321.500
410.933	1361.500
411.117	1459.500
411.302	1530.500
411.486	1622.500
411.671	1741.500
411.855	1828.500
412.040	1948.500
412.224	1969.500
412.409	2060.500
412.593	2199.500
412.778	2299.500
412.962	2388.500
413.147	2512.500
413.331	2639.500
413.516	2718.500
413.700	2908.500
413.885	3093.500
414.069	3092.500
414.254	3142.500
414.438	3252.500
414.623	3369.500
414.807	3542.500
414.992	3714.500
415.176	3856.500
415.361	3892.500
415.545	4082.500
415.730	4275.500
415.914	4339.500
416.099	4493.500
416.283	4645.500
416.468	4665.500
416.652	4655.500
416.837	4767.500
417.021	4944.500
417.206	5151.500
417.390	5111.500
417.575	5163.500
417.759	5374.500
417.944	5487.500
418.128	5672.500
418.313	5844.500
418.497	5882.500
418.682	5812.500
418.866	6000.500
419.051	6090.500
419.235	6115.500
419.420	6182.500
419.604	6393.500
419.789	6476.500
419.973	6530.500
420.158	6786.500
420.342	6954.500
420.527	7059.500
420.711	7296.500
420.896	7340.500
421.080	7446.500
421.265	7489.500
421.449	7560.500
421.634	7511.500
421.818	7441.500
422.003	7449.500
422.187	7518.500
422.372	7694.500
422.556	7619.500
422.741	7624.500
422.925	7783.500
423.110	7864.500
423.294	8004.500
423.479	8173.500
423.663	8323.500
423.848	8389.500
424.032	8542.500
424.217	8626.500
424.401	8604.500
424.586	8566.500
424.770	8517.500
424.955	8643.500
425.139	8703.500
425.324	8721.500
425.508	8833.500
425.693	8964.500
425.877	8990.500
426.062	8915.500
426.246	8984.500
426.431	8957.500
426.615	8944.500
426.800	8816.500
426.984	8747.500
427.169	9031.500
427.353	9145.500
427.538	9274.500
427.722	9323.500
427.907	9122.500
428.091	9161.500
428.276	9052.500
428.460	8906.500
428.645	8971.500
428.829	8841.500
429.014	8637.500
429.198	8420.500
429.383	8230.500
429.567	8086.500
429.752	7775.500
429.936	7570.500
430.121	7564.500
430.305	7634.500
430.490	7776.500
430.674	8306.500
430.859	8826.500
431.043	9150.500
431.228	9370.500
431.412	9584.500
431.597	9796.500
431.781	9881.500
431.966	10004.500
432.150	10168.500
432.335	10103.500
432.519	10211.500
432.704	10473.500
432.888	10558.500
433.073	10482.500
433.257	10322.500
433.442	10200.500
433.626	10252.500
433.811	10259.500
433.995	10343.500
434.180	10514.500
434.364	10616.500
434.549	10794.500
434.733	10997.500
434.918	11168.500
435.102	11228.500
435.287	11338.500
435.471	11504.500
435.656	11648.500
435.840	11822.500
436.030	11922.500
436.219	12022.500
436.409	12126.500
436.599	12011.500
436.789	11993.500
436.978	11908.500
437.168	11702.500
437.358	11609.500
437.548	11358.500
437.737	11281.500
437.927	11164.500
438.117	11176.500
438.306	11257.500
438.496	11222.500
438.686	11412.500
438.876	11623.500
439.065	11791.500
439.255	11968.500
439.445	11907.500
439.634	11913.500
439.824	11911.500
440.014	12219.500
440.204	12346.500
440.393	12386.500
440.583	12645.500
440.773	12825.500
440.963	12971.500
441.152	13124.500
441.342	13127.500
441.532	13265.500
441.721	13546.500
441.911	13682.500
442.101	13786.500
442.291	13831.500
442.480	13763.500
442.670	13753.500
442.860	13776.500
443.050	13955.500
443.239	14043.500
443.429	14122.500
443.619	14281.500
443.808	14330.500
443.998	14304.500
444.188	14344.500
444.378	14454.500
444.567	14446.500
444.757	14542.500
444.947	14390.500
445.137	14316.500
445.326	14294.500
445.516	14225.500
445.706	14271.500
445.895	14359.500
446.085	14362.500
446.275	14650.500
446.465	14849.500
446.654	14939.500
446.844	15222.500
447.034	15310.500
447.223	15489.500
447.413	15569.500
447.603	15647.500
447.793	15710.500
447.982	15752.500
448.172	15776.500
448.362	15978.500
448.552	16068.500
448.741	16010.500
448.931	16226.500
449.121	16388.500
449.310	16450.500
449.500	16490.500
449.690	16677.500
449.880	16878.500
450.069	17021.500
450.259	17105.500
450.449	17235.500
450.639	17269.500
450.828	17212.500
451.018	17272.500
451.208	17302.500
451.397	17242.500
451.587	17276.500
451.777	17007.500
451.967	16827.500
452.156	16723.500
452.346	16566.500
452.536	16338.500
452.725	16102.500
452.915	16199.500
453.105	16244.500
453.295	16275.500
453.484	16265.500
453.674	16449.500
453.864	16590.500
454.054	16595.500
454.243	16539.500
454.433	16475.500
454.623	16700.500
454.812	16694.500
455.002	16529.500
455.192	16651.500
455.382	16741.500
455.571	16997.500
455.761	17119.500
455.951	17119.500
456.141	17135.500
456.330	17318.500
456.520	17196.500
456.710	17342.500
456.899	17489.500
457.089	17429.500
457.279	17300.500
457.469	17299.500
457.658	17329.500
457.848	17346.500
458.038	17173.500
458.228	17052.500
458.417	17199.500
458.607	17181.500
458.797	17139.500
458.986	17078.500
459.176	16957.500
459.366	16858.500
459.556	16868.500
459.745	16991.500
459.935	16997.500
460.125	17044.500
460.314	17123.500
460.504	17258.500
460.694	17351.500
460.884	17345.500
461.073	17506.500
461.263	17606.500
461.453	17562.500
461.643	17676.500
461.832	17716.500
462.022	17700.500
462.212	17797.500
462.401	17718.500
462.591	17760.500
462.781	17903.500
462.971	17869.500
463.160	17868.500
463.350	17658.500
463.540	17626.500
463.730	17573.500
463.919	17610.500
464.109	17417.500
464.299	17482.500
464.488	17399.500
464.678	17231.500
464.868	17284.500
465.058	17324.500
465.247	17391.500
465.437	17531.500
465.627	17422.500
465.816	17599.500
466.006	17748.500
466.196	17475.500
466.386	17321.500
466.575	17326.500
466.765	17243.500
466.955	17230.500
467.145	17211.500
467.334	17325.500
467.524	17408.500
467.714	17459.500
467.903	17584.500
468.093	17740.500
468.283	17611.500
468.473	17639.500
468.662	17743.500
468.852	17947.500
469.042	17944.500
469.232	18057.500
469.421	17977.500
469.611	17885.500
469.801	17757.500
469.990	17672.500
470.180	17713.500
470.370	17703.500
470.560	17632.500
470.749	17725.500
470.939	17865.500
471.129	17890.500
471.318	17990.500
471.508	18237.500
471.698	18541.500
471.888	18743.500
472.077	18794.500
472.267	18756.500
472.457	18654.500
472.647	18789.500
472.836	18644.500
473.026	18634.500
473.216	18589.500
473.405	18682.500
473.595	18670.500
473.785	18744.500
473.975	18784.500
474.164	18846.500
474.354	19061.500
474.544	19173.500
474.734	19117.500
474.923	19088.500
475.113	19237.500
475.303	19157.500
475.492	19173.500
475.682	19019.500
475.872	19034.500
476.062	18910.500
476.251	18784.500
476.441	18719.500
476.631	18694.500
476.821	18858.500
477.010	19010.500
477.200	19016.500
477.390	19136.500
477.579	19125.500
477.769	19269.500
477.959	19552.500
478.149	19616.500
478.338	19439.500
478.528	19267.500
478.718	19300.500
478.907	19426.500
479.097	19425.500
479.287	19428.500
479.477	19376.500
479.666	19540.500
479.856	19611.500
480.046	19594.500
480.236	19503.500
480.425	19591.500
480.615	19528.500
480.805	19333.500
480.994	19488.500
481.184	19505.500
481.374	19534.500
481.564	19572.500
481.753	19699.500
481.943	19736.500
482.133	19615.500
482.323	19545.500
482.512	19456.500
482.702	19513.500
482.892	19318.500
483.081	19343.500
483.271	19285.500
483.461	18950.500
483.651	18937.500
483.840	19106.500
484.030	19045.500
484.220	18998.500
484.409	19064.500
484.599	18843.500
484.789	18621.500
484.979	18523.500
485.168	18401.500
485.358	18022.500
485.548	17543.500
485.738	17077.500
485.927	16789.500
486.117	16519.500
486.307	16284.500
486.496	16221.500
486.686	16339.500
486.876	16344.500
487.066	16468.500
487.255	16694.500
487.445	16921.500
487.635	17198.500
487.825	17560.500
488.014	17543.500
488.204	17519.500
488.394	17735.500
488.583	17753.500
488.773	17687.500
488.963	17877.500
489.153	18008.500
489.342	18161.500
489.532	18160.500
489.722	18305.500
489.912	18621.500
490.101	18708.500
490.291	18850.500
490.481	18713.500
490.670	18688.500
490.860	18922.500
491.050	18853.500
491.240	18482.500
491.429	18533.500
491.619	18376.500
491.809	18109.500
491.998	18033.500
492.188	17952.500
492.378	17901.500
492.568	18161.500
492.757	18398.500
492.947	18468.500
493.137	18468.500
493.327	18491.500
493.516	18513.500
493.706	18501.500
493.896	18570.500
494.085	18584.500
494.275	18861.500
494.465	19053.500
494.655	19088.500
494.844	19329.500
495.034	19216.500
495.224	19089.500
495.414	19081.500
495.603	19048.500
495.793	18986.500
495.983	19094.500
496.172	19122.500
496.362	19061.500
496.552	19223.500
496.742	19111.500
496.931	19143.500
497.121	19145.500
497.311	19165.500
497.500	19162.500
497.690	19178.500
497.880	18936.500
498.070	18755.500
498.259	18510.500
498.449	18587.500
498.639	18556.500
498.829	18701.500
499.018	18826.500
499.208	18906.500
499.398	19012.500
499.587	19044.500
499.777	19032.500
499.967	18876.500
500.157	18715.500
500.346	18653.500
500.536	18348.500
500.726	18342.500
500.916	18286.500
501.105	18084.500
501.295	18121.500
501.485	18159.500
501.674	18170.500
501.864	18100.500
502.054	18202.500
502.244	18186.500
502.433	18214.500
502.623	18323.500
502.813	18566.500
503.003	18610.500
503.192	18638.500
503.382	18581.500
503.572	18262.500
503.761	18253.500
503.951	18425.500
504.141	18207.500
504.331	18266.500
504.520	18323.500
504.710	18296.500
504.900	18340.500
505.089	18481.500
505.279	18586.500
505.469	18925.500
505.659	19046.500
505.848	19028.500
506.038	18949.500
506.228	18867.500
506.418	18896.500
506.607	18827.500
506.797	18783.500
506.987	18759.500
507.176	18721.500
507.366	18655.500
507.556	18422.500
507.746	18262.500
507.935	18250.500
508.125	18172.500
508.315	18237.500
508.505	18190.500
508.694	18354.500
508.884	18399.500
509.074	18625.500
509.263	18504.500
509.453	18465.500
509.643	18532.500
509.833	18331.500
510.022	18258.500
510.212	18159.500
510.402	18162.500
510.592	18224.500
510.781	18157.500
510.971	18132.500
511.161	18395.500
511.350	18392.500
511.540	18411.500
511.730	18374.500
511.920	18250.500
512.109	18050.500
512.299	17917.500
512.489	17932.500
512.678	18017.500
512.868	17898.500
513.058	17664.500
513.248	17594.500
513.437	17482.500
513.627	17418.500
513.817	17260.500
514.007	17330.500
514.196	17147.500
514.386	17204.500
514.576	17231.500
514.765	17197.500
514.955	17222.500
515.145	17415.500
515.335	17372.500
515.524	17164.500
515.714	17022.500
515.904	17074.500
516.094	16910.500
516.283	16622.500
516.473	16230.500
516.663	15918.500
516.852	15593.500
517.042	15554.500
517.232	15563.500
517.422	15581.500
517.611	15501.500
517.801	15358.500
517.991	15612.500
518.180	15534.500
518.370	15549.500
518.560	15610.500
518.750	15754.500
518.939	16072.500
519.129	16075.500
519.319	16223.500
519.509	16239.500
519.698	16394.500
519.888	16597.500
520.078	16526.500
520.267	16598.500
520.457	16643.500
520.647	16563.500
520.837	16649.500
521.026	16922.500
521.216	16969.500
521.406	17012.500
521.596	17176.500
521.785	17013.500
521.975	16890.500
522.165	16821.500
522.354	16808.500
522.544	16618.500
522.734	16556.500
522.924	16639.500
523.113	16850.500
523.303	17009.500
523.493	16864.500
523.683	17110.500
523.872	17288.500
524.062	17317.500
524.252	17392.500
524.441	17467.500
524.631	17397.500
524.821	17086.500
525.011	17094.500
525.200	17280.500
525.390	17283.500
525.580	17386.500
525.769	17222.500
525.959	16868.500
526.149	16582.500
526.339	16359.500
526.528	16315.500
526.718	16137.500
526.908	16179.500
527.098	16169.500
527.287	16171.500
527.477	16440.500
527.667	16526.500
527.856	16651.500
528.046	16792.500
528.236	16948.500
528.426	17166.500
528.615	17226.500
528.805	17307.500
528.995	17364.500
529.185	17332.500
529.374	17368.500
529.564	17360.500
529.754	17241.500
529.943	17435.500
530.133	17495.500
530.323	17426.500
530.513	17455.500
530.702	17414.500
530.892	17438.500
531.082	17548.500
531.271	17271.500
531.461	17104.500
531.651	17046.500
531.841	16905.500
532.030	16688.500
532.220	16535.500
532.410	16450.500
532.600	16279.500
532.789	16250.500
532.979	16263.500
533.169	16178.500
533.358	16108.500
533.548	16284.500
533.738	16054.500
533.928	15878.500
534.117	16044.500
534.307	15992.500
534.497	16291.500
534.687	16361.500
534.876	16293.500
535.066	16186.500
535.256	16261.500
535.445	16392.500
535.635	16274.500
535.825	16157.500
536.015	16140.500
536.204	15971.500
536.394	15727.500
536.584	15668.500
536.773	15699.500
536.963	15676.500
537.153	15688.500
537.343	15923.500
537.532	15839.500
537.722	15802.500
537.912	15825.500
538.102	15725.500
538.291	15676.500
538.481	15606.500
538.671	15536.500
538.860	15380.500
539.050	15290.500
539.240	15285.500
539.430	15149.500
539.619	15199.500
539.809	15226.500
539.999	15004.500
540.189	14984.500
540.378	14862.500
540.568	14853.500
540.758	14844.500
540.947	14988.500
541.137	15125.500
541.327	15007.500
541.517	15181.500
541.706	15156.500
541.896	14959.500
542.086	14878.500
542.276	14940.500
542.465	15015.500
542.655	14970.500
542.845	15002.500
543.034	15173.500
543.224	15161.500
543.414	14980.500
543.604	15005.500
543.793	15188.500
543.983	15195.500
544.173	15089.500
544.362	15117.500
544.552	15162.500
544.742	15206.500
544.932	15111.500
545.121	14987.500
545.311	14967.500
545.501	14987.500
545.691	14896.500
545.880	15016.500
546.070	15223.500
546.264	14967.500
546.459	14962.500
546.653	14879.500
546.847	14796.500
547.041	14780.500
547.236	14803.500
547.430	14871.500
547.624	14666.500
547.818	14791.500
548.013	14826.500
548.207	14776.500
548.401	14960.500
548.596	14946.500
548.790	14696.500
548.984	14701.500
549.178	14770.500
549.373	14628.500
549.567	14688.500
549.761	14754.500
549.956	14897.500
550.150	14783.500
550.344	14557.500
550.538	14505.500
550.733	14681.500
550.927	14684.500
551.121	14798.500
551.315	14679.500
551.510	14619.500
551.704	14717.500
551.898	14641.500
552.093	14450.500
552.287	14463.500
552.481	14587.500
552.675	14505.500
552.870	14368.500
553.064	14389.500
553.258	14350.500
553.453	14586.500
553.647	14613.500
553.841	14640.500
554.035	14636.500
554.230	14615.500
554.424	14581.500
554.618	14450.500
554.812	14444.500
555.007	14457.500
555.201	14417.500
555.395	14362.500
555.590	14327.500
555.784	14388.500
555.978	14366.500
556.172	14222.500
556.367	14106.500
556.561	14096.500
556.755	14180.500
556.949	14215.500
557.144	14063.500
557.338	13999.500
557.532	14083.500
557.727	14041.500
557.921	14044.500
558.115	13925.500
558.309	13941.500
558.504	13789.500
558.698	13757.500
558.892	13760.500
559.087	13758.500
559.281	13686.500
559.475	13824.500
559.669	13774.500
559.864	13807.500
560.058	13941.500
560.252	14033.500
560.446	13957.500
560.641	14007.500
560.835	14034.500
561.029	14054.500
561.224	14087.500
561.418	14027.500
561.612	13894.500
561.806	13932.500
562.001	13953.500
562.195	13929.500
562.389	14087.500
562.584	14014.500
562.778	14015.500
562.972	14148.500
563.166	14148.500
563.361	13903.500
563.555	13880.500
563.749	13934.500
563.943	13897.500
564.138	13967.500
564.332	14009.500
564.526	14021.500
564.721	13884.500
564.915	13802.500
565.109	13834.500
565.303	13732.500
565.498	13685.500
565.692	13763.500
565.886	13881.500
566.081	13759.500
566.275	13723.500
566.469	13802.500
566.663	13665.500
566.858	13718.500
567.052	13907.500
567.246	13763.500
567.440	13679.500
567.635	13700.500
567.829	13729.500
568.023	13599.500
568.218	13507.500
568.412	13613.500
568.606	13419.500
568.800	13354.500
568.995	13416.500
569.189	13462.500
569.383	13423.500
569.577	13338.500
569.772	13247.500
569.966	13226.500
570.160	13276.500
570.355	13152.500
570.549	13091.500
570.743	13055.500
570.937	13097.500
571.132	13158.500
571.326	13251.500
571.520	13255.500
571.715	13277.500
571.909	13274.500
572.103	13247.500
572.297	13224.500
572.492	13323.500
572.686	13315.500
572.880	13310.500
573.074	13253.500
573.269	13276.500
573.463	13337.500
573.657	13353.500
573.852	13316.500
574.046	13234.500
574.240	13105.500
574.434	13110.500
574.629	13163.500
574.823	13099.500
575.017	12990.500
575.212	12772.500
575.406	12796.500
575.600	12939.500
575.794	12928.500
575.989	12935.500
576.183	12956.500
576.377	12958.500
576.571	12844.500
576.766	12843.500
576.960	12751.500
577.159	12668.500
577.357	12722.500
577.556	12672.500
577.755	12619.500
577.953	12561.500
578.152	12459.500
578.350	12468.500
578.549	12488.500
578.748	12527.500
578.946	12493.500
579.145	12503.500
579.344	12422.500
579.542	12582.500
579.741	12617.500
579.940	12662.500
580.138	12642.500
580.337	12674.500
580.535	12736.500
580.734	12821.500
580.933	12865.500
581.131	12982.500
581.330	13124.500
581.529	13056.500
581.727	13038.500
581.926	13169.500
582.125	13234.500
582.323	13263.500
582.522	13431.500
582.721	13546.500
582.919	13660.500
583.118	13656.500
583.316	13528.500
583.515	13578.500
583.714	13742.500
583.912	13745.500
584.111	13642.500
584.310	13647.500
584.508	13617.500
584.707	13671.500
584.906	13688.500
585.104	13610.500
585.303	13522.500
585.501	13501.500
585.700	13583.500
585.899	13661.500
586.097	13594.500
586.296	13600.500
586.495	13646.500
586.693	13589.500
586.892	13503.500
587.091	13473.500
587.289	13468.500
587.488	13427.500
587.686	13337.500
587.885	13199.500
588.084	13044.500
588.282	12831.500
588.481	12614.500
588.680	12308.500
588.878	12153.500
589.077	12164.500
589.276	12310.500
589.474	12384.500
589.673	12308.500
589.871	12358.500
590.070	12584.500
590.269	12573.500
590.467	12521.500
590.666	12539.500
590.865	12479.500
591.063	12592.500
591.262	12718.500
591.461	12743.500
591.659	12696.500
591.858	12626.500
592.056	12647.500
592.255	12977.500
592.454	12906.500
592.652	12843.500
592.851	12745.500
593.050	12673.500
593.248	12825.500
593.447	12890.500
593.646	12833.500
593.844	12778.500
594.043	12770.500
594.241	12635.500
594.440	12797.500
594.639	12641.500
594.837	12452.500
595.036	12651.500
595.235	12698.500
595.433	12701.500
595.632	12653.500
595.831	12643.500
596.029	12744.500
596.228	12801.500
596.427	12844.500
596.625	12736.500
596.824	12774.500
597.022	12868.500
597.221	12826.500
597.420	12822.500
597.618	12804.500
597.817	12826.500
598.016	12688.500
598.214	12701.500
598.413	12694.500
598.612	12767.500
598.810	12786.500
599.009	12738.500
599.207	12745.500
599.406	12833.500
599.605	12803.500
599.803	12752.500
600.002	12674.500
600.201	12688.500
600.399	12721.500
600.598	12707.500
600.797	12614.500
600.995	12462.500
601.194	12538.500
601.392	12693.500
601.591	12614.500
601.790	12455.500
601.988	12616.500
602.187	12588.500
602.386	12541.500
602.584	12730.500
602.783	12719.500
602.982	12693.500
603.180	12726.500
603.379	12843.500
603.577	12865.500
603.776	12803.500
603.975	12868.500
604.173	12861.500
604.372	12872.500
604.571	12834.500
604.769	12795.500
604.968	12860.500
605.167	12900.500
605.365	12893.500
605.564	12814.500
605.762	12877.500
605.961	12867.500
606.160	12883.500
606.358	12790.500
606.557	12811.500
606.756	12892.500
606.954	12950.500
607.153	12862.500
607.352	12880.500
607.550	12834.500
607.749	12795.500
607.948	12846.500
608.146	12863.500
608.345	12737.500
608.543	12665.500
608.742	12627.500
608.941	12768.500
609.139	12745.500
609.338	12669.500
609.537	12608.500
609.735	12607.500
609.934	12634.500
610.133	12558.500
610.331	12544.500
610.530	12470.500
610.728	12624.500
610.927	12637.500
611.126	12615.500
611.324	12567.500
611.523	12462.500
611.722	12499.500
611.920	12456.500
612.119	12380.500
612.318	12425.500
612.516	12537.500
612.715	12570.500
612.913	12490.500
613.112	12163.500
613.311	12046.500
613.509	12216.500
613.708	12330.500
613.907	12206.500
614.105	12267.500
614.304	12315.500
614.503	12298.500
614.701	12319.500
614.900	12253.500
615.098	12149.500
615.297	12267.500
615.496	12168.500
615.694	11948.500
615.893	11971.500
616.092	11925.500
616.290	11826.500
616.489	11966.500
616.688	11911.500
616.886	11881.500
617.085	12005.500
617.283	12012.500
617.482	12019.500
617.681	12185.500
617.879	12207.500
618.078	12142.500
618.277	12008.500
618.475	11950.500
618.674	11975.500
618.873	12035.500
619.071	12213.500
619.270	12208.500
619.468	12020.500
619.667	12179.500
619.866	12172.500
620.064	12164.500
620.263	12201.500
620.462	12135.500
620.660	12187.500
620.859	12162.500
621.058	12245.500
621.256	12153.500
621.455	12070.500
621.654	12047.500
621.852	11991.500
622.051	12012.500
622.249	12050.500
622.448	11955.500
622.647	11869.500
622.845	11977.500
623.044	11945.500
623.243	11753.500
623.441	11858.500
623.640	11822.500
623.839	11713.500
624.037	11605.500
624.236	11721.500
624.434	11682.500
624.633	11680.500
624.832	11626.500
625.030	11460.500
625.229	11527.500
625.428	11618.500
625.626	11566.500
625.825	11481.500
626.024	11480.500
626.222	11604.500
626.421	11656.500
626.619	11584.500
626.818	11449.500
627.017	11354.500
627.215	11475.500
627.414	11476.500
627.613	11362.500
627.811	11288.500
628.010	11231.500
628.209	11350.500
628.407	11325.500
628.606	11259.500
628.804	11277.500
629.003	11217.500
629.202	11204.500
629.400	11296.500
629.599	11274.500
629.798	11292.500
629.996	11193.500
630.195	11289.500
630.394	11286.500
630.592	11211.500
630.791	11258.500
630.990	11233.500
631.188	11157.500
631.387	11166.500
631.585	11028.500
631.784	10990.500
631.983	11116.500
632.181	11234.500
632.380	11209.500
632.579	11233.500
632.777	11243.500
632.976	11259.500
633.175	11216.500
633.373	11112.500
633.572	11191.500
633.770	11264.500
633.969	11276.500
634.168	11275.500
634.366	11390.500
634.565	11377.500
634.764	11363.500
634.962	11409.500
635.161	11248.500
635.360	11229.500
635.558	11327.500
635.757	11409.500
635.955	11364.500
636.154	11298.500
636.353	11351.500
636.551	11429.500
636.750	11396.500
636.949	11359.500
637.147	11400.500
637.346	11316.500
637.545	11392.500
637.743	11429.500
637.942	11465.500
638.140	11553.500
638.339	11492.500
638.538	11425.500
638.736	11464.500
638.935	11465.500
639.134	11429.500
639.332	11381.500
639.531	11320.500
639.730	11222.500
639.928	11259.500
640.127	11225.500
640.325	11332.500
640.524	11426.500
640.723	11346.500
640.921	11121.500
641.120	10987.500
641.319	11067.500
641.517	11209.500
641.716	11313.500
641.915	11289.500
642.113	11107.500
642.312	11149.500
642.510	11131.500
642.709	11272.500
642.908	11283.500
643.106	11330.500
643.305	11305.500
643.504	11451.500
643.702	11359.500
643.901	11305.500
644.100	11344.500
644.298	11332.500
644.497	11286.500
644.696	11233.500
644.894	11128.500
645.093	11155.500
645.291	11253.500
645.490	11288.500
645.689	11199.500
645.887	11177.500
646.086	11177.500
646.285	11114.500
646.483	11012.500
646.682	10895.500
646.881	10960.500
647.079	11016.500
647.278	11025.500
647.476	10793.500
647.675	10884.500
647.874	11059.500
648.072	10908.500
648.271	10809.500
648.470	10741.500
648.668	10828.500
648.867	10742.500
649.066	10650.500
649.264	10615.500
649.463	10685.500
649.661	10826.500
649.860	10968.500
650.059	10822.500
650.257	10906.500
650.456	11037.500
650.655	11055.500
650.853	11053.500
651.052	11048.500
651.251	11058.500
651.449	10931.500
651.648	10942.500
651.846	10910.500
652.045	10952.500
652.244	11026.500
652.442	11126.500
652.641	11072.500
652.840	11176.500
653.038	11197.500
653.237	11156.500
653.436	11169.500
653.634	11064.500
653.833	11170.500
654.032	11071.500
654.230	11020.500
654.429	11113.500
654.627	10995.500
654.826	11007.500
655.025	10918.500
655.223	10716.500
655.422	10495.500
655.621	10117.500
655.819	9960.500
656.018	9805.500
656.217	9723.500
656.415	9765.500
656.614	9890.500
656.812	10040.500
657.011	10143.500
657.210	10250.500
657.408	10315.500
657.607	10343.500
657.806	10601.500
658.004	10707.500
658.203	10685.500
658.402	10820.500
658.600	10751.500
658.799	10764.500
658.997	10845.500
659.196	11009.500
659.395	11094.500
659.593	11030.500
659.792	11039.500
659.991	11120.500
660.189	11084.500
660.388	11094.500
660.587	11147.500
660.785	11256.500
660.984	11248.500
661.182	11299.500
661.381	11320.500
661.580	11218.500
661.778	11204.500
661.977	11312.500
662.176	11244.500
662.374	11199.500
662.573	11195.500
662.772	11220.500
662.970	11286.500
663.169	11168.500
663.367	11085.500
663.566	11106.500
663.765	11241.500
663.963	11352.500
664.162	11279.500
664.361	11257.500
664.559	11317.500
664.758	11225.500
664.957	11112.500
665.155	11239.500
665.354	11247.500
665.552	11229.500
665.751	11298.500
665.950	11158.500
666.148	11052.500
666.347	11090.500
666.546	11149.500
666.744	11175.500
666.943	11034.500
667.142	11132.500
667.340	11125.500
667.539	11107.500
667.738	11199.500
667.936	11149.500
668.135	11185.500
668.333	11135.500
668.532	11190.500
668.731	11227.500
668.929	11141.500
669.128	11084.500
669.327	11129.500
669.525	11137.500
669.724	11055.500
669.923	10972.500
670.121	11053.500
670.320	10964.500
670.518	10919.500
670.717	11058.500
670.916	10970.500
671.114	10953.500
671.313	10909.500
671.512	10810.500
671.710	10832.500
671.909	10848.500
672.108	10882.500
672.306	10839.500
672.505	10815.500
672.703	10855.500
672.902	10995.500
673.101	10972.500
673.299	10924.500
673.498	10846.500
673.697	10783.500
673.895	10843.500
674.094	10884.500
674.293	10815.500
674.491	10719.500
674.690	10753.500
674.888	10795.500
675.087	10659.500
675.286	10768.500
675.484	10851.500
675.683	10762.500
675.882	10769.500
676.080	10767.500
676.279	10580.500
676.478	10658.500
676.676	10708.500
676.875	10590.500
677.073	10573.500
677.272	10490.500
677.471	10615.500
677.669	10786.500
677.868	10681.500
678.067	10496.500
678.265	10577.500
678.464	10621.500
678.663	10526.500
678.861	10481.500
679.060	10537.500
679.259	10521.500
679.457	10504.500
679.656	10584.500
679.854	10441.500
680.053	10366.500
680.252	10479.500
680.450	10409.500
680.649	10376.500
680.848	10408.500
681.046	10350.500
681.245	10359.500
681.444	10274.500
681.642	10313.500
681.841	10341.500
682.039	10425.500
682.238	10377.500
682.437	10272.500
682.635	10221.500
682.834	10275.500
683.033	10252.500
683.231	10209.500
683.430	10213.500
683.629	10151.500
683.827	10201.500
684.026	10231.500
684.224	10124.500
684.423	10079.500
684.622	10012.500
684.820	9993.500
685.019	9973.500
685.218	9972.500
685.416	9836.500
685.615	9774.500
685.814	9562.500
686.012	9325.500
686.211	9145.500
686.409	8786.500
686.608	8506.500
686.807	8379.500
687.005	8283.500
687.204	8301.500
687.403	8389.500
687.601	8367.500
687.800	8425.500
687.999	8401.500
688.197	8454.500
688.396	8329.500
688.594	8240.500
688.793	8399.500
688.992	8456.500
689.190	8499.500
689.389	8515.500
689.588	8572.500
689.786	8667.500
689.985	8632.500
690.184	8771.500
690.382	8794.500
690.581	8727.500
690.779	8892.500
690.978	8888.500
691.177	8892.500
691.375	9059.500
691.574	8978.500
691.773	8949.500
691.971	9012.500
692.170	9035.500
692.369	9065.500
692.567	9017.500
692.766	8880.500
692.965	8881.500
693.163	8839.500
693.362	8864.500
693.560	8951.500
693.759	8941.500
693.958	8971.500
694.156	8956.500
694.355	8866.500
694.554	8770.500
694.752	8750.500
694.951	8829.500
695.150	8936.500
695.348	9001.500
695.547	9037.500
695.745	9089.500
695.944	9016.500
696.143	9031.500
696.341	9098.500
696.540	9098.500
696.743	9229.500
696.946	9215.500
697.149	9167.500
697.352	9141.500
697.555	9236.500
697.757	9296.500
697.960	9209.500
698.163	9091.500
698.366	9083.500
698.569	8968.500
698.772	9033.500
698.975	8988.500
699.178	8899.500
699.381	8960.500
699.584	9018.500
699.787	8977.500
699.989	8836.500
700.192	8799.500
700.395	8712.500
700.598	8719.500
700.801	8630.500
701.004	8604.500
701.207	8770.500
701.410	8822.500
701.613	8730.500
701.816	8645.500
702.019	8641.500
702.221	8783.500
702.424	8856.500
702.627	8845.500
702.830	8807.500
703.033	8720.500
703.236	8693.500
703.439	8765.500
703.642	8907.500
703.845	9078.500
704.048	8890.500
704.251	8867.500
704.453	8905.500
704.656	8981.500
704.859	8923.500
705.062	8878.500
705.265	8916.500
705.468	8918.500
705.671	8944.500
705.874	8881.500
706.077	8871.500
706.280	8998.500
706.483	9001.500
706.685	8903.500
706.888	8861.500
707.091	8871.500
707.294	8862.500
707.497	8960.500
707.700	8862.500
707.903	8783.500
708.106	8796.500
708.309	8823.500
708.512	8827.500
708.715	8878.500
708.917	8987.500
709.120	9010.500
709.323	8907.500
709.526	8901.500
709.729	8881.500
709.932	8901.500
710.135	8981.500
710.338	8955.500
710.541	8804.500
710.744	8915.500
710.947	8859.500
711.149	8768.500
711.352	8727.500
711.555	8707.500
711.758	8675.500
711.961	8762.500
712.164	8811.500
712.367	8693.500
712.570	8633.500
712.773	8712.500
712.976	8715.500
713.179	8562.500
713.381	8710.500
713.584	8704.500
713.787	8561.500
713.990	8511.500
714.193	8563.500
714.396	8570.500
714.599	8464.500
714.802	8442.500
715.005	8390.500
715.208	8345.500
715.411	8247.500
715.613	8207.500
715.816	7990.500
716.019	7793.500
716.222	7635.500
716.425	7506.500
716.628	7322.500
716.831	7212.500
717.034	7157.500
717.237	6961.500
717.440	6835.500
717.643	6787.500
717.845	6628.500
718.048	6487.500
718.251	6497.500
718.454	6411.500
718.657	6287.500
718.860	6303.500
719.063	6208.500
719.266	6135.500
719.469	6123.500
719.672	6100.500
719.875	6198.500
720.077	6309.500
720.280	6464.500
720.483	6538.500
720.686	6650.500
720.889	6767.500
721.092	6816.500
721.295	6887.500
721.498	7058.500
721.701	7001.500
721.904	7074.500
722.107	6997.500
722.309	6885.500
722.512	6936.500
722.715	6777.500
722.918	6609.500
723.121	6715.500
723.324	6737.500
723.527	6644.500
723.730	6520.500
723.933	6466.500
724.136	6473.500
724.339	6430.500
724.541	6357.500
724.744	6475.500
724.947	6427.500
725.150	6297.500
725.353	6271.500
725.556	6273.500
725.759	6320.500
725.962	6416.500
726.165	6444.500
726.368	6376.500
726.571	6265.500
726.773	6323.500
726.976	6277.500
727.179	6322.500
727.382	6387.500
727.585	6419.500
727.788	6321.500
727.991	6349.500
728.194	6280.500
728.397	6256.500
728.600	6217.500
728.803	6213.500
729.005	6230.500
729.208	6299.500
729.411	6296.500
729.614	6222.500
729.817	6197.500
730.020	6308.500
730.223	6269.500
730.426	6247.500
730.629	6264.500
730.832	6295.500
731.035	6288.500
731.237	6387.500
731.440	6365.500
731.643	6508.500
731.846	6473.500
732.049	6415.500
732.252	6587.500
732.455	6722.500
732.658	6586.500
732.861	6657.500
733.064	6779.500
733.267	6835.500
733.469	6797.500
733.672	6823.500
733.875	6761.500
734.078	6752.500
734.281	6763.500
734.484	6849.500
734.687	6847.500
734.890	6784.500
735.093	6811.500
735.296	6853.500
735.499	6768.500
735.701	6704.500
735.904	6728.500
736.107	6650.500
736.310	6796.500
736.513	6834.500
736.716	6733.500
736.919	6683.500
737.122	6641.500
737.325	6563.500
737.528	6656.500
737.731	6712.500
737.933	6710.500
738.136	6657.500
738.339	6585.500
738.542	6589.500
738.745	6652.500
738.948	6691.500
739.151	6609.500
739.354	6544.500
739.557	6589.500
739.760	6580.500
739.963	6606.500
740.165	6599.500
740.368	6550.500
740.571	6485.500
740.774	6429.500
740.977	6511.500
741.180	6576.500
741.383	6456.500
741.586	6432.500
741.789	6560.500
741.992	6643.500
742.195	6619.500
742.397	6506.500
742.600	6529.500
742.803	6537.500
743.006	6505.500
743.209	6495.500
743.412	6541.500
743.615	6416.500
743.818	6476.500
744.021	6606.500
744.224	6554.500
744.427	6487.500
744.629	6475.500
744.832	6421.500
745.035	6341.500
745.238	6383.500
745.441	6479.500
745.644	6505.500
745.847	6445.500
746.050	6373.500
746.253	6377.500
746.456	6492.500
746.659	6445.500
746.861	6429.500
747.064	6391.500
747.267	6319.500
747.470	6359.500
747.673	6238.500
747.876	6244.500
748.079	6317.500
748.282	6357.500
748.485	6310.500
748.688	6276.500
748.891	6112.500
749.093	6133.500
749.296	6052.500
749.499	6137.500
749.702	6201.500
749.905	6199.500
750.108	6073.500
750.311	6148.500
750.514	6110.500
750.717	6184.500
750.920	6236.500
751.123	6183.500
751.325	6128.500
751.528	6082.500
751.731	6033.500
751.934	5947.500
752.137	6064.500
752.340	6070.500
752.543	6011.500
752.746	6063.500
752.949	6153.500
753.152	6105.500
753.355	5992.500
753.557	5981.500
753.760	5925.500
753.963	5969.500
754.166	5946.500
754.369	5851.500
754.572	5763.500
754.775	5762.500
754.978	5731.500
755.181	5864.500
755.384	5886.500
755.587	5836.500
755.789	5825.500
755.992	5890.500
756.195	5820.500
756.398	5798.500
756.601	5828.500
756.804	5710.500
757.007	5563.500
757.210	5604.500
757.413	5671.500
757.616	5705.500
757.819	5762.500
758.021	5575.500
758.224	5256.500
758.427	4992.500
758.630	4639.500
758.833	4190.500
759.036	3761.500
759.239	3458.500
759.442	3153.500
759.645	2923.500
759.848	2741.500
760.051	2575.500
760.253	2568.500
760.456	2622.500
760.659	2644.500
760.862	2618.500
761.065	2661.500
761.268	2690.500
761.471	2643.500
761.674	2495.500
761.877	2441.500
762.080	2392.500
762.283	2473.500
762.485	2528.500
762.688	2530.500
762.891	2592.500
763.094	2692.500
763.297	2867.500
763.500	2901.500
763.706	2917.500
763.912	2995.500
764.118	3032.500
764.325	3183.500
764.531	3294.500
764.737	3363.500
764.943	3424.500
765.149	3515.500
765.355	3629.500
765.561	3719.500
765.768	3834.500
765.974	3875.500
766.180	3985.500
766.386	4134.500
766.592	4209.500
766.798	4305.500
767.004	4377.500
767.210	4413.500
767.417	4531.500
767.623	4633.500
767.829	4622.500
768.035	4665.500
768.241	4741.500
768.447	4750.500
768.653	4836.500
768.860	4924.500
769.066	4911.500
769.272	4932.500
769.478	4964.500
769.684	4980.500
769.890	5042.500
770.096	4943.500
770.303	4913.500
770.509	4984.500
770.715	4932.500
770.921	4942.500
771.127	4939.500
771.333	4992.500
771.539	4995.500
771.745	5003.500
771.952	4997.500
772.158	5001.500
772.364	4950.500
772.570	4952.500
772.776	4959.500
772.982	4973.500
773.188	5037.500
773.395	4931.500
773.601	4834.500
773.807	4766.500
774.013	4797.500
774.219	4776.500
774.425	4805.500
774.631	4936.500
774.838	4866.500
775.044	4887.500
775.250	4927.500
775.456	4898.500
775.662	4856.500
775.868	4791.500
776.074	4826.500
776.281	4874.500
776.487	4815.500
776.693	4825.500
776.899	4821.500
777.105	4768.500
777.311	4769.500
777.517	4776.500
777.723	4714.500
777.930	4680.500
778.136	4743.500
778.342	4710.500
778.548	4717.500
778.754	4825.500
778.960	4751.500
779.166	4629.500
779.373	4567.500
779.579	4633.500
779.785	4663.500
779.991	4597.500
780.197	4594.500
780.403	4638.500
780.609	4572.500
780.816	4581.500
781.022	4659.500
781.228	4703.500
781.434	4685.500
781.640	4526.500
781.846	4538.500
782.052	4601.500
782.259	4528.500
782.465	4483.500
782.671	4512.500
782.877	4476.500
783.083	4462.500
783.289	4487.500
783.495	4469.500
783.701	4465.500
783.908	4501.500
784.114	4437.500
784.320	4395.500
784.526	4396.500
784.732	4343.500
784.938	4334.500
785.144	4355.500
785.351	4284.500
785.557	4331.500
785.763	4340.500
785.969	4253.500
786.175	4271.500
786.381	4212.500
786.587	4255.500
786.794	4245.500
787.000	4169.500
787.206	4103.500
787.412	4194.500
787.618	4235.500
787.824	4132.500
788.030	4153.500
788.236	4139.500
788.443	3975.500
788.649	4063.500
788.855	4038.500
789.061	4061.500
789.267	4045.500
789.473	4039.500
789.679	3976.500
789.886	3906.500
790.092	3914.500
790.298	3956.500
790.504	3980.500
790.710	3929.500
790.916	3851.500
791.122	3918.500
791.329	3921.500
791.535	3888.500
791.741	3883.500
791.947	3789.500
792.153	3805.500
792.359	3762.500
792.565	3763.500
792.771	3856.500
792.978	3853.500
793.184	3836.500
793.390	3807.500
793.596	3841.500
793.802	3806.500
794.008	3785.500
794.214	3729.500
794.421	3743.500
794.627	3790.500
794.833	3694.500
795.039	3640.500
795.245	3714.500
795.451	3696.500
795.657	3651.500
795.864	3728.500
796.070	3724.500
796.276	3728.500
796.482	3670.500
796.688	3702.500
796.894	3685.500
797.100	3702.500
797.307	3652.500
797.513	3634.500
797.719	3637.500
797.925	3654.500
798.131	3617.500
798.337	3554.500
798.543	3631.500
798.749	3609.500
798.956	3564.500
799.162	3594.500
799.368	3641.500
799.574	3590.500
799.780	3487.500
799.986	3489.500
800.192	3509.500
800.399	3499.500
800.605	3504.500
800.811	3528.500
801.017	3494.500
801.223	3400.500
801.429	3386.500
801.635	3338.500
801.842	3348.500
802.048	3344.500
802.254	3388.500
802.460	3480.500
802.666	3450.500
802.872	3358.500
803.078	3366.500
803.285	3376.500
803.491	3317.500
803.697	3318.500
803.903	3354.500
804.109	3327.500
804.315	3355.500
804.521	3330.500
804.727	3260.500
804.934	3325.500
805.140	3346.500
805.346	3338.500
805.552	3385.500
805.758	3405.500
805.964	3215.500
806.170	3130.500
806.377	3269.500
806.583	3292.500
806.789	3321.500
806.995	3399.500
807.201	3311.500
807.407	3328.500
807.613	3284.500
807.820	3196.500
808.026	3204.500
808.232	3154.500
808.438	3129.500
808.644	3117.500
808.850	3108.500
809.056	3159.500
809.262	3143.500
809.469	3103.500
809.675	3146.500
809.881	3130.500
810.087	2998.500
810.293	2992.500
810.499	3025.500
810.705	2952.500
810.912	2969.500
811.118	3104.500
811.324	3014.500
811.530	2921.500
811.739	2922.500
811.947	2907.500
812.156	2831.500
812.365	2780.500
812.573	2784.500
812.782	2777.500
812.990	2695.500
813.199	2667.500
813.408	2685.500
813.616	2657.500
813.825	2578.500
814.034	2562.500
814.242	2531.500
814.451	2475.500
814.659	2526.500
814.868	2446.500
815.077	2382.500
815.285	2352.500
815.494	2333.500
815.703	2293.500
815.911	2301.500
816.120	2329.500
816.329	2368.500
816.537	2260.500
816.746	2262.500
816.954	2282.500
817.163	2233.500
817.372	2178.500
817.580	2212.500
817.789	2230.500
817.998	2262.500
818.206	2265.500
818.415	2193.500
818.624	2220.500
818.832	2237.500
819.041	2282.500
819.249	2314.500
819.458	2322.500
819.667	2375.500
819.875	2368.500
820.084	2427.500
820.293	2461.500
820.501	2434.500
820.710	2382.500
820.919	2418.500
821.127	2464.500
821.336	2357.500
821.544	2172.500
821.753	2099.500
821.962	2068.500
822.170	2156.500
822.379	2157.500
822.588	2137.500
822.796	2172.500
823.005	2199.500
823.213	2168.500
823.422	2194.500
823.631	2247.500
823.839	2236.500
824.048	2253.500
824.257	2258.500
824.465	2253.500
824.674	2282.500
824.883	2330.500
825.091	2345.500
825.300	2306.500
825.508	2334.500
825.717	2353.500
825.926	2310.500
826.134	2365.500
826.343	2396.500
826.552	2373.500
826.760	2304.500
826.969	2239.500
827.178	2181.500
827.386	2232.500
827.595	2236.500
827.803	2255.500
828.012	2199.500
828.221	2168.500
828.429	2210.500
828.638	2186.500
828.847	2209.500
829.055	2238.500
829.264	2261.500
829.472	2233.500
829.681	2193.500
829.890	2203.500
830.098	2210.500
830.307	2133.500
830.516	2132.500
830.724	2191.500
830.933	2190.500
831.142	2163.500
831.350	2141.500
831.559	2133.500
831.767	2139.500
831.976	2119.500
832.185	2107.500
832.393	2155.500
832.602	2160.500
832.811	2139.500
833.019	2182.500
833.228	2187.500
833.437	2088.500
833.645	2095.500
833.854	2104.500
834.062	2086.500
834.271	2184.500
834.480	2160.500
834.688	2139.500
834.897	2207.500
835.106	2207.500
835.314	2215.500
835.523	2199.500
835.731	2149.500
835.940	2174.500
836.149	2176.500
836.357	2134.500
836.566	2155.500
836.775	2230.500
836.983	2207.500
837.192	2221.500
837.401	2268.500
837.609	2185.500
837.818	2061.500
838.026	2110.500
838.235	2139.500
838.444	2133.500
838.652	2122.500
838.861	2263.500
839.070	2254.500
839.278	2174.500
839.487	2176.500
839.696	2191.500
839.904	2152.500
840.113	2145.500
840.321	2170.500
840.530	2132.500
840.739	2187.500
840.947	2206.500
841.156	2136.500
841.365	2080.500
841.573	2106.500
841.782	2153.500
841.991	2107.500
842.199	2095.500
842.408	2109.500
842.616	2082.500
842.825	2083.500
843.034	1996.500
843.242	1928.500
843.451	2027.500
843.660	2089.500
843.868	2089.500
844.077	2052.500
844.285	2093.500
844.494	2101.500
844.703	2093.500
844.911	2069.500
845.120	2027.500
845.329	2041.500
845.537	1992.500
845.746	1985.500
845.955	2006.500
846.163	1965.500
846.372	2037.500
846.580	1996.500
846.789	2038.500
846.998	2030.500
847.206	2005.500
847.415	2029.500
847.624	2002.500
847.832	1988.500
848.041	1975.500
848.250	1943.500
848.458	1992.500
848.667	2041.500
848.875	1992.500
849.084	1938.500
849.293	1879.500
849.501	1885.500
849.710	1848.500
849.919	1837.500
850.127	1846.500
850.336	1879.500
850.544	1871.500
850.753	1910.500
850.962	1860.500
851.170	1830.500
851.379	1904.500
851.588	1890.500
851.796	1871.500
852.005	1844.500
852.214	1844.500
852.422	1866.500
852.631	1832.500
852.839	1799.500
853.048	1738.500
853.257	1672.500
853.465	1582.500
853.674	1565.500
853.883	1618.500
854.091	1638.500
854.300	1706.500
854.509	1757.500
854.717	1721.500
854.926	1737.500
855.134	1694.500
855.343	1617.500
855.552	1728.500
855.760	1746.500
855.969	1698.500
856.178	1679.500
856.386	1693.500
856.595	1728.500
856.803	1707.500
857.012	1771.500
857.221	1772.500
857.429	1713.500
857.638	1769.500
857.847	1752.500
858.055	1684.500
858.264	1724.500
858.473	1743.500
858.681	1709.500
858.890	1733.500
859.098	1756.500
859.307	1718.500
859.516	1681.500
859.724	1668.500
859.933	1676.500
860.142	1668.500
860.350	1665.500
860.559	1669.500
860.768	1604.500
860.976	1628.500
861.185	1690.500
861.393	1630.500
861.602	1577.500
861.811	1589.500
862.019	1641.500
862.228	1653.500
862.437	1701.500
862.645	1698.500
862.854	1647.500
863.062	1643.500
863.271	1650.500
863.480	1632.500
863.688	1640.500
863.897	1624.500
864.106	1543.500
864.314	1548.500
864.523	1537.500
864.732	1565.500
864.940	1558.500
865.149	1447.500
865.357	1433.500
865.566	1401.500
865.775	1365.500
865.983	1361.500
866.192	1414.500
866.401	1435.500
866.609	1385.500
866.818	1431.500
867.027	1462.500
867.235	1466.500
867.444	1370.500
867.652	1364.500
867.861	1440.500
868.070	1418.500
868.278	1442.500
868.487	1466.500
868.696	1449.500
868.904	1442.500
869.113	1467.500
869.321	1428.500
869.530	1413.500
869.739	1392.500
869.947	1450.500
870.156	1444.500
870.365	1424.500
870.573	1409.500
870.782	1362.500
870.991	1308.500
871.199	1345.500
871.408	1407.500
871.616	1326.500
871.825	1275.500
872.034	1337.500
872.242	1342.500
872.451	1330.500
872.660	1333.500
872.868	1330.500
873.077	1295.500
873.286	1283.500
873.494	1292.500
873.703	1320.500
873.911	1271.500
874.120	1264.500
874.329	1291.500
874.537	1269.500
874.746	1286.500
874.955	1306.500
875.163	1247.500
875.372	1243.500
875.581	1231.500
875.789	1202.500
875.998	1224.500
876.206	1207.500
876.415	1249.500
876.624	1241.500
876.832	1253.500
877.041	1244.500
877.250	1248.500
877.458	1209.500
877.667	1251.500
877.875	1240.500
878.084	1210.500
878.293	1195.500
878.501	1191.500
878.710	1205.500
878.919	1222.500
879.127	1205.500
879.336	1131.500
879.545	1125.500
879.753	1149.500
879.962	1190.500
880.170	1152.500
880.379	1135.500
880.588	1212.500
880.796	1206.500
881.005	1184.500
881.214	1143.500
881.422	1048.500
881.631	1078.500
881.840	1112.500
882.048	1131.500
882.257	1169.500
882.465	1177.500
882.674	1143.500
882.883	1128.500
883.091	1140.500
883.300	1138.500
883.509	1103.500
883.717	1122.500
883.926	1143.500
884.134	1115.500
884.343	1117.500
884.552	1120.500
884.760	1106.500
884.969	1094.500
885.178	1076.500
885.386	1059.500
885.595	1058.500
885.804	1057.500
886.012	1066.500
886.221	1059.500
886.429	1071.500
886.638	1064.500
886.847	1042.500
887.055	1060.500
887.264	1057.500
887.473	1049.500
887.681	1069.500
887.890	1065.500
888.099	1011.500
888.307	1004.500
888.516	1033.500
888.724	1073.500
888.933	1032.500
889.142	1010.500
889.350	1038.500
889.559	1023.500
889.768	980.500
889.976	1023.500
890.185	991.500
890.393	1012.500
890.602	954.500
890.811	925.500
891.019	933.500
891.228	961.500
891.437	962.500
891.645	913.500
891.854	941.500
892.063	984.500
892.271	980.500
892.480	973.500
892.688	971.500
892.897	981.500
893.106	953.500
893.314	919.500
893.523	919.500
893.732	883.500
893.940	842.500
894.149	838.500
894.358	873.500
894.566	856.500
894.775	850.500
894.983	882.500
895.192	860.500
895.401	835.500
895.609	830.500
895.818	774.500
896.027	748.500
896.235	772.500
896.444	815.500
896.652	792.500
896.861	782.500
897.070	759.500
897.278	766.500
897.487	727.500
897.696	708.500
897.904	702.500
898.113	676.500
898.322	683.500
898.530	722.500
898.739	718.500
898.947	680.500
899.156	738.500
899.365	739.500
899.573	676.500
899.782	683.500
899.991	643.500
900.199	613.500
900.408	651.500
900.617	675.500
900.825	652.500
901.034	647.500
901.242	664.500
901.451	642.500
901.660	647.500
901.868	693.500
902.077	641.500
902.286	665.500
902.494	709.500
902.703	745.500
902.911	792.500
903.120	785.500
903.329	725.500
903.537	720.500
903.746	745.500
903.955	781.500
904.163	798.500
904.372	771.500
904.581	732.500
904.789	758.500
904.998	784.500
905.206	823.500
905.415	821.500
905.624	779.500
905.832	733.500
906.041	728.500
906.250	733.500
906.458	706.500
906.667	673.500
906.876	663.500
907.084	631.500
907.293	599.500
907.501	626.500
907.710	616.500
907.919	622.500
908.127	608.500
908.336	628.500
908.545	610.500
908.753	617.500
908.962	649.500
909.170	672.500
909.379	627.500
909.588	602.500
909.796	601.500
910.005	599.500
910.214	593.500
910.422	602.500
910.631	607.500
910.840	621.500
911.048	661.500
911.257	642.500
911.465	648.500
911.674	660.500
911.883	649.500
912.091	616.500
912.300	586.500
912.508	553.500
912.716	552.500
912.924	538.500
913.132	555.500
913.340	533.500
913.549	564.500
913.757	587.500
913.965	573.500
914.173	560.500
914.381	530.500
914.589	505.500
914.797	535.500
915.005	569.500
915.213	584.500
915.421	527.500
915.629	543.500
915.838	514.500
916.046	482.500
916.254	534.500
916.462	567.500
916.670	527.500
916.878	527.500
917.086	524.500
917.294	510.500
917.502	556.500
917.710	554.500
917.919	558.500
918.127	566.500
918.335	607.500
918.543	550.500
918.751	590.500
918.959	611.500
919.167	627.500
919.375	621.500
919.583	571.500
919.791	574.500
919.999	564.500
920.208	565.500
920.416	555.500
920.624	564.500
920.832	567.500
921.040	549.500
921.248	576.500
921.456	509.500
921.664	533.500
921.872	570.500
922.080	537.500
922.288	553.500
922.497	592.500
922.705	589.500
922.913	603.500
923.121	517.500
923.329	497.500
923.537	506.500
923.745	510.500
923.953	439.500
924.161	454.500
924.369	496.500
924.578	505.500
924.786	506.500
924.994	498.500
925.202	528.500
925.410	544.500
925.618	513.500
925.826	525.500
926.034	517.500
926.242	490.500
926.450	467.500
926.658	441.500
926.867	445.500
927.075	450.500
927.283	432.500
927.491	445.500
927.699	435.500
927.907	452.500
928.115	422.500
928.323	379.500
928.531	401.500
928.739	404.500
928.947	355.500
929.156	351.500
929.364	321.500
929.572	281.500
929.780	286.500
929.988	297.500
930.196	301.500
930.404	336.500
930.612	308.500
930.820	295.500
931.028	283.500
931.236	223.500
931.445	202.500
931.653	206.500
931.861	197.500
932.069	167.500
932.277	237.500
932.485	224.500
932.693	157.500
932.901	155.500
933.109	168.500
933.317	148.500
933.526	172.500
933.734	179.500
933.942	158.500
934.150	180.500
934.358	197.500
934.566	183.500
934.774	183.500
934.982	161.500
935.190	138.500
935.398	148.500
935.606	138.500
935.815	127.500
936.023	149.500
936.231	140.500
936.439	119.500
936.647	107.500
936.855	113.500
937.063	91.500
937.271	106.500
937.479	157.500
937.687	180.500
937.895	193.500
938.104	181.500
938.312	162.500
938.520	180.500
938.728	169.500
938.936	200.500
939.144	200.500
939.352	186.500
939.560	170.500
939.768	174.500
939.976	159.500
940.185	181.500
940.393	186.500
940.601	171.500
940.809	162.500
941.017	163.500
941.225	144.500
941.433	178.500
941.641	165.500
941.849	148.500
942.057	145.500
942.265	153.500
942.474	149.500
942.682	162.500
942.890	159.500
943.098	153.500
943.306	156.500
943.514	178.500
943.722	142.500
943.930	182.500
944.138	199.500
944.346	142.500
944.554	148.500
944.763	148.500
944.971	154.500
945.179	171.500
945.387	151.500
945.595	131.500
945.803	133.500
946.011	130.500
946.219	199.500
946.427	169.500
946.635	139.500
946.843	153.500
947.052	152.500
947.260	132.500
947.468	119.500
947.676	123.500
947.884	155.500
948.092	164.500
948.300	144.500
948.508	132.500
948.716	149.500
948.924	154.500
949.133	135.500
949.341	153.500
949.549	169.500
949.757	143.500
949.965	138.500
950.173	184.500
950.381	179.500
950.589	164.500
950.797	137.500
951.005	103.500
951.213	96.500
951.422	126.500
951.630	91.500
951.838	92.500
952.046	95.500
952.254	139.500
952.462	157.500
952.670	183.500
952.878	168.500
953.086	165.500
953.294	157.500
953.502	150.500
953.711	137.500
953.919	126.500
954.127	120.500
954.335	113.500
954.543	126.500
954.751	150.500
954.959	200.500
955.167	192.500
955.375	157.500
955.583	116.500
955.792	107.500
956.000	142.500
956.208	147.500
956.416	162.500
956.624	172.500
956.832	191.500
957.040	165.500
957.248	156.500
957.456	170.500
957.664	162.500
957.872	126.500
958.081	121.500
958.289	140.500
958.497	153.500
958.705	150.500
958.913	160.500
959.121	103.500
959.329	81.500
959.537	142.500
959.745	132.500
959.953	131.500
960.161	168.500
960.370	165.500
960.578	158.500
960.786	156.500
960.994	160.500
961.202	137.500
961.410	126.500
961.618	132.500
961.826	149.500
962.034	179.500
962.242	220.500
962.451	188.500
962.659	182.500
962.867	176.500
963.075	121.500
963.283	159.500
963.491	152.500
963.699	127.500
963.907	147.500
964.115	165.500
964.323	158.500
964.531	160.500
964.740	160.500
964.948	168.500
965.156	157.500
965.364	109.500
965.572	127.500
965.780	173.500
965.999	140.500
966.218	122.500
966.438	175.500
966.657	178.500
966.876	157.500
967.095	184.500
967.315	178.500
967.534	168.500
967.753	209.500
967.972	227.500
968.192	206.500
968.411	176.500
968.630	159.500
968.849	189.500
969.068	188.500
969.288	169.500
969.507	201.500
969.726	167.500
969.945	147.500
970.165	145.500
970.384	149.500
970.603	208.500
970.822	240.500
971.042	196.500
971.261	187.500
971.480	191.500
971.699	164.500
971.919	181.500
972.138	148.500
972.357	164.500
972.576	158.500
972.795	137.500
973.015	206.500
973.234	180.500
973.453	150.500
973.672	151.500
973.892	149.500
974.111	146.500
974.330	130.500
974.549	169.500
974.769	153.500
974.988	139.500
975.207	188.500
975.426	211.500
975.646	152.500
975.865	110.500
976.084	119.500
976.303	120.500
976.522	108.500
976.742	151.500
976.961	148.500
977.180	167.500
977.399	151.500
977.619	141.500
977.838	173.500
978.057	156.500
978.276	134.500
978.496	151.500
978.715	166.500
978.934	154.500
979.153	136.500
979.372	140.500
979.592	139.500
979.811	130.500
980.030	136.500
980.249	173.500
980.469	166.500
980.688	97.500
980.907	117.500
981.126	146.500
981.346	133.500
981.565	146.500
981.784	175.500
982.003	168.500
982.223	153.500
982.442	147.500
982.661	125.500
982.880	138.500
983.099	154.500
983.319	137.500
983.538	140.500
983.757	154.500
983.976	141.500
984.196	137.500
984.415	139.500
984.634	133.500
984.853	122.500
985.073	117.500
985.292	131.500
985.511	151.500
985.730	173.500
985.949	143.500
986.169	97.500
986.388	121.500
986.607	129.500
986.826	139.500
987.046	140.500
987.265	148.500
987.484	149.500
987.703	143.500
987.923	111.500
988.142	137.500
988.361	123.500
988.580	127.500
988.800	125.500
989.019	118.500
989.238	122.500
989.457	133.500
989.676	136.500
989.896	122.500
990.115	109.500
990.334	126.500
990.553	115.500
990.773	98.500
990.992	96.500
991.211	98.500
991.430	127.500
991.650	128.500
991.869	120.500
992.088	109.500
992.307	104.500
992.527	107.500
992.746	144.500
992.965	119.500
993.184	103.500
993.403	137.500
993.623	102.500
993.842	90.500
994.061	95.500
994.280	82.500
994.500	109.500
994.719	80.500
994.938	101.500
995.157	86.500
995.377	79.500
995.596	140.500
995.815	135.500
996.034	150.500
996.253	170.500
996.473	141.500
996.692	110.500
996.911	111.500
997.130	76.500
997.350	77.500
997.569	121.500
997.788	122.500
998.007	138.500
998.227	135.500
998.446	142.500
998.665	117.500
998.884	117.500
999.104	89.500
999.323	77.500
999.542	82.500
999.761	140.500
999.980	136.500
1000.200	87.500
1000.419	123.500
1000.638	116.500
1000.857	75.500
1001.077	93.500
1001.296	106.500
1001.515	77.500
1001.734	117.500
1001.954	125.500
1002.173	105.500
1002.392	102.500
1002.611	92.500
1002.830	76.500
1003.050	94.500
1003.269	101.500
1003.488	83.500
1003.707	63.500
1003.927	70.500
1004.146	106.500
1004.365	121.500
1004.584	68.500
1004.804	97.500
1005.023	95.500
1005.242	50.500
1005.461	89.500
1005.681	105.500
1005.900	98.500
1006.119	99.500
1006.338	46.500
1006.557	118.500
1006.777	163.500
1006.996	109.500
1007.215	87.500
1007.434	83.500
1007.654	72.500
1007.873	42.500
1008.092	62.500
1008.311	112.500
1008.531	120.500
1008.750	121.500
1008.969	44.500
1009.188	40.500
1009.407	65.500
1009.627	38.500
1009.846	44.500
1010.065	55.500
1010.284	58.500
1010.504	83.500
1010.723	95.500
1010.942	85.500
1011.161	52.500
1011.381	56.500
1011.600	54.500
1011.819	69.500
1012.038	59.500
1012.258	83.500
1012.477	53.500
1012.696	36.500
1012.915	69.500
1013.134	70.500
1013.354	67.500
1013.573	59.500
1013.792	91.500
1014.011	61.500
1014.231	35.500
1014.450	76.500
1014.669	79.500
1014.888	60.500
1015.108	47.500
1015.327	87.500
1015.546	58.500
1015.765	50.500
1015.984	73.500
1016.204	59.500
1016.423	34.500
1016.642	57.500
1016.861	57.500
1017.081	98.500
1017.300	105.500
1017.519	73.500
