296.912	22.000
297.101	39.000
297.290	5.000
297.479	-3.000
297.668	-57.000
297.858	-1.000
298.047	32.000
298.236	-7.000
298.425	-18.000
298.614	44.000
298.803	45.000
298.992	9.000
299.181	27.000
299.370	40.000
299.559	3.000
299.748	45.000
299.937	54.000
300.126	54.000
300.315	24.000
300.504	31.000
300.693	21.000
300.882	46.000
301.071	-20.000
301.260	-5.000
301.449	52.000
301.638	47.000
301.827	63.000
302.016	76.000
302.205	-16.000
302.395	34.000
302.584	18.000
302.773	-76.000
302.962	-3.000
303.151	51.000
303.340	8.000
303.529	12.000
303.718	18.000
303.907	11.000
304.096	15.000
304.285	12.000
304.474	7.000
304.663	38.000
304.852	60.000
305.041	13.000
305.230	19.000
305.419	-10.000
305.608	58.000
305.797	41.000
305.986	48.000
306.175	37.000
306.364	7.000
306.553	-17.000
306.743	2.000
306.932	18.000
307.121	31.000
307.310	9.000
307.499	-10.000
307.688	-10.000
307.877	-29.000
308.066	0.000
308.255	-26.000
308.444	3.000
308.633	18.000
308.822	8.000
309.011	28.000
309.200	8.000
309.389	12.000
309.578	-6.000
309.767	3.000
309.956	20.000
310.145	-22.000
310.334	13.000
310.523	60.000
310.712	27.000
310.901	-14.000
311.091	4.000
311.280	-12.000
311.469	16.000
311.658	8.000
311.847	37.000
312.036	5.000
312.225	74.000
312.414	-19.000
312.603	9.000
312.792	-30.000
312.981	23.000
313.170	54.000
313.349	31.000
313.527	-29.000
313.706	25.000
313.884	36.000
314.063	12.000
314.241	-22.000
314.420	-3.000
314.598	48.000
314.777	88.000
314.955	37.000
315.134	13.000
315.312	47.000
315.491	18.000
315.669	12.000
315.848	33.000
316.027	52.000
316.205	9.000
316.384	36.000
316.562	59.000
316.741	10.000
316.919	70.000
317.098	4.000
317.276	-64.000
317.455	17.000
317.633	69.000
317.812	11.000
317.990	33.000
318.169	47.000
318.347	-19.000
318.526	-22.000
318.705	-28.000
318.883	-20.000
319.062	43.000
319.240	61.000
319.419	-5.000
319.597	18.000
319.776	33.000
319.954	37.000
320.133	34.000
320.311	-20.000
320.490	1.000
320.668	-1.000
320.847	18.000
321.025	-4.000
321.204	58.000
321.382	52.000
321.561	-4.000
321.740	20.000
321.918	4.000
322.097	-9.000
322.275	30.000
322.454	11.000
322.632	35.000
322.811	14.000
322.989	34.000
323.168	-1.000
323.346	54.000
323.525	47.000
323.703	10.000
323.882	-5.000
324.060	-9.000
324.239	8.000
324.418	59.000
324.596	22.000
324.775	-24.000
324.953	22.000
325.132	14.000
325.310	15.000
325.489	13.000
325.667	-9.000
325.846	-16.000
326.024	4.000
326.203	21.000
326.381	6.000
326.560	31.000
326.738	20.000
326.917	102.000
327.096	43.000
327.274	15.000
327.453	-22.000
327.631	14.000
327.810	51.000
327.988	93.000
328.167	12.000
328.345	-7.000
328.524	-8.000
328.702	-4.000
328.881	36.000
329.059	39.000
329.238	29.000
329.416	27.000
329.595	70.000
329.774	22.000
329.952	12.000
330.131	47.000
330.309	-22.000
330.488	-30.000
330.666	-44.000
330.845	-31.000
331.023	-17.000
331.202	0.000
331.380	36.000
331.559	2.000
331.737	46.000
331.916	40.000
332.094	51.000
332.273	45.000
332.452	18.000
332.630	25.000
332.809	17.000
332.987	21.000
333.166	34.000
333.344	44.000
333.523	32.000
333.701	25.000
333.880	25.000
334.058	24.000
334.237	13.000
334.415	51.000
334.594	45.000
334.772	40.000
334.951	70.000
335.129	18.000
335.308	7.000
335.487	34.000
335.665	53.000
335.844	11.000
336.022	-15.000
336.201	17.000
336.379	11.000
336.558	14.000
336.736	7.000
336.915	12.000
337.093	14.000
337.272	22.000
337.450	63.000
337.629	63.000
337.807	29.000
337.986	-16.000
338.165	26.000
338.343	24.000
338.522	47.000
338.700	82.000
338.879	52.000
339.057	27.000
339.236	25.000
339.414	-6.000
339.593	67.000
339.771	27.000
339.950	42.000
340.128	27.000
340.307	3.000
340.485	2.000
340.664	17.000
340.843	29.000
341.021	48.000
341.200	19.000
341.378	14.000
341.557	-19.000
341.735	36.000
341.914	76.000
342.092	121.000
342.271	66.000
342.449	56.000
342.628	1.000
342.806	-31.000
342.985	1.000
343.163	-1.000
343.342	34.000
343.521	45.000
343.699	46.000
343.878	65.000
344.056	77.000
344.235	7.000
344.413	12.000
344.592	40.000
344.770	-29.000
344.949	-1.000
345.127	35.000
345.306	50.000
345.484	37.000
345.663	18.000
345.841	34.000
346.020	53.000
346.199	73.000
346.377	48.000
346.556	27.000
346.734	2.000
346.913	31.000
347.091	16.000
347.270	56.000
347.448	13.000
347.627	25.000
347.805	50.000
347.984	20.000
348.162	51.000
348.341	9.000
348.519	56.000
348.698	60.000
348.876	89.000
349.055	20.000
349.234	36.000
349.412	3.000
349.591	30.000
349.769	47.000
349.948	20.000
350.126	16.000
350.305	89.000
350.483	115.000
350.662	19.000
350.840	52.000
351.019	99.000
351.197	40.000
351.376	42.000
351.554	48.000
351.733	35.000
351.912	23.000
352.090	53.000
352.269	67.000
352.447	94.000
352.626	24.000
352.804	25.000
352.983	27.000
353.161	21.000
353.340	63.000
353.518	-23.000
353.697	-17.000
353.875	67.000
354.054	59.000
354.232	94.000
354.411	25.000
354.590	21.000
354.768	79.000
354.947	76.000
355.125	11.000
355.304	-14.000
355.482	57.000
355.661	54.000
355.839	62.000
356.018	20.000
356.196	11.000
356.375	44.000
356.553	19.000
356.732	23.000
356.910	66.000
357.089	15.000
357.268	78.000
357.446	28.000
357.625	56.000
357.803	88.000
357.982	22.000
358.160	-6.000
358.339	8.000
358.517	44.000
358.696	10.000
358.874	0.000
359.053	56.000
359.231	67.000
359.410	96.000
359.588	64.000
359.767	91.000
359.945	51.000
360.124	58.000
360.303	45.000
360.481	20.000
360.660	44.000
360.838	67.000
361.017	51.000
361.195	48.000
361.374	42.000
361.552	24.000
361.731	15.000
361.909	31.000
362.088	18.000
362.266	0.000
362.445	47.000
362.623	48.000
362.802	84.000
362.981	58.000
363.159	85.000
363.338	45.000
363.516	4.000
363.695	34.000
363.873	48.000
364.052	62.000
364.230	36.000
364.409	50.000
364.587	56.000
364.766	41.000
364.944	44.000
365.123	50.000
365.301	29.000
365.480	60.000
365.660	37.000
365.839	18.000
366.019	15.000
366.199	87.000
366.379	54.000
366.558	48.000
366.738	72.000
366.918	65.000
367.098	20.000
367.277	45.000
367.457	54.000
367.637	71.000
367.816	102.000
367.996	87.000
368.176	48.000
368.356	50.000
368.535	65.000
368.715	44.000
368.895	9.000
369.075	59.000
369.254	33.000
369.434	56.000
369.614	49.000
369.793	61.000
369.973	50.000
370.153	31.000
370.333	70.000
370.512	21.000
370.692	52.000
370.872	12.000
371.051	57.000
371.231	1.000
371.411	14.000
371.591	51.000
371.770	87.000
371.950	60.000
372.130	-10.000
372.310	8.000
372.489	-28.000
372.669	22.000
372.849	77.000
373.028	40.000
373.208	34.000
373.388	65.000
373.568	67.000
373.747	14.000
373.927	54.000
374.107	76.000
374.287	68.000
374.466	26.000
374.646	27.000
374.826	31.000
375.005	18.000
375.185	76.000
375.365	43.000
375.545	25.000
375.724	80.000
375.904	52.000
376.084	19.000
376.263	26.000
376.443	53.000
376.623	29.000
376.803	68.000
376.982	58.000
377.162	51.000
377.342	-20.000
377.522	75.000
377.701	90.000
377.881	46.000
378.061	75.000
378.240	42.000
378.420	35.000
378.600	39.000
378.780	107.000
378.959	68.000
379.139	55.000
379.319	59.000
379.499	76.000
379.678	39.000
379.858	46.000
380.038	27.000
380.217	7.000
380.397	77.000
380.577	54.000
380.757	17.000
380.936	33.000
381.116	45.000
381.296	0.000
381.476	-16.000
381.655	30.000
381.835	83.000
382.015	24.000
382.194	78.000
382.374	17.000
382.554	58.000
382.734	66.000
382.913	95.000
383.093	34.000
383.273	36.000
383.452	74.000
383.632	52.000
383.812	77.000
383.992	83.000
384.171	29.000
384.351	36.000
384.531	31.000
384.711	69.000
384.890	50.000
385.070	64.000
385.250	109.000
385.429	61.000
385.609	44.000
385.789	94.000
385.969	52.000
386.148	60.000
386.328	73.000
386.508	34.000
386.688	12.000
386.867	69.000
387.047	70.000
387.227	61.000
387.406	52.000
387.586	35.000
387.766	50.000
387.946	45.000
388.125	55.000
388.305	24.000
388.485	18.000
388.664	60.000
388.844	52.000
389.024	23.000
389.204	50.000
389.383	34.000
389.563	58.000
389.743	31.000
389.923	22.000
390.102	-27.000
390.282	12.000
390.462	41.000
390.641	6.000
390.821	9.000
391.001	6.000
391.181	68.000
391.360	24.000
391.540	71.000
391.720	62.000
391.900	29.000
392.079	57.000
392.259	66.000
392.439	79.000
392.618	27.000
392.798	10.000
392.978	50.000
393.158	53.000
393.337	40.000
393.517	57.000
393.697	21.000
393.877	49.000
394.056	67.000
394.236	41.000
394.416	85.000
394.595	77.000
394.775	57.000
394.955	38.000
395.135	46.000
395.314	19.000
395.494	68.000
395.674	78.000
395.853	3.000
396.033	24.000
396.213	87.000
396.393	87.000
396.572	14.000
396.752	55.000
396.932	54.000
397.112	62.000
397.291	80.000
397.471	32.000
397.651	113.000
397.830	112.000
398.010	90.000
398.190	91.000
398.370	23.000
398.549	14.000
398.729	48.000
398.909	66.000
399.089	73.000
399.268	83.000
399.448	96.000
399.628	59.000
399.807	57.000
399.987	74.000
400.167	48.000
400.347	68.000
400.526	63.000
400.706	29.000
400.886	19.000
401.065	74.000
401.245	107.000
401.425	110.000
401.605	17.000
401.784	24.000
401.964	40.000
402.144	20.000
402.324	95.000
402.503	36.000
402.683	114.000
402.863	127.000
403.042	84.000
403.222	81.000
403.402	38.000
403.582	44.000
403.761	54.000
403.941	70.000
404.121	77.000
404.301	64.000
404.480	93.000
404.660	53.000
404.844	95.000
405.029	57.000
405.213	66.000
405.398	101.000
405.582	28.000
405.767	88.000
405.951	105.000
406.136	84.000
406.320	104.000
406.505	70.000
406.689	136.000
406.874	39.000
407.058	121.000
407.243	100.000
407.427	91.000
407.612	63.000
407.796	90.000
407.981	83.000
408.165	78.000
408.350	63.000
408.534	93.000
408.719	107.000
408.903	90.000
409.088	71.000
409.272	68.000
409.457	108.000
409.641	127.000
409.826	85.000
410.010	82.000
410.195	124.000
410.379	135.000
410.564	78.000
410.748	111.000
410.933	76.000
411.117	73.000
411.302	177.000
411.486	103.000
411.671	111.000
411.855	122.000
412.040	82.000
412.224	58.000
412.409	129.000
412.593	24.000
412.778	75.000
412.962	69.000
413.147	67.000
413.331	76.000
413.516	117.000
413.700	74.000
413.885	105.000
414.069	85.000
414.254	129.000
414.438	84.000
414.623	96.000
414.807	122.000
414.992	163.000
415.176	97.000
415.361	105.000
415.545	119.000
415.730	140.000
415.914	120.000
416.099	193.000
416.283	184.000
416.468	193.000
416.652	222.000
416.837	209.000
417.021	212.000
417.206	209.000
417.390	186.000
417.575	220.000
417.759	151.000
417.944	252.000
418.128	197.000
418.313	210.000
418.497	268.000
418.682	254.000
418.866	293.000
419.051	268.000
419.235	267.000
419.420	291.000
419.604	275.000
419.789	244.000
419.973	237.000
420.158	372.000
420.342	344.000
420.527	362.000
420.711	376.000
420.896	350.000
421.080	391.000
421.265	399.000
421.449	429.000
421.634	398.000
421.818	428.000
422.003	437.000
422.187	448.000
422.372	491.000
422.556	503.000
422.741	480.000
422.925	496.000
423.110	522.000
423.294	556.000
423.479	603.000
423.663	594.000
423.848	638.000
424.032	584.000
424.217	671.000
424.401	666.000
424.586	682.000
424.770	703.000
424.955	715.000
425.139	719.000
425.324	812.000
425.508	779.000
425.693	860.000
425.877	901.000
426.062	878.000
426.246	942.000
426.431	1042.000
426.615	955.000
426.800	1008.000
426.984	999.000
427.169	1054.000
427.353	1091.000
427.538	1102.000
427.722	1157.000
427.907	1184.000
428.091	1245.000
428.276	1270.000
428.460	1355.000
428.645	1353.000
428.829	1338.000
429.014	1392.000
429.198	1418.000
429.383	1575.000
429.567	1538.000
429.752	1532.000
429.936	1674.000
430.121	1651.000
430.305	1658.000
430.490	1688.000
430.674	1757.000
430.859	1739.000
431.043	1897.000
431.228	1922.000
431.412	2050.000
431.597	2004.000
431.781	2071.000
431.966	2088.000
432.150	2102.000
432.335	2202.000
432.519	2210.000
432.704	2337.000
432.888	2408.000
433.073	2411.000
433.257	2486.000
433.442	2385.000
433.626	2544.000
433.811	2590.000
433.995	2698.000
434.180	2625.000
434.364	2735.000
434.549	2784.000
434.733	2864.000
434.918	2893.000
435.102	3051.000
435.287	3020.000
435.471	2982.000
435.656	3169.000
435.840	3287.000
436.030	3200.000
436.219	3371.000
436.409	3400.000
436.599	3506.000
436.789	3589.000
436.978	3713.000
437.168	3789.000
437.358	3742.000
437.548	3892.000
437.737	3935.000
437.927	3987.000
438.117	4174.000
438.306	4192.000
438.496	4453.000
438.686	4486.000
438.876	4516.000
439.065	4652.000
439.255	4780.000
439.445	4864.000
439.634	5043.000
439.824	5164.000
440.014	5320.000
440.204	5263.000
440.393	5458.000
440.583	5635.000
440.773	5741.000
440.963	5858.000
441.152	5989.000
441.342	6293.000
441.532	6492.000
441.721	6522.000
441.911	6713.000
442.101	6918.000
442.291	7244.000
442.480	7340.000
442.670	7522.000
442.860	7666.000
443.050	7846.000
443.239	7978.000
443.429	8391.000
443.619	8507.000
443.808	8856.000
443.998	8960.000
444.188	9334.000
444.378	9517.000
444.567	9763.000
444.757	10021.000
444.947	10282.000
445.137	10548.000
445.326	10776.000
445.516	11193.000
445.706	11411.000
445.895	11772.000
446.085	11909.000
446.275	12033.000
446.465	12416.000
446.654	12668.000
446.844	12852.000
447.034	13185.000
447.223	13420.000
447.413	13627.000
447.603	13787.000
447.793	14245.000
447.982	14596.000
448.172	14637.000
448.362	15012.000
448.552	14921.000
448.741	15252.000
448.931	15451.000
449.121	15353.000
449.310	15699.000
449.500	15775.000
449.690	15924.000
449.880	15884.000
450.069	15940.000
450.259	16115.000
450.449	16200.000
450.639	16096.000
450.828	16204.000
451.018	16305.000
451.208	16299.000
451.397	16288.000
451.587	16007.000
451.777	15870.000
451.967	15885.000
452.156	15847.000
452.346	15585.000
452.536	15573.000
452.725	15394.000
452.915	14997.000
453.105	15000.000
453.295	14689.000
453.484	14460.000
453.674	14412.000
453.864	14228.000
454.054	13780.000
454.243	13604.000
454.433	13387.000
454.623	12986.000
454.812	13019.000
455.002	12651.000
455.192	12330.000
455.382	12197.000
455.571	11871.000
455.761	11483.000
455.951	11256.000
456.141	11002.000
456.330	10682.000
456.520	10620.000
456.710	10318.000
456.899	10094.000
457.089	9844.000
457.279	9518.000
457.469	9241.000
457.658	9154.000
457.848	8856.000
458.038	8509.000
458.228	8460.000
458.417	8229.000
458.607	7978.000
458.797	7969.000
458.986	7760.000
459.176	7521.000
459.366	7335.000
459.556	7123.000
459.745	7169.000
459.935	7049.000
460.125	6811.000
460.314	6640.000
460.504	6608.000
460.694	6443.000
460.884	6442.000
461.073	6439.000
461.263	6141.000
461.453	6101.000
461.643	6076.000
461.832	5879.000
462.022	5823.000
462.212	5782.000
462.401	5584.000
462.591	5801.000
462.781	5579.000
462.971	5592.000
463.160	5439.000
463.350	5443.000
463.540	5287.000
463.730	5217.000
463.919	5260.000
464.109	5176.000
464.299	5127.000
464.488	5061.000
464.678	5092.000
464.868	4938.000
465.058	4980.000
465.247	4933.000
465.437	4958.000
465.627	4719.000
465.816	4756.000
466.006	4687.000
466.196	4612.000
466.386	4688.000
466.575	4761.000
466.765	4478.000
466.955	4502.000
467.145	4522.000
467.334	4350.000
467.524	4314.000
467.714	4297.000
467.903	4167.000
468.093	4064.000
468.283	4075.000
468.473	4046.000
468.662	3974.000
468.852	4009.000
469.042	3822.000
469.232	3812.000
469.421	3781.000
469.611	3778.000
469.801	3603.000
469.990	3604.000
470.180	3527.000
470.370	3494.000
470.560	3326.000
470.749	3325.000
470.939	3131.000
471.129	3180.000
471.318	3153.000
471.508	3097.000
471.698	3073.000
471.888	3025.000
472.077	2991.000
472.267	2820.000
472.457	2770.000
472.647	2736.000
472.836	2695.000
473.026	2728.000
473.216	2657.000
473.405	2622.000
473.595	2498.000
473.785	2520.000
473.975	2386.000
474.164	2351.000
474.354	2324.000
474.544	2340.000
474.734	2326.000
474.923	2287.000
475.113	2186.000
475.303	2186.000
475.492	2153.000
475.682	2159.000
475.872	2065.000
476.062	2093.000
476.251	2055.000
476.441	2040.000
476.631	2020.000
476.821	1930.000
477.010	1928.000
477.200	1930.000
477.390	1847.000
477.579	1901.000
477.769	1881.000
477.959	1855.000
478.149	1835.000
478.338	1771.000
478.528	1804.000
478.718	1828.000
478.907	1807.000
479.097	1850.000
479.287	1790.000
479.477	1723.000
479.666	1772.000
479.856	1677.000
480.046	1702.000
480.236	1660.000
480.425	1683.000
480.615	1772.000
480.805	1622.000
480.994	1651.000
481.184	1698.000
481.374	1744.000
481.564	1636.000
481.753	1664.000
481.943	1627.000
482.133	1597.000
482.323	1610.000
482.512	1580.000
482.702	1620.000
482.892	1614.000
483.081	1575.000
483.271	1585.000
483.461	1597.000
483.651	1619.000
483.840	1617.000
484.030	1566.000
484.220	1540.000
484.409	1525.000
484.599	1584.000
484.789	1469.000
484.979	1619.000
485.168	1543.000
485.358	1606.000
485.548	1517.000
485.738	1530.000
485.927	1484.000
486.117	1557.000
486.307	1526.000
486.496	1499.000
486.686	1483.000
486.876	1482.000
487.066	1457.000
487.255	1450.000
487.445	1437.000
487.635	1479.000
487.825	1594.000
488.014	1417.000
488.204	1506.000
488.394	1486.000
488.583	1507.000
488.773	1460.000
488.963	1531.000
489.153	1548.000
489.342	1515.000
489.532	1525.000
489.722	1477.000
489.912	1552.000
490.101	1526.000
490.291	1531.000
490.481	1564.000
490.670	1553.000
490.860	1508.000
491.050	1596.000
491.240	1639.000
491.429	1700.000
491.619	1614.000
491.809	1661.000
491.998	1626.000
492.188	1659.000
492.378	1583.000
492.568	1707.000
492.757	1734.000
492.947	1712.000
493.137	1739.000
493.327	1767.000
493.516	1764.000
493.706	1800.000
493.896	1749.000
494.085	1806.000
494.275	1809.000
494.465	1852.000
494.655	1861.000
494.844	1903.000
495.034	1925.000
495.224	1992.000
495.414	2038.000
495.603	2093.000
495.793	2025.000
495.983	2000.000
496.172	2080.000
496.362	2164.000
496.552	2143.000
496.742	2196.000
496.931	2210.000
497.121	2265.000
497.311	2268.000
497.500	2308.000
497.690	2419.000
497.880	2414.000
498.070	2411.000
498.259	2455.000
498.449	2424.000
498.639	2477.000
498.829	2527.000
499.018	2596.000
499.208	2658.000
499.398	2654.000
499.587	2725.000
499.777	2785.000
499.967	2807.000
500.157	2857.000
500.346	2807.000
500.536	2832.000
500.726	2958.000
500.916	2914.000
501.105	2999.000
501.295	3054.000
501.485	3105.000
501.674	3113.000
501.864	3127.000
502.054	3206.000
502.244	3271.000
502.433	3310.000
502.623	3253.000
502.813	3370.000
503.003	3497.000
503.192	3510.000
503.382	3487.000
503.572	3482.000
503.761	3599.000
503.951	3648.000
504.141	3588.000
504.331	3692.000
504.520	3708.000
504.710	3718.000
504.900	3885.000
505.089	3910.000
505.279	3905.000
505.469	4048.000
505.659	4168.000
505.848	4081.000
506.038	4191.000
506.228	4249.000
506.418	4191.000
506.607	4274.000
506.797	4231.000
506.987	4330.000
507.176	4384.000
507.366	4479.000
507.556	4613.000
507.746	4504.000
507.935	4603.000
508.125	4660.000
508.315	4710.000
508.505	4717.000
508.694	4837.000
508.884	4701.000
509.074	4800.000
509.263	4921.000
509.453	4730.000
509.643	4941.000
509.833	5031.000
510.022	5159.000
510.212	5144.000
510.402	5108.000
510.592	5162.000
510.781	5263.000
510.971	5207.000
511.161	5253.000
511.350	5322.000
511.540	5337.000
511.730	5439.000
511.920	5475.000
512.109	5484.000
512.299	5494.000
512.489	5507.000
512.678	5579.000
512.868	5455.000
513.058	5498.000
513.248	5717.000
513.437	5691.000
513.627	5821.000
513.817	5883.000
514.007	5852.000
514.196	5785.000
514.386	5861.000
514.576	5918.000
514.765	6008.000
514.955	5943.000
515.145	6065.000
515.335	5841.000
515.524	6069.000
515.714	6126.000
515.904	6202.000
516.094	6211.000
516.283	6272.000
516.473	6240.000
516.663	6258.000
516.852	6317.000
517.042	6250.000
517.232	6328.000
517.422	6415.000
517.611	6317.000
517.801	6517.000
517.991	6550.000
518.180	6598.000
518.370	6634.000
518.560	6512.000
518.750	6473.000
518.939	6623.000
519.129	6775.000
519.319	6813.000
519.509	6692.000
519.698	6576.000
519.888	6733.000
520.078	6808.000
520.267	6875.000
520.457	6841.000
520.647	6899.000
520.837	6972.000
521.026	7056.000
521.216	7014.000
521.406	6999.000
521.596	7021.000
521.785	6950.000
521.975	7101.000
522.165	7221.000
522.354	7153.000
522.544	7201.000
522.734	7224.000
522.924	7177.000
523.113	7251.000
523.303	7420.000
523.493	7318.000
523.683	7300.000
523.872	7366.000
524.062	7296.000
524.252	7256.000
524.441	7418.000
524.631	7580.000
524.821	7496.000
525.011	7536.000
525.200	7497.000
525.390	7527.000
525.580	7638.000
525.769	7535.000
525.959	7606.000
526.149	7598.000
526.339	7728.000
526.528	7690.000
526.718	7792.000
526.908	7812.000
527.098	7664.000
527.287	7752.000
527.477	7668.000
527.667	7797.000
527.856	7761.000
528.046	7924.000
528.236	7743.000
528.426	7883.000
528.615	7784.000
528.805	7966.000
528.995	8065.000
529.185	7975.000
529.374	8071.000
529.564	7966.000
529.754	7812.000
529.943	7866.000
530.133	7920.000
530.323	7895.000
530.513	8027.000
530.702	8075.000
530.892	7976.000
531.082	7891.000
531.271	7933.000
531.461	7940.000
531.651	7944.000
531.841	8092.000
532.030	7961.000
532.220	7906.000
532.410	7885.000
532.600	7862.000
532.789	7895.000
532.979	7974.000
533.169	7983.000
533.358	7907.000
533.548	7790.000
533.738	7790.000
533.928	7840.000
534.117	7686.000
534.307	7838.000
534.497	7875.000
534.687	7756.000
534.876	7612.000
535.066	7692.000
535.256	7812.000
535.445	7686.000
535.635	7621.000
535.825	7707.000
536.015	7676.000
536.204	7737.000
536.394	7812.000
536.584	7703.000
536.773	7679.000
536.963	7842.000
537.153	7731.000
537.343	7748.000
537.532	7820.000
537.722	7625.000
537.912	7785.000
538.102	7753.000
538.291	7678.000
538.481	7737.000
538.671	7735.000
538.860	7681.000
539.050	7639.000
539.240	7612.000
539.430	7630.000
539.619	7668.000
539.809	7710.000
539.999	7724.000
540.189	7628.000
540.378	7704.000
540.568	7714.000
540.758	7694.000
540.947	7570.000
541.137	7582.000
541.327	7699.000
541.517	7841.000
541.706	7715.000
541.896	7684.000
542.086	7532.000
542.276	7682.000
542.465	7665.000
542.655	7403.000
542.845	7639.000
543.034	7659.000
543.224	7720.000
543.414	7668.000
543.604	7672.000
543.793	7621.000
543.983	7629.000
544.173	7589.000
544.362	7496.000
544.552	7550.000
544.742	7697.000
544.932	7654.000
545.121	7553.000
545.311	7535.000
545.501	7573.000
545.691	7516.000
545.880	7614.000
546.070	7553.000
546.264	7530.000
546.459	7578.000
546.653	7589.000
546.847	7479.000
547.041	7504.000
547.236	7634.000
547.430	7515.000
547.624	7583.000
547.818	7572.000
548.013	7407.000
548.207	7538.000
548.401	7533.000
548.596	7647.000
548.790	7519.000
548.984	7443.000
549.178	7378.000
549.373	7569.000
549.567	7447.000
549.761	7485.000
549.956	7374.000
550.150	7312.000
550.344	7466.000
550.538	7607.000
550.733	7388.000
550.927	7411.000
551.121	7486.000
551.315	7363.000
551.510	7398.000
551.704	7398.000
551.898	7380.000
552.093	7403.000
552.287	7532.000
552.481	7515.000
552.675	7324.000
552.870	7390.000
553.064	7376.000
553.258	7323.000
553.453	7253.000
553.647	7377.000
553.841	7257.000
554.035	7167.000
554.230	7358.000
554.424	7321.000
554.618	7388.000
554.812	7403.000
555.007	7330.000
555.201	7220.000
555.395	7479.000
555.590	7418.000
555.784	7363.000
555.978	7332.000
556.172	7230.000
556.367	7227.000
556.561	7265.000
556.755	7351.000
556.949	7265.000
557.144	7319.000
557.338	7370.000
557.532	7384.000
557.727	7300.000
557.921	7364.000
558.115	7324.000
558.309	7412.000
558.504	7444.000
558.698	7281.000
558.892	7305.000
559.087	7353.000
559.281	7398.000
559.475	7308.000
559.669	7347.000
559.864	7448.000
560.058	7270.000
560.252	7464.000
560.446	7349.000
560.641	7420.000
560.835	7339.000
561.029	7332.000
561.224	7314.000
561.418	7173.000
561.612	7308.000
561.806	7335.000
562.001	7289.000
562.195	7359.000
562.389	7282.000
562.584	7238.000
562.778	7415.000
562.972	7199.000
563.166	7210.000
563.361	7194.000
563.555	7258.000
563.749	7391.000
563.943	7316.000
564.138	7163.000
564.332	7278.000
564.526	7345.000
564.721	7301.000
564.915	7129.000
565.109	7315.000
565.303	7397.000
565.498	7316.000
565.692	7246.000
565.886	7197.000
566.081	7273.000
566.275	7226.000
566.469	7311.000
566.663	7365.000
566.858	7162.000
567.052	7167.000
567.246	7212.000
567.440	7077.000
567.635	7104.000
567.829	7195.000
568.023	7181.000
568.218	7088.000
568.412	7126.000
568.606	7221.000
568.800	7115.000
568.995	7198.000
569.189	7162.000
569.383	7138.000
569.577	7179.000
569.772	7153.000
569.966	7048.000
570.160	7055.000
570.355	7122.000
570.549	7114.000
570.743	6995.000
570.937	7165.000
571.132	6979.000
571.326	7083.000
571.520	7048.000
571.715	7118.000
571.909	6956.000
572.103	6979.000
572.297	7039.000
572.492	6979.000
572.686	6872.000
572.880	6975.000
573.074	6864.000
573.269	6931.000
573.463	6784.000
573.657	6828.000
573.852	6837.000
574.046	6840.000
574.240	6913.000
574.434	6924.000
574.629	6865.000
574.823	6892.000
575.017	6761.000
575.212	6827.000
575.406	6764.000
575.600	6799.000
575.794	6714.000
575.989	6759.000
576.183	6746.000
576.377	6775.000
576.571	6612.000
576.766	6635.000
576.960	6710.000
577.159	6628.000
577.357	6570.000
577.556	6620.000
577.755	6738.000
577.953	6690.000
578.152	6629.000
578.350	6662.000
578.549	6764.000
578.748	6586.000
578.946	6517.000
579.145	6663.000
579.344	6510.000
579.542	6562.000
579.741	6581.000
579.940	6558.000
580.138	6615.000
580.337	6652.000
580.535	6595.000
580.734	6730.000
580.933	6670.000
581.131	6702.000
581.330	6759.000
581.529	6754.000
581.727	6726.000
581.926	6663.000
582.125	6915.000
582.323	6868.000
582.522	6939.000
582.721	7069.000
582.919	6946.000
583.118	6975.000
583.316	7042.000
583.515	7007.000
583.714	6916.000
583.912	6928.000
584.111	6995.000
584.310	6957.000
584.508	7063.000
584.707	7112.000
584.906	7111.000
585.104	7092.000
585.303	7153.000
585.501	7132.000
585.700	7029.000
585.899	7027.000
586.097	7056.000
586.296	7065.000
586.495	6938.000
586.693	7055.000
586.892	7199.000
587.091	7056.000
587.289	7001.000
587.488	7055.000
587.686	7109.000
587.885	7031.000
588.084	7126.000
588.282	6990.000
588.481	7115.000
588.680	7117.000
588.878	7155.000
589.077	7142.000
589.276	6928.000
589.474	7079.000
589.673	7152.000
589.871	6998.000
590.070	7046.000
590.269	7000.000
590.467	7035.000
590.666	7126.000
590.865	7161.000
591.063	7092.000
591.262	7048.000
591.461	7000.000
591.659	7121.000
591.858	7098.000
592.056	7210.000
592.255	7261.000
592.454	7138.000
592.652	7177.000
592.851	7163.000
593.050	7271.000
593.248	7255.000
593.447	7229.000
593.646	7094.000
593.844	7068.000
594.043	7280.000
594.241	7163.000
594.440	7112.000
594.639	7090.000
594.837	7089.000
595.036	7124.000
595.235	7274.000
595.433	7234.000
595.632	7206.000
595.831	7356.000
596.029	7288.000
596.228	7298.000
596.427	7331.000
596.625	7393.000
596.824	7366.000
597.022	7274.000
597.221	7309.000
597.420	7418.000
597.618	7248.000
597.817	7391.000
598.016	7467.000
598.214	7584.000
598.413	7643.000
598.612	7527.000
598.810	7565.000
599.009	7655.000
599.207	7770.000
599.406	7558.000
599.605	7656.000
599.803	7743.000
600.002	7776.000
600.201	7784.000
600.399	7922.000
600.598	7854.000
600.797	7800.000
600.995	7960.000
601.194	7981.000
601.392	7961.000
601.591	7989.000
601.790	8085.000
601.988	8200.000
602.187	8173.000
602.386	8351.000
602.584	8346.000
602.783	8467.000
602.982	8369.000
603.180	8438.000
603.379	8550.000
603.577	8664.000
603.776	8581.000
603.975	8755.000
604.173	8829.000
604.372	8792.000
604.571	8966.000
604.769	9024.000
604.968	9068.000
605.167	8976.000
605.365	9191.000
605.564	9267.000
605.762	9204.000
605.961	9345.000
606.160	9476.000
606.358	9453.000
606.557	9662.000
606.756	9601.000
606.954	9694.000
607.153	9898.000
607.352	10010.000
607.550	10215.000
607.749	10170.000
607.948	10298.000
608.146	10394.000
608.345	10393.000
608.543	10648.000
608.742	10553.000
608.941	10637.000
609.139	10706.000
609.338	10856.000
609.537	10983.000
609.735	11045.000
609.934	11353.000
610.133	11472.000
610.331	11671.000
610.530	11766.000
610.728	11847.000
610.927	11889.000
611.126	12117.000
611.324	12103.000
611.523	12299.000
611.722	12522.000
611.920	12717.000
612.119	12717.000
612.318	12716.000
612.516	12901.000
612.715	13154.000
612.913	13421.000
613.112	13464.000
613.311	13613.000
613.509	13825.000
613.708	14145.000
613.907	14258.000
614.105	14318.000
614.304	14446.000
614.503	14696.000
614.701	14789.000
614.900	14977.000
615.098	15181.000
615.297	15235.000
615.496	15541.000
615.694	15688.000
615.893	15863.000
616.092	15913.000
616.290	16189.000
616.489	16619.000
616.688	16790.000
616.886	16905.000
617.085	17235.000
617.283	17400.000
617.482	17527.000
617.681	17642.000
617.879	17976.000
618.078	18320.000
618.277	18348.000
618.475	18446.000
618.674	18696.000
618.873	19066.000
619.071	19242.000
619.270	19089.000
619.468	19537.000
619.667	19527.000
619.866	19745.000
620.064	19777.000
620.263	19748.000
620.462	19905.000
620.660	19799.000
620.859	19861.000
621.058	19956.000
621.256	20045.000
621.455	19771.000
621.654	19832.000
621.852	19576.000
622.051	19523.000
622.249	19405.000
622.448	19066.000
622.647	18892.000
622.845	18480.000
623.044	18226.000
623.243	18212.000
623.441	17738.000
623.640	17362.000
623.839	17263.000
624.037	17013.000
624.236	16585.000
624.434	16149.000
624.633	15600.000
624.832	15251.000
625.030	14909.000
625.229	14596.000
625.428	14200.000
625.626	13770.000
625.825	13275.000
626.024	12847.000
626.222	12612.000
626.421	12274.000
626.619	11925.000
626.818	11488.000
627.017	11193.000
627.215	10864.000
627.414	10610.000
627.613	10200.000
627.811	10009.000
628.010	9619.000
628.209	9352.000
628.407	9035.000
628.606	8906.000
628.804	8617.000
629.003	8327.000
629.202	8166.000
629.400	7985.000
629.599	7667.000
629.798	7443.000
629.996	7385.000
630.195	7216.000
630.394	6992.000
630.592	6880.000
630.791	6844.000
630.990	6518.000
631.188	6233.000
631.387	6090.000
631.585	5989.000
631.784	5889.000
631.983	5820.000
632.181	5767.000
632.380	5564.000
632.579	5246.000
632.777	5225.000
632.976	5158.000
633.175	5106.000
633.373	4981.000
633.572	4836.000
633.770	4724.000
633.969	4682.000
634.168	4606.000
634.366	4484.000
634.565	4309.000
634.764	4266.000
634.962	4268.000
635.161	4294.000
635.360	4191.000
635.558	3995.000
635.757	4010.000
635.955	3917.000
636.154	3876.000
636.353	3652.000
636.551	3675.000
636.750	3554.000
636.949	3585.000
637.147	3475.000
637.346	3337.000
637.545	3401.000
637.743	3397.000
637.942	3284.000
638.140	3269.000
638.339	3142.000
638.538	3113.000
638.736	3143.000
638.935	3112.000
639.134	2992.000
639.332	3048.000
639.531	2939.000
639.730	2805.000
639.928	2824.000
640.127	2750.000
640.325	2827.000
640.524	2749.000
640.723	2676.000
640.921	2748.000
641.120	2638.000
641.319	2561.000
641.517	2522.000
641.716	2452.000
641.915	2457.000
642.113	2517.000
642.312	2352.000
642.510	2352.000
642.709	2392.000
642.908	2368.000
643.106	2340.000
643.305	2294.000
643.504	2333.000
643.702	2175.000
643.901	2258.000
644.100	2261.000
644.298	2140.000
644.497	2117.000
644.696	2138.000
644.894	2169.000
645.093	2107.000
645.291	2120.000
645.490	2046.000
645.689	1992.000
645.887	1929.000
646.086	1916.000
646.285	1947.000
646.483	1922.000
646.682	1910.000
646.881	1816.000
647.079	1722.000
647.278	1645.000
647.476	1627.000
647.675	1665.000
647.874	1582.000
648.072	1578.000
648.271	1473.000
648.470	1523.000
648.668	1451.000
648.867	1415.000
649.066	1352.000
649.264	1273.000
649.463	1252.000
649.661	1207.000
649.860	1150.000
650.059	1184.000
650.257	1102.000
650.456	1056.000
650.655	1002.000
650.853	975.000
651.052	873.000
651.251	881.000
651.449	782.000
651.648	755.000
651.846	726.000
652.045	739.000
652.244	635.000
652.442	665.000
652.641	640.000
652.840	529.000
653.038	524.000
653.237	510.000
653.436	485.000
653.634	483.000
653.833	477.000
654.032	346.000
654.230	426.000
654.429	441.000
654.627	409.000
654.826	336.000
655.025	309.000
655.223	260.000
655.422	229.000
655.621	254.000
655.819	266.000
656.018	254.000
656.217	191.000
656.415	202.000
656.614	191.000
656.812	207.000
657.011	171.000
657.210	145.000
657.408	221.000
657.607	264.000
657.806	177.000
658.004	173.000
658.203	183.000
658.402	189.000
658.600	136.000
658.799	134.000
658.997	119.000
659.196	140.000
659.395	151.000
659.593	102.000
659.792	136.000
659.991	88.000
660.189	122.000
660.388	102.000
660.587	153.000
660.785	117.000
660.984	92.000
661.182	54.000
661.381	85.000
661.580	107.000
661.778	105.000
661.977	134.000
662.176	44.000
662.374	80.000
662.573	118.000
662.772	113.000
662.970	145.000
663.169	109.000
663.367	139.000
663.566	70.000
663.765	63.000
663.963	81.000
664.162	89.000
664.361	81.000
664.559	73.000
664.758	98.000
664.957	96.000
665.155	50.000
665.354	76.000
665.552	127.000
665.751	100.000
665.950	84.000
666.148	61.000
666.347	146.000
666.546	131.000
666.744	78.000
666.943	54.000
667.142	105.000
667.340	67.000
667.539	135.000
667.738	95.000
667.936	71.000
668.135	75.000
668.333	50.000
668.532	80.000
668.731	89.000
668.929	47.000
669.128	84.000
669.327	111.000
669.525	78.000
669.724	124.000
669.923	93.000
670.121	50.000
670.320	1.000
670.518	106.000
670.717	103.000
670.916	57.000
671.114	85.000
671.313	97.000
671.512	81.000
671.710	50.000
671.909	117.000
672.108	64.000
672.306	106.000
672.505	122.000
672.703	52.000
672.902	104.000
673.101	84.000
673.299	77.000
673.498	90.000
673.697	68.000
673.895	75.000
674.094	100.000
674.293	101.000
674.491	102.000
674.690	110.000
674.888	83.000
675.087	64.000
675.286	65.000
675.484	112.000
675.683	108.000
675.882	47.000
676.080	51.000
676.279	86.000
676.478	45.000
676.676	68.000
676.875	71.000
677.073	14.000
677.272	56.000
677.471	38.000
677.669	105.000
677.868	82.000
678.067	48.000
678.265	28.000
678.464	28.000
678.663	81.000
678.861	57.000
679.060	127.000
679.259	119.000
679.457	53.000
679.656	45.000
679.854	96.000
680.053	55.000
680.252	37.000
680.450	83.000
680.649	86.000
680.848	44.000
681.046	59.000
681.245	114.000
681.444	82.000
681.642	50.000
681.841	52.000
682.039	44.000
682.238	56.000
682.437	36.000
682.635	81.000
682.834	72.000
683.033	78.000
683.231	57.000
683.430	58.000
683.629	52.000
683.827	34.000
684.026	100.000
684.224	11.000
684.423	56.000
684.622	68.000
684.820	49.000
685.019	83.000
685.218	74.000
685.416	85.000
685.615	92.000
685.814	88.000
686.012	67.000
686.211	35.000
686.409	60.000
686.608	121.000
686.807	59.000
687.005	53.000
687.204	58.000
687.403	26.000
687.601	78.000
687.800	124.000
687.999	25.000
688.197	53.000
688.396	92.000
688.594	87.000
688.793	55.000
688.992	56.000
689.190	53.000
689.389	83.000
689.588	28.000
689.786	56.000
689.985	34.000
690.184	76.000
690.382	54.000
690.581	69.000
690.779	45.000
690.978	43.000
691.177	68.000
691.375	79.000
691.574	48.000
691.773	1.000
691.971	50.000
692.170	103.000
692.369	69.000
692.567	82.000
692.766	75.000
692.965	80.000
693.163	41.000
693.362	95.000
693.560	76.000
693.759	72.000
693.958	79.000
694.156	75.000
694.355	71.000
694.554	83.000
694.752	101.000
694.951	82.000
695.150	67.000
695.348	54.000
695.547	64.000
695.745	89.000
695.944	85.000
696.143	99.000
696.341	89.000
696.540	117.000
696.743	105.000
696.946	49.000
697.149	40.000
697.352	63.000
697.555	95.000
697.757	52.000
697.960	96.000
698.163	174.000
698.366	148.000
698.569	109.000
698.772	74.000
698.975	78.000
699.178	98.000
699.381	134.000
699.584	137.000
699.787	81.000
699.989	96.000
700.192	119.000
700.395	138.000
700.598	165.000
700.801	124.000
701.004	155.000
701.207	146.000
701.410	136.000
701.613	105.000
701.816	85.000
702.019	104.000
702.221	126.000
702.424	161.000
702.627	193.000
702.830	132.000
703.033	66.000
703.236	117.000
703.439	116.000
703.642	144.000
703.845	108.000
704.048	140.000
704.251	144.000
704.453	125.000
704.656	171.000
704.859	154.000
705.062	179.000
705.265	202.000
705.468	155.000
705.671	151.000
705.874	160.000
706.077	194.000
706.280	171.000
706.483	150.000
706.685	130.000
706.888	171.000
707.091	229.000
707.294	188.000
707.497	185.000
707.700	151.000
707.903	135.000
708.106	174.000
708.309	165.000
708.512	123.000
708.715	199.000
708.917	178.000
709.120	224.000
709.323	193.000
709.526	204.000
709.729	194.000
709.932	199.000
710.135	188.000
710.338	233.000
710.541	197.000
710.744	179.000
710.947	170.000
711.149	185.000
711.352	194.000
711.555	221.000
711.758	200.000
711.961	217.000
712.164	219.000
712.367	226.000
712.570	243.000
712.773	172.000
712.976	158.000
713.179	174.000
713.381	193.000
713.584	222.000
713.787	208.000
713.990	223.000
714.193	194.000
714.396	213.000
714.599	222.000
714.802	257.000
715.005	239.000
715.208	234.000
715.411	264.000
715.613	232.000
715.816	260.000
716.019	310.000
716.222	234.000
716.425	260.000
716.628	248.000
716.831	257.000
717.034	226.000
717.237	285.000
717.440	260.000
717.643	233.000
717.845	312.000
718.048	286.000
718.251	213.000
718.454	232.000
718.657	256.000
718.860	300.000
719.063	309.000
719.266	262.000
719.469	312.000
719.672	375.000
719.875	248.000
720.077	298.000
720.280	333.000
720.483	311.000
720.686	324.000
720.889	295.000
721.092	257.000
721.295	280.000
721.498	332.000
721.701	327.000
721.904	317.000
722.107	332.000
722.309	334.000
722.512	299.000
722.715	275.000
722.918	275.000
723.121	297.000
723.324	333.000
723.527	376.000
723.730	371.000
723.933	397.000
724.136	283.000
724.339	325.000
724.541	351.000
724.744	386.000
724.947	414.000
725.150	349.000
725.353	367.000
725.556	359.000
725.759	362.000
725.962	287.000
726.165	333.000
726.368	359.000
726.571	296.000
726.773	369.000
726.976	311.000
727.179	355.000
727.382	345.000
727.585	380.000
727.788	414.000
727.991	352.000
728.194	388.000
728.397	362.000
728.600	333.000
728.803	357.000
729.005	364.000
729.208	362.000
729.411	384.000
729.614	380.000
729.817	343.000
730.020	377.000
730.223	349.000
730.426	324.000
730.629	310.000
730.832	334.000
731.035	277.000
731.237	365.000
731.440	312.000
731.643	322.000
731.846	336.000
732.049	288.000
732.252	326.000
732.455	330.000
732.658	257.000
732.861	314.000
733.064	274.000
733.267	297.000
733.469	299.000
733.672	300.000
733.875	264.000
734.078	258.000
734.281	270.000
734.484	262.000
734.687	306.000
734.890	249.000
735.093	275.000
735.296	276.000
735.499	253.000
735.701	232.000
735.904	254.000
736.107	306.000
736.310	263.000
736.513	231.000
736.716	265.000
736.919	252.000
737.122	186.000
737.325	207.000
737.528	210.000
737.731	248.000
737.933	251.000
738.136	191.000
738.339	168.000
738.542	187.000
738.745	200.000
738.948	151.000
739.151	157.000
739.354	226.000
739.557	228.000
739.760	205.000
739.963	174.000
740.165	199.000
740.368	163.000
740.571	108.000
740.774	167.000
740.977	136.000
741.180	134.000
741.383	97.000
741.586	205.000
741.789	175.000
741.992	188.000
742.195	136.000
742.397	181.000
742.600	155.000
742.803	159.000
743.006	135.000
743.209	129.000
743.412	108.000
743.615	140.000
743.818	148.000
744.021	154.000
744.224	110.000
744.427	109.000
744.629	69.000
744.832	52.000
745.035	66.000
745.238	145.000
745.441	161.000
745.644	145.000
745.847	114.000
746.050	114.000
746.253	90.000
746.456	102.000
746.659	52.000
746.861	68.000
747.064	85.000
747.267	61.000
747.470	79.000
747.673	119.000
747.876	91.000
748.079	124.000
748.282	146.000
748.485	80.000
748.688	43.000
748.891	61.000
749.093	82.000
749.296	104.000
749.499	135.000
749.702	61.000
749.905	114.000
750.108	88.000
750.311	123.000
750.514	89.000
750.717	79.000
750.920	61.000
751.123	94.000
751.325	67.000
751.528	97.000
751.731	32.000
751.934	56.000
752.137	34.000
752.340	53.000
752.543	41.000
752.746	85.000
752.949	70.000
753.152	100.000
753.355	59.000
753.557	13.000
753.760	54.000
753.963	57.000
754.166	45.000
754.369	61.000
754.572	79.000
754.775	53.000
754.978	91.000
755.181	42.000
755.384	76.000
755.587	91.000
755.789	4.000
755.992	50.000
756.195	74.000
756.398	31.000
756.601	24.000
756.804	17.000
757.007	32.000
757.210	60.000
757.413	52.000
757.616	108.000
757.819	59.000
758.021	51.000
758.224	31.000
758.427	43.000
758.630	43.000
758.833	65.000
759.036	38.000
759.239	14.000
759.442	40.000
759.645	47.000
759.848	-7.000
760.051	34.000
760.253	66.000
760.456	68.000
760.659	21.000
760.862	-5.000
761.065	13.000
761.268	40.000
761.471	33.000
761.674	11.000
761.877	48.000
762.080	25.000
762.283	21.000
762.485	38.000
762.688	18.000
762.891	53.000
763.094	71.000
763.297	37.000
763.500	69.000
763.706	70.000
763.912	13.000
764.118	10.000
764.325	43.000
764.531	47.000
764.737	18.000
764.943	31.000
765.149	77.000
765.355	54.000
765.561	38.000
765.768	50.000
765.974	6.000
766.180	19.000
766.386	42.000
766.592	-27.000
766.798	43.000
767.004	92.000
767.210	62.000
767.417	8.000
767.623	89.000
767.829	24.000
768.035	34.000
768.241	-17.000
768.447	36.000
768.653	25.000
768.860	25.000
769.066	24.000
769.272	40.000
769.478	85.000
769.684	45.000
769.890	2.000
770.096	39.000
770.303	80.000
770.509	-19.000
770.715	12.000
770.921	58.000
771.127	-39.000
771.333	13.000
771.539	35.000
771.745	89.000
771.952	13.000
772.158	1.000
772.364	-2.000
772.570	-52.000
772.776	20.000
772.982	62.000
773.188	39.000
773.395	31.000
773.601	48.000
773.807	25.000
774.013	24.000
774.219	10.000
774.425	61.000
774.631	-6.000
774.838	19.000
775.044	32.000
775.250	31.000
775.456	48.000
775.662	51.000
775.868	27.000
776.074	44.000
776.281	-11.000
776.487	85.000
776.693	45.000
776.899	-52.000
777.105	-16.000
777.311	0.000
777.517	102.000
777.723	76.000
777.930	-19.000
778.136	32.000
778.342	26.000
778.548	17.000
778.754	-14.000
778.960	-33.000
779.166	38.000
779.373	44.000
779.579	38.000
779.785	27.000
779.991	8.000
780.197	34.000
780.403	-2.000
780.609	-13.000
780.816	52.000
781.022	-24.000
781.228	30.000
781.434	42.000
781.640	27.000
781.846	1.000
782.052	8.000
782.259	67.000
782.465	-7.000
782.671	-10.000
782.877	59.000
783.083	-27.000
783.289	39.000
783.495	17.000
783.701	53.000
783.908	51.000
784.114	20.000
784.320	66.000
784.526	-30.000
784.732	14.000
784.938	44.000
785.144	23.000
785.351	35.000
785.557	39.000
785.763	11.000
785.969	-18.000
786.175	56.000
786.381	22.000
786.587	-2.000
786.794	52.000
787.000	56.000
787.206	47.000
787.412	36.000
787.618	26.000
787.824	2.000
788.030	18.000
788.236	-2.000
788.443	77.000
788.649	24.000
788.855	56.000
789.061	21.000
789.267	31.000
789.473	72.000
789.679	31.000
789.886	43.000
790.092	-5.000
790.298	-1.000
790.504	39.000
790.710	-28.000
790.916	51.000
791.122	52.000
791.329	12.000
791.535	-17.000
791.741	45.000
791.947	47.000
792.153	-31.000
792.359	-26.000
792.565	8.000
792.771	28.000
792.978	55.000
793.184	98.000
793.390	24.000
793.596	-17.000
793.802	29.000
794.008	1.000
794.214	45.000
794.421	11.000
794.627	19.000
794.833	42.000
795.039	34.000
795.245	13.000
795.451	24.000
795.657	57.000
795.864	-4.000
796.070	-29.000
796.276	43.000
796.482	-27.000
796.688	43.000
796.894	39.000
797.100	32.000
797.307	23.000
797.513	38.000
797.719	12.000
797.925	-47.000
798.131	-15.000
798.337	-24.000
798.543	4.000
798.749	42.000
798.956	46.000
799.162	9.000
799.368	-20.000
799.574	47.000
799.780	29.000
799.986	-62.000
800.192	3.000
800.399	-3.000
800.605	37.000
800.811	44.000
801.017	15.000
801.223	-1.000
801.429	7.000
801.635	40.000
801.842	66.000
802.048	15.000
802.254	24.000
802.460	-18.000
802.666	8.000
802.872	9.000
803.078	-8.000
803.285	28.000
803.491	13.000
803.697	23.000
803.903	32.000
804.109	35.000
804.315	18.000
804.521	18.000
804.727	69.000
804.934	18.000
805.140	11.000
805.346	37.000
805.552	17.000
805.758	42.000
805.964	36.000
806.170	-22.000
806.377	-32.000
806.583	-6.000
806.789	-26.000
806.995	-6.000
807.201	1.000
807.407	32.000
807.613	2.000
807.820	-83.000
808.026	-12.000
808.232	38.000
808.438	88.000
808.644	-9.000
808.850	35.000
809.056	20.000
809.262	13.000
809.469	7.000
809.675	23.000
809.881	-16.000
810.087	4.000
810.293	9.000
810.499	-27.000
810.705	-5.000
810.912	-28.000
811.118	11.000
811.324	37.000
811.530	8.000
811.739	2.000
811.947	1.000
812.156	-7.000
812.365	20.000
812.573	38.000
812.782	23.000
812.990	71.000
813.199	30.000
813.408	-1.000
813.616	25.000
813.825	-17.000
814.034	-20.000
814.242	51.000
814.451	28.000
814.659	25.000
814.868	35.000
815.077	24.000
815.285	39.000
815.494	46.000
815.703	30.000
815.911	32.000
816.120	-5.000
816.329	-40.000
816.537	-15.000
816.746	-5.000
816.954	-21.000
817.163	15.000
817.372	14.000
817.580	24.000
817.789	-17.000
817.998	29.000
818.206	4.000
818.415	12.000
818.624	-16.000
818.832	12.000
819.041	47.000
819.249	13.000
819.458	45.000
819.667	-22.000
819.875	50.000
820.084	-4.000
820.293	14.000
820.501	23.000
820.710	12.000
820.919	-19.000
821.127	29.000
821.336	-14.000
821.544	35.000
821.753	52.000
821.962	60.000
822.170	39.000
822.379	20.000
822.588	10.000
822.796	1.000
823.005	-20.000
823.213	45.000
823.422	22.000
823.631	5.000
823.839	-40.000
824.048	36.000
824.257	21.000
824.465	17.000
824.674	34.000
824.883	63.000
825.091	11.000
825.300	12.000
825.508	-14.000
825.717	88.000
825.926	62.000
826.134	51.000
826.343	9.000
826.552	9.000
826.760	11.000
826.969	5.000
827.178	12.000
827.386	0.000
827.595	-10.000
827.803	17.000
828.012	52.000
828.221	19.000
828.429	22.000
828.638	8.000
828.847	4.000
829.055	13.000
829.264	51.000
829.472	50.000
829.681	36.000
829.890	55.000
830.098	-33.000
830.307	-30.000
830.516	-12.000
830.724	13.000
830.933	56.000
831.142	52.000
831.350	-9.000
831.559	37.000
831.767	20.000
831.976	-13.000
832.185	-9.000
832.393	38.000
832.602	-44.000
832.811	-16.000
833.019	11.000
833.228	5.000
833.437	24.000
833.645	13.000
833.854	-14.000
834.062	8.000
834.271	38.000
834.480	62.000
834.688	15.000
834.897	12.000
835.106	53.000
835.314	36.000
835.523	31.000
835.731	36.000
835.940	5.000
836.149	-3.000
836.357	-19.000
836.566	28.000
836.775	-11.000
836.983	-33.000
837.192	-1.000
837.401	13.000
837.609	-7.000
837.818	38.000
838.026	37.000
838.235	3.000
838.444	58.000
838.652	-5.000
838.861	28.000
839.070	24.000
839.278	38.000
839.487	5.000
839.696	46.000
839.904	52.000
840.113	-16.000
840.321	38.000
840.530	42.000
840.739	-12.000
840.947	16.000
841.156	41.000
841.365	32.000
841.573	29.000
841.782	29.000
841.991	42.000
842.199	2.000
842.408	-18.000
842.616	52.000
842.825	54.000
843.034	67.000
843.242	39.000
843.451	47.000
843.660	31.000
843.868	25.000
844.077	-1.000
844.285	27.000
844.494	-14.000
844.703	-15.000
844.911	13.000
845.120	36.000
845.329	41.000
845.537	3.000
845.746	-7.000
845.955	47.000
846.163	32.000
846.372	-6.000
846.580	0.000
846.789	-28.000
846.998	12.000
847.206	41.000
847.415	46.000
847.624	12.000
847.832	-16.000
848.041	41.000
848.250	30.000
848.458	30.000
848.667	9.000
848.875	1.000
849.084	29.000
849.293	-12.000
849.501	-16.000
849.710	-23.000
849.919	2.000
850.127	-7.000
850.336	15.000
850.544	-4.000
850.753	6.000
850.962	23.000
851.170	49.000
851.379	39.000
851.588	47.000
851.796	44.000
852.005	25.000
852.214	4.000
852.422	42.000
852.631	20.000
852.839	-2.000
853.048	42.000
853.257	-9.000
853.465	43.000
853.674	7.000
853.883	13.000
854.091	30.000
854.300	31.000
854.509	23.000
854.717	21.000
854.926	-8.000
855.134	15.000
855.343	-18.000
855.552	47.000
855.760	6.000
855.969	11.000
856.178	24.000
856.386	8.000
856.595	27.000
856.803	-37.000
857.012	37.000
857.221	20.000
857.429	38.000
857.638	56.000
857.847	1.000
858.055	6.000
858.264	-26.000
858.473	13.000
858.681	20.000
858.890	17.000
859.098	7.000
859.307	45.000
859.516	31.000
859.724	-6.000
859.933	28.000
860.142	26.000
860.350	13.000
860.559	-32.000
860.768	-43.000
860.976	16.000
861.185	21.000
861.393	22.000
861.602	-4.000
861.811	16.000
862.019	51.000
862.228	3.000
862.437	-47.000
862.645	-52.000
862.854	10.000
863.062	47.000
863.271	21.000
863.480	-5.000
863.688	66.000
863.897	4.000
864.106	-18.000
864.314	-1.000
864.523	40.000
864.732	-3.000
864.940	-12.000
865.149	20.000
865.357	35.000
865.566	30.000
865.775	17.000
865.983	-9.000
866.192	-5.000
866.401	-4.000
866.609	7.000
866.818	14.000
867.027	16.000
867.235	28.000
867.444	42.000
867.652	8.000
867.861	12.000
868.070	52.000
868.278	43.000
868.487	-12.000
868.696	20.000
868.904	8.000
869.113	24.000
869.321	-22.000
869.530	35.000
869.739	-5.000
869.947	3.000
870.156	-34.000
870.365	-5.000
870.573	23.000
870.782	16.000
870.991	-52.000
871.199	-35.000
871.408	6.000
871.616	5.000
871.825	24.000
872.034	36.000
872.242	30.000
872.451	-32.000
872.660	29.000
872.868	24.000
873.077	39.000
873.286	-12.000
873.494	-28.000
873.703	8.000
873.911	-3.000
874.120	25.000
874.329	-6.000
874.537	24.000
874.746	24.000
874.955	-5.000
875.163	36.000
875.372	4.000
875.581	24.000
875.789	23.000
875.998	40.000
876.206	18.000
876.415	31.000
876.624	27.000
876.832	25.000
877.041	17.000
877.250	15.000
877.458	41.000
877.667	4.000
877.875	20.000
878.084	13.000
878.293	-4.000
878.501	6.000
878.710	-52.000
878.919	-57.000
879.127	-41.000
879.336	-5.000
879.545	-36.000
879.753	21.000
879.962	13.000
880.170	22.000
880.379	20.000
880.588	16.000
880.796	37.000
881.005	30.000
881.214	2.000
881.422	7.000
881.631	39.000
881.840	38.000
882.048	66.000
882.257	47.000
882.465	44.000
882.674	9.000
882.883	36.000
883.091	-12.000
883.300	23.000
883.509	47.000
883.717	29.000
883.926	43.000
884.134	10.000
884.343	38.000
884.552	50.000
884.760	21.000
884.969	52.000
885.178	29.000
885.386	-12.000
885.595	29.000
885.804	-4.000
886.012	45.000
886.221	64.000
886.429	22.000
886.638	-5.000
886.847	-6.000
887.055	18.000
887.264	-1.000
887.473	-3.000
887.681	-15.000
887.890	35.000
888.099	8.000
888.307	2.000
888.516	29.000
888.724	-14.000
888.933	50.000
889.142	-9.000
889.350	-26.000
889.559	2.000
889.768	35.000
889.976	20.000
890.185	49.000
890.393	22.000
890.602	51.000
890.811	44.000
891.019	6.000
891.228	6.000
891.437	19.000
891.645	14.000
891.854	63.000
892.063	25.000
892.271	64.000
892.480	70.000
892.688	11.000
892.897	23.000
893.106	-9.000
893.314	-29.000
893.523	-13.000
893.732	46.000
893.940	24.000
894.149	11.000
894.358	78.000
894.566	47.000
894.775	12.000
894.983	-5.000
895.192	-8.000
895.401	10.000
895.609	-26.000
895.818	-12.000
896.027	32.000
896.235	12.000
896.444	48.000
896.652	2.000
896.861	37.000
897.070	66.000
897.278	26.000
897.487	7.000
897.696	-20.000
897.904	0.000
898.113	20.000
898.322	86.000
898.530	25.000
898.739	40.000
898.947	31.000
899.156	-8.000
899.365	24.000
899.573	24.000
899.782	13.000
899.991	43.000
900.199	26.000
900.408	62.000
900.617	72.000
900.825	-5.000
901.034	16.000
901.242	7.000
901.451	65.000
901.660	66.000
901.868	50.000
902.077	56.000
902.286	25.000
902.494	-29.000
902.703	-22.000
902.911	37.000
903.120	-20.000
903.329	16.000
903.537	-21.000
903.746	38.000
903.955	49.000
904.163	12.000
904.372	-3.000
904.581	35.000
904.789	66.000
904.998	-5.000
905.206	-4.000
905.415	44.000
905.624	70.000
905.832	8.000
906.041	55.000
906.250	28.000
906.458	27.000
906.667	8.000
906.876	6.000
907.084	-44.000
907.293	4.000
907.501	1.000
907.710	17.000
907.919	6.000
908.127	33.000
908.336	53.000
908.545	-3.000
908.753	74.000
908.962	62.000
909.170	14.000
909.379	-5.000
909.588	-27.000
909.796	30.000
910.005	48.000
910.214	32.000
910.422	10.000
910.631	-10.000
910.840	-34.000
911.048	-34.000
911.257	-35.000
911.465	39.000
911.674	-24.000
911.883	-11.000
912.091	1.000
912.300	71.000
912.508	88.000
912.716	22.000
912.924	19.000
913.132	11.000
913.340	-8.000
913.549	33.000
913.757	44.000
913.965	-24.000
914.173	24.000
914.381	72.000
914.589	-45.000
914.797	-47.000
915.005	-14.000
915.213	30.000
915.421	55.000
915.629	42.000
915.838	27.000
916.046	-37.000
916.254	-15.000
916.462	-28.000
916.670	4.000
916.878	-6.000
917.086	-3.000
917.294	23.000
917.502	-24.000
917.710	-9.000
917.919	56.000
918.127	30.000
918.335	5.000
918.543	14.000
918.751	-22.000
918.959	35.000
919.167	14.000
919.375	-5.000
919.583	-11.000
919.791	2.000
919.999	-15.000
920.208	-16.000
920.416	7.000
920.624	11.000
920.832	-11.000
921.040	25.000
921.248	-2.000
921.456	18.000
921.664	40.000
921.872	14.000
922.080	-10.000
922.288	31.000
922.497	10.000
922.705	22.000
922.913	29.000
923.121	-3.000
923.329	19.000
923.537	24.000
923.745	-1.000
923.953	24.000
924.161	15.000
924.369	59.000
924.578	5.000
924.786	10.000
924.994	4.000
925.202	48.000
925.410	-28.000
925.618	4.000
925.826	34.000
926.034	-4.000
926.242	-16.000
926.450	35.000
926.658	-2.000
926.867	37.000
927.075	21.000
927.283	-6.000
927.491	-2.000
927.699	-12.000
927.907	50.000
928.115	7.000
928.323	33.000
928.531	31.000
928.739	7.000
928.947	-10.000
929.156	4.000
929.364	6.000
929.572	58.000
929.780	-22.000
929.988	9.000
930.196	53.000
930.404	60.000
930.612	-7.000
930.820	10.000
931.028	24.000
931.236	2.000
931.445	-20.000
931.653	-18.000
931.861	60.000
932.069	22.000
932.277	10.000
932.485	38.000
932.693	36.000
932.901	4.000
933.109	27.000
933.317	-24.000
933.526	43.000
933.734	20.000
933.942	-6.000
934.150	4.000
934.358	11.000
934.566	18.000
934.774	24.000
934.982	-4.000
935.190	18.000
935.398	-6.000
935.606	0.000
935.815	-6.000
936.023	73.000
936.231	44.000
936.439	34.000
936.647	19.000
936.855	5.000
937.063	-5.000
937.271	14.000
937.479	-4.000
937.687	-71.000
937.895	4.000
938.104	10.000
938.312	41.000
938.520	-50.000
938.728	29.000
938.936	3.000
939.144	5.000
939.352	-8.000
939.560	-12.000
939.768	7.000
939.976	17.000
940.185	27.000
940.393	23.000
940.601	-26.000
940.809	21.000
941.017	-62.000
941.225	12.000
941.433	0.000
941.641	0.000
941.849	-25.000
942.057	23.000
942.265	65.000
942.474	31.000
942.682	61.000
942.890	1.000
943.098	20.000
943.306	4.000
943.514	-27.000
943.722	8.000
943.930	41.000
944.138	-29.000
944.346	61.000
944.554	64.000
944.763	27.000
944.971	32.000
945.179	14.000
945.387	-52.000
945.595	-16.000
945.803	37.000
946.011	12.000
946.219	-12.000
946.427	108.000
946.635	14.000
946.843	14.000
947.052	-45.000
947.260	1.000
947.468	32.000
947.676	9.000
947.884	23.000
948.092	41.000
948.300	46.000
948.508	23.000
948.716	49.000
948.924	52.000
949.133	12.000
949.341	-13.000
949.549	-28.000
949.757	-30.000
949.965	-64.000
950.173	50.000
950.381	-14.000
950.589	-32.000
950.797	45.000
951.005	3.000
951.213	18.000
951.422	5.000
951.630	-20.000
951.838	-10.000
952.046	42.000
952.254	9.000
952.462	23.000
952.670	-15.000
952.878	4.000
953.086	-5.000
953.294	16.000
953.502	41.000
953.711	-45.000
953.919	1.000
954.127	17.000
954.335	18.000
954.543	1.000
954.751	61.000
954.959	54.000
955.167	-17.000
955.375	0.000
955.583	-45.000
955.792	-5.000
956.000	18.000
956.208	-1.000
956.416	32.000
956.624	-23.000
956.832	57.000
957.040	84.000
957.248	15.000
957.456	-15.000
957.664	-2.000
957.872	-35.000
958.081	25.000
958.289	22.000
958.497	-14.000
958.705	-21.000
958.913	-16.000
959.121	2.000
959.329	-12.000
959.537	-29.000
959.745	10.000
959.953	21.000
960.161	35.000
960.370	18.000
960.578	17.000
960.786	64.000
960.994	79.000
961.202	7.000
961.410	1.000
961.618	-7.000
961.826	1.000
962.034	10.000
962.242	9.000
962.451	42.000
962.659	16.000
962.867	-6.000
963.075	-11.000
963.283	41.000
963.491	-6.000
963.699	-5.000
963.907	6.000
964.115	-12.000
964.323	-17.000
964.531	43.000
964.740	0.000
964.948	4.000
965.156	8.000
965.364	-35.000
965.572	57.000
965.780	28.000
965.999	50.000
966.218	25.000
966.438	25.000
966.657	-10.000
966.876	18.000
967.095	-14.000
967.315	-23.000
967.534	-14.000
967.753	19.000
967.972	29.000
968.192	0.000
968.411	42.000
968.630	26.000
968.849	20.000
969.068	6.000
969.288	-31.000
969.507	-29.000
969.726	11.000
969.945	55.000
970.165	7.000
970.384	28.000
970.603	64.000
970.822	41.000
971.042	-22.000
971.261	-18.000
971.480	13.000
971.699	-17.000
971.919	31.000
972.138	13.000
972.357	-41.000
972.576	11.000
972.795	54.000
973.015	8.000
973.234	51.000
973.453	29.000
973.672	20.000
973.892	29.000
974.111	5.000
974.330	14.000
974.549	-19.000
974.769	36.000
974.988	51.000
975.207	-10.000
975.426	12.000
975.646	24.000
975.865	82.000
976.084	24.000
976.303	32.000
976.522	6.000
976.742	0.000
976.961	19.000
977.180	40.000
977.399	80.000
977.619	24.000
977.838	39.000
978.057	22.000
978.276	54.000
978.496	5.000
978.715	14.000
978.934	65.000
979.153	20.000
979.372	4.000
979.592	1.000
979.811	-14.000
980.030	41.000
980.249	4.000
980.469	-10.000
980.688	-42.000
980.907	43.000
981.126	33.000
981.346	-15.000
981.565	-10.000
981.784	-47.000
982.003	-39.000
982.223	73.000
982.442	9.000
982.661	4.000
982.880	50.000
983.099	48.000
983.319	16.000
983.538	9.000
983.757	39.000
983.976	29.000
984.196	-8.000
984.415	7.000
984.634	8.000
984.853	-24.000
985.073	-43.000
985.292	41.000
985.511	14.000
985.730	-11.000
985.949	9.000
986.169	30.000
986.388	21.000
986.607	-1.000
986.826	23.000
987.046	23.000
987.265	1.000
987.484	23.000
987.703	16.000
987.923	3.000
988.142	-19.000
988.361	4.000
988.580	29.000
988.800	10.000
989.019	-15.000
989.238	36.000
989.457	19.000
989.676	19.000
989.896	4.000
990.115	51.000
990.334	18.000
990.553	34.000
990.773	5.000
990.992	30.000
991.211	27.000
991.430	44.000
991.650	12.000
991.869	15.000
992.088	12.000
992.307	-45.000
992.527	-6.000
992.746	57.000
992.965	29.000
993.184	-29.000
993.403	48.000
993.623	-4.000
993.842	17.000
994.061	14.000
994.280	18.000
994.500	-1.000
994.719	-32.000
994.938	-22.000
995.157	41.000
995.377	52.000
995.596	20.000
995.815	0.000
996.034	47.000
996.253	14.000
996.473	62.000
996.692	34.000
996.911	70.000
997.130	41.000
997.350	40.000
997.569	16.000
997.788	-16.000
998.007	17.000
998.227	-1.000
998.446	9.000
998.665	12.000
998.884	54.000
999.104	60.000
999.323	56.000
999.542	4.000
999.761	30.000
999.980	20.000
1000.200	29.000
1000.419	41.000
1000.638	13.000
1000.857	1.000
1001.077	39.000
1001.296	26.000
1001.515	-8.000
1001.734	4.000
1001.954	13.000
1002.173	2.000
1002.392	75.000
1002.611	29.000
1002.830	35.000
1003.050	28.000
1003.269	47.000
1003.488	-17.000
1003.707	-6.000
1003.927	15.000
1004.146	-9.000
1004.365	3.000
1004.584	40.000
1004.804	-15.000
1005.023	38.000
1005.242	13.000
1005.461	25.000
1005.681	24.000
1005.900	5.000
1006.119	68.000
1006.338	-6.000
1006.557	24.000
1006.777	42.000
1006.996	67.000
1007.215	28.000
1007.434	46.000
1007.654	21.000
1007.873	44.000
1008.092	-23.000
1008.311	25.000
1008.531	15.000
1008.750	9.000
1008.969	46.000
1009.188	7.000
1009.407	3.000
1009.627	4.000
1009.846	20.000
1010.065	30.000
1010.284	-44.000
1010.504	1.000
1010.723	-26.000
1010.942	17.000
1011.161	73.000
1011.381	44.000
1011.600	20.000
1011.819	0.000
1012.038	20.000
1012.258	-38.000
1012.477	-8.000
1012.696	-12.000
1012.915	35.000
1013.134	48.000
1013.354	11.000
1013.573	14.000
1013.792	17.000
1014.011	-3.000
1014.231	19.000
1014.450	57.000
1014.669	-32.000
1014.888	2.000
1015.108	26.000
1015.327	20.000
1015.546	-7.000
1015.765	4.000
1015.984	26.000
1016.204	33.000
1016.423	10.000
1016.642	-10.000
1016.861	-7.000
1017.081	0.000
1017.300	48.000
1017.519	8.000
