296.912	80.500
297.101	0.500
297.290	-17.500
297.479	-18.500
297.668	-23.500
297.858	9.500
298.047	9.500
298.236	24.500
298.425	47.500
298.614	21.500
298.803	-25.500
298.992	13.500
299.181	23.500
299.370	10.500
299.559	9.500
299.748	10.500
299.937	-13.500
300.126	34.500
300.315	62.500
300.504	43.500
300.693	50.500
300.882	62.500
301.071	8.500
301.260	-39.500
301.449	-3.500
301.638	31.500
301.827	0.500
302.016	-14.500
302.205	11.500
302.395	21.500
302.584	20.500
302.773	14.500
302.962	17.500
303.151	-2.500
303.340	-6.500
303.529	-17.500
303.718	2.500
303.907	4.500
304.096	-22.500
304.285	-4.500
304.474	7.500
304.663	10.500
304.852	1.500
305.041	26.500
305.230	45.500
305.419	2.500
305.608	34.500
305.797	30.500
305.986	2.500
306.175	8.500
306.364	-11.500
306.553	-25.500
306.743	7.500
306.932	29.500
307.121	18.500
307.310	-22.500
307.499	10.500
307.688	-3.500
307.877	2.500
308.066	27.500
308.255	8.500
308.444	6.500
308.633	-2.500
308.822	-12.500
309.011	-12.500
309.200	37.500
309.389	42.500
309.578	5.500
309.767	-2.500
309.956	20.500
310.145	9.500
310.334	-26.500
310.523	-6.500
310.712	12.500
310.901	-3.500
311.091	21.500
311.280	38.500
311.469	50.500
311.658	52.500
311.847	-7.500
312.036	-18.500
312.225	23.500
312.414	-11.500
312.603	-11.500
312.792	-33.500
312.981	-17.500
313.170	-33.500
313.349	-29.500
313.527	-32.500
313.706	-38.500
313.884	-1.500
314.063	35.500
314.241	27.500
314.420	11.500
314.598	-20.500
314.777	-15.500
314.955	-24.500
315.134	17.500
315.312	8.500
315.491	-27.500
315.669	12.500
315.848	13.500
316.027	-16.500
316.205	17.500
316.384	36.500
316.562	39.500
316.741	22.500
316.919	16.500
317.098	2.500
317.276	-18.500
317.455	12.500
317.633	43.500
317.812	54.500
317.990	10.500
318.169	-5.500
318.347	39.500
318.526	28.500
318.705	10.500
318.883	-3.500
319.062	-25.500
319.240	-30.500
319.419	-4.500
319.597	58.500
319.776	81.500
319.954	-1.500
320.133	-27.500
320.311	4.500
320.490	18.500
320.668	-23.500
320.847	-62.500
321.025	-20.500
321.204	41.500
321.382	15.500
321.561	22.500
321.740	18.500
321.918	-16.500
322.097	28.500
322.275	37.500
322.454	0.500
322.632	0.500
322.811	-6.500
322.989	-19.500
323.168	9.500
323.346	7.500
323.525	-15.500
323.703	6.500
323.882	22.500
324.060	12.500
324.239	-28.500
324.418	5.500
324.596	6.500
324.775	-4.500
324.953	-23.500
325.132	-13.500
325.310	17.500
325.489	33.500
325.667	11.500
325.846	4.500
326.024	-39.500
326.203	-5.500
326.381	20.500
326.560	14.500
326.738	-14.500
326.917	-28.500
327.096	20.500
327.274	25.500
327.453	-8.500
327.631	-25.500
327.810	-25.500
327.988	-23.500
328.167	-5.500
328.345	-15.500
328.524	7.500
328.702	8.500
328.881	-12.500
329.059	-8.500
329.238	-33.500
329.416	-27.500
329.595	12.500
329.774	15.500
329.952	35.500
330.131	29.500
330.309	25.500
330.488	62.500
330.666	28.500
330.845	4.500
331.023	5.500
331.202	-1.500
331.380	-10.500
331.559	-14.500
331.737	-7.500
331.916	26.500
332.094	3.500
332.273	12.500
332.452	-0.500
332.630	-4.500
332.809	-6.500
332.987	-50.500
333.166	-15.500
333.344	12.500
333.523	9.500
333.701	28.500
333.880	33.500
334.058	10.500
334.237	18.500
334.415	36.500
334.594	25.500
334.772	-10.500
334.951	-28.500
335.129	-8.500
335.308	31.500
335.487	39.500
335.665	0.500
335.844	54.500
336.022	41.500
336.201	-22.500
336.379	-1.500
336.558	-0.500
336.736	21.500
336.915	22.500
337.093	68.500
337.272	32.500
337.450	29.500
337.629	21.500
337.807	-41.500
337.986	-29.500
338.165	-6.500
338.343	15.500
338.522	12.500
338.700	-6.500
338.879	8.500
339.057	51.500
339.236	32.500
339.414	-2.500
339.593	-0.500
339.771	2.500
339.950	2.500
340.128	28.500
340.307	5.500
340.485	1.500
340.664	27.500
340.843	32.500
341.021	17.500
341.200	9.500
341.378	43.500
341.557	75.500
341.735	74.500
341.914	33.500
342.092	18.500
342.271	47.500
342.449	47.500
342.628	3.500
342.806	-4.500
342.985	17.500
343.163	35.500
343.342	-9.500
343.521	-13.500
343.699	-20.500
343.878	-8.500
344.056	54.500
344.235	30.500
344.413	24.500
344.592	65.500
344.770	18.500
344.949	-17.500
345.127	13.500
345.306	26.500
345.484	22.500
345.663	0.500
345.841	6.500
346.020	2.500
346.199	-13.500
346.377	50.500
346.556	68.500
346.734	23.500
346.913	-4.500
347.091	25.500
347.270	53.500
347.448	13.500
347.627	-4.500
347.805	-25.500
347.984	-15.500
348.162	27.500
348.341	51.500
348.519	10.500
348.698	-11.500
348.876	-0.500
349.055	21.500
349.234	49.500
349.412	59.500
349.591	27.500
349.769	19.500
349.948	53.500
350.126	74.500
350.305	44.500
350.483	11.500
350.662	-7.500
350.840	39.500
351.019	52.500
351.197	23.500
351.376	23.500
351.554	57.500
351.733	8.500
351.912	10.500
352.090	66.500
352.269	41.500
352.447	39.500
352.626	30.500
352.804	15.500
352.983	25.500
353.161	33.500
353.340	22.500
353.518	62.500
353.697	61.500
353.875	50.500
354.054	45.500
354.232	17.500
354.411	33.500
354.590	28.500
354.768	83.500
354.947	56.500
355.125	-24.500
355.304	3.500
355.482	16.500
355.661	4.500
355.839	-8.500
356.018	-17.500
356.196	38.500
356.375	30.500
356.553	46.500
356.732	52.500
356.910	57.500
357.089	20.500
357.268	10.500
357.446	17.500
357.625	-7.500
357.803	-3.500
357.982	23.500
358.160	17.500
358.339	21.500
358.517	26.500
358.696	-9.500
358.874	-41.500
359.053	23.500
359.231	-1.500
359.410	-31.500
359.588	4.500
359.767	35.500
359.945	70.500
360.124	52.500
360.303	58.500
360.481	32.500
360.660	3.500
360.838	6.500
361.017	32.500
361.195	17.500
361.374	15.500
361.552	7.500
361.731	20.500
361.909	47.500
362.088	34.500
362.266	14.500
362.445	-0.500
362.623	23.500
362.802	49.500
362.981	66.500
363.159	85.500
363.338	44.500
363.516	94.500
363.695	58.500
363.873	18.500
364.052	9.500
364.230	12.500
364.409	27.500
364.587	-14.500
364.766	-4.500
364.944	39.500
365.123	31.500
365.301	24.500
365.480	28.500
365.660	8.500
365.839	20.500
366.019	22.500
366.199	2.500
366.379	11.500
366.558	94.500
366.738	105.500
366.918	86.500
367.098	29.500
367.277	20.500
367.457	40.500
367.637	25.500
367.816	41.500
367.996	29.500
368.176	2.500
368.356	28.500
368.535	28.500
368.715	69.500
368.895	61.500
369.075	6.500
369.254	10.500
369.434	55.500
369.614	58.500
369.793	8.500
369.973	8.500
370.153	43.500
370.333	66.500
370.512	54.500
370.692	37.500
370.872	-2.500
371.051	22.500
371.231	70.500
371.411	63.500
371.591	10.500
371.770	22.500
371.950	26.500
372.130	32.500
372.310	9.500
372.489	-2.500
372.669	26.500
372.849	59.500
373.028	54.500
373.208	50.500
373.388	30.500
373.568	13.500
373.747	28.500
373.927	60.500
374.107	56.500
374.287	73.500
374.466	49.500
374.646	3.500
374.826	6.500
375.005	7.500
375.185	25.500
375.365	103.500
375.545	96.500
375.724	90.500
375.904	63.500
376.084	17.500
376.263	34.500
376.443	39.500
376.623	58.500
376.803	94.500
376.982	67.500
377.162	41.500
377.342	30.500
377.522	40.500
377.701	62.500
377.881	47.500
378.061	76.500
378.240	65.500
378.420	7.500
378.600	21.500
378.780	62.500
378.959	22.500
379.139	48.500
379.319	34.500
379.499	35.500
379.678	55.500
379.858	39.500
380.038	19.500
380.217	27.500
380.397	58.500
380.577	46.500
380.757	2.500
380.936	50.500
381.116	56.500
381.296	20.500
381.476	29.500
381.655	19.500
381.835	8.500
382.015	36.500
382.194	97.500
382.374	93.500
382.554	127.500
382.734	107.500
382.913	58.500
383.093	59.500
383.273	62.500
383.452	52.500
383.632	16.500
383.812	29.500
383.992	86.500
384.171	78.500
384.351	121.500
384.531	126.500
384.711	74.500
384.890	32.500
385.070	41.500
385.250	28.500
385.429	11.500
385.609	28.500
385.789	44.500
385.969	66.500
386.148	76.500
386.328	70.500
386.508	53.500
386.688	28.500
386.867	18.500
387.047	21.500
387.227	42.500
387.406	94.500
387.586	66.500
387.766	63.500
387.946	90.500
388.125	78.500
388.305	18.500
388.485	7.500
388.664	33.500
388.844	30.500
389.024	9.500
389.204	55.500
389.383	64.500
389.563	20.500
389.743	31.500
389.923	46.500
390.102	52.500
390.282	20.500
390.462	2.500
390.641	43.500
390.821	-8.500
391.001	9.500
391.181	45.500
391.360	22.500
391.540	69.500
391.720	62.500
391.900	16.500
392.079	13.500
392.259	24.500
392.439	-1.500
392.618	43.500
392.798	73.500
392.978	58.500
393.158	26.500
393.337	37.500
393.517	22.500
393.697	41.500
393.877	54.500
394.056	33.500
394.236	38.500
394.416	71.500
394.595	45.500
394.775	59.500
394.955	72.500
395.135	76.500
395.314	51.500
395.494	63.500
395.674	74.500
395.853	65.500
396.033	32.500
396.213	16.500
396.393	4.500
396.572	58.500
396.752	80.500
396.932	81.500
397.112	54.500
397.291	41.500
397.471	49.500
397.651	22.500
397.830	41.500
398.010	73.500
398.190	78.500
398.370	93.500
398.549	85.500
398.729	74.500
398.909	73.500
399.089	42.500
399.268	59.500
399.448	49.500
399.628	65.500
399.807	75.500
399.987	95.500
400.167	86.500
400.347	101.500
400.526	64.500
400.706	22.500
400.886	20.500
401.065	27.500
401.245	30.500
401.425	61.500
401.605	50.500
401.784	33.500
401.964	44.500
402.144	53.500
402.324	38.500
402.503	47.500
402.683	41.500
402.863	-0.500
403.042	23.500
403.222	35.500
403.402	69.500
403.582	65.500
403.761	70.500
403.941	109.500
404.121	81.500
404.301	40.500
404.480	76.500
404.660	102.500
404.844	111.500
405.029	89.500
405.213	65.500
405.398	70.500
405.582	56.500
405.767	5.500
405.951	10.500
406.136	62.500
406.320	42.500
406.505	41.500
406.689	72.500
406.874	83.500
407.058	93.500
407.243	62.500
407.427	87.500
407.612	96.500
407.796	41.500
407.981	36.500
408.165	5.500
408.350	34.500
408.534	43.500
408.719	39.500
408.903	90.500
409.088	86.500
409.272	76.500
409.457	60.500
409.641	76.500
409.826	66.500
410.010	41.500
410.195	51.500
410.379	69.500
410.564	113.500
410.748	101.500
410.933	71.500
411.117	39.500
411.302	47.500
411.486	74.500
411.671	63.500
411.855	61.500
412.040	109.500
412.224	88.500
412.409	60.500
412.593	93.500
412.778	119.500
412.962	110.500
413.147	140.500
413.331	102.500
413.516	56.500
413.700	68.500
413.885	148.500
414.069	123.500
414.254	102.500
414.438	98.500
414.623	93.500
414.807	129.500
414.992	165.500
415.176	132.500
415.361	85.500
415.545	130.500
415.730	147.500
415.914	127.500
416.099	140.500
416.283	129.500
416.468	106.500
416.652	124.500
416.837	133.500
417.021	124.500
417.206	126.500
417.390	145.500
417.575	161.500
417.759	187.500
417.944	210.500
418.128	208.500
418.313	223.500
418.497	226.500
418.682	194.500
418.866	209.500
419.051	190.500
419.235	252.500
419.420	307.500
419.604	344.500
419.789	334.500
419.973	335.500
420.158	319.500
420.342	294.500
420.527	297.500
420.711	336.500
420.896	392.500
421.080	366.500
421.265	335.500
421.449	339.500
421.634	396.500
421.818	398.500
422.003	389.500
422.187	434.500
422.372	437.500
422.556	436.500
422.741	472.500
422.925	533.500
423.110	532.500
423.294	544.500
423.479	564.500
423.663	579.500
423.848	590.500
424.032	646.500
424.217	653.500
424.401	687.500
424.586	718.500
424.770	676.500
424.955	700.500
425.139	767.500
425.324	788.500
425.508	738.500
425.693	790.500
425.877	808.500
426.062	829.500
426.246	930.500
426.431	1001.500
426.615	964.500
426.800	969.500
426.984	1032.500
427.169	1015.500
427.353	1074.500
427.538	1083.500
427.722	1148.500
427.907	1200.500
428.091	1240.500
428.276	1257.500
428.460	1308.500
428.645	1338.500
428.829	1379.500
429.014	1369.500
429.198	1399.500
429.383	1472.500
429.567	1496.500
429.752	1562.500
429.936	1685.500
430.121	1702.500
430.305	1705.500
430.490	1706.500
430.674	1766.500
430.859	1813.500
431.043	1901.500
431.228	1931.500
431.412	1978.500
431.597	1975.500
431.781	2077.500
431.966	2153.500
432.150	2168.500
432.335	2195.500
432.519	2256.500
432.704	2319.500
432.888	2329.500
433.073	2331.500
433.257	2364.500
433.442	2472.500
433.626	2522.500
433.811	2577.500
433.995	2682.500
434.180	2812.500
434.364	2863.500
434.549	2902.500
434.733	2949.500
434.918	3009.500
435.102	3034.500
435.287	3000.500
435.471	3084.500
435.656	3233.500
435.840	3310.500
436.030	3424.500
436.219	3472.500
436.409	3568.500
436.599	3605.500
436.789	3672.500
436.978	3781.500
437.168	3869.500
437.358	3946.500
437.548	3940.500
437.737	4032.500
437.927	4127.500
438.117	4194.500
438.306	4322.500
438.496	4460.500
438.686	4431.500
438.876	4529.500
439.065	4639.500
439.255	4762.500
439.445	4856.500
439.634	5024.500
439.824	5028.500
440.014	5095.500
440.204	5341.500
440.393	5568.500
440.583	5646.500
440.773	5742.500
440.963	5890.500
441.152	6100.500
441.342	6261.500
441.532	6521.500
441.721	6673.500
441.911	6777.500
442.101	6910.500
442.291	7177.500
442.480	7385.500
442.670	7561.500
442.860	7815.500
443.050	8021.500
443.239	8344.500
443.429	8518.500
443.619	8622.500
443.808	8938.500
443.998	9285.500
444.188	9608.500
444.378	9864.500
444.567	10138.500
444.757	10390.500
444.947	10645.500
445.137	11109.500
445.326	11426.500
445.516	11655.500
445.706	11897.500
445.895	12258.500
446.085	12633.500
446.275	13001.500
446.465	13405.500
446.654	13720.500
446.844	14042.500
447.034	14283.500
447.223	14528.500
447.413	14890.500
447.603	15356.500
447.793	15682.500
447.982	15877.500
448.172	16104.500
448.362	16537.500
448.552	16822.500
448.741	17191.500
448.931	17500.500
449.121	17728.500
449.310	18096.500
449.500	18313.500
449.690	18469.500
449.880	18840.500
450.069	19102.500
450.259	19318.500
450.449	19501.500
450.639	19621.500
450.828	19651.500
451.018	19936.500
451.208	20069.500
451.397	20100.500
451.587	20070.500
451.777	20076.500
451.967	20296.500
452.156	20279.500
452.346	20161.500
452.536	19972.500
452.725	20057.500
452.915	20122.500
453.105	19885.500
453.295	19685.500
453.484	19503.500
453.674	19374.500
453.864	19097.500
454.054	18832.500
454.243	18582.500
454.433	18263.500
454.623	18176.500
454.812	17800.500
455.002	17446.500
455.192	17334.500
455.382	16957.500
455.571	16629.500
455.761	16370.500
455.951	16075.500
456.141	15675.500
456.330	15327.500
456.520	14921.500
456.710	14563.500
456.899	14198.500
457.089	13802.500
457.279	13634.500
457.469	13446.500
457.658	13110.500
457.848	12785.500
458.038	12426.500
458.228	12140.500
458.417	11802.500
458.607	11390.500
458.797	11175.500
458.986	10972.500
459.176	10860.500
459.366	10470.500
459.556	10363.500
459.745	10121.500
459.935	9910.500
460.125	9674.500
460.314	9349.500
460.504	9146.500
460.694	9034.500
460.884	8899.500
461.073	8697.500
461.263	8564.500
461.453	8380.500
461.643	8172.500
461.832	8035.500
462.022	7995.500
462.212	7833.500
462.401	7757.500
462.591	7654.500
462.781	7545.500
462.971	7506.500
463.160	7338.500
463.350	7193.500
463.540	7193.500
463.730	7158.500
463.919	7071.500
464.109	6965.500
464.299	6861.500
464.488	6785.500
464.678	6709.500
464.868	6646.500
465.058	6749.500
465.247	6743.500
465.437	6684.500
465.627	6529.500
465.816	6356.500
466.006	6285.500
466.196	6279.500
466.386	6330.500
466.575	6261.500
466.765	6243.500
466.955	6244.500
467.145	6178.500
467.334	6167.500
467.524	6057.500
467.714	5949.500
467.903	5946.500
468.093	5781.500
468.283	5660.500
468.473	5670.500
468.662	5620.500
468.852	5578.500
469.042	5550.500
469.232	5355.500
469.421	5298.500
469.611	5217.500
469.801	5212.500
469.990	5143.500
470.180	5030.500
470.370	4977.500
470.560	4901.500
470.749	4805.500
470.939	4740.500
471.129	4670.500
471.318	4470.500
471.508	4419.500
471.698	4371.500
471.888	4274.500
472.077	4168.500
472.267	4135.500
472.457	4113.500
472.647	4004.500
472.836	3946.500
473.026	3907.500
473.216	3764.500
473.405	3735.500
473.595	3741.500
473.785	3664.500
473.975	3562.500
474.164	3424.500
474.354	3385.500
474.544	3292.500
474.734	3247.500
474.923	3188.500
475.113	3172.500
475.303	3120.500
475.492	2982.500
475.682	2987.500
475.872	2943.500
476.062	2914.500
476.251	2904.500
476.441	2806.500
476.631	2745.500
476.821	2775.500
477.010	2747.500
477.200	2647.500
477.390	2556.500
477.579	2603.500
477.769	2569.500
477.959	2509.500
478.149	2542.500
478.338	2516.500
478.528	2494.500
478.718	2409.500
478.907	2431.500
479.097	2393.500
479.287	2327.500
479.477	2371.500
479.666	2391.500
479.856	2373.500
480.046	2362.500
480.236	2299.500
480.425	2232.500
480.615	2205.500
480.805	2159.500
480.994	2188.500
481.184	2294.500
481.374	2266.500
481.564	2178.500
481.753	2166.500
481.943	2170.500
482.133	2111.500
482.323	2154.500
482.512	2182.500
482.702	2163.500
482.892	2097.500
483.081	2106.500
483.271	2085.500
483.461	2112.500
483.651	2112.500
483.840	2081.500
484.030	2101.500
484.220	2087.500
484.409	2125.500
484.599	2088.500
484.789	2012.500
484.979	2017.500
485.168	2075.500
485.358	2087.500
485.548	2115.500
485.738	2132.500
485.927	2061.500
486.117	2048.500
486.307	2024.500
486.496	1996.500
486.686	2054.500
486.876	2015.500
487.066	2028.500
487.255	2027.500
487.445	2017.500
487.635	1983.500
487.825	2000.500
488.014	2000.500
488.204	1963.500
488.394	1960.500
488.583	2039.500
488.773	2006.500
488.963	1965.500
489.153	2017.500
489.342	2065.500
489.532	2081.500
489.722	2113.500
489.912	2097.500
490.101	2111.500
490.291	2047.500
490.481	2105.500
490.670	2135.500
490.860	2072.500
491.050	2133.500
491.240	2123.500
491.429	2118.500
491.619	2108.500
491.809	2166.500
491.998	2172.500
492.188	2223.500
492.378	2195.500
492.568	2208.500
492.757	2175.500
492.947	2296.500
493.137	2341.500
493.327	2287.500
493.516	2306.500
493.706	2315.500
493.896	2397.500
494.085	2401.500
494.275	2410.500
494.465	2432.500
494.655	2503.500
494.844	2500.500
495.034	2414.500
495.224	2473.500
495.414	2566.500
495.603	2592.500
495.793	2598.500
495.983	2726.500
496.172	2753.500
496.362	2716.500
496.552	2736.500
496.742	2856.500
496.931	2886.500
497.121	2922.500
497.311	2941.500
497.500	2999.500
497.690	3027.500
497.880	3006.500
498.070	2977.500
498.259	3082.500
498.449	3130.500
498.639	3152.500
498.829	3178.500
499.018	3227.500
499.208	3254.500
499.398	3331.500
499.587	3474.500
499.777	3539.500
499.967	3562.500
500.157	3567.500
500.346	3542.500
500.536	3581.500
500.726	3700.500
500.916	3745.500
501.105	3782.500
501.295	3849.500
501.485	3930.500
501.674	3952.500
501.864	4025.500
502.054	4116.500
502.244	4095.500
502.433	4109.500
502.623	4139.500
502.813	4257.500
503.003	4345.500
503.192	4372.500
503.382	4447.500
503.572	4505.500
503.761	4494.500
503.951	4619.500
504.141	4673.500
504.331	4660.500
504.520	4733.500
504.710	4765.500
504.900	4861.500
505.089	5025.500
505.279	4991.500
505.469	5030.500
505.659	5049.500
505.848	5099.500
506.038	5247.500
506.228	5238.500
506.418	5278.500
506.607	5327.500
506.797	5346.500
506.987	5410.500
507.176	5573.500
507.366	5606.500
507.556	5616.500
507.746	5730.500
507.935	5756.500
508.125	5787.500
508.315	5732.500
508.505	5804.500
508.694	5928.500
508.884	6009.500
509.074	6128.500
509.263	6117.500
509.453	6095.500
509.643	6264.500
509.833	6341.500
510.022	6368.500
510.212	6405.500
510.402	6480.500
510.592	6552.500
510.781	6563.500
510.971	6566.500
511.161	6681.500
511.350	6700.500
511.540	6735.500
511.730	6735.500
511.920	6734.500
512.109	6830.500
512.299	6912.500
512.489	6875.500
512.678	6966.500
512.868	7047.500
513.058	7129.500
513.248	7040.500
513.437	7071.500
513.627	7208.500
513.817	7323.500
514.007	7315.500
514.196	7330.500
514.386	7414.500
514.576	7437.500
514.765	7416.500
514.955	7502.500
515.145	7504.500
515.335	7554.500
515.524	7585.500
515.714	7674.500
515.904	7660.500
516.094	7732.500
516.283	7714.500
516.473	7754.500
516.663	7804.500
516.852	7921.500
517.042	8003.500
517.232	7982.500
517.422	7927.500
517.611	8056.500
517.801	8159.500
517.991	8157.500
518.180	8153.500
518.370	8105.500
518.560	8192.500
518.750	8313.500
518.939	8338.500
519.129	8284.500
519.319	8451.500
519.509	8455.500
519.698	8446.500
519.888	8490.500
520.078	8550.500
520.267	8581.500
520.457	8675.500
520.647	8668.500
520.837	8666.500
521.026	8729.500
521.216	8746.500
521.406	8840.500
521.596	8878.500
521.785	8866.500
521.975	8876.500
522.165	8816.500
522.354	8967.500
522.544	9118.500
522.734	9110.500
522.924	9026.500
523.113	9023.500
523.303	9051.500
523.493	9135.500
523.683	9220.500
523.872	9209.500
524.062	9240.500
524.252	9193.500
524.441	9302.500
524.631	9374.500
524.821	9317.500
525.011	9300.500
525.200	9467.500
525.390	9519.500
525.580	9515.500
525.769	9540.500
525.959	9534.500
526.149	9580.500
526.339	9699.500
526.528	9675.500
526.718	9574.500
526.908	9524.500
527.098	9651.500
527.287	9740.500
527.477	9715.500
527.667	9706.500
527.856	9671.500
528.046	9784.500
528.236	9893.500
528.426	9933.500
528.615	9962.500
528.805	9791.500
528.995	9804.500
529.185	9797.500
529.374	9920.500
529.564	9908.500
529.754	9986.500
529.943	9967.500
530.133	9882.500
530.323	9913.500
530.513	10025.500
530.702	9945.500
530.892	9976.500
531.082	9916.500
531.271	9847.500
531.461	9843.500
531.651	9884.500
531.841	9947.500
532.030	9934.500
532.220	9878.500
532.410	9868.500
532.600	9838.500
532.789	9789.500
532.979	9904.500
533.169	9912.500
533.358	9797.500
533.548	9783.500
533.738	9732.500
533.928	9756.500
534.117	9776.500
534.307	9856.500
534.497	9839.500
534.687	9876.500
534.876	9768.500
535.066	9750.500
535.256	9808.500
535.445	9732.500
535.635	9712.500
535.825	9623.500
536.015	9603.500
536.204	9613.500
536.394	9693.500
536.584	9690.500
536.773	9586.500
536.963	9612.500
537.153	9627.500
537.343	9643.500
537.532	9621.500
537.722	9528.500
537.912	9539.500
538.102	9581.500
538.291	9591.500
538.481	9541.500
538.671	9619.500
538.860	9578.500
539.050	9670.500
539.240	9630.500
539.430	9577.500
539.619	9652.500
539.809	9646.500
539.999	9600.500
540.189	9676.500
540.378	9621.500
540.568	9553.500
540.758	9562.500
540.947	9645.500
541.137	9623.500
541.327	9687.500
541.517	9698.500
541.706	9581.500
541.896	9593.500
542.086	9575.500
542.276	9592.500
542.465	9631.500
542.655	9631.500
542.845	9632.500
543.034	9564.500
543.224	9636.500
543.414	9645.500
543.604	9627.500
543.793	9610.500
543.983	9499.500
544.173	9401.500
544.362	9482.500
544.552	9506.500
544.742	9557.500
544.932	9518.500
545.121	9468.500
545.311	9465.500
545.501	9500.500
545.691	9415.500
545.880	9389.500
546.070	9406.500
546.264	9532.500
546.459	9634.500
546.653	9575.500
546.847	9443.500
547.041	9467.500
547.236	9483.500
547.430	9454.500
547.624	9336.500
547.818	9314.500
548.013	9491.500
548.207	9520.500
548.401	9456.500
548.596	9434.500
548.790	9406.500
548.984	9317.500
549.178	9382.500
549.373	9494.500
549.567	9455.500
549.761	9327.500
549.956	9307.500
550.150	9382.500
550.344	9367.500
550.538	9430.500
550.733	9420.500
550.927	9355.500
551.121	9211.500
551.315	9238.500
551.510	9365.500
551.704	9319.500
551.898	9280.500
552.093	9320.500
552.287	9343.500
552.481	9372.500
552.675	9238.500
552.870	9147.500
553.064	9105.500
553.258	9217.500
553.453	9192.500
553.647	9255.500
553.841	9166.500
554.035	9178.500
554.230	9309.500
554.424	9305.500
554.618	9269.500
554.812	9164.500
555.007	9156.500
555.201	9218.500
555.395	9217.500
555.590	9327.500
555.784	9361.500
555.978	9324.500
556.172	9172.500
556.367	9097.500
556.561	8993.500
556.755	9069.500
556.949	9151.500
557.144	9083.500
557.338	9131.500
557.532	9250.500
557.727	9221.500
557.921	9142.500
558.115	9193.500
558.309	9141.500
558.504	9144.500
558.698	9138.500
558.892	9153.500
559.087	9160.500
559.281	9264.500
559.475	9250.500
559.669	9150.500
559.864	9087.500
560.058	9138.500
560.252	9175.500
560.446	9131.500
560.641	9292.500
560.835	9413.500
561.029	9394.500
561.224	9242.500
561.418	9066.500
561.612	8981.500
561.806	9094.500
562.001	9052.500
562.195	9054.500
562.389	9122.500
562.584	9081.500
562.778	9104.500
562.972	9048.500
563.166	9104.500
563.361	9128.500
563.555	9005.500
563.749	9138.500
563.943	9122.500
564.138	8938.500
564.332	9028.500
564.526	9101.500
564.721	9113.500
564.915	9171.500
565.109	9061.500
565.303	8972.500
565.498	9028.500
565.692	9090.500
565.886	9031.500
566.081	8980.500
566.275	9023.500
566.469	8994.500
566.663	8931.500
566.858	8903.500
567.052	8978.500
567.246	8996.500
567.440	8985.500
567.635	8902.500
567.829	8961.500
568.023	8948.500
568.218	8893.500
568.412	8990.500
568.606	8851.500
568.800	8889.500
568.995	8942.500
569.189	8832.500
569.383	8805.500
569.577	8839.500
569.772	8908.500
569.966	8919.500
570.160	8864.500
570.355	8787.500
570.549	8719.500
570.743	8780.500
570.937	8726.500
571.132	8616.500
571.326	8669.500
571.520	8668.500
571.715	8549.500
571.909	8562.500
572.103	8588.500
572.297	8706.500
572.492	8670.500
572.686	8688.500
572.880	8658.500
573.074	8649.500
573.269	8537.500
573.463	8472.500
573.657	8574.500
573.852	8550.500
574.046	8461.500
574.240	8521.500
574.434	8595.500
574.629	8550.500
574.823	8550.500
575.017	8481.500
575.212	8321.500
575.406	8418.500
575.600	8459.500
575.794	8321.500
575.989	8385.500
576.183	8321.500
576.377	8346.500
576.571	8394.500
576.766	8323.500
576.960	8238.500
577.159	8187.500
577.357	8294.500
577.556	8296.500
577.755	8230.500
577.953	8250.500
578.152	8189.500
578.350	8142.500
578.549	7972.500
578.748	7960.500
578.946	7883.500
579.145	8017.500
579.344	8138.500
579.542	8192.500
579.741	8209.500
579.940	8144.500
580.138	8047.500
580.337	7973.500
580.535	8114.500
580.734	8110.500
580.933	8052.500
581.131	8074.500
581.330	8214.500
581.529	8279.500
581.727	8317.500
581.926	8390.500
582.125	8379.500
582.323	8307.500
582.522	8296.500
582.721	8333.500
582.919	8407.500
583.118	8250.500
583.316	8307.500
583.515	8311.500
583.714	8402.500
583.912	8333.500
584.111	8351.500
584.310	8428.500
584.508	8390.500
584.707	8339.500
584.906	8518.500
585.104	8532.500
585.303	8460.500
585.501	8406.500
585.700	8466.500
585.899	8490.500
586.097	8362.500
586.296	8500.500
586.495	8431.500
586.693	8400.500
586.892	8375.500
587.091	8430.500
587.289	8485.500
587.488	8345.500
587.686	8148.500
587.885	8280.500
588.084	8252.500
588.282	8061.500
588.481	8101.500
588.680	8070.500
588.878	8064.500
589.077	8182.500
589.276	8130.500
589.474	7969.500
589.673	8117.500
589.871	8110.500
590.070	8081.500
590.269	8134.500
590.467	8084.500
590.666	8073.500
590.865	8030.500
591.063	8013.500
591.262	7991.500
591.461	8046.500
591.659	7997.500
591.858	8114.500
592.056	8026.500
592.255	8021.500
592.454	7971.500
592.652	7933.500
592.851	7922.500
593.050	7960.500
593.248	7937.500
593.447	7854.500
593.646	7896.500
593.844	7796.500
594.043	7707.500
594.241	7675.500
594.440	7685.500
594.639	7678.500
594.837	7682.500
595.036	7651.500
595.235	7639.500
595.433	7526.500
595.632	7518.500
595.831	7478.500
596.029	7560.500
596.228	7584.500
596.427	7499.500
596.625	7561.500
596.824	7609.500
597.022	7524.500
597.221	7550.500
597.420	7471.500
597.618	7413.500
597.817	7409.500
598.016	7468.500
598.214	7615.500
598.413	7534.500
598.612	7312.500
598.810	7346.500
599.009	7351.500
599.207	7471.500
599.406	7432.500
599.605	7270.500
599.803	7316.500
600.002	7388.500
600.201	7320.500
600.399	7261.500
600.598	7258.500
600.797	7304.500
600.995	7293.500
601.194	7223.500
601.392	7183.500
601.591	7201.500
601.790	7186.500
601.988	7152.500
602.187	7120.500
602.386	6998.500
602.584	7081.500
602.783	7125.500
602.982	7083.500
603.180	7057.500
603.379	7074.500
603.577	7006.500
603.776	6896.500
603.975	6898.500
604.173	6898.500
604.372	6857.500
604.571	6872.500
604.769	6852.500
604.968	6946.500
605.167	6941.500
605.365	6985.500
605.564	6970.500
605.762	6916.500
605.961	6769.500
606.160	6740.500
606.358	6887.500
606.557	6870.500
606.756	6879.500
606.954	6865.500
607.153	6790.500
607.352	6781.500
607.550	6807.500
607.749	6731.500
607.948	6712.500
608.146	6646.500
608.345	6604.500
608.543	6675.500
608.742	6613.500
608.941	6625.500
609.139	6631.500
609.338	6506.500
609.537	6517.500
609.735	6498.500
609.934	6486.500
610.133	6473.500
610.331	6572.500
610.530	6572.500
610.728	6437.500
610.927	6420.500
611.126	6406.500
611.324	6461.500
611.523	6371.500
611.722	6317.500
611.920	6320.500
612.119	6266.500
612.318	6297.500
612.516	6304.500
612.715	6239.500
612.913	6250.500
613.112	6191.500
613.311	6191.500
613.509	6120.500
613.708	6111.500
613.907	6077.500
614.105	6041.500
614.304	6043.500
614.503	6054.500
614.701	5948.500
614.900	5870.500
615.098	5827.500
615.297	5822.500
615.496	5884.500
615.694	5910.500
615.893	5837.500
616.092	5826.500
616.290	5812.500
616.489	5764.500
616.688	5682.500
616.886	5734.500
617.085	5616.500
617.283	5649.500
617.482	5625.500
617.681	5606.500
617.879	5625.500
618.078	5601.500
618.277	5564.500
618.475	5465.500
618.674	5472.500
618.873	5444.500
619.071	5422.500
619.270	5403.500
619.468	5407.500
619.667	5413.500
619.866	5372.500
620.064	5245.500
620.263	5328.500
620.462	5290.500
620.660	5253.500
620.859	5260.500
621.058	5194.500
621.256	5189.500
621.455	5190.500
621.654	5150.500
621.852	4989.500
622.051	4973.500
622.249	4960.500
622.448	4996.500
622.647	5037.500
622.845	4986.500
623.044	4942.500
623.243	4903.500
623.441	4904.500
623.640	4887.500
623.839	4879.500
624.037	4884.500
624.236	4856.500
624.434	4790.500
624.633	4757.500
624.832	4862.500
625.030	4764.500
625.229	4677.500
625.428	4724.500
625.626	4780.500
625.825	4685.500
626.024	4652.500
626.222	4781.500
626.421	4687.500
626.619	4622.500
626.818	4516.500
627.017	4496.500
627.215	4551.500
627.414	4467.500
627.613	4319.500
627.811	4348.500
628.010	4352.500
628.209	4453.500
628.407	4417.500
628.606	4332.500
628.804	4274.500
629.003	4221.500
629.202	4193.500
629.400	4210.500
629.599	4175.500
629.798	4111.500
629.996	4049.500
630.195	4014.500
630.394	3996.500
630.592	3998.500
630.791	3922.500
630.990	3932.500
631.188	3918.500
631.387	3882.500
631.585	3891.500
631.784	3928.500
631.983	3845.500
632.181	3806.500
632.380	3759.500
632.579	3722.500
632.777	3687.500
632.976	3616.500
633.175	3555.500
633.373	3600.500
633.572	3578.500
633.770	3548.500
633.969	3553.500
634.168	3512.500
634.366	3493.500
634.565	3478.500
634.764	3480.500
634.962	3436.500
635.161	3421.500
635.360	3399.500
635.558	3402.500
635.757	3403.500
635.955	3303.500
636.154	3351.500
636.353	3287.500
636.551	3254.500
636.750	3210.500
636.949	3204.500
637.147	3221.500
637.346	3183.500
637.545	3219.500
637.743	3201.500
637.942	3114.500
638.140	3071.500
638.339	3132.500
638.538	3182.500
638.736	3046.500
638.935	2944.500
639.134	2894.500
639.332	2885.500
639.531	2832.500
639.730	2846.500
639.928	2906.500
640.127	2874.500
640.325	2853.500
640.524	2849.500
640.723	2771.500
640.921	2815.500
641.120	2785.500
641.319	2797.500
641.517	2681.500
641.716	2647.500
641.915	2656.500
642.113	2624.500
642.312	2635.500
642.510	2494.500
642.709	2435.500
642.908	2541.500
643.106	2592.500
643.305	2533.500
643.504	2454.500
643.702	2404.500
643.901	2460.500
644.100	2480.500
644.298	2398.500
644.497	2380.500
644.696	2408.500
644.894	2443.500
645.093	2393.500
645.291	2316.500
645.490	2257.500
645.689	2170.500
645.887	2167.500
646.086	2186.500
646.285	2214.500
646.483	2127.500
646.682	2118.500
646.881	2047.500
647.079	1989.500
647.278	1942.500
647.476	1914.500
647.675	1952.500
647.874	1912.500
648.072	1858.500
648.271	1765.500
648.470	1639.500
648.668	1662.500
648.867	1613.500
649.066	1605.500
649.264	1600.500
649.463	1503.500
649.661	1407.500
649.860	1362.500
650.059	1334.500
650.257	1212.500
650.456	1195.500
650.655	1176.500
650.853	1060.500
651.052	1051.500
651.251	948.500
651.449	903.500
651.648	882.500
651.846	798.500
652.045	727.500
652.244	734.500
652.442	750.500
652.641	710.500
652.840	628.500
653.038	647.500
653.237	622.500
653.436	503.500
653.634	467.500
653.833	480.500
654.032	402.500
654.230	345.500
654.429	347.500
654.627	374.500
654.826	345.500
655.025	282.500
655.223	310.500
655.422	290.500
655.621	266.500
655.819	266.500
656.018	247.500
656.217	233.500
656.415	223.500
656.614	238.500
656.812	220.500
657.011	181.500
657.210	127.500
657.408	156.500
657.607	190.500
657.806	166.500
658.004	160.500
658.203	112.500
658.402	152.500
658.600	138.500
658.799	130.500
658.997	116.500
659.196	121.500
659.395	110.500
659.593	98.500
659.792	124.500
659.991	132.500
660.189	141.500
660.388	133.500
660.587	124.500
660.785	118.500
660.984	97.500
661.182	76.500
661.381	101.500
661.580	92.500
661.778	47.500
661.977	110.500
662.176	116.500
662.374	87.500
662.573	119.500
662.772	150.500
662.970	108.500
663.169	48.500
663.367	33.500
663.566	67.500
663.765	104.500
663.963	120.500
664.162	124.500
664.361	63.500
664.559	81.500
664.758	121.500
664.957	101.500
665.155	72.500
665.354	59.500
665.552	111.500
665.751	143.500
665.950	114.500
666.148	76.500
666.347	93.500
666.546	127.500
666.744	150.500
666.943	136.500
667.142	110.500
667.340	138.500
667.539	141.500
667.738	135.500
667.936	131.500
668.135	96.500
668.333	79.500
668.532	101.500
668.731	117.500
668.929	97.500
669.128	89.500
669.327	108.500
669.525	117.500
669.724	68.500
669.923	116.500
670.121	128.500
670.320	106.500
670.518	118.500
670.717	134.500
670.916	69.500
671.114	51.500
671.313	78.500
671.512	62.500
671.710	83.500
671.909	111.500
672.108	147.500
672.306	183.500
672.505	144.500
672.703	148.500
672.902	153.500
673.101	119.500
673.299	150.500
673.498	158.500
673.697	189.500
673.895	146.500
674.094	167.500
674.293	169.500
674.491	193.500
674.690	176.500
674.888	114.500
675.087	152.500
675.286	162.500
675.484	159.500
675.683	155.500
675.882	135.500
676.080	183.500
676.279	195.500
676.478	166.500
676.676	154.500
676.875	188.500
677.073	188.500
677.272	151.500
677.471	183.500
677.669	212.500
677.868	164.500
678.067	152.500
678.265	172.500
678.464	170.500
678.663	173.500
678.861	179.500
679.060	193.500
679.259	190.500
679.457	209.500
679.656	198.500
679.854	183.500
680.053	172.500
680.252	201.500
680.450	212.500
680.649	223.500
680.848	219.500
681.046	172.500
681.245	174.500
681.444	247.500
681.642	250.500
681.841	257.500
682.039	299.500
682.238	288.500
682.437	247.500
682.635	237.500
682.834	257.500
683.033	220.500
683.231	225.500
683.430	245.500
683.629	234.500
683.827	277.500
684.026	289.500
684.224	307.500
684.423	318.500
684.622	279.500
684.820	241.500
685.019	284.500
685.218	349.500
685.416	337.500
685.615	323.500
685.814	342.500
686.012	332.500
686.211	306.500
686.409	342.500
686.608	326.500
686.807	348.500
687.005	376.500
687.204	389.500
687.403	353.500
687.601	384.500
687.800	395.500
687.999	372.500
688.197	358.500
688.396	321.500
688.594	371.500
688.793	432.500
688.992	425.500
689.190	436.500
689.389	434.500
689.588	429.500
689.786	433.500
689.985	428.500
690.184	415.500
690.382	410.500
690.581	446.500
690.779	514.500
690.978	469.500
691.177	475.500
691.375	506.500
691.574	502.500
691.773	514.500
691.971	526.500
692.170	519.500
692.369	495.500
692.567	522.500
692.766	548.500
692.965	585.500
693.163	527.500
693.362	532.500
693.560	580.500
693.759	578.500
693.958	598.500
694.156	600.500
694.355	598.500
694.554	651.500
694.752	661.500
694.951	658.500
695.150	618.500
695.348	630.500
695.547	684.500
695.745	722.500
695.944	684.500
696.143	626.500
696.341	663.500
696.540	711.500
696.743	721.500
696.946	721.500
697.149	734.500
697.352	738.500
697.555	710.500
697.757	734.500
697.960	782.500
698.163	796.500
698.366	805.500
698.569	852.500
698.772	835.500
698.975	860.500
699.178	851.500
699.381	846.500
699.584	912.500
699.787	897.500
699.989	944.500
700.192	951.500
700.395	926.500
700.598	964.500
700.801	994.500
701.004	962.500
701.207	995.500
701.410	1018.500
701.613	1040.500
701.816	1040.500
702.019	1037.500
702.221	1123.500
702.424	1130.500
702.627	1069.500
702.830	1091.500
703.033	1131.500
703.236	1194.500
703.439	1180.500
703.642	1111.500
703.845	1118.500
704.048	1235.500
704.251	1214.500
704.453	1193.500
704.656	1284.500
704.859	1301.500
705.062	1272.500
705.265	1337.500
705.468	1301.500
705.671	1271.500
705.874	1344.500
706.077	1371.500
706.280	1333.500
706.483	1396.500
706.685	1416.500
706.888	1456.500
707.091	1498.500
707.294	1522.500
707.497	1502.500
707.700	1474.500
707.903	1507.500
708.106	1521.500
708.309	1598.500
708.512	1658.500
708.715	1656.500
708.917	1651.500
709.120	1623.500
709.323	1678.500
709.526	1721.500
709.729	1726.500
709.932	1678.500
710.135	1686.500
710.338	1717.500
710.541	1756.500
710.744	1830.500
710.947	1870.500
711.149	1886.500
711.352	1876.500
711.555	1889.500
711.758	1819.500
711.961	1871.500
712.164	1874.500
712.367	1927.500
712.570	1982.500
712.773	2005.500
712.976	2015.500
713.179	1988.500
713.381	2002.500
713.584	2042.500
713.787	2112.500
713.990	2142.500
714.193	2174.500
714.396	2207.500
714.599	2263.500
714.802	2214.500
715.005	2198.500
715.208	2283.500
715.411	2352.500
715.613	2392.500
715.816	2377.500
716.019	2384.500
716.222	2408.500
716.425	2453.500
716.628	2407.500
716.831	2363.500
717.034	2419.500
717.237	2497.500
717.440	2536.500
717.643	2577.500
717.845	2627.500
718.048	2620.500
718.251	2571.500
718.454	2704.500
718.657	2757.500
718.860	2770.500
719.063	2816.500
719.266	2827.500
719.469	2791.500
719.672	2824.500
719.875	2862.500
720.077	2886.500
720.280	2915.500
720.483	2996.500
720.686	3050.500
720.889	3079.500
721.092	3019.500
721.295	3038.500
721.498	3057.500
721.701	3147.500
721.904	3252.500
722.107	3249.500
722.309	3285.500
722.512	3306.500
722.715	3339.500
722.918	3276.500
723.121	3307.500
723.324	3405.500
723.527	3355.500
723.730	3375.500
723.933	3479.500
724.136	3591.500
724.339	3601.500
724.541	3553.500
724.744	3550.500
724.947	3545.500
725.150	3521.500
725.353	3528.500
725.556	3598.500
725.759	3624.500
725.962	3571.500
726.165	3660.500
726.368	3716.500
726.571	3650.500
726.773	3668.500
726.976	3659.500
727.179	3676.500
727.382	3629.500
727.585	3703.500
727.788	3689.500
727.991	3664.500
728.194	3697.500
728.397	3665.500
728.600	3634.500
728.803	3624.500
729.005	3648.500
729.208	3705.500
729.411	3645.500
729.614	3595.500
729.817	3614.500
730.020	3628.500
730.223	3592.500
730.426	3560.500
730.629	3566.500
730.832	3531.500
731.035	3500.500
731.237	3468.500
731.440	3410.500
731.643	3370.500
731.846	3400.500
732.049	3284.500
732.252	3351.500
732.455	3409.500
732.658	3307.500
732.861	3224.500
733.064	3187.500
733.267	3101.500
733.469	3049.500
733.672	3002.500
733.875	2904.500
734.078	2919.500
734.281	2916.500
734.484	2859.500
734.687	2820.500
734.890	2837.500
735.093	2777.500
735.296	2701.500
735.499	2644.500
735.701	2654.500
735.904	2599.500
736.107	2483.500
736.310	2458.500
736.513	2424.500
736.716	2413.500
736.919	2406.500
737.122	2333.500
737.325	2267.500
737.528	2204.500
737.731	2250.500
737.933	2170.500
738.136	2083.500
738.339	2084.500
738.542	2103.500
738.745	2092.500
738.948	1969.500
739.151	1882.500
739.354	1858.500
739.557	1831.500
739.760	1825.500
739.963	1826.500
740.165	1747.500
740.368	1705.500
740.571	1682.500
740.774	1586.500
740.977	1603.500
741.180	1600.500
741.383	1556.500
741.586	1558.500
741.789	1539.500
741.992	1472.500
742.195	1441.500
742.397	1330.500
742.600	1338.500
742.803	1329.500
743.006	1280.500
743.209	1244.500
743.412	1179.500
743.615	1158.500
743.818	1142.500
744.021	1101.500
744.224	1123.500
744.427	1144.500
744.629	1099.500
744.832	1074.500
745.035	1054.500
745.238	1054.500
745.441	1002.500
745.644	954.500
745.847	954.500
746.050	922.500
746.253	878.500
746.456	881.500
746.659	917.500
746.861	862.500
747.064	798.500
747.267	737.500
747.470	728.500
747.673	771.500
747.876	824.500
748.079	800.500
748.282	775.500
748.485	765.500
748.688	696.500
748.891	656.500
749.093	623.500
749.296	656.500
749.499	645.500
749.702	609.500
749.905	565.500
750.108	548.500
750.311	530.500
750.514	535.500
750.717	523.500
750.920	518.500
751.123	497.500
751.325	443.500
751.528	439.500
751.731	439.500
751.934	450.500
752.137	460.500
752.340	463.500
752.543	415.500
752.746	422.500
752.949	398.500
753.152	384.500
753.355	383.500
753.557	335.500
753.760	323.500
753.963	335.500
754.166	323.500
754.369	350.500
754.572	358.500
754.775	355.500
754.978	349.500
755.181	326.500
755.384	290.500
755.587	297.500
755.789	289.500
755.992	301.500
756.195	302.500
756.398	302.500
756.601	307.500
756.804	260.500
757.007	282.500
757.210	257.500
757.413	184.500
757.616	201.500
757.819	253.500
758.021	252.500
758.224	219.500
758.427	247.500
758.630	201.500
758.833	209.500
759.036	214.500
759.239	213.500
759.442	190.500
759.645	194.500
759.848	211.500
760.051	206.500
760.253	230.500
760.456	253.500
760.659	192.500
760.862	162.500
761.065	146.500
761.268	125.500
761.471	127.500
761.674	161.500
761.877	166.500
762.080	160.500
762.283	121.500
762.485	101.500
762.688	85.500
762.891	62.500
763.094	76.500
763.297	106.500
763.500	121.500
763.706	159.500
763.912	128.500
764.118	116.500
764.325	149.500
764.531	116.500
764.737	74.500
764.943	56.500
765.149	87.500
765.355	74.500
765.561	103.500
765.768	107.500
765.974	97.500
766.180	108.500
766.386	127.500
766.592	158.500
766.798	44.500
767.004	-17.500
767.210	79.500
767.417	89.500
767.623	73.500
767.829	72.500
768.035	63.500
768.241	98.500
768.447	125.500
768.653	34.500
768.860	49.500
769.066	74.500
769.272	48.500
769.478	14.500
769.684	85.500
769.890	102.500
770.096	83.500
770.303	88.500
770.509	44.500
770.715	45.500
770.921	53.500
771.127	71.500
771.333	82.500
771.539	54.500
771.745	37.500
771.952	7.500
772.158	15.500
772.364	44.500
772.570	52.500
772.776	13.500
772.982	-6.500
773.188	3.500
773.395	3.500
773.601	60.500
773.807	83.500
774.013	70.500
774.219	44.500
774.425	59.500
774.631	51.500
774.838	10.500
775.044	1.500
775.250	-12.500
775.456	21.500
775.662	16.500
775.868	61.500
776.074	48.500
776.281	20.500
776.487	-1.500
776.693	1.500
776.899	24.500
777.105	58.500
777.311	83.500
777.517	43.500
777.723	48.500
777.930	38.500
778.136	30.500
778.342	36.500
778.548	65.500
778.754	45.500
778.960	53.500
779.166	50.500
779.373	23.500
779.579	-7.500
779.785	-5.500
779.991	9.500
780.197	16.500
780.403	27.500
780.609	17.500
780.816	-2.500
781.022	-12.500
781.228	28.500
781.434	39.500
781.640	49.500
781.846	54.500
782.052	62.500
782.259	35.500
782.465	23.500
782.671	8.500
782.877	5.500
783.083	13.500
783.289	27.500
783.495	34.500
783.701	83.500
783.908	93.500
784.114	61.500
784.320	19.500
784.526	-9.500
784.732	11.500
784.938	39.500
785.144	54.500
785.351	36.500
785.557	41.500
785.763	64.500
785.969	51.500
786.175	60.500
786.381	81.500
786.587	38.500
786.794	-18.500
787.000	11.500
787.206	43.500
787.412	48.500
787.618	53.500
787.824	23.500
788.030	44.500
788.236	35.500
788.443	42.500
788.649	2.500
788.855	18.500
789.061	-28.500
789.267	-7.500
789.473	7.500
789.679	30.500
789.886	-0.500
790.092	-29.500
790.298	3.500
790.504	23.500
790.710	42.500
790.916	57.500
791.122	32.500
791.329	51.500
791.535	53.500
791.741	60.500
791.947	65.500
792.153	63.500
792.359	62.500
792.565	95.500
792.771	71.500
792.978	35.500
793.184	35.500
793.390	2.500
793.596	15.500
793.802	41.500
794.008	42.500
794.214	15.500
794.421	-20.500
794.627	-50.500
794.833	-30.500
795.039	31.500
795.245	56.500
795.451	48.500
795.657	50.500
795.864	38.500
796.070	17.500
796.276	74.500
796.482	75.500
796.688	25.500
796.894	23.500
797.100	-6.500
797.307	-19.500
797.513	40.500
797.719	71.500
797.925	80.500
798.131	41.500
798.337	12.500
798.543	9.500
798.749	36.500
798.956	11.500
799.162	35.500
799.368	-13.500
799.574	-1.500
799.780	35.500
799.986	37.500
800.192	29.500
800.399	13.500
800.605	13.500
800.811	-1.500
801.017	-2.500
801.223	13.500
801.429	-2.500
801.635	27.500
801.842	47.500
802.048	52.500
802.254	64.500
802.460	93.500
802.666	49.500
802.872	11.500
803.078	30.500
803.285	25.500
803.491	13.500
803.697	17.500
803.903	-10.500
804.109	2.500
804.315	39.500
804.521	24.500
804.727	18.500
804.934	-4.500
805.140	-3.500
805.346	32.500
805.552	106.500
805.758	75.500
805.964	24.500
806.170	41.500
806.377	44.500
806.583	0.500
806.789	-3.500
806.995	23.500
807.201	37.500
807.407	30.500
807.613	47.500
807.820	22.500
808.026	18.500
808.232	36.500
808.438	38.500
808.644	-14.500
808.850	-14.500
809.056	-9.500
809.262	-7.500
809.469	-13.500
809.675	-4.500
809.881	36.500
810.087	37.500
810.293	52.500
810.499	63.500
810.705	36.500
810.912	5.500
811.118	4.500
811.324	15.500
811.530	-3.500
811.739	9.500
811.947	6.500
812.156	39.500
812.365	47.500
812.573	12.500
812.782	-23.500
812.990	-11.500
813.199	-25.500
813.408	-0.500
813.616	14.500
813.825	-32.500
814.034	-25.500
814.242	8.500
814.451	47.500
814.659	-1.500
814.868	6.500
815.077	23.500
815.285	-1.500
815.494	-15.500
815.703	25.500
815.911	16.500
816.120	1.500
816.329	33.500
816.537	73.500
816.746	47.500
816.954	-1.500
817.163	-8.500
817.372	0.500
817.580	-27.500
817.789	12.500
817.998	41.500
818.206	40.500
818.415	39.500
818.624	5.500
818.832	-29.500
819.041	-44.500
819.249	12.500
819.458	13.500
819.667	33.500
819.875	52.500
820.084	45.500
820.293	28.500
820.501	12.500
820.710	19.500
820.919	31.500
821.127	-2.500
821.336	6.500
821.544	15.500
821.753	22.500
821.962	32.500
822.170	10.500
822.379	-18.500
822.588	-2.500
822.796	-18.500
823.005	-26.500
823.213	-35.500
823.422	-6.500
823.631	15.500
823.839	5.500
824.048	11.500
824.257	32.500
824.465	35.500
824.674	-26.500
824.883	13.500
825.091	25.500
825.300	11.500
825.508	27.500
825.717	65.500
825.926	51.500
826.134	8.500
826.343	-4.500
826.552	7.500
826.760	7.500
826.969	37.500
827.178	11.500
827.386	-11.500
827.595	29.500
827.803	37.500
828.012	19.500
828.221	-13.500
828.429	25.500
828.638	36.500
828.847	38.500
829.055	5.500
829.264	-1.500
829.472	46.500
829.681	9.500
829.890	-12.500
830.098	3.500
830.307	21.500
830.516	0.500
830.724	-43.500
830.933	-54.500
831.142	-19.500
831.350	-12.500
831.559	14.500
831.767	26.500
831.976	50.500
832.185	42.500
832.393	40.500
832.602	18.500
832.811	-6.500
833.019	20.500
833.228	5.500
833.437	10.500
833.645	15.500
833.854	38.500
834.062	37.500
834.271	12.500
834.480	23.500
834.688	-17.500
834.897	-23.500
835.106	-18.500
835.314	-8.500
835.523	-5.500
835.731	-5.500
835.940	2.500
836.149	-48.500
836.357	-6.500
836.566	1.500
836.775	-10.500
836.983	-5.500
837.192	-29.500
837.401	-35.500
837.609	-2.500
837.818	34.500
838.026	36.500
838.235	1.500
838.444	-6.500
838.652	30.500
838.861	7.500
839.070	-9.500
839.278	1.500
839.487	15.500
839.696	10.500
839.904	26.500
840.113	11.500
840.321	8.500
840.530	0.500
840.739	-2.500
840.947	-8.500
841.156	-10.500
841.365	-11.500
841.573	-9.500
841.782	1.500
841.991	42.500
842.199	49.500
842.408	33.500
842.616	-9.500
842.825	-45.500
843.034	-11.500
843.242	11.500
843.451	15.500
843.660	20.500
843.868	30.500
844.077	27.500
844.285	45.500
844.494	89.500
844.703	34.500
844.911	-24.500
845.120	-13.500
845.329	-28.500
845.537	-51.500
845.746	-6.500
845.955	30.500
846.163	-17.500
846.372	23.500
846.580	-20.500
846.789	-52.500
846.998	-41.500
847.206	-7.500
847.415	24.500
847.624	8.500
847.832	-3.500
848.041	15.500
848.250	9.500
848.458	-3.500
848.667	38.500
848.875	50.500
849.084	-4.500
849.293	-18.500
849.501	15.500
849.710	0.500
849.919	16.500
850.127	-14.500
850.336	-33.500
850.544	-22.500
850.753	38.500
850.962	49.500
851.170	-1.500
851.379	17.500
851.588	16.500
851.796	-10.500
852.005	-3.500
852.214	20.500
852.422	34.500
852.631	4.500
852.839	-8.500
853.048	-17.500
853.257	-20.500
853.465	-47.500
853.674	-38.500
853.883	-23.500
854.091	-2.500
854.300	15.500
854.509	65.500
854.717	66.500
854.926	33.500
855.134	3.500
855.343	-5.500
855.552	6.500
855.760	12.500
855.969	8.500
856.178	9.500
856.386	7.500
856.595	32.500
856.803	0.500
857.012	8.500
857.221	-18.500
857.429	-27.500
857.638	-33.500
857.847	24.500
858.055	26.500
858.264	8.500
858.473	-4.500
858.681	2.500
858.890	-11.500
859.098	-32.500
859.307	-15.500
859.516	-56.500
859.724	-48.500
859.933	-7.500
860.142	4.500
860.350	10.500
860.559	25.500
860.768	-7.500
860.976	-51.500
861.185	20.500
861.393	20.500
861.602	-6.500
861.811	-8.500
862.019	47.500
862.228	28.500
862.437	-6.500
862.645	-23.500
862.854	40.500
863.062	18.500
863.271	10.500
863.480	50.500
863.688	22.500
863.897	20.500
864.106	-4.500
864.314	-42.500
864.523	-3.500
864.732	17.500
864.940	22.500
865.149	0.500
865.357	-9.500
865.566	-31.500
865.775	-6.500
865.983	5.500
866.192	29.500
866.401	-21.500
866.609	-30.500
866.818	-5.500
867.027	14.500
867.235	14.500
867.444	-33.500
867.652	-26.500
867.861	8.500
868.070	2.500
868.278	-3.500
868.487	26.500
868.696	32.500
868.904	-8.500
869.113	-2.500
869.321	34.500
869.530	-7.500
869.739	-12.500
869.947	-10.500
870.156	14.500
870.365	2.500
870.573	1.500
870.782	47.500
870.991	11.500
871.199	1.500
871.408	-18.500
871.616	-37.500
871.825	-24.500
872.034	0.500
872.242	39.500
872.451	21.500
872.660	8.500
872.868	40.500
873.077	19.500
873.286	-43.500
873.494	6.500
873.703	10.500
873.911	5.500
874.120	-14.500
874.329	-9.500
874.537	24.500
874.746	42.500
874.955	12.500
875.163	-2.500
875.372	40.500
875.581	30.500
875.789	18.500
875.998	12.500
876.206	-2.500
876.415	2.500
876.624	9.500
876.832	17.500
877.041	6.500
877.250	34.500
877.458	1.500
877.667	42.500
877.875	54.500
878.084	24.500
878.293	-14.500
878.501	-16.500
878.710	24.500
878.919	32.500
879.127	-2.500
879.336	-6.500
879.545	-5.500
879.753	-31.500
879.962	-14.500
880.170	-1.500
880.379	15.500
880.588	24.500
880.796	12.500
881.005	39.500
881.214	27.500
881.422	-20.500
881.631	-27.500
881.840	29.500
882.048	25.500
882.257	38.500
882.465	6.500
882.674	2.500
882.883	44.500
883.091	60.500
883.300	49.500
883.509	39.500
883.717	29.500
883.926	2.500
884.134	-2.500
884.343	-7.500
884.552	8.500
884.760	36.500
884.969	5.500
885.178	-4.500
885.386	33.500
885.595	2.500
885.804	-30.500
886.012	-32.500
886.221	-4.500
886.429	22.500
886.638	15.500
886.847	8.500
887.055	17.500
887.264	3.500
887.473	4.500
887.681	-12.500
887.890	-22.500
888.099	-49.500
888.307	-50.500
888.516	18.500
888.724	49.500
888.933	15.500
889.142	1.500
889.350	32.500
889.559	39.500
889.768	-31.500
889.976	-45.500
890.185	-23.500
890.393	2.500
890.602	14.500
890.811	31.500
891.019	3.500
891.228	10.500
891.437	4.500
891.645	25.500
891.854	30.500
892.063	42.500
892.271	2.500
892.480	2.500
892.688	30.500
892.897	30.500
893.106	51.500
893.314	50.500
893.523	-16.500
893.732	5.500
893.940	5.500
894.149	-37.500
894.358	-27.500
894.566	34.500
894.775	21.500
894.983	13.500
895.192	30.500
895.401	7.500
895.609	-44.500
895.818	40.500
896.027	30.500
896.235	-11.500
896.444	24.500
896.652	9.500
896.861	5.500
897.070	42.500
897.278	40.500
897.487	35.500
897.696	42.500
897.904	-5.500
898.113	22.500
898.322	-16.500
898.530	-22.500
898.739	13.500
898.947	23.500
899.156	18.500
899.365	42.500
899.573	43.500
899.782	-17.500
899.991	-15.500
900.199	-9.500
900.408	14.500
900.617	-14.500
900.825	-5.500
901.034	0.500
901.242	-1.500
901.451	-3.500
901.660	5.500
901.868	28.500
902.077	18.500
902.286	7.500
902.494	39.500
902.703	41.500
902.911	46.500
903.120	30.500
903.329	15.500
903.537	-10.500
903.746	-22.500
903.955	-20.500
904.163	-83.500
904.372	-79.500
904.581	3.500
904.789	-2.500
904.998	-15.500
905.206	-18.500
905.415	-17.500
905.624	-8.500
905.832	3.500
906.041	9.500
906.250	8.500
906.458	-14.500
906.667	-0.500
906.876	2.500
907.084	3.500
907.293	10.500
907.501	-3.500
907.710	-6.500
907.919	-8.500
908.127	-25.500
908.336	-12.500
908.545	30.500
908.753	35.500
908.962	42.500
909.170	-11.500
909.379	-42.500
909.588	21.500
909.796	62.500
910.005	15.500
910.214	-2.500
910.422	-0.500
910.631	-6.500
910.840	-9.500
911.048	10.500
911.257	15.500
911.465	-11.500
911.674	51.500
911.883	42.500
912.091	4.500
912.300	-7.500
912.508	-4.500
912.716	-32.500
912.924	-23.500
913.132	23.500
913.340	9.500
913.549	-17.500
913.757	2.500
913.965	10.500
914.173	18.500
914.381	6.500
914.589	42.500
914.797	46.500
915.005	54.500
915.213	30.500
915.421	23.500
915.629	15.500
915.838	18.500
916.046	-6.500
916.254	-7.500
916.462	-63.500
916.670	-27.500
916.878	15.500
917.086	8.500
917.294	-26.500
917.502	35.500
917.710	25.500
917.919	-37.500
918.127	-24.500
918.335	5.500
918.543	-6.500
918.751	33.500
918.959	25.500
919.167	-5.500
919.375	5.500
919.583	31.500
919.791	-20.500
919.999	-30.500
920.208	-14.500
920.416	-32.500
920.624	2.500
920.832	8.500
921.040	-16.500
921.248	13.500
921.456	0.500
921.664	-16.500
921.872	-15.500
922.080	-25.500
922.288	13.500
922.497	21.500
922.705	15.500
922.913	-27.500
923.121	17.500
923.329	23.500
923.537	-16.500
923.745	-11.500
923.953	-19.500
924.161	-16.500
924.369	25.500
924.578	-12.500
924.786	-5.500
924.994	-14.500
925.202	12.500
925.410	14.500
925.618	15.500
925.826	34.500
926.034	18.500
926.242	2.500
926.450	1.500
926.658	1.500
926.867	25.500
927.075	15.500
927.283	-9.500
927.491	-8.500
927.699	-25.500
927.907	-2.500
928.115	12.500
928.323	-24.500
928.531	-19.500
928.739	10.500
928.947	3.500
929.156	-1.500
929.364	34.500
929.572	84.500
929.780	32.500
929.988	-2.500
930.196	-11.500
930.404	-32.500
930.612	-36.500
930.820	-29.500
931.028	-0.500
931.236	24.500
931.445	1.500
931.653	14.500
931.861	29.500
932.069	1.500
932.277	-0.500
932.485	37.500
932.693	0.500
932.901	-6.500
933.109	27.500
933.317	49.500
933.526	54.500
933.734	16.500
933.942	9.500
934.150	-3.500
934.358	-17.500
934.566	-48.500
934.774	-1.500
934.982	4.500
935.190	11.500
935.398	7.500
935.606	-21.500
935.815	-21.500
936.023	39.500
936.231	1.500
936.439	-27.500
936.647	-23.500
936.855	-5.500
937.063	4.500
937.271	38.500
937.479	3.500
937.687	28.500
937.895	69.500
938.104	18.500
938.312	-41.500
938.520	-41.500
938.728	-39.500
938.936	6.500
939.144	14.500
939.352	-1.500
939.560	14.500
939.768	8.500
939.976	-16.500
940.185	-46.500
940.393	-18.500
940.601	-2.500
940.809	-26.500
941.017	-2.500
941.225	5.500
941.433	3.500
941.641	19.500
941.849	-13.500
942.057	1.500
942.265	25.500
942.474	21.500
942.682	-25.500
942.890	-13.500
943.098	-3.500
943.306	1.500
943.514	-20.500
943.722	-29.500
943.930	-10.500
944.138	7.500
944.346	-3.500
944.554	5.500
944.763	-24.500
944.971	-33.500
945.179	37.500
945.387	62.500
945.595	55.500
945.803	39.500
946.011	-9.500
946.219	-15.500
946.427	6.500
946.635	-14.500
946.843	44.500
947.052	49.500
947.260	-9.500
947.468	5.500
947.676	16.500
947.884	-0.500
948.092	-32.500
948.300	-32.500
948.508	0.500
948.716	18.500
948.924	34.500
949.133	44.500
949.341	41.500
949.549	12.500
949.757	37.500
949.965	21.500
950.173	-35.500
950.381	-5.500
950.589	12.500
950.797	21.500
951.005	20.500
951.213	-16.500
951.422	-17.500
951.630	2.500
951.838	-11.500
952.046	12.500
952.254	48.500
952.462	21.500
952.670	8.500
952.878	-1.500
953.086	6.500
953.294	-4.500
953.502	21.500
953.711	89.500
953.919	26.500
954.127	-57.500
954.335	-38.500
954.543	8.500
954.751	19.500
954.959	30.500
955.167	64.500
955.375	55.500
955.583	-3.500
955.792	25.500
956.000	28.500
956.208	22.500
956.416	5.500
956.624	-24.500
956.832	-25.500
957.040	14.500
957.248	16.500
957.456	53.500
957.664	30.500
957.872	-8.500
958.081	-8.500
958.289	4.500
958.497	16.500
958.705	-24.500
958.913	-23.500
959.121	-19.500
959.329	40.500
959.537	35.500
959.745	-20.500
959.953	-17.500
960.161	12.500
960.370	-22.500
960.578	-3.500
960.786	24.500
960.994	2.500
961.202	7.500
961.410	-4.500
961.618	1.500
961.826	-10.500
962.034	-46.500
962.242	-44.500
962.451	-18.500
962.659	-0.500
962.867	16.500
963.075	-0.500
963.283	2.500
963.491	-2.500
963.699	-32.500
963.907	-2.500
964.115	39.500
964.323	38.500
964.531	2.500
964.740	-3.500
964.948	38.500
965.156	24.500
965.364	26.500
965.572	-5.500
965.780	-12.500
965.999	-9.500
966.218	-8.500
966.438	-22.500
966.657	-39.500
966.876	-39.500
967.095	-9.500
967.315	-28.500
967.534	-37.500
967.753	-5.500
967.972	4.500
968.192	24.500
968.411	23.500
968.630	1.500
968.849	15.500
969.068	12.500
969.288	36.500
969.507	31.500
969.726	43.500
969.945	66.500
970.165	38.500
970.384	30.500
970.603	-20.500
970.822	-9.500
971.042	-44.500
971.261	-14.500
971.480	29.500
971.699	52.500
971.919	66.500
972.138	44.500
972.357	19.500
972.576	-12.500
972.795	-13.500
973.015	-9.500
973.234	1.500
973.453	11.500
973.672	-9.500
973.892	-2.500
974.111	-9.500
974.330	10.500
974.549	20.500
974.769	-3.500
974.988	-1.500
975.207	-4.500
975.426	-18.500
975.646	-24.500
975.865	15.500
976.084	32.500
976.303	23.500
976.522	-16.500
976.742	-16.500
976.961	-0.500
977.180	4.500
977.399	-26.500
977.619	-24.500
977.838	2.500
978.057	47.500
978.276	44.500
978.496	-6.500
978.715	-0.500
978.934	17.500
979.153	5.500
979.372	-3.500
979.592	-3.500
979.811	33.500
980.030	20.500
980.249	14.500
980.469	1.500
980.688	8.500
980.907	-3.500
981.126	15.500
981.346	10.500
981.565	4.500
981.784	-3.500
982.003	44.500
982.223	62.500
982.442	29.500
982.661	18.500
982.880	1.500
983.099	22.500
983.319	30.500
983.538	-13.500
983.757	-16.500
983.976	60.500
984.196	103.500
984.415	48.500
984.634	18.500
984.853	-27.500
985.073	1.500
985.292	-20.500
985.511	-10.500
985.730	16.500
985.949	15.500
986.169	14.500
986.388	16.500
986.607	-10.500
986.826	-17.500
987.046	32.500
987.265	-12.500
987.484	-39.500
987.703	-4.500
987.923	-18.500
988.142	16.500
988.361	38.500
988.580	57.500
988.800	50.500
989.019	48.500
989.238	-21.500
989.457	0.500
989.676	27.500
989.896	-25.500
990.115	-78.500
990.334	-38.500
990.553	-15.500
990.773	-22.500
990.992	-7.500
991.211	46.500
991.430	43.500
991.650	-27.500
991.869	-31.500
992.088	-41.500
992.307	-32.500
992.527	8.500
992.746	19.500
992.965	-0.500
993.184	-27.500
993.403	2.500
993.623	12.500
993.842	-19.500
994.061	-21.500
994.280	11.500
994.500	-9.500
994.719	-22.500
994.938	-8.500
995.157	-23.500
995.377	-12.500
995.596	6.500
995.815	12.500
996.034	6.500
996.253	-4.500
996.473	-23.500
996.692	-17.500
996.911	14.500
997.130	30.500
997.350	41.500
997.569	35.500
997.788	26.500
998.007	-53.500
998.227	-25.500
998.446	11.500
998.665	4.500
998.884	-2.500
999.104	14.500
999.323	16.500
999.542	-33.500
999.761	10.500
999.980	13.500
1000.200	-28.500
1000.419	-8.500
1000.638	20.500
1000.857	-17.500
1001.077	14.500
1001.296	24.500
1001.515	-19.500
1001.734	-49.500
1001.954	-37.500
1002.173	-8.500
1002.392	27.500
1002.611	14.500
1002.830	-40.500
1003.050	-54.500
1003.269	-1.500
1003.488	32.500
1003.707	-10.500
1003.927	-9.500
1004.146	-7.500
1004.365	-25.500
1004.584	7.500
1004.804	-0.500
1005.023	26.500
1005.242	10.500
1005.461	-25.500
1005.681	4.500
1005.900	20.500
1006.119	5.500
1006.338	34.500
1006.557	24.500
1006.777	23.500
1006.996	-1.500
1007.215	-41.500
1007.434	52.500
1007.654	78.500
1007.873	0.500
1008.092	-10.500
1008.311	24.500
1008.531	-28.500
1008.750	-9.500
1008.969	-9.500
1009.188	-30.500
1009.407	-30.500
1009.627	-1.500
1009.846	15.500
1010.065	-17.500
1010.284	-20.500
1010.504	-12.500
1010.723	-22.500
1010.942	-16.500
1011.161	11.500
1011.381	23.500
1011.600	24.500
1011.819	6.500
1012.038	10.500
1012.258	16.500
1012.477	19.500
1012.696	49.500
1012.915	-11.500
1013.134	-7.500
1013.354	-17.500
1013.573	-34.500
1013.792	9.500
1014.011	18.500
1014.231	36.500
1014.450	37.500
1014.669	15.500
1014.888	-66.500
1015.108	-38.500
1015.327	12.500
1015.546	50.500
1015.765	39.500
1015.984	32.500
1016.204	17.500
1016.423	27.500
1016.642	18.500
1016.861	-9.500
1017.081	-22.500
1017.300	25.500
1017.519	12.500
