296.912	-8.500
297.101	-30.500
297.290	-23.500
297.479	-11.500
297.668	2.500
297.858	31.500
298.047	25.500
298.236	16.500
298.425	-14.500
298.614	-23.500
298.803	5.500
298.992	22.500
299.181	8.500
299.370	5.500
299.559	23.500
299.748	63.500
299.937	27.500
300.126	-7.500
300.315	-23.500
300.504	-51.500
300.693	-19.500
300.882	-24.500
301.071	-27.500
301.260	9.500
301.449	6.500
301.638	1.500
301.827	-16.500
302.016	-5.500
302.205	-19.500
302.395	-38.500
302.584	-4.500
302.773	-34.500
302.962	-21.500
303.151	-14.500
303.340	13.500
303.529	23.500
303.718	-23.500
303.907	11.500
304.096	15.500
304.285	-30.500
304.474	-26.500
304.663	-17.500
304.852	-26.500
305.041	17.500
305.230	36.500
305.419	32.500
305.608	43.500
305.797	11.500
305.986	-4.500
306.175	-8.500
306.364	21.500
306.553	8.500
306.743	2.500
306.932	-20.500
307.121	-35.500
307.310	-57.500
307.499	-14.500
307.688	9.500
307.877	-11.500
308.066	-12.500
308.255	-12.500
308.444	-15.500
308.633	5.500
308.822	6.500
309.011	4.500
309.200	12.500
309.389	21.500
309.578	21.500
309.767	1.500
309.956	5.500
310.145	-19.500
310.334	20.500
310.523	26.500
310.712	8.500
310.901	-18.500
311.091	5.500
311.280	7.500
311.469	-5.500
311.658	25.500
311.847	-24.500
312.036	-33.500
312.225	15.500
312.414	-47.500
312.603	-38.500
312.792	45.500
312.981	38.500
313.170	3.500
313.349	27.500
313.527	-3.500
313.706	-15.500
313.884	22.500
314.063	67.500
314.241	32.500
314.420	20.500
314.598	7.500
314.777	1.500
314.955	-4.500
315.134	-18.500
315.312	-41.500
315.491	-39.500
315.669	-19.500
315.848	13.500
316.027	-15.500
316.205	-3.500
316.384	2.500
316.562	36.500
316.741	-3.500
316.919	-15.500
317.098	9.500
317.276	-13.500
317.455	13.500
317.633	6.500
317.812	13.500
317.990	-6.500
318.169	-3.500
318.347	-2.500
318.526	-35.500
318.705	-27.500
318.883	20.500
319.062	27.500
319.240	0.500
319.419	-15.500
319.597	-11.500
319.776	4.500
319.954	4.500
320.133	-7.500
320.311	-5.500
320.490	-16.500
320.668	-13.500
320.847	-3.500
321.025	-5.500
321.204	46.500
321.382	47.500
321.561	-4.500
321.740	-14.500
321.918	-3.500
322.097	8.500
322.275	-12.500
322.454	-34.500
322.632	25.500
322.811	53.500
322.989	15.500
323.168	16.500
323.346	38.500
323.525	3.500
323.703	5.500
323.882	-63.500
324.060	-48.500
324.239	-13.500
324.418	7.500
324.596	19.500
324.775	-10.500
324.953	-24.500
325.132	-22.500
325.310	-14.500
325.489	-17.500
325.667	-19.500
325.846	-21.500
326.024	-22.500
326.203	19.500
326.381	12.500
326.560	9.500
326.738	3.500
326.917	-32.500
327.096	-3.500
327.274	16.500
327.453	19.500
327.631	-30.500
327.810	-15.500
327.988	-11.500
328.167	4.500
328.345	5.500
328.524	-3.500
328.702	-26.500
328.881	-14.500
329.059	14.500
329.238	-4.500
329.416	-16.500
329.595	5.500
329.774	0.500
329.952	22.500
330.131	47.500
330.309	32.500
330.488	13.500
330.666	29.500
330.845	6.500
331.023	-23.500
331.202	-45.500
331.380	-23.500
331.559	3.500
331.737	3.500
331.916	-20.500
332.094	-12.500
332.273	-1.500
332.452	-7.500
332.630	8.500
332.809	2.500
332.987	-4.500
333.166	-2.500
333.344	0.500
333.523	-5.500
333.701	0.500
333.880	5.500
334.058	0.500
334.237	10.500
334.415	0.500
334.594	-6.500
334.772	8.500
334.951	-13.500
335.129	23.500
335.308	15.500
335.487	-14.500
335.665	-9.500
335.844	-26.500
336.022	-0.500
336.201	-4.500
336.379	-28.500
336.558	74.500
336.736	61.500
336.915	26.500
337.093	38.500
337.272	41.500
337.450	-5.500
337.629	-31.500
337.807	-18.500
337.986	-66.500
338.165	-39.500
338.343	34.500
338.522	33.500
338.700	-6.500
338.879	-0.500
339.057	17.500
339.236	28.500
339.414	14.500
339.593	-6.500
339.771	4.500
339.950	47.500
340.128	16.500
340.307	-14.500
340.485	29.500
340.664	26.500
340.843	-34.500
341.021	-23.500
341.200	13.500
341.378	-13.500
341.557	-25.500
341.735	23.500
341.914	12.500
342.092	-20.500
342.271	15.500
342.449	20.500
342.628	-5.500
342.806	-3.500
342.985	13.500
343.163	-20.500
343.342	-27.500
343.521	5.500
343.699	24.500
343.878	19.500
344.056	29.500
344.235	26.500
344.413	-11.500
344.592	-7.500
344.770	-27.500
344.949	-28.500
345.127	9.500
345.306	29.500
345.484	66.500
345.663	79.500
345.841	36.500
346.020	-23.500
346.199	-7.500
346.377	-9.500
346.556	-6.500
346.734	-8.500
346.913	-31.500
347.091	-25.500
347.270	-2.500
347.448	25.500
347.627	46.500
347.805	14.500
347.984	-3.500
348.162	-3.500
348.341	-7.500
348.519	0.500
348.698	18.500
348.876	-18.500
349.055	5.500
349.234	14.500
349.412	-12.500
349.591	0.500
349.769	-9.500
349.948	5.500
350.126	1.500
350.305	-13.500
350.483	6.500
350.662	16.500
350.840	13.500
351.019	15.500
351.197	-23.500
351.376	-14.500
351.554	-6.500
351.733	-43.500
351.912	-36.500
352.090	10.500
352.269	-9.500
352.447	5.500
352.626	-10.500
352.804	7.500
352.983	1.500
353.161	-13.500
353.340	-8.500
353.518	20.500
353.697	45.500
353.875	33.500
354.054	13.500
354.232	13.500
354.411	38.500
354.590	40.500
354.768	22.500
354.947	-1.500
355.125	-42.500
355.304	-21.500
355.482	-4.500
355.661	4.500
355.839	35.500
356.018	34.500
356.196	21.500
356.375	22.500
356.553	30.500
356.732	-3.500
356.910	-9.500
357.089	-42.500
357.268	3.500
357.446	30.500
357.625	-4.500
357.803	25.500
357.982	52.500
358.160	23.500
358.339	13.500
358.517	-7.500
358.696	-24.500
358.874	-5.500
359.053	25.500
359.231	26.500
359.410	47.500
359.588	33.500
359.767	16.500
359.945	27.500
360.124	-8.500
360.303	-34.500
360.481	16.500
360.660	33.500
360.838	18.500
361.017	40.500
361.195	45.500
361.374	23.500
361.552	-2.500
361.731	-13.500
361.909	-0.500
362.088	-4.500
362.266	-23.500
362.445	-17.500
362.623	-55.500
362.802	-19.500
362.981	18.500
363.159	67.500
363.338	53.500
363.516	-20.500
363.695	-38.500
363.873	-22.500
364.052	4.500
364.230	14.500
364.409	28.500
364.587	49.500
364.766	12.500
364.944	29.500
365.123	27.500
365.301	-0.500
365.480	16.500
365.660	22.500
365.839	26.500
366.019	48.500
366.199	36.500
366.379	21.500
366.558	-0.500
366.738	-6.500
366.918	2.500
367.098	-7.500
367.277	6.500
367.457	-7.500
367.637	19.500
367.816	32.500
367.996	20.500
368.176	9.500
368.356	-12.500
368.535	-12.500
368.715	10.500
368.895	33.500
369.075	14.500
369.254	17.500
369.434	17.500
369.614	-3.500
369.793	28.500
369.973	22.500
370.153	16.500
370.333	6.500
370.512	35.500
370.692	28.500
370.872	3.500
371.051	19.500
371.231	27.500
371.411	33.500
371.591	39.500
371.770	25.500
371.950	-2.500
372.130	-28.500
372.310	22.500
372.489	28.500
372.669	13.500
372.849	12.500
373.028	50.500
373.208	29.500
373.388	0.500
373.568	7.500
373.747	0.500
373.927	-38.500
374.107	-31.500
374.287	4.500
374.466	-17.500
374.646	-8.500
374.826	14.500
375.005	11.500
375.185	0.500
375.365	49.500
375.545	37.500
375.724	34.500
375.904	34.500
376.084	25.500
376.263	20.500
376.443	2.500
376.623	28.500
376.803	59.500
376.982	41.500
377.162	12.500
377.342	8.500
377.522	30.500
377.701	-10.500
377.881	-14.500
378.061	7.500
378.240	25.500
378.420	56.500
378.600	31.500
378.780	47.500
378.959	53.500
379.139	24.500
379.319	16.500
379.499	8.500
379.678	-15.500
379.858	7.500
380.038	13.500
380.217	3.500
380.397	30.500
380.577	13.500
380.757	-9.500
380.936	-13.500
381.116	31.500
381.296	11.500
381.476	31.500
381.655	45.500
381.835	36.500
382.015	52.500
382.194	33.500
382.374	-10.500
382.554	-12.500
382.734	8.500
382.913	3.500
383.093	-24.500
383.273	-10.500
383.452	17.500
383.632	8.500
383.812	-3.500
383.992	34.500
384.171	23.500
384.351	-20.500
384.531	-13.500
384.711	-4.500
384.890	-25.500
385.070	-23.500
385.250	-31.500
385.429	8.500
385.609	16.500
385.789	15.500
385.969	31.500
386.148	3.500
386.328	3.500
386.508	-9.500
386.688	-0.500
386.867	24.500
387.047	27.500
387.227	9.500
387.406	24.500
387.586	11.500
387.766	16.500
387.946	60.500
388.125	45.500
388.305	-0.500
388.485	9.500
388.664	40.500
388.844	18.500
389.024	9.500
389.204	-6.500
389.383	-25.500
389.563	-9.500
389.743	18.500
389.923	-13.500
390.102	-11.500
390.282	24.500
390.462	-0.500
390.641	-9.500
390.821	-15.500
391.001	-13.500
391.181	9.500
391.360	29.500
391.540	13.500
391.720	-6.500
391.900	-7.500
392.079	16.500
392.259	14.500
392.439	23.500
392.618	-0.500
392.798	1.500
392.978	9.500
393.158	-14.500
393.337	14.500
393.517	27.500
393.697	5.500
393.877	15.500
394.056	19.500
394.236	18.500
394.416	38.500
394.595	23.500
394.775	40.500
394.955	25.500
395.135	-3.500
395.314	6.500
395.494	62.500
395.674	34.500
395.853	31.500
396.033	43.500
396.213	8.500
396.393	2.500
396.572	50.500
396.752	56.500
396.932	27.500
397.112	9.500
397.291	11.500
397.471	-2.500
397.651	32.500
397.830	21.500
398.010	44.500
398.190	16.500
398.370	13.500
398.549	54.500
398.729	17.500
398.909	24.500
399.089	34.500
399.268	23.500
399.448	28.500
399.628	-11.500
399.807	-21.500
399.987	-17.500
400.167	-14.500
400.347	16.500
400.526	-9.500
400.706	10.500
400.886	8.500
401.065	-6.500
401.245	-20.500
401.425	-25.500
401.605	-16.500
401.784	47.500
401.964	27.500
402.144	15.500
402.324	33.500
402.503	27.500
402.683	-3.500
402.863	17.500
403.042	18.500
403.222	8.500
403.402	13.500
403.582	4.500
403.761	-1.500
403.941	15.500
404.121	26.500
404.301	-6.500
404.480	19.500
404.660	62.500
404.844	41.500
405.029	34.500
405.213	33.500
405.398	55.500
405.582	28.500
405.767	23.500
405.951	15.500
406.136	10.500
406.320	21.500
406.505	22.500
406.689	19.500
406.874	20.500
407.058	32.500
407.243	30.500
407.427	19.500
407.612	41.500
407.796	92.500
407.981	81.500
408.165	65.500
408.350	47.500
408.534	3.500
408.719	0.500
408.903	64.500
409.088	27.500
409.272	2.500
409.457	47.500
409.641	21.500
409.826	55.500
410.010	70.500
410.195	22.500
410.379	18.500
410.564	28.500
410.748	19.500
410.933	9.500
411.117	8.500
411.302	47.500
411.486	46.500
411.671	32.500
411.855	58.500
412.040	51.500
412.224	15.500
412.409	22.500
412.593	0.500
412.778	31.500
412.962	54.500
413.147	51.500
413.331	18.500
413.516	7.500
413.700	22.500
413.885	48.500
414.069	51.500
414.254	46.500
414.438	76.500
414.623	66.500
414.807	49.500
414.992	30.500
415.176	28.500
415.361	57.500
415.545	41.500
415.730	56.500
415.914	63.500
416.099	83.500
416.283	59.500
416.468	13.500
416.652	56.500
416.837	98.500
417.021	68.500
417.206	81.500
417.390	96.500
417.575	80.500
417.759	69.500
417.944	66.500
418.128	75.500
418.313	75.500
418.497	77.500
418.682	78.500
418.866	103.500
419.051	97.500
419.235	123.500
419.420	129.500
419.604	113.500
419.789	99.500
419.973	84.500
420.158	118.500
420.342	176.500
420.527	144.500
420.711	117.500
420.896	135.500
421.080	196.500
421.265	226.500
421.449	188.500
421.634	161.500
421.818	200.500
422.003	190.500
422.187	173.500
422.372	185.500
422.556	179.500
422.741	179.500
422.925	196.500
423.110	209.500
423.294	206.500
423.479	207.500
423.663	237.500
423.848	302.500
424.032	331.500
424.217	340.500
424.401	298.500
424.586	279.500
424.770	323.500
424.955	317.500
425.139	335.500
425.324	371.500
425.508	395.500
425.693	415.500
425.877	378.500
426.062	393.500
426.246	454.500
426.431	421.500
426.615	443.500
426.800	479.500
426.984	450.500
427.169	454.500
427.353	512.500
427.538	517.500
427.722	534.500
427.907	531.500
428.091	559.500
428.276	602.500
428.460	607.500
428.645	585.500
428.829	570.500
429.014	589.500
429.198	604.500
429.383	673.500
429.567	657.500
429.752	667.500
429.936	705.500
430.121	694.500
430.305	735.500
430.490	755.500
430.674	760.500
430.859	775.500
431.043	827.500
431.228	898.500
431.412	902.500
431.597	837.500
431.781	899.500
431.966	950.500
432.150	930.500
432.335	969.500
432.519	1030.500
432.704	1068.500
432.888	1024.500
433.073	1041.500
433.257	1107.500
433.442	1135.500
433.626	1118.500
433.811	1205.500
433.995	1267.500
434.180	1239.500
434.364	1234.500
434.549	1271.500
434.733	1327.500
434.918	1389.500
435.102	1413.500
435.287	1478.500
435.471	1446.500
435.656	1513.500
435.840	1539.500
436.030	1486.500
436.219	1516.500
436.409	1590.500
436.599	1626.500
436.789	1576.500
436.978	1612.500
437.168	1710.500
437.358	1711.500
437.548	1731.500
437.737	1759.500
437.927	1790.500
438.117	1866.500
438.306	1948.500
438.496	1968.500
438.686	1976.500
438.876	2001.500
439.065	2068.500
439.255	2158.500
439.445	2197.500
439.634	2257.500
439.824	2316.500
440.014	2324.500
440.204	2340.500
440.393	2437.500
440.583	2519.500
440.773	2617.500
440.963	2654.500
441.152	2643.500
441.342	2718.500
441.532	2857.500
441.721	2927.500
441.911	2998.500
442.101	3077.500
442.291	3191.500
442.480	3289.500
442.670	3381.500
442.860	3510.500
443.050	3536.500
443.239	3565.500
443.429	3666.500
443.619	3818.500
443.808	3925.500
443.998	4032.500
444.188	4161.500
444.378	4243.500
444.567	4380.500
444.757	4546.500
444.947	4618.500
445.137	4704.500
445.326	4897.500
445.516	4974.500
445.706	5108.500
445.895	5262.500
446.085	5410.500
446.275	5555.500
446.465	5683.500
446.654	5896.500
446.844	6054.500
447.034	6166.500
447.223	6216.500
447.413	6356.500
447.603	6612.500
447.793	6737.500
447.982	6905.500
448.172	7049.500
448.362	7217.500
448.552	7367.500
448.741	7518.500
448.931	7643.500
449.121	7735.500
449.310	7773.500
449.500	7956.500
449.690	8130.500
449.880	8257.500
450.069	8292.500
450.259	8275.500
450.449	8323.500
450.639	8491.500
450.828	8646.500
451.018	8734.500
451.208	8830.500
451.397	8805.500
451.587	8698.500
451.777	8766.500
451.967	8870.500
452.156	8827.500
452.346	8817.500
452.536	8794.500
452.725	8705.500
452.915	8683.500
453.105	8600.500
453.295	8570.500
453.484	8416.500
453.674	8285.500
453.864	8155.500
454.054	8128.500
454.243	8146.500
454.433	7964.500
454.623	7825.500
454.812	7712.500
455.002	7503.500
455.192	7440.500
455.382	7339.500
455.571	7166.500
455.761	6904.500
455.951	6881.500
456.141	6856.500
456.330	6782.500
456.520	6503.500
456.710	6330.500
456.899	6228.500
457.089	6026.500
457.279	5959.500
457.469	5741.500
457.658	5610.500
457.848	5547.500
458.038	5336.500
458.228	5271.500
458.417	5128.500
458.607	4987.500
458.797	4842.500
458.986	4815.500
459.176	4707.500
459.366	4670.500
459.556	4445.500
459.745	4295.500
459.935	4212.500
460.125	4126.500
460.314	4067.500
460.504	3921.500
460.694	3898.500
460.884	3812.500
461.073	3729.500
461.263	3682.500
461.453	3553.500
461.643	3524.500
461.832	3420.500
462.022	3413.500
462.212	3372.500
462.401	3402.500
462.591	3329.500
462.781	3246.500
462.971	3212.500
463.160	3170.500
463.350	3078.500
463.540	3057.500
463.730	3024.500
463.919	3022.500
464.109	3024.500
464.299	3025.500
464.488	3008.500
464.678	2984.500
464.868	2923.500
465.058	2938.500
465.247	2895.500
465.437	2854.500
465.627	2774.500
465.816	2851.500
466.006	2850.500
466.196	2767.500
466.386	2731.500
466.575	2687.500
466.765	2737.500
466.955	2675.500
467.145	2536.500
467.334	2563.500
467.524	2623.500
467.714	2532.500
467.903	2529.500
468.093	2555.500
468.283	2511.500
468.473	2445.500
468.662	2355.500
468.852	2361.500
469.042	2337.500
469.232	2289.500
469.421	2292.500
469.611	2305.500
469.801	2312.500
469.990	2298.500
470.180	2170.500
470.370	2145.500
470.560	2187.500
470.749	2123.500
470.939	2067.500
471.129	2001.500
471.318	1938.500
471.508	1948.500
471.698	1926.500
471.888	1861.500
472.077	1816.500
472.267	1782.500
472.457	1756.500
472.647	1708.500
472.836	1672.500
473.026	1640.500
473.216	1674.500
473.405	1641.500
473.595	1595.500
473.785	1536.500
473.975	1484.500
474.164	1480.500
474.354	1471.500
474.544	1497.500
474.734	1422.500
474.923	1394.500
475.113	1399.500
475.303	1353.500
475.492	1343.500
475.682	1304.500
475.872	1271.500
476.062	1257.500
476.251	1235.500
476.441	1216.500
476.631	1179.500
476.821	1180.500
477.010	1209.500
477.200	1193.500
477.390	1124.500
477.579	1113.500
477.769	1087.500
477.959	1113.500
478.149	1085.500
478.338	1102.500
478.528	1115.500
478.718	1092.500
478.907	1073.500
479.097	1038.500
479.287	1018.500
479.477	996.500
479.666	1004.500
479.856	1020.500
480.046	1028.500
480.236	1001.500
480.425	1050.500
480.615	1019.500
480.805	937.500
480.994	938.500
481.184	959.500
481.374	969.500
481.564	957.500
481.753	929.500
481.943	944.500
482.133	915.500
482.323	914.500
482.512	894.500
482.702	920.500
482.892	929.500
483.081	945.500
483.271	931.500
483.461	884.500
483.651	897.500
483.840	928.500
484.030	917.500
484.220	956.500
484.409	970.500
484.599	935.500
484.789	913.500
484.979	884.500
485.168	889.500
485.358	882.500
485.548	840.500
485.738	839.500
485.927	841.500
486.117	822.500
486.307	889.500
486.496	847.500
486.686	853.500
486.876	872.500
487.066	895.500
487.255	850.500
487.445	832.500
487.635	866.500
487.825	879.500
488.014	877.500
488.204	899.500
488.394	871.500
488.583	869.500
488.773	903.500
488.963	884.500
489.153	843.500
489.342	811.500
489.532	822.500
489.722	868.500
489.912	898.500
490.101	904.500
490.291	895.500
490.481	852.500
490.670	876.500
490.860	935.500
491.050	882.500
491.240	863.500
491.429	935.500
491.619	944.500
491.809	955.500
491.998	940.500
492.188	924.500
492.378	921.500
492.568	919.500
492.757	919.500
492.947	911.500
493.137	938.500
493.327	959.500
493.516	986.500
493.706	1004.500
493.896	1027.500
494.085	1012.500
494.275	994.500
494.465	1035.500
494.655	1028.500
494.844	1009.500
495.034	1071.500
495.224	1146.500
495.414	1153.500
495.603	1101.500
495.793	1103.500
495.983	1160.500
496.172	1143.500
496.362	1145.500
496.552	1160.500
496.742	1228.500
496.931	1276.500
497.121	1265.500
497.311	1312.500
497.500	1332.500
497.690	1323.500
497.880	1299.500
498.070	1327.500
498.259	1343.500
498.449	1363.500
498.639	1332.500
498.829	1384.500
499.018	1431.500
499.208	1405.500
499.398	1373.500
499.587	1432.500
499.777	1437.500
499.967	1471.500
500.157	1522.500
500.346	1552.500
500.536	1578.500
500.726	1632.500
500.916	1678.500
501.105	1644.500
501.295	1676.500
501.485	1676.500
501.674	1717.500
501.864	1760.500
502.054	1752.500
502.244	1816.500
502.433	1828.500
502.623	1831.500
502.813	1894.500
503.003	1908.500
503.192	1966.500
503.382	1950.500
503.572	1952.500
503.761	1994.500
503.951	1972.500
504.141	1980.500
504.331	2043.500
504.520	2038.500
504.710	2104.500
504.900	2124.500
505.089	2109.500
505.279	2165.500
505.469	2146.500
505.659	2165.500
505.848	2159.500
506.038	2218.500
506.228	2316.500
506.418	2267.500
506.607	2247.500
506.797	2340.500
506.987	2396.500
507.176	2400.500
507.366	2398.500
507.556	2409.500
507.746	2455.500
507.935	2495.500
508.125	2520.500
508.315	2475.500
508.505	2542.500
508.694	2634.500
508.884	2636.500
509.074	2619.500
509.263	2587.500
509.453	2674.500
509.643	2702.500
509.833	2706.500
510.022	2729.500
510.212	2817.500
510.402	2822.500
510.592	2796.500
510.781	2847.500
510.971	2835.500
511.161	2880.500
511.350	2917.500
511.540	2900.500
511.730	2874.500
511.920	2963.500
512.109	2947.500
512.299	2982.500
512.489	3059.500
512.678	3044.500
512.868	2992.500
513.058	3048.500
513.248	3107.500
513.437	3113.500
513.627	3157.500
513.817	3189.500
514.007	3184.500
514.196	3247.500
514.386	3235.500
514.576	3230.500
514.765	3281.500
514.955	3224.500
515.145	3179.500
515.335	3247.500
515.524	3310.500
515.714	3267.500
515.904	3207.500
516.094	3260.500
516.283	3448.500
516.473	3486.500
516.663	3376.500
516.852	3410.500
517.042	3450.500
517.232	3500.500
517.422	3580.500
517.611	3514.500
517.801	3477.500
517.991	3486.500
518.180	3533.500
518.370	3567.500
518.560	3607.500
518.750	3490.500
518.939	3516.500
519.129	3602.500
519.319	3600.500
519.509	3663.500
519.698	3680.500
519.888	3714.500
520.078	3656.500
520.267	3680.500
520.457	3707.500
520.647	3700.500
520.837	3770.500
521.026	3830.500
521.216	3773.500
521.406	3823.500
521.596	3820.500
521.785	3818.500
521.975	3862.500
522.165	3901.500
522.354	3923.500
522.544	3936.500
522.734	3948.500
522.924	3990.500
523.113	3949.500
523.303	3957.500
523.493	3975.500
523.683	3977.500
523.872	4038.500
524.062	3984.500
524.252	3964.500
524.441	3932.500
524.631	3985.500
524.821	4066.500
525.011	3983.500
525.200	4019.500
525.390	4093.500
525.580	4079.500
525.769	4193.500
525.959	4164.500
526.149	4131.500
526.339	4226.500
526.528	4210.500
526.718	4133.500
526.908	4111.500
527.098	4137.500
527.287	4177.500
527.477	4190.500
527.667	4202.500
527.856	4169.500
528.046	4164.500
528.236	4167.500
528.426	4314.500
528.615	4343.500
528.805	4281.500
528.995	4260.500
529.185	4217.500
529.374	4244.500
529.564	4265.500
529.754	4364.500
529.943	4293.500
530.133	4299.500
530.323	4347.500
530.513	4437.500
530.702	4345.500
530.892	4321.500
531.082	4337.500
531.271	4325.500
531.461	4259.500
531.651	4261.500
531.841	4242.500
532.030	4190.500
532.220	4200.500
532.410	4215.500
532.600	4280.500
532.789	4314.500
532.979	4237.500
533.169	4225.500
533.358	4302.500
533.548	4331.500
533.738	4259.500
533.928	4141.500
534.117	4076.500
534.307	4072.500
534.497	4166.500
534.687	4190.500
534.876	4161.500
535.066	4227.500
535.256	4230.500
535.445	4232.500
535.635	4255.500
535.825	4209.500
536.015	4174.500
536.204	4172.500
536.394	4181.500
536.584	4136.500
536.773	4160.500
536.963	4215.500
537.153	4126.500
537.343	4100.500
537.532	4084.500
537.722	4102.500
537.912	4141.500
538.102	4125.500
538.291	4132.500
538.481	4139.500
538.671	4156.500
538.860	4143.500
539.050	4214.500
539.240	4240.500
539.430	4195.500
539.619	4135.500
539.809	4180.500
539.999	4150.500
540.189	4150.500
540.378	4164.500
540.568	4093.500
540.758	4083.500
540.947	4097.500
541.137	4096.500
541.327	4182.500
541.517	4222.500
541.706	4231.500
541.896	4197.500
542.086	4152.500
542.276	4139.500
542.465	4185.500
542.655	4178.500
542.845	4136.500
543.034	4131.500
543.224	4050.500
543.414	4138.500
543.604	4142.500
543.793	4140.500
543.983	4103.500
544.173	4095.500
544.362	4031.500
544.552	4109.500
544.742	4199.500
544.932	4228.500
545.121	4155.500
545.311	4172.500
545.501	4161.500
545.691	4134.500
545.880	4106.500
546.070	4077.500
546.264	4088.500
546.459	4092.500
546.653	4164.500
546.847	4178.500
547.041	4165.500
547.236	4060.500
547.430	4053.500
547.624	4043.500
547.818	4059.500
548.013	4043.500
548.207	4089.500
548.401	4118.500
548.596	4040.500
548.790	4024.500
548.984	4083.500
549.178	4003.500
549.373	4059.500
549.567	4110.500
549.761	4070.500
549.956	4009.500
550.150	4088.500
550.344	4100.500
550.538	4030.500
550.733	3971.500
550.927	4042.500
551.121	4070.500
551.315	3983.500
551.510	4093.500
551.704	4080.500
551.898	4077.500
552.093	4015.500
552.287	4042.500
552.481	4099.500
552.675	4050.500
552.870	4015.500
553.064	3970.500
553.258	4028.500
553.453	4066.500
553.647	4029.500
553.841	3980.500
554.035	3968.500
554.230	4014.500
554.424	4068.500
554.618	4028.500
554.812	3954.500
555.007	3971.500
555.201	4081.500
555.395	3985.500
555.590	4020.500
555.784	4012.500
555.978	3989.500
556.172	3985.500
556.367	3997.500
556.561	4060.500
556.755	4089.500
556.949	3963.500
557.144	3878.500
557.338	3935.500
557.532	3961.500
557.727	3946.500
557.921	3992.500
558.115	4016.500
558.309	3986.500
558.504	3962.500
558.698	3982.500
558.892	4040.500
559.087	3974.500
559.281	4011.500
559.475	4029.500
559.669	3937.500
559.864	3903.500
560.058	3908.500
560.252	4017.500
560.446	4023.500
560.641	3959.500
560.835	3946.500
561.029	3991.500
561.224	4059.500
561.418	4020.500
561.612	4033.500
561.806	4022.500
562.001	4028.500
562.195	3978.500
562.389	3893.500
562.584	3889.500
562.778	3898.500
562.972	3926.500
563.166	3979.500
563.361	3956.500
563.555	4059.500
563.749	4054.500
563.943	4006.500
564.138	3971.500
564.332	3898.500
564.526	3862.500
564.721	3918.500
564.915	3867.500
565.109	3859.500
565.303	3938.500
565.498	3975.500
565.692	3911.500
565.886	3940.500
566.081	3954.500
566.275	3935.500
566.469	3896.500
566.663	3926.500
566.858	3947.500
567.052	3900.500
567.246	3870.500
567.440	3883.500
567.635	3888.500
567.829	3911.500
568.023	3914.500
568.218	3850.500
568.412	3858.500
568.606	3947.500
568.800	3898.500
568.995	3917.500
569.189	3997.500
569.383	3960.500
569.577	3922.500
569.772	3899.500
569.966	3780.500
570.160	3788.500
570.355	3866.500
570.549	3801.500
570.743	3853.500
570.937	3843.500
571.132	3760.500
571.326	3751.500
571.520	3805.500
571.715	3791.500
571.909	3803.500
572.103	3833.500
572.297	3842.500
572.492	3840.500
572.686	3812.500
572.880	3812.500
573.074	3824.500
573.269	3865.500
573.463	3824.500
573.657	3815.500
573.852	3852.500
574.046	3774.500
574.240	3732.500
574.434	3747.500
574.629	3753.500
574.823	3687.500
575.017	3702.500
575.212	3740.500
575.406	3769.500
575.600	3712.500
575.794	3711.500
575.989	3697.500
576.183	3686.500
576.377	3678.500
576.571	3700.500
576.766	3681.500
576.960	3674.500
577.159	3652.500
577.357	3706.500
577.556	3720.500
577.755	3673.500
577.953	3673.500
578.152	3692.500
578.350	3701.500
578.549	3651.500
578.748	3700.500
578.946	3672.500
579.145	3678.500
579.344	3597.500
579.542	3585.500
579.741	3680.500
579.940	3647.500
580.138	3634.500
580.337	3641.500
580.535	3721.500
580.734	3728.500
580.933	3684.500
581.131	3742.500
581.330	3800.500
581.529	3836.500
581.727	3799.500
581.926	3887.500
582.125	3850.500
582.323	3889.500
582.522	3814.500
582.721	3769.500
582.919	3819.500
583.118	3817.500
583.316	3901.500
583.515	3933.500
583.714	3953.500
583.912	3948.500
584.111	3948.500
584.310	3960.500
584.508	4052.500
584.707	4064.500
584.906	4040.500
585.104	4010.500
585.303	3954.500
585.501	3998.500
585.700	4047.500
585.899	4003.500
586.097	4035.500
586.296	4084.500
586.495	4098.500
586.693	4102.500
586.892	4090.500
587.091	4032.500
587.289	4044.500
587.488	4110.500
587.686	4143.500
587.885	4158.500
588.084	4123.500
588.282	4072.500
588.481	4127.500
588.680	4086.500
588.878	4070.500
589.077	4153.500
589.276	4171.500
589.474	4169.500
589.673	4148.500
589.871	4151.500
590.070	4183.500
590.269	4184.500
590.467	4172.500
590.666	4177.500
590.865	4148.500
591.063	4256.500
591.262	4189.500
591.461	4284.500
591.659	4307.500
591.858	4181.500
592.056	4209.500
592.255	4305.500
592.454	4356.500
592.652	4349.500
592.851	4387.500
593.050	4521.500
593.248	4462.500
593.447	4351.500
593.646	4296.500
593.844	4360.500
594.043	4459.500
594.241	4431.500
594.440	4376.500
594.639	4526.500
594.837	4558.500
595.036	4456.500
595.235	4475.500
595.433	4535.500
595.632	4548.500
595.831	4570.500
596.029	4635.500
596.228	4643.500
596.427	4681.500
596.625	4729.500
596.824	4694.500
597.022	4732.500
597.221	4875.500
597.420	4819.500
597.618	4776.500
597.817	4831.500
598.016	4973.500
598.214	5005.500
598.413	4910.500
598.612	4949.500
598.810	5055.500
599.009	5109.500
599.207	5094.500
599.406	5117.500
599.605	5149.500
599.803	5255.500
600.002	5329.500
600.201	5315.500
600.399	5334.500
600.598	5450.500
600.797	5484.500
600.995	5434.500
601.194	5546.500
601.392	5623.500
601.591	5681.500
601.790	5795.500
601.988	5773.500
602.187	5818.500
602.386	5904.500
602.584	5866.500
602.783	5963.500
602.982	6082.500
603.180	6206.500
603.379	6330.500
603.577	6288.500
603.776	6427.500
603.975	6533.500
604.173	6476.500
604.372	6462.500
604.571	6544.500
604.769	6612.500
604.968	6825.500
605.167	6942.500
605.365	7008.500
605.564	7091.500
605.762	7192.500
605.961	7192.500
606.160	7350.500
606.358	7424.500
606.557	7558.500
606.756	7727.500
606.954	7877.500
607.153	7887.500
607.352	7882.500
607.550	7985.500
607.749	8177.500
607.948	8371.500
608.146	8438.500
608.345	8572.500
608.543	8645.500
608.742	8665.500
608.941	8824.500
609.139	9023.500
609.338	9176.500
609.537	9329.500
609.735	9426.500
609.934	9579.500
610.133	9741.500
610.331	9886.500
610.530	9929.500
610.728	10082.500
610.927	10118.500
611.126	10235.500
611.324	10513.500
611.523	10699.500
611.722	10823.500
611.920	10902.500
612.119	11159.500
612.318	11275.500
612.516	11533.500
612.715	11734.500
612.913	11915.500
613.112	12178.500
613.311	12329.500
613.509	12442.500
613.708	12708.500
613.907	12844.500
614.105	12968.500
614.304	13182.500
614.503	13448.500
614.701	13698.500
614.900	13927.500
615.098	14201.500
615.297	14443.500
615.496	14662.500
615.694	14837.500
615.893	15094.500
616.092	15403.500
616.290	15681.500
616.489	15985.500
616.688	16242.500
616.886	16404.500
617.085	16727.500
617.283	16976.500
617.482	17250.500
617.681	17590.500
617.879	17905.500
618.078	18102.500
618.277	18336.500
618.475	18494.500
618.674	18924.500
618.873	19058.500
619.071	19126.500
619.270	19408.500
619.468	19588.500
619.667	19858.500
619.866	19960.500
620.064	19876.500
620.263	20028.500
620.462	20156.500
620.660	20095.500
620.859	20277.500
621.058	20158.500
621.256	19978.500
621.455	19843.500
621.654	20017.500
621.852	19688.500
622.051	19570.500
622.249	19319.500
622.448	18945.500
622.647	18523.500
622.845	18232.500
623.044	17927.500
623.243	17531.500
623.441	17122.500
623.640	16635.500
623.839	16149.500
624.037	15679.500
624.236	15168.500
624.434	14765.500
624.633	14487.500
624.832	13969.500
625.030	13430.500
625.229	13034.500
625.428	12580.500
625.626	12238.500
625.825	11740.500
626.024	11347.500
626.222	10966.500
626.421	10583.500
626.619	10260.500
626.818	9785.500
627.017	9512.500
627.215	9243.500
627.414	8855.500
627.613	8533.500
627.811	8283.500
628.010	8022.500
628.209	7795.500
628.407	7504.500
628.606	7287.500
628.804	7098.500
629.003	6832.500
629.202	6645.500
629.400	6335.500
629.599	6116.500
629.798	5896.500
629.996	5753.500
630.195	5716.500
630.394	5465.500
630.592	5272.500
630.791	5204.500
630.990	5086.500
631.188	4891.500
631.387	4732.500
631.585	4628.500
631.784	4415.500
631.983	4334.500
632.181	4266.500
632.380	4172.500
632.579	4028.500
632.777	3943.500
632.976	3771.500
633.175	3708.500
633.373	3664.500
633.572	3470.500
633.770	3317.500
633.969	3298.500
634.168	3179.500
634.366	3116.500
634.565	3056.500
634.764	2964.500
634.962	2928.500
635.161	2911.500
635.360	2755.500
635.558	2676.500
635.757	2687.500
635.955	2534.500
636.154	2498.500
636.353	2444.500
636.551	2378.500
636.750	2355.500
636.949	2376.500
637.147	2236.500
637.346	2149.500
637.545	2100.500
637.743	2092.500
637.942	2071.500
638.140	1995.500
638.339	1988.500
638.538	1946.500
638.736	1910.500
638.935	1899.500
639.134	1824.500
639.332	1787.500
639.531	1758.500
639.730	1730.500
639.928	1662.500
640.127	1678.500
640.325	1597.500
640.524	1567.500
640.723	1554.500
640.921	1534.500
641.120	1574.500
641.319	1598.500
641.517	1497.500
641.716	1472.500
641.915	1467.500
642.113	1398.500
642.312	1369.500
642.510	1387.500
642.709	1435.500
642.908	1412.500
643.106	1326.500
643.305	1321.500
643.504	1266.500
643.702	1254.500
643.901	1228.500
644.100	1294.500
644.298	1334.500
644.497	1250.500
644.696	1192.500
644.894	1198.500
645.093	1153.500
645.291	1160.500
645.490	1150.500
645.689	1056.500
645.887	1124.500
646.086	1145.500
646.285	1090.500
646.483	1069.500
646.682	1056.500
646.881	1031.500
647.079	998.500
647.278	942.500
647.476	940.500
647.675	934.500
647.874	899.500
648.072	880.500
648.271	874.500
648.470	854.500
648.668	835.500
648.867	703.500
649.066	673.500
649.264	710.500
649.463	729.500
649.661	677.500
649.860	617.500
650.059	606.500
650.257	620.500
650.456	613.500
650.655	609.500
650.853	528.500
651.052	460.500
651.251	461.500
651.449	429.500
651.648	399.500
651.846	409.500
652.045	376.500
652.244	365.500
652.442	351.500
652.641	315.500
652.840	274.500
653.038	292.500
653.237	261.500
653.436	266.500
653.634	241.500
653.833	245.500
654.032	283.500
654.230	240.500
654.429	178.500
654.627	203.500
654.826	181.500
655.025	145.500
655.223	169.500
655.422	151.500
655.621	132.500
655.819	145.500
656.018	139.500
656.217	156.500
656.415	141.500
656.614	142.500
656.812	98.500
657.011	53.500
657.210	74.500
657.408	95.500
657.607	134.500
657.806	105.500
658.004	85.500
658.203	105.500
658.402	108.500
658.600	85.500
658.799	101.500
658.997	76.500
659.196	36.500
659.395	85.500
659.593	96.500
659.792	114.500
659.991	78.500
660.189	43.500
660.388	55.500
660.587	60.500
660.785	49.500
660.984	40.500
661.182	24.500
661.381	76.500
661.580	102.500
661.778	86.500
661.977	79.500
662.176	41.500
662.374	60.500
662.573	74.500
662.772	81.500
662.970	51.500
663.169	59.500
663.367	90.500
663.566	96.500
663.765	58.500
663.963	58.500
664.162	79.500
664.361	51.500
664.559	36.500
664.758	79.500
664.957	87.500
665.155	108.500
665.354	69.500
665.552	79.500
665.751	93.500
665.950	43.500
666.148	16.500
666.347	8.500
666.546	27.500
666.744	41.500
666.943	43.500
667.142	36.500
667.340	58.500
667.539	100.500
667.738	37.500
667.936	48.500
668.135	34.500
668.333	49.500
668.532	83.500
668.731	40.500
668.929	48.500
669.128	80.500
669.327	51.500
669.525	61.500
669.724	85.500
669.923	32.500
670.121	22.500
670.320	88.500
670.518	79.500
670.717	4.500
670.916	44.500
671.114	72.500
671.313	81.500
671.512	44.500
671.710	-11.500
671.909	13.500
672.108	50.500
672.306	39.500
672.505	32.500
672.703	4.500
672.902	-3.500
673.101	14.500
673.299	49.500
673.498	50.500
673.697	37.500
673.895	13.500
674.094	31.500
674.293	10.500
674.491	6.500
674.690	16.500
674.888	13.500
675.087	38.500
675.286	78.500
675.484	54.500
675.683	26.500
675.882	6.500
676.080	25.500
676.279	6.500
676.478	-5.500
676.676	7.500
676.875	32.500
677.073	56.500
677.272	67.500
677.471	57.500
677.669	39.500
677.868	19.500
678.067	39.500
678.265	30.500
678.464	35.500
678.663	46.500
678.861	37.500
679.060	36.500
679.259	46.500
679.457	36.500
679.656	-11.500
679.854	-7.500
680.053	16.500
680.252	7.500
680.450	27.500
680.649	62.500
680.848	16.500
681.046	39.500
681.245	43.500
681.444	22.500
681.642	46.500
681.841	67.500
682.039	46.500
682.238	5.500
682.437	22.500
682.635	57.500
682.834	68.500
683.033	11.500
683.231	20.500
683.430	2.500
683.629	11.500
683.827	32.500
684.026	35.500
684.224	24.500
684.423	54.500
684.622	24.500
684.820	30.500
685.019	37.500
685.218	4.500
685.416	2.500
685.615	27.500
685.814	36.500
686.012	32.500
686.211	33.500
686.409	36.500
686.608	29.500
686.807	19.500
687.005	15.500
687.204	-7.500
687.403	-54.500
687.601	-4.500
687.800	36.500
687.999	10.500
688.197	-4.500
688.396	11.500
688.594	41.500
688.793	1.500
688.992	46.500
689.190	56.500
689.389	32.500
689.588	26.500
689.786	2.500
689.985	47.500
690.184	80.500
690.382	44.500
690.581	31.500
690.779	68.500
690.978	74.500
691.177	61.500
691.375	54.500
691.574	48.500
691.773	24.500
691.971	23.500
692.170	59.500
692.369	54.500
692.567	53.500
692.766	27.500
692.965	75.500
693.163	52.500
693.362	57.500
693.560	62.500
693.759	25.500
693.958	26.500
694.156	47.500
694.355	61.500
694.554	78.500
694.752	44.500
694.951	50.500
695.150	50.500
695.348	25.500
695.547	77.500
695.745	64.500
695.944	67.500
696.143	65.500
696.341	37.500
696.540	46.500
696.743	18.500
696.946	34.500
697.149	49.500
697.352	70.500
697.555	58.500
697.757	52.500
697.960	76.500
698.163	70.500
698.366	80.500
698.569	49.500
698.772	31.500
698.975	52.500
699.178	33.500
699.381	22.500
699.584	19.500
699.787	14.500
699.989	81.500
700.192	118.500
700.395	75.500
700.598	111.500
700.801	89.500
701.004	85.500
701.207	111.500
701.410	84.500
701.613	45.500
701.816	84.500
702.019	108.500
702.221	89.500
702.424	91.500
702.627	127.500
702.830	116.500
703.033	96.500
703.236	89.500
703.439	112.500
703.642	127.500
703.845	101.500
704.048	88.500
704.251	108.500
704.453	97.500
704.656	112.500
704.859	93.500
705.062	94.500
705.265	105.500
705.468	60.500
705.671	48.500
705.874	112.500
706.077	118.500
706.280	66.500
706.483	106.500
706.685	67.500
706.888	69.500
707.091	111.500
707.294	124.500
707.497	58.500
707.700	102.500
707.903	144.500
708.106	135.500
708.309	120.500
708.512	130.500
708.715	134.500
708.917	155.500
709.120	168.500
709.323	144.500
709.526	113.500
709.729	99.500
709.932	85.500
710.135	102.500
710.338	130.500
710.541	171.500
710.744	141.500
710.947	144.500
711.149	121.500
711.352	95.500
711.555	129.500
711.758	165.500
711.961	164.500
712.164	159.500
712.367	168.500
712.570	154.500
712.773	143.500
712.976	139.500
713.179	130.500
713.381	166.500
713.584	210.500
713.787	174.500
713.990	149.500
714.193	168.500
714.396	224.500
714.599	265.500
714.802	208.500
715.005	164.500
715.208	155.500
715.411	180.500
715.613	226.500
715.816	256.500
716.019	251.500
716.222	188.500
716.425	198.500
716.628	213.500
716.831	166.500
717.034	144.500
717.237	169.500
717.440	192.500
717.643	239.500
717.845	214.500
718.048	201.500
718.251	213.500
718.454	265.500
718.657	249.500
718.860	178.500
719.063	222.500
719.266	247.500
719.469	223.500
719.672	194.500
719.875	198.500
720.077	214.500
720.280	259.500
720.483	244.500
720.686	243.500
720.889	238.500
721.092	264.500
721.295	269.500
721.498	230.500
721.701	248.500
721.904	241.500
722.107	220.500
722.309	258.500
722.512	234.500
722.715	221.500
722.918	246.500
723.121	272.500
723.324	274.500
723.527	264.500
723.730	283.500
723.933	331.500
724.136	285.500
724.339	226.500
724.541	237.500
724.744	286.500
724.947	283.500
725.150	292.500
725.353	323.500
725.556	308.500
725.759	316.500
725.962	334.500
726.165	295.500
726.368	342.500
726.571	317.500
726.773	296.500
726.976	338.500
727.179	316.500
727.382	314.500
727.585	333.500
727.788	334.500
727.991	364.500
728.194	351.500
728.397	319.500
728.600	316.500
728.803	299.500
729.005	287.500
729.208	280.500
729.411	329.500
729.614	353.500
729.817	312.500
730.020	320.500
730.223	295.500
730.426	312.500
730.629	314.500
730.832	256.500
731.035	253.500
731.237	252.500
731.440	288.500
731.643	316.500
731.846	290.500
732.049	274.500
732.252	276.500
732.455	330.500
732.658	296.500
732.861	250.500
733.064	246.500
733.267	270.500
733.469	259.500
733.672	285.500
733.875	279.500
734.078	273.500
734.281	260.500
734.484	294.500
734.687	269.500
734.890	201.500
735.093	197.500
735.296	288.500
735.499	284.500
735.701	254.500
735.904	237.500
736.107	241.500
736.310	185.500
736.513	180.500
736.716	184.500
736.919	180.500
737.122	205.500
737.325	195.500
737.528	197.500
737.731	185.500
737.933	164.500
738.136	197.500
738.339	228.500
738.542	187.500
738.745	161.500
738.948	160.500
739.151	193.500
739.354	167.500
739.557	145.500
739.760	172.500
739.963	147.500
740.165	182.500
740.368	176.500
740.571	132.500
740.774	108.500
740.977	132.500
741.180	155.500
741.383	155.500
741.586	150.500
741.789	183.500
741.992	159.500
742.195	122.500
742.397	90.500
742.600	80.500
742.803	90.500
743.006	69.500
743.209	106.500
743.412	99.500
743.615	79.500
743.818	108.500
744.021	97.500
744.224	78.500
744.427	77.500
744.629	51.500
744.832	56.500
745.035	86.500
745.238	90.500
745.441	90.500
745.644	81.500
745.847	75.500
746.050	89.500
746.253	92.500
746.456	63.500
746.659	51.500
746.861	43.500
747.064	84.500
747.267	105.500
747.470	83.500
747.673	93.500
747.876	64.500
748.079	59.500
748.282	42.500
748.485	47.500
748.688	59.500
748.891	64.500
749.093	46.500
749.296	35.500
749.499	35.500
749.702	60.500
749.905	42.500
750.108	20.500
750.311	42.500
750.514	46.500
750.717	1.500
750.920	1.500
751.123	40.500
751.325	42.500
751.528	62.500
751.731	66.500
751.934	76.500
752.137	73.500
752.340	44.500
752.543	30.500
752.746	-20.500
752.949	-6.500
753.152	63.500
753.355	45.500
753.557	12.500
753.760	24.500
753.963	-7.500
754.166	-5.500
754.369	44.500
754.572	23.500
754.775	23.500
754.978	33.500
755.181	32.500
755.384	31.500
755.587	56.500
755.789	37.500
755.992	28.500
756.195	28.500
756.398	28.500
756.601	13.500
756.804	25.500
757.007	36.500
757.210	40.500
757.413	30.500
757.616	58.500
757.819	58.500
758.021	26.500
758.224	-11.500
758.427	35.500
758.630	6.500
758.833	12.500
759.036	10.500
759.239	4.500
759.442	33.500
759.645	49.500
759.848	11.500
760.051	-10.500
760.253	-4.500
760.456	5.500
760.659	-5.500
760.862	23.500
761.065	-14.500
761.268	-12.500
761.471	25.500
761.674	62.500
761.877	29.500
762.080	12.500
762.283	6.500
762.485	20.500
762.688	5.500
762.891	42.500
763.094	10.500
763.297	2.500
763.500	47.500
763.706	57.500
763.912	37.500
764.118	37.500
764.325	7.500
764.531	1.500
764.737	4.500
764.943	18.500
765.149	17.500
765.355	51.500
765.561	56.500
765.768	48.500
765.974	28.500
766.180	-1.500
766.386	-4.500
766.592	8.500
766.798	-4.500
767.004	-5.500
767.210	21.500
767.417	4.500
767.623	-14.500
767.829	16.500
768.035	-29.500
768.241	-16.500
768.447	1.500
768.653	-1.500
768.860	29.500
769.066	56.500
769.272	61.500
769.478	46.500
769.684	2.500
769.890	1.500
770.096	15.500
770.303	8.500
770.509	-30.500
770.715	-16.500
770.921	21.500
771.127	22.500
771.333	46.500
771.539	60.500
771.745	45.500
771.952	-11.500
772.158	-19.500
772.364	-9.500
772.570	8.500
772.776	40.500
772.982	45.500
773.188	77.500
773.395	48.500
773.601	31.500
773.807	25.500
774.013	-12.500
774.219	-11.500
774.425	13.500
774.631	31.500
774.838	20.500
775.044	9.500
775.250	-0.500
775.456	-17.500
775.662	-22.500
775.868	0.500
776.074	-16.500
776.281	-16.500
776.487	0.500
776.693	1.500
776.899	0.500
777.105	-4.500
777.311	7.500
777.517	2.500
777.723	41.500
777.930	22.500
778.136	-14.500
778.342	11.500
778.548	9.500
778.754	8.500
778.960	6.500
779.166	30.500
779.373	33.500
779.579	43.500
779.785	33.500
779.991	16.500
780.197	27.500
780.403	19.500
780.609	5.500
780.816	31.500
781.022	29.500
781.228	47.500
781.434	39.500
781.640	-16.500
781.846	-12.500
782.052	-33.500
782.259	-80.500
782.465	-63.500
782.671	10.500
782.877	11.500
783.083	-0.500
783.289	35.500
783.495	22.500
783.701	-18.500
783.908	-28.500
784.114	33.500
784.320	21.500
784.526	-22.500
784.732	9.500
784.938	35.500
785.144	-0.500
785.351	-9.500
785.557	27.500
785.763	7.500
785.969	4.500
786.175	29.500
786.381	-8.500
786.587	-23.500
786.794	-11.500
787.000	-3.500
787.206	-22.500
787.412	-2.500
787.618	11.500
787.824	17.500
788.030	-9.500
788.236	-38.500
788.443	-6.500
788.649	-5.500
788.855	-12.500
789.061	-8.500
789.267	-7.500
789.473	-15.500
789.679	8.500
789.886	-2.500
790.092	-14.500
790.298	13.500
790.504	-3.500
790.710	6.500
790.916	24.500
791.122	31.500
791.329	29.500
791.535	43.500
791.741	18.500
791.947	-7.500
792.153	8.500
792.359	25.500
792.565	39.500
792.771	27.500
792.978	-19.500
793.184	-20.500
793.390	8.500
793.596	-12.500
793.802	-17.500
794.008	-10.500
794.214	1.500
794.421	14.500
794.627	3.500
794.833	-25.500
795.039	-26.500
795.245	32.500
795.451	17.500
795.657	16.500
795.864	-14.500
796.070	-16.500
796.276	10.500
796.482	-14.500
796.688	5.500
796.894	14.500
797.100	14.500
797.307	-13.500
797.513	17.500
797.719	40.500
797.925	-2.500
798.131	-45.500
798.337	-46.500
798.543	-31.500
798.749	27.500
798.956	15.500
799.162	48.500
799.368	40.500
799.574	-9.500
799.780	19.500
799.986	4.500
800.192	-11.500
800.399	9.500
800.605	14.500
800.811	27.500
801.017	34.500
801.223	26.500
801.429	10.500
801.635	8.500
801.842	-15.500
802.048	-11.500
802.254	11.500
802.460	10.500
802.666	19.500
802.872	23.500
803.078	28.500
803.285	33.500
803.491	-9.500
803.697	-18.500
803.903	16.500
804.109	3.500
804.315	-3.500
804.521	2.500
804.727	29.500
804.934	33.500
805.140	49.500
805.346	12.500
805.552	31.500
805.758	15.500
805.964	1.500
806.170	-0.500
806.377	26.500
806.583	-16.500
806.789	1.500
806.995	-4.500
807.201	-36.500
807.407	-35.500
807.613	18.500
807.820	-3.500
808.026	-31.500
808.232	-20.500
808.438	15.500
808.644	23.500
808.850	11.500
809.056	1.500
809.262	-2.500
809.469	35.500
809.675	-3.500
809.881	-28.500
810.087	-17.500
810.293	-6.500
810.499	29.500
810.705	22.500
810.912	55.500
811.118	50.500
811.324	-13.500
811.530	0.500
811.739	4.500
811.947	32.500
812.156	3.500
812.365	-44.500
812.573	-2.500
812.782	18.500
812.990	-0.500
813.199	-15.500
813.408	32.500
813.616	47.500
813.825	26.500
814.034	48.500
814.242	13.500
814.451	-8.500
814.659	6.500
814.868	40.500
815.077	14.500
815.285	-11.500
815.494	-6.500
815.703	-6.500
815.911	-10.500
816.120	-14.500
816.329	-17.500
816.537	-17.500
816.746	15.500
816.954	8.500
817.163	10.500
817.372	12.500
817.580	13.500
817.789	4.500
817.998	9.500
818.206	12.500
818.415	0.500
818.624	-37.500
818.832	6.500
819.041	10.500
819.249	2.500
819.458	35.500
819.667	27.500
819.875	-1.500
820.084	-24.500
820.293	-36.500
820.501	-41.500
820.710	-4.500
820.919	25.500
821.127	46.500
821.336	49.500
821.544	35.500
821.753	40.500
821.962	13.500
822.170	-13.500
822.379	1.500
822.588	21.500
822.796	3.500
823.005	-11.500
823.213	-20.500
823.422	-20.500
823.631	16.500
823.839	31.500
824.048	26.500
824.257	3.500
824.465	0.500
824.674	-23.500
824.883	-4.500
825.091	-1.500
825.300	-6.500
825.508	-15.500
825.717	0.500
825.926	8.500
826.134	10.500
826.343	-22.500
826.552	-42.500
826.760	-20.500
826.969	5.500
827.178	4.500
827.386	33.500
827.595	-0.500
827.803	-37.500
828.012	-21.500
828.221	-31.500
828.429	-11.500
828.638	-16.500
828.847	4.500
829.055	17.500
829.264	32.500
829.472	40.500
829.681	25.500
829.890	-20.500
830.098	-38.500
830.307	-22.500
830.516	-45.500
830.724	-58.500
830.933	-7.500
831.142	46.500
831.350	26.500
831.559	-5.500
831.767	-40.500
831.976	-14.500
832.185	1.500
832.393	-30.500
832.602	-19.500
832.811	-8.500
833.019	0.500
833.228	9.500
833.437	10.500
833.645	48.500
833.854	0.500
834.062	-19.500
834.271	-19.500
834.480	-11.500
834.688	-6.500
834.897	24.500
835.106	2.500
835.314	0.500
835.523	45.500
835.731	41.500
835.940	20.500
836.149	-17.500
836.357	-19.500
836.566	4.500
836.775	-7.500
836.983	28.500
837.192	27.500
837.401	36.500
837.609	24.500
837.818	30.500
838.026	8.500
838.235	-13.500
838.444	-13.500
838.652	3.500
838.861	-2.500
839.070	-23.500
839.278	-9.500
839.487	-21.500
839.696	-3.500
839.904	20.500
840.113	-6.500
840.321	3.500
840.530	-36.500
840.739	-70.500
840.947	1.500
841.156	-16.500
841.365	-26.500
841.573	-28.500
841.782	-26.500
841.991	-31.500
842.199	-8.500
842.408	27.500
842.616	10.500
842.825	-3.500
843.034	5.500
843.242	-28.500
843.451	-12.500
843.660	23.500
843.868	17.500
844.077	-12.500
844.285	7.500
844.494	-1.500
844.703	-57.500
844.911	-43.500
845.120	-11.500
845.329	3.500
845.537	7.500
845.746	-13.500
845.955	-0.500
846.163	-5.500
846.372	-4.500
846.580	-4.500
846.789	-3.500
846.998	19.500
847.206	-20.500
847.415	-16.500
847.624	-46.500
847.832	-13.500
848.041	22.500
848.250	2.500
848.458	-1.500
848.667	-15.500
848.875	-11.500
849.084	-28.500
849.293	-52.500
849.501	-31.500
849.710	2.500
849.919	11.500
850.127	-25.500
850.336	-59.500
850.544	-23.500
850.753	-6.500
850.962	-57.500
851.170	-50.500
851.379	11.500
851.588	14.500
851.796	-2.500
852.005	0.500
852.214	-28.500
852.422	-5.500
852.631	-16.500
852.839	-59.500
853.048	22.500
853.257	51.500
853.465	22.500
853.674	4.500
853.883	7.500
854.091	7.500
854.300	-5.500
854.509	-7.500
854.717	2.500
854.926	-0.500
855.134	4.500
855.343	-3.500
855.552	9.500
855.760	18.500
855.969	25.500
856.178	14.500
856.386	-6.500
856.595	2.500
856.803	11.500
857.012	-14.500
857.221	10.500
857.429	46.500
857.638	10.500
857.847	1.500
858.055	24.500
858.264	-48.500
858.473	-25.500
858.681	24.500
858.890	-35.500
859.098	15.500
859.307	45.500
859.516	51.500
859.724	-2.500
859.933	-27.500
860.142	21.500
860.350	16.500
860.559	13.500
860.768	-15.500
860.976	-37.500
861.185	-15.500
861.393	-24.500
861.602	9.500
861.811	25.500
862.019	3.500
862.228	-6.500
862.437	-18.500
862.645	-3.500
862.854	15.500
863.062	28.500
863.271	4.500
863.480	-16.500
863.688	14.500
863.897	19.500
864.106	-29.500
864.314	-27.500
864.523	-5.500
864.732	-13.500
864.940	-34.500
865.149	-27.500
865.357	11.500
865.566	25.500
865.775	21.500
865.983	7.500
866.192	27.500
866.401	4.500
866.609	-12.500
866.818	-19.500
867.027	-21.500
867.235	30.500
867.444	-3.500
867.652	-22.500
867.861	25.500
868.070	-4.500
868.278	-17.500
868.487	25.500
868.696	28.500
868.904	-7.500
869.113	-36.500
869.321	-20.500
869.530	-4.500
869.739	7.500
869.947	31.500
870.156	34.500
870.365	11.500
870.573	-4.500
870.782	-10.500
870.991	-2.500
871.199	34.500
871.408	65.500
871.616	11.500
871.825	-2.500
872.034	1.500
872.242	38.500
872.451	26.500
872.660	0.500
872.868	0.500
873.077	-8.500
873.286	-23.500
873.494	-12.500
873.703	11.500
873.911	36.500
874.120	19.500
874.329	-11.500
874.537	9.500
874.746	12.500
874.955	-6.500
875.163	-31.500
875.372	-6.500
875.581	-10.500
875.789	24.500
875.998	2.500
876.206	12.500
876.415	5.500
876.624	21.500
876.832	9.500
877.041	18.500
877.250	-5.500
877.458	-38.500
877.667	-4.500
877.875	17.500
878.084	0.500
878.293	9.500
878.501	35.500
878.710	36.500
878.919	-0.500
879.127	2.500
879.336	21.500
879.545	31.500
879.753	45.500
879.962	1.500
880.170	-15.500
880.379	-21.500
880.588	8.500
880.796	18.500
881.005	33.500
881.214	20.500
881.422	4.500
881.631	19.500
881.840	22.500
882.048	4.500
882.257	-14.500
882.465	-27.500
882.674	-29.500
882.883	-19.500
883.091	4.500
883.300	-8.500
883.509	-15.500
883.717	21.500
883.926	11.500
884.134	-1.500
884.343	29.500
884.552	13.500
884.760	-13.500
884.969	-31.500
885.178	-39.500
885.386	2.500
885.595	14.500
885.804	5.500
886.012	-11.500
886.221	8.500
886.429	-2.500
886.638	-22.500
886.847	38.500
887.055	2.500
887.264	-27.500
887.473	42.500
887.681	44.500
887.890	31.500
888.099	46.500
888.307	22.500
888.516	5.500
888.724	0.500
888.933	-15.500
889.142	-33.500
889.350	-25.500
889.559	27.500
889.768	27.500
889.976	2.500
890.185	30.500
890.393	-16.500
890.602	-10.500
890.811	13.500
891.019	18.500
891.228	-22.500
891.437	-43.500
891.645	-51.500
891.854	-28.500
892.063	24.500
892.271	15.500
892.480	-30.500
892.688	0.500
892.897	45.500
893.106	1.500
893.314	-27.500
893.523	10.500
893.732	16.500
893.940	-4.500
894.149	15.500
894.358	-1.500
894.566	-31.500
894.775	22.500
894.983	21.500
895.192	-11.500
895.401	10.500
895.609	-3.500
895.818	-15.500
896.027	7.500
896.235	7.500
896.444	-6.500
896.652	-32.500
896.861	8.500
897.070	24.500
897.278	20.500
897.487	26.500
897.696	28.500
897.904	-7.500
898.113	-29.500
898.322	-6.500
898.530	25.500
898.739	5.500
898.947	-4.500
899.156	18.500
899.365	4.500
899.573	-6.500
899.782	-13.500
899.991	-34.500
900.199	2.500
900.408	23.500
900.617	23.500
900.825	19.500
901.034	-12.500
901.242	-4.500
901.451	-3.500
901.660	1.500
901.868	32.500
902.077	55.500
902.286	16.500
902.494	13.500
902.703	30.500
902.911	35.500
903.120	28.500
903.329	17.500
903.537	-0.500
903.746	21.500
903.955	8.500
904.163	12.500
904.372	7.500
904.581	-8.500
904.789	-6.500
904.998	4.500
905.206	12.500
905.415	15.500
905.624	-0.500
905.832	9.500
906.041	10.500
906.250	10.500
906.458	-4.500
906.667	-30.500
906.876	-20.500
907.084	-12.500
907.293	-42.500
907.501	-31.500
907.710	2.500
907.919	-7.500
908.127	7.500
908.336	-11.500
908.545	-15.500
908.753	-19.500
908.962	4.500
909.170	21.500
909.379	-27.500
909.588	-32.500
909.796	-2.500
910.005	3.500
910.214	-39.500
910.422	-16.500
910.631	1.500
910.840	14.500
911.048	16.500
911.257	16.500
911.465	-20.500
911.674	24.500
911.883	14.500
912.091	-19.500
912.300	22.500
912.508	31.500
912.716	15.500
912.924	-9.500
913.132	-31.500
913.340	-17.500
913.549	-22.500
913.757	-20.500
913.965	-10.500
914.173	-37.500
914.381	-32.500
914.589	18.500
914.797	-14.500
915.005	-33.500
915.213	-2.500
915.421	-16.500
915.629	-30.500
915.838	-2.500
916.046	25.500
916.254	20.500
916.462	16.500
916.670	-7.500
916.878	-8.500
917.086	-11.500
917.294	-28.500
917.502	-13.500
917.710	40.500
917.919	31.500
918.127	1.500
918.335	0.500
918.543	-19.500
918.751	-4.500
918.959	-1.500
919.167	-22.500
919.375	-0.500
919.583	18.500
919.791	32.500
919.999	6.500
920.208	12.500
920.416	19.500
920.624	17.500
920.832	-51.500
921.040	-82.500
921.248	-11.500
921.456	-18.500
921.664	-49.500
921.872	-39.500
922.080	-9.500
922.288	18.500
922.497	32.500
922.705	10.500
922.913	-37.500
923.121	-19.500
923.329	-9.500
923.537	-16.500
923.745	-0.500
923.953	-19.500
924.161	-30.500
924.369	4.500
924.578	-23.500
924.786	-8.500
924.994	31.500
925.202	0.500
925.410	33.500
925.618	7.500
925.826	-18.500
926.034	7.500
926.242	-5.500
926.450	-11.500
926.658	2.500
926.867	0.500
927.075	3.500
927.283	-12.500
927.491	-2.500
927.699	-7.500
927.907	35.500
928.115	30.500
928.323	6.500
928.531	-25.500
928.739	-19.500
928.947	-20.500
929.156	-22.500
929.364	-0.500
929.572	12.500
929.780	5.500
929.988	8.500
930.196	30.500
930.404	22.500
930.612	-6.500
930.820	19.500
931.028	14.500
931.236	5.500
931.445	4.500
931.653	-13.500
931.861	9.500
932.069	28.500
932.277	12.500
932.485	4.500
932.693	-0.500
932.901	-30.500
933.109	-24.500
933.317	5.500
933.526	0.500
933.734	-4.500
933.942	19.500
934.150	43.500
934.358	14.500
934.566	-6.500
934.774	22.500
934.982	2.500
935.190	16.500
935.398	-5.500
935.606	-24.500
935.815	-14.500
936.023	4.500
936.231	23.500
936.439	27.500
936.647	17.500
936.855	-9.500
937.063	-51.500
937.271	-26.500
937.479	-5.500
937.687	17.500
937.895	47.500
938.104	20.500
938.312	4.500
938.520	-20.500
938.728	-24.500
938.936	-7.500
939.144	23.500
939.352	6.500
939.560	-47.500
939.768	-53.500
939.976	-2.500
940.185	5.500
940.393	3.500
940.601	-22.500
940.809	20.500
941.017	17.500
941.225	-13.500
941.433	-5.500
941.641	4.500
941.849	-8.500
942.057	-14.500
942.265	-35.500
942.474	-9.500
942.682	14.500
942.890	-19.500
943.098	-6.500
943.306	-6.500
943.514	21.500
943.722	-6.500
943.930	-3.500
944.138	27.500
944.346	38.500
944.554	25.500
944.763	30.500
944.971	10.500
945.179	-23.500
945.387	-18.500
945.595	-9.500
945.803	6.500
946.011	27.500
946.219	68.500
946.427	30.500
946.635	-25.500
946.843	-9.500
947.052	15.500
947.260	-19.500
947.468	-55.500
947.676	-32.500
947.884	-33.500
948.092	-17.500
948.300	-4.500
948.508	67.500
948.716	11.500
948.924	-20.500
949.133	23.500
949.341	48.500
949.549	41.500
949.757	16.500
949.965	-12.500
950.173	-21.500
950.381	18.500
950.589	36.500
950.797	32.500
951.005	25.500
951.213	9.500
951.422	7.500
951.630	-5.500
951.838	2.500
952.046	68.500
952.254	30.500
952.462	7.500
952.670	61.500
952.878	28.500
953.086	3.500
953.294	-0.500
953.502	-12.500
953.711	21.500
953.919	-22.500
954.127	-18.500
954.335	-9.500
954.543	-6.500
954.751	-3.500
954.959	-9.500
955.167	7.500
955.375	-14.500
955.583	-22.500
955.792	-1.500
956.000	-23.500
956.208	17.500
956.416	42.500
956.624	0.500
956.832	-12.500
957.040	16.500
957.248	-12.500
957.456	-44.500
957.664	-33.500
957.872	-5.500
958.081	14.500
958.289	5.500
958.497	28.500
958.705	38.500
958.913	23.500
959.121	14.500
959.329	-19.500
959.537	-41.500
959.745	-47.500
959.953	-19.500
960.161	29.500
960.370	9.500
960.578	18.500
960.786	59.500
960.994	1.500
961.202	-22.500
961.410	-41.500
961.618	-12.500
961.826	6.500
962.034	40.500
962.242	45.500
962.451	-15.500
962.659	1.500
962.867	-11.500
963.075	-21.500
963.283	25.500
963.491	31.500
963.699	1.500
963.907	-27.500
964.115	-12.500
964.323	44.500
964.531	72.500
964.740	38.500
964.948	0.500
965.156	-26.500
965.364	-27.500
965.572	-31.500
965.780	-32.500
965.999	8.500
966.218	12.500
966.438	-21.500
966.657	-20.500
966.876	4.500
967.095	-0.500
967.315	-15.500
967.534	6.500
967.753	-4.500
967.972	8.500
968.192	-4.500
968.411	-23.500
968.630	-18.500
968.849	6.500
969.068	29.500
969.288	11.500
969.507	-11.500
969.726	5.500
969.945	12.500
970.165	-13.500
970.384	9.500
970.603	-17.500
970.822	-17.500
971.042	9.500
971.261	36.500
971.480	-5.500
971.699	-55.500
971.919	-31.500
972.138	-3.500
972.357	-36.500
972.576	-13.500
972.795	3.500
973.015	-1.500
973.234	2.500
973.453	31.500
973.672	5.500
973.892	-12.500
974.111	-10.500
974.330	20.500
974.549	29.500
974.769	34.500
974.988	30.500
975.207	45.500
975.426	38.500
975.646	0.500
975.865	-45.500
976.084	-53.500
976.303	-39.500
976.522	3.500
976.742	15.500
976.961	-29.500
977.180	-50.500
977.399	-34.500
977.619	11.500
977.838	36.500
978.057	8.500
978.276	11.500
978.496	-4.500
978.715	-18.500
978.934	20.500
979.153	25.500
979.372	36.500
979.592	12.500
979.811	6.500
980.030	-2.500
980.249	10.500
980.469	0.500
980.688	-13.500
980.907	-7.500
981.126	-19.500
981.346	-29.500
981.565	-23.500
981.784	-13.500
982.003	-22.500
982.223	-24.500
982.442	-19.500
982.661	-31.500
982.880	-10.500
983.099	-22.500
983.319	-21.500
983.538	-20.500
983.757	46.500
983.976	55.500
984.196	2.500
984.415	23.500
984.634	-32.500
984.853	-33.500
985.073	-11.500
985.292	-5.500
985.511	4.500
985.730	-14.500
985.949	-14.500
986.169	-16.500
986.388	-15.500
986.607	-19.500
986.826	-19.500
987.046	-18.500
987.265	-28.500
987.484	28.500
987.703	18.500
987.923	-14.500
988.142	27.500
988.361	65.500
988.580	40.500
988.800	-24.500
989.019	9.500
989.238	0.500
989.457	-21.500
989.676	-23.500
989.896	-13.500
990.115	-16.500
990.334	-19.500
990.553	-6.500
990.773	-40.500
990.992	-45.500
991.211	-8.500
991.430	-17.500
991.650	-20.500
991.869	15.500
992.088	34.500
992.307	23.500
992.527	44.500
992.746	42.500
992.965	-1.500
993.184	-58.500
993.403	-69.500
993.623	-66.500
993.842	-36.500
994.061	-6.500
994.280	21.500
994.500	30.500
994.719	-13.500
994.938	-0.500
995.157	-33.500
995.377	-20.500
995.596	7.500
995.815	25.500
996.034	27.500
996.253	-11.500
996.473	-52.500
996.692	-65.500
996.911	-52.500
997.130	-12.500
997.350	3.500
997.569	-33.500
997.788	-45.500
998.007	-33.500
998.227	-35.500
998.446	-16.500
998.665	21.500
998.884	36.500
999.104	-20.500
999.323	-62.500
999.542	-23.500
999.761	-23.500
999.980	-32.500
1000.200	-13.500
1000.419	7.500
1000.638	11.500
1000.857	-1.500
1001.077	1.500
1001.296	-4.500
1001.515	-43.500
1001.734	-5.500
1001.954	2.500
1002.173	10.500
1002.392	39.500
1002.611	40.500
1002.830	40.500
1003.050	22.500
1003.269	0.500
1003.488	-26.500
1003.707	-34.500
1003.927	-29.500
1004.146	-13.500
1004.365	-8.500
1004.584	-7.500
1004.804	-7.500
1005.023	-6.500
1005.242	20.500
1005.461	7.500
1005.681	-32.500
1005.900	-23.500
1006.119	-24.500
1006.338	-83.500
1006.557	-43.500
1006.777	1.500
1006.996	9.500
1007.215	-5.500
1007.434	-7.500
1007.654	-15.500
1007.873	-4.500
1008.092	-33.500
1008.311	-22.500
1008.531	-10.500
1008.750	19.500
1008.969	8.500
1009.188	-39.500
1009.407	10.500
1009.627	7.500
1009.846	-31.500
1010.065	-32.500
1010.284	-9.500
1010.504	-13.500
1010.723	0.500
1010.942	-15.500
1011.161	-4.500
1011.381	8.500
1011.600	14.500
1011.819	28.500
1012.038	5.500
1012.258	-32.500
1012.477	-39.500
1012.696	-57.500
1012.915	-18.500
1013.134	18.500
1013.354	60.500
1013.573	34.500
1013.792	-0.500
1014.011	-4.500
1014.231	-15.500
1014.450	-3.500
1014.669	-22.500
1014.888	-15.500
1015.108	8.500
1015.327	36.500
1015.546	23.500
1015.765	24.500
1015.984	-3.500
1016.204	1.500
1016.423	-0.500
1016.642	2.500
1016.861	18.500
1017.081	14.500
1017.300	14.500
1017.519	-25.500
