296.912	49.500
297.101	-3.500
297.290	-1.500
297.479	13.500
297.668	-18.500
297.858	-27.500
298.047	3.500
298.236	12.500
298.425	34.500
298.614	-10.500
298.803	2.500
298.992	34.500
299.181	61.500
299.370	31.500
299.559	40.500
299.748	14.500
299.937	13.500
300.126	-19.500
300.315	23.500
300.504	7.500
300.693	21.500
300.882	24.500
301.071	24.500
301.260	71.500
301.449	12.500
301.638	9.500
301.827	10.500
302.016	-3.500
302.205	-5.500
302.395	46.500
302.584	18.500
302.773	-29.500
302.962	45.500
303.151	25.500
303.340	-33.500
303.529	11.500
303.718	-29.500
303.907	73.500
304.096	39.500
304.285	43.500
304.474	17.500
304.663	40.500
304.852	59.500
305.041	-18.500
305.230	-24.500
305.419	-15.500
305.608	32.500
305.797	10.500
305.986	4.500
306.175	34.500
306.364	8.500
306.553	-30.500
306.743	-16.500
306.932	15.500
307.121	27.500
307.310	-6.500
307.499	-7.500
307.688	49.500
307.877	56.500
308.066	75.500
308.255	11.500
308.444	24.500
308.633	7.500
308.822	-56.500
309.011	-0.500
309.200	21.500
309.389	13.500
309.578	-39.500
309.767	12.500
309.956	-17.500
310.145	28.500
310.334	27.500
310.523	-15.500
310.712	42.500
310.901	20.500
311.091	3.500
311.280	63.500
311.469	-1.500
311.658	-25.500
311.847	-17.500
312.036	-31.500
312.225	-55.500
312.414	-50.500
312.603	22.500
312.792	-23.500
312.981	-28.500
313.170	-17.500
313.349	12.500
313.527	-2.500
313.706	-32.500
313.884	14.500
314.063	13.500
314.241	7.500
314.420	-14.500
314.598	-31.500
314.777	3.500
314.955	32.500
315.134	-24.500
315.312	24.500
315.491	-28.500
315.669	-6.500
315.848	-6.500
316.027	11.500
316.205	-12.500
316.384	25.500
316.562	-12.500
316.741	102.500
316.919	0.500
317.098	28.500
317.276	-6.500
317.455	-1.500
317.633	0.500
317.812	33.500
317.990	-17.500
318.169	-10.500
318.347	8.500
318.526	29.500
318.705	6.500
318.883	29.500
319.062	23.500
319.240	4.500
319.419	1.500
319.597	11.500
319.776	-2.500
319.954	-42.500
320.133	6.500
320.311	5.500
320.490	20.500
320.668	27.500
320.847	24.500
321.025	7.500
321.204	-14.500
321.382	-25.500
321.561	0.500
321.740	61.500
321.918	-0.500
322.097	72.500
322.275	48.500
322.454	3.500
322.632	-49.500
322.811	-41.500
322.989	-19.500
323.168	-0.500
323.346	12.500
323.525	39.500
323.703	13.500
323.882	35.500
324.060	59.500
324.239	-15.500
324.418	-28.500
324.596	29.500
324.775	22.500
324.953	10.500
325.132	-14.500
325.310	70.500
325.489	42.500
325.667	10.500
325.846	65.500
326.024	3.500
326.203	17.500
326.381	21.500
326.560	29.500
326.738	37.500
326.917	26.500
327.096	54.500
327.274	-26.500
327.453	40.500
327.631	22.500
327.810	-30.500
327.988	-34.500
328.167	0.500
328.345	-8.500
328.524	10.500
328.702	25.500
328.881	23.500
329.059	14.500
329.238	35.500
329.416	23.500
329.595	20.500
329.774	43.500
329.952	3.500
330.131	-11.500
330.309	-16.500
330.488	6.500
330.666	56.500
330.845	27.500
331.023	27.500
331.202	8.500
331.380	-17.500
331.559	-23.500
331.737	6.500
331.916	41.500
332.094	64.500
332.273	37.500
332.452	-11.500
332.630	2.500
332.809	28.500
332.987	30.500
333.166	6.500
333.344	-19.500
333.523	-49.500
333.701	-21.500
333.880	64.500
334.058	43.500
334.237	52.500
334.415	5.500
334.594	-6.500
334.772	-25.500
334.951	26.500
335.129	-34.500
335.308	-25.500
335.487	-4.500
335.665	18.500
335.844	-11.500
336.022	7.500
336.201	-23.500
336.379	26.500
336.558	-14.500
336.736	51.500
336.915	-0.500
337.093	24.500
337.272	13.500
337.450	13.500
337.629	67.500
337.807	15.500
337.986	4.500
338.165	-18.500
338.343	-8.500
338.522	52.500
338.700	10.500
338.879	49.500
339.057	-5.500
339.236	10.500
339.414	49.500
339.593	9.500
339.771	15.500
339.950	25.500
340.128	9.500
340.307	7.500
340.485	32.500
340.664	2.500
340.843	5.500
341.021	22.500
341.200	55.500
341.378	61.500
341.557	31.500
341.735	-1.500
341.914	19.500
342.092	-1.500
342.271	10.500
342.449	39.500
342.628	-11.500
342.806	20.500
342.985	102.500
343.163	56.500
343.342	5.500
343.521	-5.500
343.699	-18.500
343.878	-25.500
344.056	60.500
344.235	26.500
344.413	52.500
344.592	12.500
344.770	32.500
344.949	-26.500
345.127	-5.500
345.306	0.500
345.484	-61.500
345.663	-18.500
345.841	9.500
346.020	45.500
346.199	44.500
346.377	16.500
346.556	-13.500
346.734	28.500
346.913	15.500
347.091	25.500
347.270	-9.500
347.448	15.500
347.627	7.500
347.805	43.500
347.984	18.500
348.162	-14.500
348.341	-40.500
348.519	-1.500
348.698	53.500
348.876	0.500
349.055	-5.500
349.234	30.500
349.412	32.500
349.591	3.500
349.769	-5.500
349.948	44.500
350.126	15.500
350.305	-13.500
350.483	-5.500
350.662	-36.500
350.840	17.500
351.019	9.500
351.197	13.500
351.376	25.500
351.554	34.500
351.733	71.500
351.912	33.500
352.090	58.500
352.269	60.500
352.447	48.500
352.626	12.500
352.804	42.500
352.983	56.500
353.161	57.500
353.340	28.500
353.518	31.500
353.697	50.500
353.875	87.500
354.054	58.500
354.232	54.500
354.411	66.500
354.590	20.500
354.768	39.500
354.947	58.500
355.125	9.500
355.304	50.500
355.482	54.500
355.661	12.500
355.839	30.500
356.018	34.500
356.196	81.500
356.375	104.500
356.553	38.500
356.732	2.500
356.910	65.500
357.089	29.500
357.268	35.500
357.446	11.500
357.625	58.500
357.803	-19.500
357.982	14.500
358.160	-4.500
358.339	78.500
358.517	32.500
358.696	2.500
358.874	13.500
359.053	10.500
359.231	27.500
359.410	-0.500
359.588	41.500
359.767	114.500
359.945	12.500
360.124	8.500
360.303	17.500
360.481	42.500
360.660	32.500
360.838	88.500
361.017	61.500
361.195	39.500
361.374	33.500
361.552	32.500
361.731	8.500
361.909	25.500
362.088	-19.500
362.266	8.500
362.445	-21.500
362.623	28.500
362.802	61.500
362.981	28.500
363.159	53.500
363.338	73.500
363.516	69.500
363.695	49.500
363.873	11.500
364.052	31.500
364.230	45.500
364.409	31.500
364.587	22.500
364.766	34.500
364.944	46.500
365.123	81.500
365.301	57.500
365.480	41.500
365.660	58.500
365.839	33.500
366.019	18.500
366.199	26.500
366.379	4.500
366.558	40.500
366.738	114.500
366.918	52.500
367.098	40.500
367.277	98.500
367.457	84.500
367.637	44.500
367.816	90.500
367.996	3.500
368.176	8.500
368.356	30.500
368.535	44.500
368.715	34.500
368.895	24.500
369.075	70.500
369.254	11.500
369.434	0.500
369.614	66.500
369.793	-5.500
369.973	-31.500
370.153	65.500
370.333	89.500
370.512	53.500
370.692	4.500
370.872	20.500
371.051	35.500
371.231	34.500
371.411	25.500
371.591	52.500
371.770	52.500
371.950	4.500
372.130	18.500
372.310	12.500
372.489	60.500
372.669	63.500
372.849	32.500
373.028	-11.500
373.208	10.500
373.388	32.500
373.568	23.500
373.747	5.500
373.927	44.500
374.107	23.500
374.287	16.500
374.466	98.500
374.646	51.500
374.826	40.500
375.005	55.500
375.185	34.500
375.365	96.500
375.545	105.500
375.724	43.500
375.904	105.500
376.084	81.500
376.263	100.500
376.443	52.500
376.623	-11.500
376.803	28.500
376.982	-10.500
377.162	40.500
377.342	70.500
377.522	44.500
377.701	28.500
377.881	119.500
378.061	75.500
378.240	12.500
378.420	61.500
378.600	36.500
378.780	14.500
378.959	69.500
379.139	22.500
379.319	77.500
379.499	35.500
379.678	56.500
379.858	17.500
380.038	43.500
380.217	18.500
380.397	3.500
380.577	37.500
380.757	1.500
380.936	52.500
381.116	44.500
381.296	37.500
381.476	51.500
381.655	97.500
381.835	61.500
382.015	55.500
382.194	25.500
382.374	97.500
382.554	61.500
382.734	20.500
382.913	17.500
383.093	46.500
383.273	35.500
383.452	5.500
383.632	-29.500
383.812	-6.500
383.992	84.500
384.171	80.500
384.351	42.500
384.531	39.500
384.711	62.500
384.890	49.500
385.070	74.500
385.250	86.500
385.429	34.500
385.609	15.500
385.789	47.500
385.969	60.500
386.148	90.500
386.328	42.500
386.508	60.500
386.688	24.500
386.867	20.500
387.047	30.500
387.227	87.500
387.406	52.500
387.586	38.500
387.766	42.500
387.946	53.500
388.125	47.500
388.305	59.500
388.485	22.500
388.664	34.500
388.844	50.500
389.024	47.500
389.204	41.500
389.383	60.500
389.563	-3.500
389.743	-7.500
389.923	47.500
390.102	28.500
390.282	26.500
390.462	33.500
390.641	70.500
390.821	37.500
391.001	30.500
391.181	49.500
391.360	82.500
391.540	80.500
391.720	14.500
391.900	31.500
392.079	66.500
392.259	2.500
392.439	27.500
392.618	-16.500
392.798	-0.500
392.978	51.500
393.158	102.500
393.337	92.500
393.517	69.500
393.697	47.500
393.877	16.500
394.056	16.500
394.236	50.500
394.416	17.500
394.595	64.500
394.775	85.500
394.955	31.500
395.135	79.500
395.314	77.500
395.494	80.500
395.674	52.500
395.853	51.500
396.033	67.500
396.213	18.500
396.393	82.500
396.572	86.500
396.752	64.500
396.932	64.500
397.112	67.500
397.291	60.500
397.471	34.500
397.651	-15.500
397.830	35.500
398.010	21.500
398.190	70.500
398.370	80.500
398.549	70.500
398.729	91.500
398.909	67.500
399.089	14.500
399.268	15.500
399.448	76.500
399.628	38.500
399.807	69.500
399.987	116.500
400.167	109.500
400.347	65.500
400.526	66.500
400.706	86.500
400.886	50.500
401.065	95.500
401.245	70.500
401.425	67.500
401.605	96.500
401.784	79.500
401.964	120.500
402.144	80.500
402.324	90.500
402.503	90.500
402.683	121.500
402.863	73.500
403.042	17.500
403.222	18.500
403.402	69.500
403.582	115.500
403.761	90.500
403.941	48.500
404.121	68.500
404.301	63.500
404.480	46.500
404.660	84.500
404.844	123.500
405.029	82.500
405.213	87.500
405.398	35.500
405.582	94.500
405.767	40.500
405.951	36.500
406.136	68.500
406.320	53.500
406.505	74.500
406.689	66.500
406.874	90.500
407.058	69.500
407.243	46.500
407.427	94.500
407.612	101.500
407.796	35.500
407.981	33.500
408.165	67.500
408.350	62.500
408.534	42.500
408.719	81.500
408.903	-6.500
409.088	71.500
409.272	84.500
409.457	78.500
409.641	59.500
409.826	131.500
410.010	70.500
410.195	55.500
410.379	72.500
410.564	93.500
410.748	65.500
410.933	80.500
411.117	58.500
411.302	76.500
411.486	58.500
411.671	74.500
411.855	101.500
412.040	14.500
412.224	60.500
412.409	135.500
412.593	124.500
412.778	84.500
412.962	99.500
413.147	103.500
413.331	93.500
413.516	117.500
413.700	106.500
413.885	43.500
414.069	124.500
414.254	126.500
414.438	130.500
414.623	145.500
414.807	155.500
414.992	159.500
415.176	150.500
415.361	126.500
415.545	83.500
415.730	141.500
415.914	196.500
416.099	107.500
416.283	191.500
416.468	214.500
416.652	186.500
416.837	164.500
417.021	204.500
417.206	199.500
417.390	171.500
417.575	230.500
417.759	280.500
417.944	258.500
418.128	294.500
418.313	270.500
418.497	305.500
418.682	330.500
418.866	312.500
419.051	277.500
419.235	344.500
419.420	336.500
419.604	341.500
419.789	323.500
419.973	367.500
420.158	434.500
420.342	419.500
420.527	369.500
420.711	461.500
420.896	425.500
421.080	447.500
421.265	385.500
421.449	545.500
421.634	493.500
421.818	501.500
422.003	541.500
422.187	505.500
422.372	546.500
422.556	655.500
422.741	604.500
422.925	613.500
423.110	640.500
423.294	689.500
423.479	735.500
423.663	682.500
423.848	747.500
424.032	862.500
424.217	815.500
424.401	834.500
424.586	814.500
424.770	916.500
424.955	982.500
425.139	905.500
425.324	954.500
425.508	1010.500
425.693	1044.500
425.877	1105.500
426.062	1141.500
426.246	1157.500
426.431	1229.500
426.615	1266.500
426.800	1191.500
426.984	1276.500
427.169	1250.500
427.353	1356.500
427.538	1489.500
427.722	1427.500
427.907	1492.500
428.091	1539.500
428.276	1612.500
428.460	1615.500
428.645	1601.500
428.829	1676.500
429.014	1781.500
429.198	1716.500
429.383	1858.500
429.567	1871.500
429.752	1941.500
429.936	2021.500
430.121	2040.500
430.305	2079.500
430.490	2195.500
430.674	2172.500
430.859	2309.500
431.043	2255.500
431.228	2281.500
431.412	2317.500
431.597	2459.500
431.781	2555.500
431.966	2626.500
432.150	2604.500
432.335	2620.500
432.519	2785.500
432.704	2833.500
432.888	2913.500
433.073	2976.500
433.257	2973.500
433.442	3056.500
433.626	3188.500
433.811	3204.500
433.995	3238.500
434.180	3261.500
434.364	3396.500
434.549	3501.500
434.733	3692.500
434.918	3741.500
435.102	3746.500
435.287	3754.500
435.471	3925.500
435.656	4030.500
435.840	4019.500
436.030	4077.500
436.219	4159.500
436.409	4244.500
436.599	4290.500
436.789	4242.500
436.978	4555.500
437.168	4623.500
437.358	4688.500
437.548	4763.500
437.737	4881.500
437.927	5164.500
438.117	5221.500
438.306	5168.500
438.496	5305.500
438.686	5437.500
438.876	5597.500
439.065	5618.500
439.255	5876.500
439.445	5895.500
439.634	6151.500
439.824	6155.500
440.014	6228.500
440.204	6593.500
440.393	6707.500
440.583	6926.500
440.773	7018.500
440.963	7215.500
441.152	7419.500
441.342	7504.500
441.532	7764.500
441.721	8048.500
441.911	8358.500
442.101	8407.500
442.291	8726.500
442.480	8790.500
442.670	9136.500
442.860	9140.500
443.050	9575.500
443.239	9861.500
443.429	10046.500
443.619	10470.500
443.808	10689.500
443.998	10932.500
444.188	11275.500
444.378	11687.500
444.567	11978.500
444.757	12245.500
444.947	12338.500
445.137	12827.500
445.326	12951.500
445.516	13402.500
445.706	13852.500
445.895	13941.500
446.085	14223.500
446.275	14644.500
446.465	15011.500
446.654	15201.500
446.844	15490.500
447.034	15929.500
447.223	16246.500
447.413	16755.500
447.603	17027.500
447.793	17180.500
447.982	17404.500
448.172	17564.500
448.362	18082.500
448.552	18483.500
448.741	18582.500
448.931	18530.500
449.121	18757.500
449.310	18993.500
449.500	19283.500
449.690	19456.500
449.880	19411.500
450.069	19390.500
450.259	19656.500
450.449	19809.500
450.639	19836.500
450.828	19885.500
451.018	20103.500
451.208	20021.500
451.397	20005.500
451.587	20081.500
451.777	19944.500
451.967	19796.500
452.156	19503.500
452.346	19556.500
452.536	19372.500
452.725	19283.500
452.915	19189.500
453.105	18873.500
453.295	18619.500
453.484	18229.500
453.674	17858.500
453.864	17629.500
454.054	17713.500
454.243	17459.500
454.433	16970.500
454.623	16592.500
454.812	16263.500
455.002	16102.500
455.192	15686.500
455.382	15312.500
455.571	14897.500
455.761	14744.500
455.951	14535.500
456.141	14077.500
456.330	13626.500
456.520	13511.500
456.710	13179.500
456.899	12815.500
457.089	12478.500
457.279	12225.500
457.469	11898.500
457.658	11733.500
457.848	11386.500
458.038	11111.500
458.228	10900.500
458.417	10579.500
458.607	10508.500
458.797	10182.500
458.986	9984.500
459.176	9825.500
459.366	9515.500
459.556	9326.500
459.745	9139.500
459.935	8940.500
460.125	8791.500
460.314	8488.500
460.504	8360.500
460.694	8249.500
460.884	8143.500
461.073	7961.500
461.263	7945.500
461.453	7945.500
461.643	7800.500
461.832	7552.500
462.022	7623.500
462.212	7429.500
462.401	7215.500
462.591	7102.500
462.781	7066.500
462.971	7080.500
463.160	6910.500
463.350	6712.500
463.540	6662.500
463.730	6917.500
463.919	6658.500
464.109	6638.500
464.299	6564.500
464.488	6390.500
464.678	6334.500
464.868	6358.500
465.058	6394.500
465.247	6219.500
465.437	6194.500
465.627	6136.500
465.816	5988.500
466.006	5986.500
466.196	6026.500
466.386	5998.500
466.575	5856.500
466.765	5791.500
466.955	5776.500
467.145	5723.500
467.334	5620.500
467.524	5594.500
467.714	5323.500
467.903	5351.500
468.093	5402.500
468.283	5327.500
468.473	5211.500
468.662	5140.500
468.852	5079.500
469.042	4949.500
469.232	4860.500
469.421	4853.500
469.611	4744.500
469.801	4657.500
469.990	4514.500
470.180	4482.500
470.370	4469.500
470.560	4364.500
470.749	4325.500
470.939	4241.500
471.129	4091.500
471.318	3988.500
471.508	3930.500
471.698	3879.500
471.888	3911.500
472.077	3794.500
472.267	3617.500
472.457	3623.500
472.647	3585.500
472.836	3508.500
473.026	3456.500
473.216	3281.500
473.405	3376.500
473.595	3263.500
473.785	3134.500
473.975	3154.500
474.164	3108.500
474.354	3035.500
474.544	3103.500
474.734	2897.500
474.923	2873.500
475.113	2839.500
475.303	2905.500
475.492	2774.500
475.682	2738.500
475.872	2796.500
476.062	2741.500
476.251	2717.500
476.441	2599.500
476.631	2563.500
476.821	2534.500
477.010	2398.500
477.200	2487.500
477.390	2457.500
477.579	2441.500
477.769	2437.500
477.959	2340.500
478.149	2352.500
478.338	2336.500
478.528	2320.500
478.718	2295.500
478.907	2314.500
479.097	2239.500
479.287	2273.500
479.477	2154.500
479.666	2178.500
479.856	2147.500
480.046	2254.500
480.236	2112.500
480.425	2107.500
480.615	2120.500
480.805	2162.500
480.994	2155.500
481.184	2112.500
481.374	2156.500
481.564	2103.500
481.753	2047.500
481.943	2124.500
482.133	2023.500
482.323	2091.500
482.512	2019.500
482.702	1998.500
482.892	2038.500
483.081	1960.500
483.271	1991.500
483.461	2034.500
483.651	2074.500
483.840	1983.500
484.030	1890.500
484.220	2050.500
484.409	2068.500
484.599	2024.500
484.789	1949.500
484.979	2025.500
485.168	1976.500
485.358	1902.500
485.548	1907.500
485.738	1880.500
485.927	1907.500
486.117	1894.500
486.307	1984.500
486.496	1895.500
486.686	1783.500
486.876	1840.500
487.066	1846.500
487.255	1881.500
487.445	1907.500
487.635	1884.500
487.825	1865.500
488.014	1865.500
488.204	1906.500
488.394	1858.500
488.583	1831.500
488.773	1903.500
488.963	1858.500
489.153	1890.500
489.342	1831.500
489.532	1934.500
489.722	1911.500
489.912	1925.500
490.101	1945.500
490.291	1950.500
490.481	2001.500
490.670	2025.500
490.860	1961.500
491.050	1992.500
491.240	1988.500
491.429	1972.500
491.619	1999.500
491.809	1958.500
491.998	2042.500
492.188	2052.500
492.378	2060.500
492.568	2137.500
492.757	2126.500
492.947	2106.500
493.137	2130.500
493.327	2177.500
493.516	2159.500
493.706	2221.500
493.896	2237.500
494.085	2261.500
494.275	2306.500
494.465	2328.500
494.655	2453.500
494.844	2391.500
495.034	2404.500
495.224	2419.500
495.414	2421.500
495.603	2462.500
495.793	2493.500
495.983	2541.500
496.172	2648.500
496.362	2622.500
496.552	2671.500
496.742	2714.500
496.931	2726.500
497.121	2737.500
497.311	2860.500
497.500	2875.500
497.690	2894.500
497.880	2984.500
498.070	2976.500
498.259	3025.500
498.449	2987.500
498.639	3067.500
498.829	3157.500
499.018	3094.500
499.208	3293.500
499.398	3252.500
499.587	3264.500
499.777	3330.500
499.967	3438.500
500.157	3551.500
500.346	3689.500
500.536	3627.500
500.726	3550.500
500.916	3713.500
501.105	3734.500
501.295	3841.500
501.485	3765.500
501.674	3894.500
501.864	3841.500
502.054	3918.500
502.244	3977.500
502.433	4076.500
502.623	4160.500
502.813	4269.500
503.003	4249.500
503.192	4245.500
503.382	4403.500
503.572	4408.500
503.761	4507.500
503.951	4526.500
504.141	4591.500
504.331	4559.500
504.520	4533.500
504.710	4851.500
504.900	4802.500
505.089	4800.500
505.279	4994.500
505.469	5025.500
505.659	4937.500
505.848	5006.500
506.038	5147.500
506.228	5043.500
506.418	5248.500
506.607	5180.500
506.797	5198.500
506.987	5254.500
507.176	5394.500
507.366	5523.500
507.556	5470.500
507.746	5565.500
507.935	5666.500
508.125	5614.500
508.315	5737.500
508.505	5712.500
508.694	5799.500
508.884	5966.500
509.074	6003.500
509.263	6012.500
509.453	6068.500
509.643	6099.500
509.833	6106.500
510.022	6192.500
510.212	6246.500
510.402	6293.500
510.592	6348.500
510.781	6301.500
510.971	6353.500
511.161	6504.500
511.350	6521.500
511.540	6681.500
511.730	6609.500
511.920	6634.500
512.109	6682.500
512.299	6831.500
512.489	6833.500
512.678	6896.500
512.868	6920.500
513.058	7027.500
513.248	6977.500
513.437	7152.500
513.627	7067.500
513.817	7134.500
514.007	7198.500
514.196	7390.500
514.386	7304.500
514.576	7456.500
514.765	7427.500
514.955	7323.500
515.145	7454.500
515.335	7446.500
515.524	7507.500
515.714	7662.500
515.904	7711.500
516.094	7622.500
516.283	7642.500
516.473	7787.500
516.663	7768.500
516.852	7759.500
517.042	7798.500
517.232	7904.500
517.422	7868.500
517.611	8026.500
517.801	8087.500
517.991	7998.500
518.180	7928.500
518.370	7988.500
518.560	8248.500
518.750	8159.500
518.939	8231.500
519.129	8236.500
519.319	8358.500
519.509	8336.500
519.698	8501.500
519.888	8286.500
520.078	8378.500
520.267	8384.500
520.457	8407.500
520.647	8651.500
520.837	8574.500
521.026	8728.500
521.216	8727.500
521.406	8719.500
521.596	8712.500
521.785	8658.500
521.975	8875.500
522.165	8879.500
522.354	8831.500
522.544	8781.500
522.734	8978.500
522.924	8910.500
523.113	8931.500
523.303	9188.500
523.493	9063.500
523.683	8973.500
523.872	9093.500
524.062	9298.500
524.252	9244.500
524.441	9131.500
524.631	9282.500
524.821	9322.500
525.011	9252.500
525.200	9321.500
525.390	9334.500
525.580	9378.500
525.769	9426.500
525.959	9516.500
526.149	9443.500
526.339	9596.500
526.528	9482.500
526.718	9589.500
526.908	9584.500
527.098	9591.500
527.287	9640.500
527.477	9690.500
527.667	9725.500
527.856	9691.500
528.046	9676.500
528.236	9769.500
528.426	9642.500
528.615	9736.500
528.805	9707.500
528.995	9801.500
529.185	9842.500
529.374	9955.500
529.564	9787.500
529.754	9777.500
529.943	9726.500
530.133	9813.500
530.323	10025.500
530.513	9943.500
530.702	9883.500
530.892	9919.500
531.082	9930.500
531.271	9830.500
531.461	9838.500
531.651	9667.500
531.841	9813.500
532.030	9717.500
532.220	9713.500
532.410	9840.500
532.600	9581.500
532.789	9750.500
532.979	9717.500
533.169	9813.500
533.358	9724.500
533.548	9671.500
533.738	9767.500
533.928	9680.500
534.117	9755.500
534.307	9598.500
534.497	9594.500
534.687	9730.500
534.876	9685.500
535.066	9553.500
535.256	9569.500
535.445	9595.500
535.635	9416.500
535.825	9553.500
536.015	9613.500
536.204	9582.500
536.394	9574.500
536.584	9639.500
536.773	9620.500
536.963	9643.500
537.153	9575.500
537.343	9677.500
537.532	9511.500
537.722	9424.500
537.912	9440.500
538.102	9384.500
538.291	9520.500
538.481	9429.500
538.671	9561.500
538.860	9453.500
539.050	9573.500
539.240	9652.500
539.430	9564.500
539.619	9531.500
539.809	9604.500
539.999	9578.500
540.189	9496.500
540.378	9419.500
540.568	9434.500
540.758	9508.500
540.947	9607.500
541.137	9380.500
541.327	9534.500
541.517	9502.500
541.706	9535.500
541.896	9598.500
542.086	9573.500
542.276	9497.500
542.465	9616.500
542.655	9483.500
542.845	9425.500
543.034	9501.500
543.224	9384.500
543.414	9549.500
543.604	9522.500
543.793	9665.500
543.983	9478.500
544.173	9435.500
544.362	9521.500
544.552	9398.500
544.742	9497.500
544.932	9455.500
545.121	9470.500
545.311	9485.500
545.501	9518.500
545.691	9356.500
545.880	9394.500
546.070	9366.500
546.264	9433.500
546.459	9363.500
546.653	9394.500
546.847	9325.500
547.041	9440.500
547.236	9461.500
547.430	9294.500
547.624	9428.500
547.818	9441.500
548.013	9368.500
548.207	9253.500
548.401	9266.500
548.596	9286.500
548.790	9318.500
548.984	9348.500
549.178	9316.500
549.373	9183.500
549.567	9243.500
549.761	9161.500
549.956	9381.500
550.150	9324.500
550.344	9264.500
550.538	9088.500
550.733	9188.500
550.927	9294.500
551.121	9212.500
551.315	9146.500
551.510	9282.500
551.704	9348.500
551.898	9095.500
552.093	9199.500
552.287	9152.500
552.481	9253.500
552.675	9193.500
552.870	9123.500
553.064	9257.500
553.258	9151.500
553.453	9193.500
553.647	9142.500
553.841	9107.500
554.035	9085.500
554.230	9126.500
554.424	9113.500
554.618	9206.500
554.812	9252.500
555.007	8982.500
555.201	9284.500
555.395	9243.500
555.590	9070.500
555.784	9019.500
555.978	9182.500
556.172	9207.500
556.367	9147.500
556.561	9224.500
556.755	9173.500
556.949	9100.500
557.144	9132.500
557.338	9112.500
557.532	9041.500
557.727	9195.500
557.921	9100.500
558.115	9095.500
558.309	9024.500
558.504	9090.500
558.698	9129.500
558.892	9141.500
559.087	9086.500
559.281	9088.500
559.475	8926.500
559.669	9118.500
559.864	9066.500
560.058	9014.500
560.252	9223.500
560.446	9136.500
560.641	9084.500
560.835	9069.500
561.029	9091.500
561.224	8951.500
561.418	9156.500
561.612	9105.500
561.806	9051.500
562.001	9125.500
562.195	9221.500
562.389	9192.500
562.584	9194.500
562.778	9001.500
562.972	8973.500
563.166	8933.500
563.361	9080.500
563.555	9054.500
563.749	9017.500
563.943	9041.500
564.138	9048.500
564.332	9120.500
564.526	9012.500
564.721	8959.500
564.915	9016.500
565.109	8992.500
565.303	9162.500
565.498	9050.500
565.692	9035.500
565.886	8881.500
566.081	8945.500
566.275	8922.500
566.469	9073.500
566.663	9027.500
566.858	9055.500
567.052	8818.500
567.246	8878.500
567.440	8895.500
567.635	8869.500
567.829	8869.500
568.023	8781.500
568.218	8913.500
568.412	8897.500
568.606	8742.500
568.800	8810.500
568.995	8948.500
569.189	8739.500
569.383	8688.500
569.577	8652.500
569.772	8771.500
569.966	8696.500
570.160	8658.500
570.355	8645.500
570.549	8709.500
570.743	8651.500
570.937	8687.500
571.132	8686.500
571.326	8765.500
571.520	8636.500
571.715	8601.500
571.909	8548.500
572.103	8664.500
572.297	8613.500
572.492	8578.500
572.686	8557.500
572.880	8493.500
573.074	8625.500
573.269	8452.500
573.463	8449.500
573.657	8473.500
573.852	8508.500
574.046	8439.500
574.240	8356.500
574.434	8493.500
574.629	8471.500
574.823	8461.500
575.017	8365.500
575.212	8280.500
575.406	8507.500
575.600	8317.500
575.794	8071.500
575.989	8188.500
576.183	8199.500
576.377	8290.500
576.571	8215.500
576.766	8137.500
576.960	8152.500
577.159	8139.500
577.357	8269.500
577.556	8193.500
577.755	8050.500
577.953	8082.500
578.152	8094.500
578.350	8188.500
578.549	8087.500
578.748	7934.500
578.946	8051.500
579.145	7929.500
579.344	7918.500
579.542	8089.500
579.741	8085.500
579.940	8045.500
580.138	8107.500
580.337	7950.500
580.535	7899.500
580.734	8068.500
580.933	8155.500
581.131	8261.500
581.330	8282.500
581.529	8210.500
581.727	8201.500
581.926	8423.500
582.125	8163.500
582.323	8207.500
582.522	8299.500
582.721	8337.500
582.919	8223.500
583.118	8274.500
583.316	8333.500
583.515	8138.500
583.714	8309.500
583.912	8356.500
584.111	8395.500
584.310	8319.500
584.508	8330.500
584.707	8412.500
584.906	8373.500
585.104	8445.500
585.303	8361.500
585.501	8442.500
585.700	8403.500
585.899	8320.500
586.097	8387.500
586.296	8386.500
586.495	8315.500
586.693	8195.500
586.892	8138.500
587.091	8234.500
587.289	8254.500
587.488	8235.500
587.686	8147.500
587.885	8254.500
588.084	8207.500
588.282	8202.500
588.481	8131.500
588.680	8071.500
588.878	8043.500
589.077	8017.500
589.276	8101.500
589.474	8197.500
589.673	7911.500
589.871	8110.500
590.070	8103.500
590.269	8082.500
590.467	7982.500
590.666	7987.500
590.865	7830.500
591.063	7830.500
591.262	8036.500
591.461	7962.500
591.659	7945.500
591.858	7786.500
592.056	7767.500
592.255	7859.500
592.454	7966.500
592.652	7766.500
592.851	7709.500
593.050	7722.500
593.248	7834.500
593.447	7726.500
593.646	7783.500
593.844	7816.500
594.043	7764.500
594.241	7618.500
594.440	7621.500
594.639	7740.500
594.837	7553.500
595.036	7646.500
595.235	7496.500
595.433	7490.500
595.632	7593.500
595.831	7547.500
596.029	7504.500
596.228	7418.500
596.427	7440.500
596.625	7439.500
596.824	7468.500
597.022	7579.500
597.221	7513.500
597.420	7286.500
597.618	7352.500
597.817	7354.500
598.016	7285.500
598.214	7344.500
598.413	7267.500
598.612	7164.500
598.810	7304.500
599.009	7338.500
599.207	7218.500
599.406	7368.500
599.605	7124.500
599.803	7216.500
600.002	7303.500
600.201	7251.500
600.399	7158.500
600.598	7143.500
600.797	7220.500
600.995	7214.500
601.194	7117.500
601.392	7201.500
601.591	7228.500
601.790	7214.500
601.988	7122.500
602.187	6966.500
602.386	6910.500
602.584	7118.500
602.783	7081.500
602.982	6972.500
603.180	7000.500
603.379	7043.500
603.577	7025.500
603.776	6951.500
603.975	6931.500
604.173	6981.500
604.372	6851.500
604.571	6873.500
604.769	6823.500
604.968	7001.500
605.167	6893.500
605.365	6742.500
605.564	6846.500
605.762	6675.500
605.961	6783.500
606.160	6815.500
606.358	6849.500
606.557	6720.500
606.756	6754.500
606.954	6719.500
607.153	6704.500
607.352	6750.500
607.550	6697.500
607.749	6638.500
607.948	6565.500
608.146	6490.500
608.345	6583.500
608.543	6694.500
608.742	6510.500
608.941	6556.500
609.139	6459.500
609.338	6386.500
609.537	6442.500
609.735	6456.500
609.934	6360.500
610.133	6464.500
610.331	6242.500
610.530	6354.500
610.728	6470.500
610.927	6432.500
611.126	6238.500
611.324	6346.500
611.523	6332.500
611.722	6244.500
611.920	6349.500
612.119	6203.500
612.318	6176.500
612.516	6223.500
612.715	6225.500
612.913	6203.500
613.112	6166.500
613.311	5951.500
613.509	5909.500
613.708	6086.500
613.907	6043.500
614.105	5998.500
614.304	5968.500
614.503	5938.500
614.701	5977.500
614.900	5911.500
615.098	5936.500
615.297	5915.500
615.496	5871.500
615.694	5829.500
615.893	5848.500
616.092	5789.500
616.290	5702.500
616.489	5641.500
616.688	5798.500
616.886	5672.500
617.085	5677.500
617.283	5713.500
617.482	5557.500
617.681	5566.500
617.879	5626.500
618.078	5553.500
618.277	5572.500
618.475	5449.500
618.674	5482.500
618.873	5394.500
619.071	5485.500
619.270	5481.500
619.468	5432.500
619.667	5408.500
619.866	5376.500
620.064	5378.500
620.263	5336.500
620.462	5225.500
620.660	5163.500
620.859	5120.500
621.058	5147.500
621.256	5066.500
621.455	5171.500
621.654	5093.500
621.852	5114.500
622.051	5022.500
622.249	5150.500
622.448	5038.500
622.647	5031.500
622.845	4972.500
623.044	4799.500
623.243	4772.500
623.441	4912.500
623.640	4814.500
623.839	4903.500
624.037	4799.500
624.236	4793.500
624.434	4838.500
624.633	4798.500
624.832	4778.500
625.030	4714.500
625.229	4734.500
625.428	4686.500
625.626	4605.500
625.825	4735.500
626.024	4631.500
626.222	4573.500
626.421	4653.500
626.619	4576.500
626.818	4500.500
627.017	4342.500
627.215	4441.500
627.414	4445.500
627.613	4431.500
627.811	4466.500
628.010	4397.500
628.209	4399.500
628.407	4416.500
628.606	4310.500
628.804	4216.500
629.003	4165.500
629.202	4138.500
629.400	4148.500
629.599	4116.500
629.798	3959.500
629.996	4070.500
630.195	4108.500
630.394	4108.500
630.592	4134.500
630.791	4066.500
630.990	3978.500
631.188	3898.500
631.387	3869.500
631.585	3941.500
631.784	3854.500
631.983	3735.500
632.181	3916.500
632.380	3926.500
632.579	3827.500
632.777	3688.500
632.976	3662.500
633.175	3693.500
633.373	3743.500
633.572	3542.500
633.770	3565.500
633.969	3541.500
634.168	3567.500
634.366	3597.500
634.565	3479.500
634.764	3485.500
634.962	3383.500
635.161	3482.500
635.360	3338.500
635.558	3404.500
635.757	3357.500
635.955	3320.500
636.154	3258.500
636.353	3307.500
636.551	3405.500
636.750	3243.500
636.949	3241.500
637.147	3211.500
637.346	3171.500
637.545	3174.500
637.743	3076.500
637.942	3055.500
638.140	2994.500
638.339	3085.500
638.538	3114.500
638.736	3024.500
638.935	3027.500
639.134	2978.500
639.332	2895.500
639.531	2860.500
639.730	2907.500
639.928	2940.500
640.127	2855.500
640.325	2855.500
640.524	2854.500
640.723	2862.500
640.921	2790.500
641.120	2746.500
641.319	2697.500
641.517	2706.500
641.716	2648.500
641.915	2770.500
642.113	2669.500
642.312	2640.500
642.510	2527.500
642.709	2539.500
642.908	2531.500
643.106	2552.500
643.305	2639.500
643.504	2540.500
643.702	2578.500
643.901	2476.500
644.100	2502.500
644.298	2513.500
644.497	2466.500
644.696	2337.500
644.894	2323.500
645.093	2289.500
645.291	2363.500
645.490	2324.500
645.689	2314.500
645.887	2240.500
646.086	2188.500
646.285	2115.500
646.483	2171.500
646.682	2071.500
646.881	2077.500
647.079	2087.500
647.278	2032.500
647.476	1959.500
647.675	1954.500
647.874	1894.500
648.072	1842.500
648.271	1775.500
648.470	1782.500
648.668	1655.500
648.867	1619.500
649.066	1637.500
649.264	1524.500
649.463	1524.500
649.661	1491.500
649.860	1402.500
650.059	1303.500
650.257	1246.500
650.456	1246.500
650.655	1224.500
650.853	1150.500
651.052	1142.500
651.251	1024.500
651.449	923.500
651.648	881.500
651.846	890.500
652.045	821.500
652.244	739.500
652.442	689.500
652.641	616.500
652.840	581.500
653.038	635.500
653.237	574.500
653.436	561.500
653.634	485.500
653.833	456.500
654.032	432.500
654.230	417.500
654.429	421.500
654.627	314.500
654.826	369.500
655.025	290.500
655.223	314.500
655.422	235.500
655.621	229.500
655.819	208.500
656.018	210.500
656.217	187.500
656.415	202.500
656.614	242.500
656.812	174.500
657.011	143.500
657.210	206.500
657.408	163.500
657.607	143.500
657.806	102.500
658.004	125.500
658.203	105.500
658.402	116.500
658.600	113.500
658.799	115.500
658.997	149.500
659.196	148.500
659.395	111.500
659.593	107.500
659.792	120.500
659.991	122.500
660.189	114.500
660.388	81.500
660.587	60.500
660.785	108.500
660.984	133.500
661.182	113.500
661.381	34.500
661.580	23.500
661.778	39.500
661.977	30.500
662.176	80.500
662.374	99.500
662.573	76.500
662.772	121.500
662.970	90.500
663.169	67.500
663.367	120.500
663.566	82.500
663.765	57.500
663.963	94.500
664.162	82.500
664.361	61.500
664.559	53.500
664.758	60.500
664.957	91.500
665.155	64.500
665.354	79.500
665.552	28.500
665.751	53.500
665.950	57.500
666.148	62.500
666.347	100.500
666.546	38.500
666.744	45.500
666.943	84.500
667.142	61.500
667.340	7.500
667.539	58.500
667.738	0.500
667.936	39.500
668.135	45.500
668.333	66.500
668.532	46.500
668.731	28.500
668.929	78.500
669.128	84.500
669.327	74.500
669.525	50.500
669.724	78.500
669.923	56.500
670.121	38.500
670.320	32.500
670.518	93.500
670.717	83.500
670.916	16.500
671.114	50.500
671.313	39.500
671.512	50.500
671.710	24.500
671.909	27.500
672.108	69.500
672.306	69.500
672.505	37.500
672.703	37.500
672.902	9.500
673.101	34.500
673.299	53.500
673.498	-8.500
673.697	-1.500
673.895	38.500
674.094	37.500
674.293	52.500
674.491	40.500
674.690	61.500
674.888	62.500
675.087	-21.500
675.286	23.500
675.484	-4.500
675.683	-10.500
675.882	10.500
676.080	55.500
676.279	35.500
676.478	28.500
676.676	9.500
676.875	38.500
677.073	58.500
677.272	38.500
677.471	66.500
677.669	2.500
677.868	3.500
678.067	1.500
678.265	59.500
678.464	42.500
678.663	45.500
678.861	8.500
679.060	-5.500
679.259	5.500
679.457	-10.500
679.656	39.500
679.854	12.500
680.053	28.500
680.252	34.500
680.450	29.500
680.649	27.500
680.848	34.500
681.046	40.500
681.245	12.500
681.444	0.500
681.642	35.500
681.841	9.500
682.039	107.500
682.238	14.500
682.437	-54.500
682.635	1.500
682.834	-13.500
683.033	-20.500
683.231	23.500
683.430	26.500
683.629	78.500
683.827	73.500
684.026	21.500
684.224	41.500
684.423	45.500
684.622	11.500
684.820	-1.500
685.019	3.500
685.218	42.500
685.416	10.500
685.615	31.500
685.814	46.500
686.012	24.500
686.211	8.500
686.409	15.500
686.608	-15.500
686.807	3.500
687.005	-3.500
687.204	-18.500
687.403	34.500
687.601	1.500
687.800	57.500
687.999	56.500
688.197	62.500
688.396	-2.500
688.594	-0.500
688.793	39.500
688.992	14.500
689.190	42.500
689.389	56.500
689.588	-21.500
689.786	-17.500
689.985	26.500
690.184	-5.500
690.382	38.500
690.581	2.500
690.779	1.500
690.978	13.500
691.177	10.500
691.375	15.500
691.574	53.500
691.773	82.500
691.971	57.500
692.170	20.500
692.369	41.500
692.567	50.500
692.766	27.500
692.965	77.500
693.163	37.500
693.362	-11.500
693.560	68.500
693.759	37.500
693.958	-16.500
694.156	-33.500
694.355	-51.500
694.554	-7.500
694.752	-0.500
694.951	49.500
695.150	42.500
695.348	16.500
695.547	8.500
695.745	11.500
695.944	7.500
696.143	40.500
696.341	-12.500
696.540	-3.500
696.743	17.500
696.946	10.500
697.149	22.500
697.352	4.500
697.555	13.500
697.757	5.500
697.960	71.500
698.163	8.500
698.366	22.500
698.569	50.500
698.772	16.500
698.975	-15.500
699.178	25.500
699.381	21.500
699.584	33.500
699.787	28.500
699.989	-15.500
700.192	-22.500
700.395	42.500
700.598	32.500
700.801	28.500
701.004	23.500
701.207	-0.500
701.410	9.500
701.613	-4.500
701.816	15.500
702.019	33.500
702.221	23.500
702.424	-6.500
702.627	-10.500
702.830	50.500
703.033	4.500
703.236	12.500
703.439	44.500
703.642	45.500
703.845	-10.500
704.048	24.500
704.251	47.500
704.453	-5.500
704.656	18.500
704.859	-2.500
705.062	15.500
705.265	12.500
705.468	36.500
705.671	22.500
705.874	36.500
706.077	-0.500
706.280	30.500
706.483	-20.500
706.685	3.500
706.888	14.500
707.091	38.500
707.294	-13.500
707.497	14.500
707.700	-4.500
707.903	-60.500
708.106	-1.500
708.309	-34.500
708.512	-31.500
708.715	43.500
708.917	12.500
709.120	-8.500
709.323	16.500
709.526	4.500
709.729	9.500
709.932	-17.500
710.135	9.500
710.338	-32.500
710.541	-1.500
710.744	53.500
710.947	12.500
711.149	11.500
711.352	-7.500
711.555	37.500
711.758	57.500
711.961	-21.500
712.164	14.500
712.367	4.500
712.570	31.500
712.773	-13.500
712.976	-1.500
713.179	0.500
713.381	2.500
713.584	74.500
713.787	-2.500
713.990	8.500
714.193	2.500
714.396	12.500
714.599	-12.500
714.802	26.500
715.005	42.500
715.208	-21.500
715.411	16.500
715.613	-19.500
715.816	4.500
716.019	-18.500
716.222	29.500
716.425	1.500
716.628	-13.500
716.831	10.500
717.034	19.500
717.237	19.500
717.440	39.500
717.643	28.500
717.845	16.500
718.048	-35.500
718.251	-13.500
718.454	-11.500
718.657	-0.500
718.860	13.500
719.063	7.500
719.266	69.500
719.469	65.500
719.672	28.500
719.875	50.500
720.077	48.500
720.280	-8.500
720.483	-7.500
720.686	-3.500
720.889	-13.500
721.092	15.500
721.295	-13.500
721.498	30.500
721.701	5.500
721.904	11.500
722.107	62.500
722.309	-19.500
722.512	20.500
722.715	9.500
722.918	12.500
723.121	73.500
723.324	35.500
723.527	62.500
723.730	17.500
723.933	3.500
724.136	-10.500
724.339	3.500
724.541	31.500
724.744	8.500
724.947	-18.500
725.150	6.500
725.353	15.500
725.556	5.500
725.759	17.500
725.962	18.500
726.165	1.500
726.368	32.500
726.571	31.500
726.773	80.500
726.976	51.500
727.179	17.500
727.382	-21.500
727.585	-8.500
727.788	-21.500
727.991	-6.500
728.194	8.500
728.397	-14.500
728.600	4.500
728.803	-14.500
729.005	63.500
729.208	17.500
729.411	49.500
729.614	39.500
729.817	35.500
730.020	7.500
730.223	26.500
730.426	-17.500
730.629	4.500
730.832	-36.500
731.035	23.500
731.237	14.500
731.440	17.500
731.643	20.500
731.846	-1.500
732.049	14.500
732.252	44.500
732.455	31.500
732.658	-21.500
732.861	36.500
733.064	10.500
733.267	8.500
733.469	-15.500
733.672	-2.500
733.875	-23.500
734.078	7.500
734.281	11.500
734.484	13.500
734.687	36.500
734.890	-18.500
735.093	10.500
735.296	-20.500
735.499	40.500
735.701	-36.500
735.904	-12.500
736.107	-0.500
736.310	39.500
736.513	-4.500
736.716	28.500
736.919	-25.500
737.122	13.500
737.325	27.500
737.528	-9.500
737.731	64.500
737.933	22.500
738.136	-31.500
738.339	-18.500
738.542	31.500
738.745	46.500
738.948	7.500
739.151	50.500
739.354	-9.500
739.557	-69.500
739.760	-10.500
739.963	11.500
740.165	-14.500
740.368	-31.500
740.571	49.500
740.774	-22.500
740.977	-4.500
741.180	-42.500
741.383	15.500
741.586	-36.500
741.789	-22.500
741.992	-12.500
742.195	41.500
742.397	55.500
742.600	8.500
742.803	-10.500
743.006	15.500
743.209	-16.500
743.412	15.500
743.615	21.500
743.818	-12.500
744.021	-33.500
744.224	71.500
744.427	-6.500
744.629	-11.500
744.832	-19.500
745.035	15.500
745.238	44.500
745.441	-5.500
745.644	-31.500
745.847	-6.500
746.050	-1.500
746.253	1.500
746.456	62.500
746.659	57.500
746.861	39.500
747.064	12.500
747.267	13.500
747.470	-14.500
747.673	-26.500
747.876	-3.500
748.079	41.500
748.282	24.500
748.485	-10.500
748.688	21.500
748.891	47.500
749.093	20.500
749.296	24.500
749.499	-6.500
749.702	-63.500
749.905	2.500
750.108	-16.500
750.311	77.500
750.514	16.500
750.717	32.500
750.920	-4.500
751.123	-9.500
751.325	11.500
751.528	0.500
751.731	24.500
751.934	-66.500
752.137	-10.500
752.340	-32.500
752.543	-24.500
752.746	33.500
752.949	-1.500
753.152	10.500
753.355	14.500
753.557	-35.500
753.760	-16.500
753.963	14.500
754.166	27.500
754.369	-17.500
754.572	14.500
754.775	9.500
754.978	32.500
755.181	22.500
755.384	19.500
755.587	9.500
755.789	40.500
755.992	16.500
756.195	28.500
756.398	94.500
756.601	24.500
756.804	46.500
757.007	86.500
757.210	24.500
757.413	25.500
757.616	10.500
757.819	-22.500
758.021	18.500
758.224	-3.500
758.427	42.500
758.630	-2.500
758.833	47.500
759.036	36.500
759.239	-0.500
759.442	-26.500
759.645	-17.500
759.848	-11.500
760.051	-39.500
760.253	18.500
760.456	-4.500
760.659	-30.500
760.862	21.500
761.065	56.500
761.268	18.500
761.471	10.500
761.674	42.500
761.877	15.500
762.080	-23.500
762.283	40.500
762.485	-19.500
762.688	2.500
762.891	18.500
763.094	58.500
763.297	16.500
763.500	35.500
763.706	30.500
763.912	5.500
764.118	14.500
764.325	-5.500
764.531	98.500
764.737	30.500
764.943	27.500
765.149	51.500
765.355	-72.500
765.561	-7.500
765.768	12.500
765.974	37.500
766.180	10.500
766.386	10.500
766.592	-7.500
766.798	40.500
767.004	22.500
767.210	-17.500
767.417	-14.500
767.623	-41.500
767.829	-47.500
768.035	26.500
768.241	27.500
768.447	-44.500
768.653	-18.500
768.860	16.500
769.066	-13.500
769.272	-49.500
769.478	-21.500
769.684	18.500
769.890	0.500
770.096	33.500
770.303	58.500
770.509	-57.500
770.715	18.500
770.921	-62.500
771.127	20.500
771.333	16.500
771.539	-23.500
771.745	-6.500
771.952	32.500
772.158	38.500
772.364	62.500
772.570	21.500
772.776	36.500
772.982	12.500
773.188	7.500
773.395	1.500
773.601	18.500
773.807	32.500
774.013	46.500
774.219	41.500
774.425	-12.500
774.631	19.500
774.838	45.500
775.044	-42.500
775.250	28.500
775.456	-8.500
775.662	-9.500
775.868	-2.500
776.074	3.500
776.281	30.500
776.487	-12.500
776.693	-1.500
776.899	22.500
777.105	9.500
777.311	-6.500
777.517	-11.500
777.723	-3.500
777.930	-23.500
778.136	-38.500
778.342	-50.500
778.548	14.500
778.754	31.500
778.960	25.500
779.166	62.500
779.373	-7.500
779.579	1.500
779.785	22.500
779.991	-7.500
780.197	-13.500
780.403	-19.500
780.609	38.500
780.816	46.500
781.022	4.500
781.228	1.500
781.434	25.500
781.640	-16.500
781.846	-27.500
782.052	-5.500
782.259	-14.500
782.465	-11.500
782.671	30.500
782.877	-17.500
783.083	51.500
783.289	-2.500
783.495	28.500
783.701	5.500
783.908	32.500
784.114	46.500
784.320	15.500
784.526	-5.500
784.732	11.500
784.938	-12.500
785.144	-8.500
785.351	-23.500
785.557	-9.500
785.763	-7.500
785.969	37.500
786.175	46.500
786.381	28.500
786.587	9.500
786.794	-12.500
787.000	17.500
787.206	-5.500
787.412	-3.500
787.618	-33.500
787.824	6.500
788.030	-1.500
788.236	-23.500
788.443	-14.500
788.649	-24.500
788.855	-0.500
789.061	1.500
789.267	66.500
789.473	-13.500
789.679	9.500
789.886	23.500
790.092	61.500
790.298	45.500
790.504	41.500
790.710	21.500
790.916	-11.500
791.122	26.500
791.329	1.500
791.535	-33.500
791.741	26.500
791.947	-14.500
792.153	-5.500
792.359	-12.500
792.565	-55.500
792.771	-25.500
792.978	9.500
793.184	38.500
793.390	-0.500
793.596	-36.500
793.802	-15.500
794.008	27.500
794.214	-20.500
794.421	51.500
794.627	39.500
794.833	-14.500
795.039	-34.500
795.245	26.500
795.451	-11.500
795.657	17.500
795.864	1.500
796.070	53.500
796.276	43.500
796.482	17.500
796.688	31.500
796.894	44.500
797.100	-12.500
797.307	-23.500
797.513	-26.500
797.719	23.500
797.925	19.500
798.131	36.500
798.337	9.500
798.543	79.500
798.749	37.500
798.956	-6.500
799.162	29.500
799.368	16.500
799.574	4.500
799.780	29.500
799.986	6.500
800.192	-24.500
800.399	-34.500
800.605	-18.500
800.811	-28.500
801.017	34.500
801.223	44.500
801.429	-12.500
801.635	30.500
801.842	78.500
802.048	34.500
802.254	13.500
802.460	-4.500
802.666	48.500
802.872	41.500
803.078	17.500
803.285	31.500
803.491	4.500
803.697	-66.500
803.903	20.500
804.109	-12.500
804.315	20.500
804.521	37.500
804.727	44.500
804.934	31.500
805.140	-18.500
805.346	26.500
805.552	8.500
805.758	12.500
805.964	31.500
806.170	-1.500
806.377	71.500
806.583	-6.500
806.789	32.500
806.995	17.500
807.201	-14.500
807.407	3.500
807.613	-42.500
807.820	-33.500
808.026	21.500
808.232	7.500
808.438	28.500
808.644	-16.500
808.850	30.500
809.056	-9.500
809.262	-33.500
809.469	-34.500
809.675	-14.500
809.881	-7.500
810.087	42.500
810.293	17.500
810.499	41.500
810.705	38.500
810.912	7.500
811.118	67.500
811.324	-9.500
811.530	-30.500
811.739	4.500
811.947	-2.500
812.156	40.500
812.365	26.500
812.573	22.500
812.782	50.500
812.990	-12.500
813.199	-34.500
813.408	55.500
813.616	-28.500
813.825	18.500
814.034	26.500
814.242	3.500
814.451	31.500
814.659	26.500
814.868	-13.500
815.077	23.500
815.285	65.500
815.494	14.500
815.703	32.500
815.911	13.500
816.120	-4.500
816.329	18.500
816.537	45.500
816.746	38.500
816.954	-29.500
817.163	3.500
817.372	-2.500
817.580	3.500
817.789	-8.500
817.998	22.500
818.206	10.500
818.415	8.500
818.624	41.500
818.832	-34.500
819.041	23.500
819.249	-38.500
819.458	-42.500
819.667	30.500
819.875	40.500
820.084	-9.500
820.293	6.500
820.501	24.500
820.710	-15.500
820.919	-34.500
821.127	20.500
821.336	5.500
821.544	18.500
821.753	24.500
821.962	-60.500
822.170	12.500
822.379	-27.500
822.588	13.500
822.796	-34.500
823.005	34.500
823.213	-1.500
823.422	-11.500
823.631	-3.500
823.839	12.500
824.048	14.500
824.257	11.500
824.465	12.500
824.674	7.500
824.883	22.500
825.091	0.500
825.300	-61.500
825.508	-61.500
825.717	-3.500
825.926	24.500
826.134	-26.500
826.343	31.500
826.552	-0.500
826.760	15.500
826.969	75.500
827.178	-3.500
827.386	-22.500
827.595	-1.500
827.803	-58.500
828.012	-26.500
828.221	28.500
828.429	-3.500
828.638	24.500
828.847	-14.500
829.055	-49.500
829.264	-34.500
829.472	21.500
829.681	2.500
829.890	19.500
830.098	2.500
830.307	46.500
830.516	2.500
830.724	48.500
830.933	54.500
831.142	-9.500
831.350	-17.500
831.559	-43.500
831.767	-25.500
831.976	59.500
832.185	112.500
832.393	47.500
832.602	16.500
832.811	16.500
833.019	21.500
833.228	-7.500
833.437	-51.500
833.645	-10.500
833.854	-30.500
834.062	46.500
834.271	39.500
834.480	-35.500
834.688	-24.500
834.897	23.500
835.106	14.500
835.314	2.500
835.523	-39.500
835.731	-24.500
835.940	-22.500
836.149	41.500
836.357	41.500
836.566	63.500
836.775	35.500
836.983	17.500
837.192	56.500
837.401	47.500
837.609	-27.500
837.818	-32.500
838.026	-50.500
838.235	-9.500
838.444	-21.500
838.652	19.500
838.861	56.500
839.070	-21.500
839.278	-1.500
839.487	-10.500
839.696	-10.500
839.904	-25.500
840.113	30.500
840.321	41.500
840.530	38.500
840.739	-41.500
840.947	37.500
841.156	52.500
841.365	-12.500
841.573	-12.500
841.782	-7.500
841.991	9.500
842.199	23.500
842.408	18.500
842.616	20.500
842.825	-35.500
843.034	-24.500
843.242	-5.500
843.451	51.500
843.660	-16.500
843.868	-11.500
844.077	3.500
844.285	38.500
844.494	3.500
844.703	18.500
844.911	-1.500
845.120	-7.500
845.329	-11.500
845.537	-48.500
845.746	-5.500
845.955	6.500
846.163	47.500
846.372	10.500
846.580	21.500
846.789	-18.500
846.998	34.500
847.206	-13.500
847.415	-40.500
847.624	-23.500
847.832	-12.500
848.041	-42.500
848.250	44.500
848.458	22.500
848.667	-10.500
848.875	11.500
849.084	1.500
849.293	42.500
849.501	13.500
849.710	2.500
849.919	-44.500
850.127	-74.500
850.336	19.500
850.544	38.500
850.753	-18.500
850.962	14.500
851.170	31.500
851.379	6.500
851.588	-33.500
851.796	36.500
852.005	25.500
852.214	-5.500
852.422	45.500
852.631	26.500
852.839	30.500
853.048	-12.500
853.257	-6.500
853.465	9.500
853.674	-1.500
853.883	-16.500
854.091	2.500
854.300	-28.500
854.509	-42.500
854.717	-2.500
854.926	3.500
855.134	12.500
855.343	25.500
855.552	-31.500
855.760	2.500
855.969	-41.500
856.178	-15.500
856.386	1.500
856.595	19.500
856.803	28.500
857.012	27.500
857.221	-34.500
857.429	-26.500
857.638	-60.500
857.847	-26.500
858.055	22.500
858.264	36.500
858.473	39.500
858.681	23.500
858.890	-21.500
859.098	22.500
859.307	16.500
859.516	-23.500
859.724	-2.500
859.933	11.500
860.142	27.500
860.350	22.500
860.559	-12.500
860.768	34.500
860.976	8.500
861.185	26.500
861.393	-26.500
861.602	-7.500
861.811	-23.500
862.019	-21.500
862.228	-37.500
862.437	34.500
862.645	66.500
862.854	-11.500
863.062	21.500
863.271	-4.500
863.480	-26.500
863.688	-2.500
863.897	62.500
864.106	-70.500
864.314	-1.500
864.523	64.500
864.732	18.500
864.940	-1.500
865.149	18.500
865.357	38.500
865.566	29.500
865.775	-20.500
865.983	-18.500
866.192	11.500
866.401	-39.500
866.609	-15.500
866.818	-12.500
867.027	11.500
867.235	4.500
867.444	0.500
867.652	2.500
867.861	-0.500
868.070	-0.500
868.278	25.500
868.487	13.500
868.696	14.500
868.904	23.500
869.113	55.500
869.321	6.500
869.530	-2.500
869.739	-10.500
869.947	-18.500
870.156	-10.500
870.365	19.500
870.573	-19.500
870.782	40.500
870.991	63.500
871.199	38.500
871.408	15.500
871.616	-0.500
871.825	-3.500
872.034	86.500
872.242	25.500
872.451	-24.500
872.660	21.500
872.868	42.500
873.077	-23.500
873.286	31.500
873.494	26.500
873.703	-19.500
873.911	43.500
874.120	-29.500
874.329	-10.500
874.537	1.500
874.746	0.500
874.955	-1.500
875.163	-9.500
875.372	-0.500
875.581	1.500
875.789	-25.500
875.998	-4.500
876.206	-35.500
876.415	26.500
876.624	9.500
876.832	47.500
877.041	-0.500
877.250	2.500
877.458	-18.500
877.667	-15.500
877.875	-4.500
878.084	46.500
878.293	11.500
878.501	47.500
878.710	-6.500
878.919	30.500
879.127	2.500
879.336	28.500
879.545	0.500
879.753	-8.500
879.962	-21.500
880.170	-16.500
880.379	-58.500
880.588	12.500
880.796	48.500
881.005	-7.500
881.214	7.500
881.422	28.500
881.631	-17.500
881.840	-13.500
882.048	-30.500
882.257	-55.500
882.465	-40.500
882.674	13.500
882.883	27.500
883.091	40.500
883.300	-3.500
883.509	-9.500
883.717	-14.500
883.926	-39.500
884.134	-27.500
884.343	35.500
884.552	1.500
884.760	-17.500
884.969	75.500
885.178	-6.500
885.386	-17.500
885.595	-7.500
885.804	0.500
886.012	26.500
886.221	-28.500
886.429	-6.500
886.638	14.500
886.847	-8.500
887.055	26.500
887.264	7.500
887.473	61.500
887.681	-5.500
887.890	13.500
888.099	46.500
888.307	4.500
888.516	-14.500
888.724	11.500
888.933	-1.500
889.142	-54.500
889.350	40.500
889.559	51.500
889.768	38.500
889.976	25.500
890.185	-23.500
890.393	-6.500
890.602	21.500
890.811	3.500
891.019	22.500
891.228	34.500
891.437	-0.500
891.645	8.500
891.854	14.500
892.063	12.500
892.271	6.500
892.480	5.500
892.688	-28.500
892.897	17.500
893.106	-16.500
893.314	31.500
893.523	-15.500
893.732	-67.500
893.940	-2.500
894.149	17.500
894.358	-16.500
894.566	-3.500
894.775	17.500
894.983	1.500
895.192	-19.500
895.401	-4.500
895.609	4.500
895.818	2.500
896.027	-15.500
896.235	-9.500
896.444	-32.500
896.652	28.500
896.861	33.500
897.070	-19.500
897.278	48.500
897.487	14.500
897.696	-21.500
897.904	24.500
898.113	16.500
898.322	9.500
898.530	-38.500
898.739	27.500
898.947	-35.500
899.156	14.500
899.365	30.500
899.573	38.500
899.782	-29.500
899.991	12.500
900.199	12.500
900.408	15.500
900.617	-30.500
900.825	-5.500
901.034	-16.500
901.242	-8.500
901.451	-22.500
901.660	38.500
901.868	73.500
902.077	-9.500
902.286	27.500
902.494	2.500
902.703	-42.500
902.911	-7.500
903.120	-2.500
903.329	-6.500
903.537	26.500
903.746	37.500
903.955	18.500
904.163	1.500
904.372	-40.500
904.581	-4.500
904.789	-32.500
904.998	1.500
905.206	-60.500
905.415	-11.500
905.624	10.500
905.832	-39.500
906.041	-12.500
906.250	30.500
906.458	53.500
906.667	26.500
906.876	19.500
907.084	66.500
907.293	-42.500
907.501	-34.500
907.710	-14.500
907.919	20.500
908.127	-14.500
908.336	37.500
908.545	-21.500
908.753	-17.500
908.962	33.500
909.170	35.500
909.379	25.500
909.588	11.500
909.796	51.500
910.005	-27.500
910.214	-33.500
910.422	-12.500
910.631	-32.500
910.840	35.500
911.048	11.500
911.257	26.500
911.465	23.500
911.674	-7.500
911.883	-0.500
912.091	32.500
912.300	14.500
912.508	-12.500
912.716	-13.500
912.924	39.500
913.132	15.500
913.340	3.500
913.549	10.500
913.757	36.500
913.965	26.500
914.173	27.500
914.381	-0.500
914.589	19.500
914.797	-19.500
915.005	-12.500
915.213	28.500
915.421	16.500
915.629	-9.500
915.838	-41.500
916.046	-9.500
916.254	-3.500
916.462	4.500
916.670	-51.500
916.878	3.500
917.086	62.500
917.294	13.500
917.502	67.500
917.710	-9.500
917.919	2.500
918.127	-24.500
918.335	14.500
918.543	-17.500
918.751	-4.500
918.959	27.500
919.167	9.500
919.375	-2.500
919.583	-29.500
919.791	47.500
919.999	17.500
920.208	-17.500
920.416	-17.500
920.624	-26.500
920.832	-3.500
921.040	8.500
921.248	11.500
921.456	25.500
921.664	-11.500
921.872	-18.500
922.080	-33.500
922.288	34.500
922.497	-13.500
922.705	-78.500
922.913	-14.500
923.121	-10.500
923.329	-11.500
923.537	-45.500
923.745	10.500
923.953	13.500
924.161	9.500
924.369	14.500
924.578	-20.500
924.786	9.500
924.994	-15.500
925.202	32.500
925.410	12.500
925.618	-9.500
925.826	8.500
926.034	2.500
926.242	14.500
926.450	-15.500
926.658	-7.500
926.867	-24.500
927.075	-13.500
927.283	15.500
927.491	-31.500
927.699	0.500
927.907	-8.500
928.115	-23.500
928.323	20.500
928.531	-42.500
928.739	-66.500
928.947	-21.500
929.156	6.500
929.364	26.500
929.572	13.500
929.780	3.500
929.988	54.500
930.196	11.500
930.404	-36.500
930.612	-2.500
930.820	6.500
931.028	0.500
931.236	82.500
931.445	-0.500
931.653	58.500
931.861	-8.500
932.069	12.500
932.277	8.500
932.485	-3.500
932.693	-18.500
932.901	-12.500
933.109	2.500
933.317	14.500
933.526	9.500
933.734	68.500
933.942	12.500
934.150	6.500
934.358	-20.500
934.566	-24.500
934.774	-45.500
934.982	-58.500
935.190	26.500
935.398	-8.500
935.606	19.500
935.815	2.500
936.023	12.500
936.231	37.500
936.439	-41.500
936.647	17.500
936.855	-4.500
937.063	-31.500
937.271	27.500
937.479	9.500
937.687	6.500
937.895	80.500
938.104	-22.500
938.312	42.500
938.520	-13.500
938.728	-6.500
938.936	-47.500
939.144	35.500
939.352	47.500
939.560	42.500
939.768	25.500
939.976	1.500
940.185	35.500
940.393	-18.500
940.601	-79.500
940.809	-37.500
941.017	34.500
941.225	11.500
941.433	52.500
941.641	-1.500
941.849	-16.500
942.057	21.500
942.265	7.500
942.474	-13.500
942.682	-13.500
942.890	-21.500
943.098	24.500
943.306	-21.500
943.514	-28.500
943.722	-31.500
943.930	-4.500
944.138	1.500
944.346	17.500
944.554	-29.500
944.763	-19.500
944.971	2.500
945.179	20.500
945.387	-35.500
945.595	-16.500
945.803	17.500
946.011	8.500
946.219	-8.500
946.427	18.500
946.635	2.500
946.843	-22.500
947.052	-41.500
947.260	-24.500
947.468	2.500
947.676	50.500
947.884	0.500
948.092	-7.500
948.300	8.500
948.508	34.500
948.716	-26.500
948.924	34.500
949.133	9.500
949.341	14.500
949.549	42.500
949.757	63.500
949.965	-2.500
950.173	-13.500
950.381	-9.500
950.589	31.500
950.797	25.500
951.005	-7.500
951.213	10.500
951.422	1.500
951.630	-24.500
951.838	-15.500
952.046	3.500
952.254	6.500
952.462	8.500
952.670	-36.500
952.878	-41.500
953.086	-10.500
953.294	5.500
953.502	-27.500
953.711	36.500
953.919	11.500
954.127	-46.500
954.335	-35.500
954.543	4.500
954.751	-37.500
954.959	-47.500
955.167	6.500
955.375	-12.500
955.583	-14.500
955.792	-29.500
956.000	38.500
956.208	-4.500
956.416	-27.500
956.624	-42.500
956.832	-4.500
957.040	-1.500
957.248	-0.500
957.456	-28.500
957.664	14.500
957.872	54.500
958.081	-5.500
958.289	-3.500
958.497	26.500
958.705	50.500
958.913	2.500
959.121	-16.500
959.329	21.500
959.537	19.500
959.745	6.500
959.953	26.500
960.161	28.500
960.370	62.500
960.578	-24.500
960.786	-9.500
960.994	10.500
961.202	1.500
961.410	4.500
961.618	-13.500
961.826	-29.500
962.034	33.500
962.242	0.500
962.451	29.500
962.659	15.500
962.867	-39.500
963.075	-46.500
963.283	16.500
963.491	-5.500
963.699	-18.500
963.907	-25.500
964.115	-17.500
964.323	32.500
964.531	51.500
964.740	-13.500
964.948	20.500
965.156	9.500
965.364	-30.500
965.572	-41.500
965.780	27.500
965.999	16.500
966.218	15.500
966.438	2.500
966.657	11.500
966.876	-15.500
967.095	-81.500
967.315	-56.500
967.534	-29.500
967.753	22.500
967.972	60.500
968.192	3.500
968.411	-14.500
968.630	-9.500
968.849	-11.500
969.068	-5.500
969.288	-45.500
969.507	-26.500
969.726	24.500
969.945	-8.500
970.165	-2.500
970.384	8.500
970.603	41.500
970.822	-38.500
971.042	-53.500
971.261	-36.500
971.480	11.500
971.699	27.500
971.919	76.500
972.138	45.500
972.357	18.500
972.576	19.500
972.795	8.500
973.015	-26.500
973.234	-38.500
973.453	-48.500
973.672	-29.500
973.892	26.500
974.111	-4.500
974.330	5.500
974.549	45.500
974.769	39.500
974.988	-28.500
975.207	-12.500
975.426	58.500
975.646	20.500
975.865	-11.500
976.084	-2.500
976.303	-43.500
976.522	1.500
976.742	-13.500
976.961	0.500
977.180	-12.500
977.399	2.500
977.619	-33.500
977.838	11.500
978.057	-9.500
978.276	25.500
978.496	4.500
978.715	12.500
978.934	-35.500
979.153	-1.500
979.372	-15.500
979.592	-49.500
979.811	-10.500
980.030	3.500
980.249	9.500
980.469	-12.500
980.688	8.500
980.907	-1.500
981.126	6.500
981.346	28.500
981.565	-6.500
981.784	-17.500
982.003	-43.500
982.223	-21.500
982.442	-21.500
982.661	-19.500
982.880	7.500
983.099	-15.500
983.319	23.500
983.538	11.500
983.757	12.500
983.976	-15.500
984.196	13.500
984.415	-51.500
984.634	-0.500
984.853	-59.500
985.073	-51.500
985.292	22.500
985.511	24.500
985.730	-24.500
985.949	-19.500
986.169	10.500
986.388	-34.500
986.607	-40.500
986.826	8.500
987.046	-17.500
987.265	-62.500
987.484	22.500
987.703	55.500
987.923	-56.500
988.142	25.500
988.361	32.500
988.580	-8.500
988.800	-1.500
989.019	24.500
989.238	-8.500
989.457	2.500
989.676	-30.500
989.896	16.500
990.115	35.500
990.334	-15.500
990.553	-40.500
990.773	-2.500
990.992	12.500
991.211	-35.500
991.430	7.500
991.650	24.500
991.869	23.500
992.088	-41.500
992.307	26.500
992.527	17.500
992.746	-38.500
992.965	-18.500
993.184	14.500
993.403	-39.500
993.623	-6.500
993.842	14.500
994.061	-6.500
994.280	5.500
994.500	38.500
994.719	-51.500
994.938	-14.500
995.157	19.500
995.377	-33.500
995.596	1.500
995.815	-0.500
996.034	-28.500
996.253	15.500
996.473	10.500
996.692	-44.500
996.911	-38.500
997.130	3.500
997.350	-19.500
997.569	-15.500
997.788	6.500
998.007	-15.500
998.227	56.500
998.446	-7.500
998.665	-23.500
998.884	-48.500
999.104	-21.500
999.323	0.500
999.542	26.500
999.761	-21.500
999.980	-21.500
1000.200	16.500
1000.419	-27.500
1000.638	23.500
1000.857	6.500
1001.077	-42.500
1001.296	-28.500
1001.515	14.500
1001.734	31.500
1001.954	-17.500
1002.173	3.500
1002.392	71.500
1002.611	-19.500
1002.830	-8.500
1003.050	34.500
1003.269	-29.500
1003.488	-3.500
1003.707	13.500
1003.927	24.500
1004.146	1.500
1004.365	3.500
1004.584	-2.500
1004.804	53.500
1005.023	-26.500
1005.242	-13.500
1005.461	-23.500
1005.681	35.500
1005.900	-9.500
1006.119	-10.500
1006.338	11.500
1006.557	-0.500
1006.777	-23.500
1006.996	-1.500
1007.215	-44.500
1007.434	-12.500
1007.654	-6.500
1007.873	-23.500
1008.092	24.500
1008.311	33.500
1008.531	-9.500
1008.750	17.500
1008.969	15.500
1009.188	-15.500
1009.407	15.500
1009.627	15.500
1009.846	10.500
1010.065	59.500
1010.284	-5.500
1010.504	-7.500
1010.723	-13.500
1010.942	55.500
1011.161	18.500
1011.381	21.500
1011.600	38.500
1011.819	15.500
1012.038	9.500
1012.258	11.500
1012.477	84.500
1012.696	-31.500
1012.915	-68.500
1013.134	-21.500
1013.354	7.500
1013.573	-2.500
1013.792	-25.500
1014.011	-2.500
1014.231	-10.500
1014.450	-26.500
1014.669	16.500
1014.888	-4.500
1015.108	17.500
1015.327	-18.500
1015.546	-16.500
1015.765	-51.500
1015.984	-21.500
1016.204	-10.500
1016.423	-11.500
1016.642	28.500
1016.861	26.500
1017.081	-16.500
1017.300	6.500
1017.519	2.500
