296.912	364.500
297.101	95.500
297.290	79.500
297.479	178.500
297.668	-171.500
297.858	-30.500
298.047	231.500
298.236	59.500
298.425	-59.500
298.614	-100.500
298.803	-130.500
298.992	110.500
299.181	146.500
299.370	-37.500
299.559	-70.500
299.748	124.500
299.937	150.500
300.126	209.500
300.315	-134.500
300.504	-4.500
300.693	220.500
300.882	38.500
301.071	11.500
301.260	44.500
301.449	-26.500
301.638	135.500
301.827	11.500
302.016	27.500
302.205	-24.500
302.395	-189.500
302.584	-181.500
302.773	62.500
302.962	54.500
303.151	-138.500
303.340	-190.500
303.529	-297.500
303.718	-84.500
303.907	2.500
304.096	-10.500
304.285	-68.500
304.474	-110.500
304.663	-114.500
304.852	61.500
305.041	235.500
305.230	30.500
305.419	-128.500
305.608	-2.500
305.797	91.500
305.986	-81.500
306.175	-312.500
306.364	-303.500
306.553	-101.500
306.743	-62.500
306.932	-98.500
307.121	57.500
307.310	70.500
307.499	24.500
307.688	-156.500
307.877	12.500
308.066	85.500
308.255	-23.500
308.444	79.500
308.633	-25.500
308.822	-162.500
309.011	-354.500
309.200	-192.500
309.389	61.500
309.578	-54.500
309.767	-28.500
309.956	-51.500
310.145	-117.500
310.334	-173.500
310.523	-130.500
310.712	-289.500
310.901	-282.500
311.091	-44.500
311.280	69.500
311.469	-117.500
311.658	87.500
311.847	60.500
312.036	-135.500
312.225	-95.500
312.414	-227.500
312.603	-124.500
312.792	222.500
312.981	128.500
313.170	-17.500
313.349	-55.500
313.527	-1.500
313.706	45.500
313.884	100.500
314.063	105.500
314.241	65.500
314.420	158.500
314.598	105.500
314.777	199.500
314.955	87.500
315.134	42.500
315.312	-90.500
315.491	-36.500
315.669	7.500
315.848	-103.500
316.027	-81.500
316.205	3.500
316.384	-144.500
316.562	-104.500
316.741	-184.500
316.919	4.500
317.098	-19.500
317.276	-354.500
317.455	-289.500
317.633	55.500
317.812	99.500
317.990	-116.500
318.169	81.500
318.347	159.500
318.526	192.500
318.705	-49.500
318.883	-37.500
319.062	126.500
319.240	216.500
319.419	-109.500
319.597	-46.500
319.776	-65.500
319.954	-158.500
320.133	-253.500
320.311	-114.500
320.490	154.500
320.668	21.500
320.847	-51.500
321.025	16.500
321.204	181.500
321.382	80.500
321.561	-194.500
321.740	-120.500
321.918	160.500
322.097	187.500
322.275	5.500
322.454	-76.500
322.632	-78.500
322.811	-131.500
322.989	-325.500
323.168	-189.500
323.346	-129.500
323.525	-143.500
323.703	-232.500
323.882	-209.500
324.060	-52.500
324.239	118.500
324.418	27.500
324.596	50.500
324.775	-91.500
324.953	-257.500
325.132	-173.500
325.310	13.500
325.489	78.500
325.667	24.500
325.846	-44.500
326.024	32.500
326.203	229.500
326.381	30.500
326.560	9.500
326.738	30.500
326.917	39.500
327.096	1.500
327.274	-33.500
327.453	-130.500
327.631	-112.500
327.810	-75.500
327.988	-225.500
328.167	-109.500
328.345	-47.500
328.524	-67.500
328.702	-85.500
328.881	-121.500
329.059	-61.500
329.238	-35.500
329.416	61.500
329.595	-43.500
329.774	32.500
329.952	78.500
330.131	60.500
330.309	74.500
330.488	154.500
330.666	-41.500
330.845	-214.500
331.023	-121.500
331.202	-135.500
331.380	-179.500
331.559	-95.500
331.737	-37.500
331.916	-216.500
332.094	-60.500
332.273	211.500
332.452	-127.500
332.630	-67.500
332.809	63.500
332.987	-57.500
333.166	58.500
333.344	150.500
333.523	26.500
333.701	-159.500
333.880	-96.500
334.058	-71.500
334.237	43.500
334.415	10.500
334.594	-70.500
334.772	-318.500
334.951	-355.500
335.129	-381.500
335.308	12.500
335.487	213.500
335.665	37.500
335.844	90.500
336.022	363.500
336.201	160.500
336.379	-110.500
336.558	5.500
336.736	102.500
336.915	84.500
337.093	190.500
337.272	-64.500
337.450	-102.500
337.629	-12.500
337.807	-66.500
337.986	1.500
338.165	76.500
338.343	137.500
338.522	118.500
338.700	-33.500
338.879	-168.500
339.057	62.500
339.236	120.500
339.414	-95.500
339.593	-122.500
339.771	92.500
339.950	150.500
340.128	-58.500
340.307	-54.500
340.485	44.500
340.664	150.500
340.843	-53.500
341.021	29.500
341.200	80.500
341.378	84.500
341.557	135.500
341.735	50.500
341.914	-116.500
342.092	-88.500
342.271	20.500
342.449	-38.500
342.628	-101.500
342.806	-253.500
342.985	-50.500
343.163	116.500
343.342	71.500
343.521	-82.500
343.699	-166.500
343.878	-55.500
344.056	73.500
344.235	-160.500
344.413	-194.500
344.592	25.500
344.770	10.500
344.949	174.500
345.127	-43.500
345.306	-12.500
345.484	-20.500
345.663	-66.500
345.841	-39.500
346.020	138.500
346.199	157.500
346.377	-111.500
346.556	172.500
346.734	305.500
346.913	-74.500
347.091	-129.500
347.270	-49.500
347.448	-25.500
347.627	-78.500
347.805	-35.500
347.984	-83.500
348.162	-145.500
348.341	27.500
348.519	58.500
348.698	-177.500
348.876	-222.500
349.055	-144.500
349.234	56.500
349.412	19.500
349.591	-159.500
349.769	-188.500
349.948	201.500
350.126	226.500
350.305	122.500
350.483	84.500
350.662	-222.500
350.840	-217.500
351.019	-188.500
351.197	0.500
351.376	-8.500
351.554	-64.500
351.733	104.500
351.912	159.500
352.090	71.500
352.269	-6.500
352.447	-17.500
352.626	-11.500
352.804	39.500
352.983	-99.500
353.161	-28.500
353.340	85.500
353.518	-135.500
353.697	34.500
353.875	176.500
354.054	352.500
354.232	275.500
354.411	111.500
354.590	-21.500
354.768	160.500
354.947	-107.500
355.125	-178.500
355.304	-139.500
355.482	-49.500
355.661	-22.500
355.839	-199.500
356.018	-132.500
356.196	-112.500
356.375	-244.500
356.553	-62.500
356.732	-124.500
356.910	-105.500
357.089	13.500
357.268	27.500
357.446	193.500
357.625	107.500
357.803	-57.500
357.982	-175.500
358.160	-141.500
358.339	-3.500
358.517	-31.500
358.696	-113.500
358.874	-121.500
359.053	-112.500
359.231	-323.500
359.410	-164.500
359.588	-89.500
359.767	-15.500
359.945	46.500
360.124	-99.500
360.303	-143.500
360.481	-97.500
360.660	-88.500
360.838	-161.500
361.017	-111.500
361.195	-46.500
361.374	-16.500
361.552	58.500
361.731	55.500
361.909	27.500
362.088	-167.500
362.266	-254.500
362.445	-152.500
362.623	27.500
362.802	71.500
362.981	-95.500
363.159	36.500
363.338	97.500
363.516	75.500
363.695	51.500
363.873	11.500
364.052	-39.500
364.230	133.500
364.409	7.500
364.587	8.500
364.766	-8.500
364.944	74.500
365.123	128.500
365.301	18.500
365.480	181.500
365.660	-5.500
365.839	-25.500
366.019	190.500
366.199	131.500
366.379	31.500
366.558	-117.500
366.738	238.500
366.918	140.500
367.098	-382.500
367.277	-241.500
367.457	9.500
367.637	-18.500
367.816	-12.500
367.996	-41.500
368.176	10.500
368.356	213.500
368.535	103.500
368.715	189.500
368.895	217.500
369.075	-35.500
369.254	-55.500
369.434	115.500
369.614	257.500
369.793	91.500
369.973	87.500
370.153	-33.500
370.333	10.500
370.512	123.500
370.692	72.500
370.872	-40.500
371.051	85.500
371.231	285.500
371.411	228.500
371.591	-65.500
371.770	-44.500
371.950	65.500
372.130	-111.500
372.310	-159.500
372.489	31.500
372.669	-22.500
372.849	-88.500
373.028	16.500
373.208	94.500
373.388	80.500
373.568	23.500
373.747	14.500
373.927	-63.500
374.107	-125.500
374.287	-82.500
374.466	-203.500
374.646	-73.500
374.826	1.500
375.005	-164.500
375.185	-181.500
375.365	87.500
375.545	326.500
375.724	88.500
375.904	19.500
376.084	-110.500
376.263	2.500
376.443	125.500
376.623	76.500
376.803	84.500
376.982	60.500
377.162	-81.500
377.342	-130.500
377.522	80.500
377.701	171.500
377.881	2.500
378.061	110.500
378.240	-38.500
378.420	-111.500
378.600	-94.500
378.780	-72.500
378.959	-89.500
379.139	153.500
379.319	130.500
379.499	-3.500
379.678	98.500
379.858	188.500
380.038	-31.500
380.217	-80.500
380.397	-36.500
380.577	42.500
380.757	-141.500
380.936	-6.500
381.116	0.500
381.296	38.500
381.476	107.500
381.655	-146.500
381.835	-41.500
382.015	76.500
382.194	92.500
382.374	50.500
382.554	55.500
382.734	137.500
382.913	85.500
383.093	55.500
383.273	166.500
383.452	317.500
383.632	33.500
383.812	-135.500
383.992	1.500
384.171	194.500
384.351	28.500
384.531	54.500
384.711	28.500
384.890	64.500
385.070	27.500
385.250	-28.500
385.429	214.500
385.609	153.500
385.789	3.500
385.969	-91.500
386.148	-77.500
386.328	219.500
386.508	164.500
386.688	-91.500
386.867	59.500
387.047	133.500
387.227	49.500
387.406	-93.500
387.586	-7.500
387.766	206.500
387.946	89.500
388.125	-45.500
388.305	-77.500
388.485	-0.500
388.664	163.500
388.844	161.500
389.024	129.500
389.204	168.500
389.383	50.500
389.563	-141.500
389.743	16.500
389.923	140.500
390.102	-12.500
390.282	-44.500
390.462	159.500
390.641	70.500
390.821	-162.500
391.001	-95.500
391.181	124.500
391.360	314.500
391.540	146.500
391.720	-117.500
391.900	-95.500
392.079	-71.500
392.259	1.500
392.439	-98.500
392.618	-8.500
392.798	189.500
392.978	-15.500
393.158	-149.500
393.337	95.500
393.517	282.500
393.697	266.500
393.877	202.500
394.056	205.500
394.236	363.500
394.416	160.500
394.595	-180.500
394.775	26.500
394.955	168.500
395.135	-94.500
395.314	-241.500
395.494	116.500
395.674	226.500
395.853	-130.500
396.033	39.500
396.213	251.500
396.393	55.500
396.572	147.500
396.752	-14.500
396.932	147.500
397.112	154.500
397.291	113.500
397.471	41.500
397.651	-159.500
397.830	-286.500
398.010	12.500
398.190	90.500
398.370	35.500
398.549	236.500
398.729	90.500
398.909	-81.500
399.089	-3.500
399.268	218.500
399.448	125.500
399.628	-63.500
399.807	112.500
399.987	208.500
400.167	51.500
400.347	-29.500
400.526	93.500
400.706	48.500
400.886	-60.500
401.065	-130.500
401.245	-41.500
401.425	108.500
401.605	35.500
401.784	63.500
401.964	212.500
402.144	355.500
402.324	50.500
402.503	-244.500
402.683	-161.500
402.863	39.500
403.042	-122.500
403.222	-201.500
403.402	60.500
403.582	24.500
403.761	-113.500
403.941	53.500
404.121	-177.500
404.301	-229.500
404.480	84.500
404.660	51.500
404.844	188.500
405.029	230.500
405.213	140.500
405.398	-69.500
405.582	-69.500
405.767	8.500
405.951	-104.500
406.136	-22.500
406.320	79.500
406.505	226.500
406.689	267.500
406.874	77.500
407.058	159.500
407.243	168.500
407.427	26.500
407.612	3.500
407.796	-102.500
407.981	64.500
408.165	139.500
408.350	120.500
408.534	-219.500
408.719	-273.500
408.903	-61.500
409.088	-5.500
409.272	-82.500
409.457	190.500
409.641	87.500
409.826	0.500
410.010	310.500
410.195	206.500
410.379	62.500
410.564	292.500
410.748	338.500
410.933	278.500
411.117	117.500
411.302	95.500
411.486	140.500
411.671	310.500
411.855	164.500
412.040	-40.500
412.224	-177.500
412.409	-205.500
412.593	-11.500
412.778	-103.500
412.962	-105.500
413.147	263.500
413.331	467.500
413.516	207.500
413.700	130.500
413.885	497.500
414.069	264.500
414.254	242.500
414.438	216.500
414.623	124.500
414.807	179.500
414.992	-24.500
415.176	-20.500
415.361	250.500
415.545	374.500
415.730	217.500
415.914	172.500
416.099	582.500
416.283	449.500
416.468	97.500
416.652	222.500
416.837	398.500
417.021	391.500
417.206	206.500
417.390	-76.500
417.575	-7.500
417.759	90.500
417.944	149.500
418.128	275.500
418.313	314.500
418.497	145.500
418.682	200.500
418.866	458.500
419.051	127.500
419.235	202.500
419.420	578.500
419.604	511.500
419.789	523.500
419.973	386.500
420.158	273.500
420.342	166.500
420.527	338.500
420.711	465.500
420.896	585.500
421.080	449.500
421.265	474.500
421.449	403.500
421.634	368.500
421.818	574.500
422.003	399.500
422.187	336.500
422.372	488.500
422.556	355.500
422.741	507.500
422.925	660.500
423.110	446.500
423.294	483.500
423.479	659.500
423.663	743.500
423.848	616.500
424.032	499.500
424.217	659.500
424.401	668.500
424.586	409.500
424.770	426.500
424.955	708.500
425.139	794.500
425.324	641.500
425.508	551.500
425.693	722.500
425.877	831.500
426.062	532.500
426.246	706.500
426.431	905.500
426.615	740.500
426.800	686.500
426.984	661.500
427.169	792.500
427.353	966.500
427.538	633.500
427.722	661.500
427.907	822.500
428.091	816.500
428.276	931.500
428.460	1059.500
428.645	1250.500
428.829	950.500
429.014	719.500
429.198	892.500
429.383	1321.500
429.567	1373.500
429.752	882.500
429.936	1065.500
430.121	1164.500
430.305	1171.500
430.490	960.500
430.674	1079.500
430.859	1357.500
431.043	1279.500
431.228	1249.500
431.412	1303.500
431.597	1349.500
431.781	1404.500
431.966	1439.500
432.150	1571.500
432.335	1565.500
432.519	1423.500
432.704	1458.500
432.888	1586.500
433.073	1515.500
433.257	1566.500
433.442	1701.500
433.626	1613.500
433.811	1763.500
433.995	1744.500
434.180	1521.500
434.364	1809.500
434.549	2111.500
434.733	2054.500
434.918	1830.500
435.102	2044.500
435.287	2082.500
435.471	1932.500
435.656	1930.500
435.840	2238.500
436.030	2230.500
436.219	1973.500
436.409	2220.500
436.599	2280.500
436.789	2280.500
436.978	2202.500
437.168	2302.500
437.358	2440.500
437.548	2430.500
437.737	2502.500
437.927	2621.500
438.117	2825.500
438.306	3059.500
438.496	2896.500
438.686	2816.500
438.876	2785.500
439.065	3295.500
439.255	3402.500
439.445	3105.500
439.634	3127.500
439.824	3456.500
440.014	3294.500
440.204	3387.500
440.393	3713.500
440.583	3959.500
440.773	3675.500
440.963	3491.500
441.152	3581.500
441.342	3880.500
441.532	4158.500
441.721	3945.500
441.911	4128.500
442.101	4262.500
442.291	4336.500
442.480	4341.500
442.670	4626.500
442.860	4912.500
443.050	4950.500
443.239	5128.500
443.429	5305.500
443.619	5351.500
443.808	5204.500
443.998	5369.500
444.188	5599.500
444.378	5873.500
444.567	5792.500
444.757	5956.500
444.947	6208.500
445.137	6474.500
445.326	6589.500
445.516	6603.500
445.706	6851.500
445.895	7186.500
446.085	7208.500
446.275	7113.500
446.465	7390.500
446.654	7916.500
446.844	7795.500
447.034	7784.500
447.223	8076.500
447.413	8507.500
447.603	8574.500
447.793	8335.500
447.982	8631.500
448.172	8560.500
448.362	8912.500
448.552	9097.500
448.741	9465.500
448.931	9701.500
449.121	9659.500
449.310	10014.500
449.500	10393.500
449.690	10620.500
449.880	10605.500
450.069	10923.500
450.259	11179.500
450.449	11118.500
450.639	11451.500
450.828	11511.500
451.018	11939.500
451.208	12343.500
451.397	12369.500
451.587	12450.500
451.777	12651.500
451.967	12753.500
452.156	13087.500
452.346	13262.500
452.536	13719.500
452.725	13888.500
452.915	14001.500
453.105	13960.500
453.295	14199.500
453.484	14572.500
453.674	14876.500
453.864	14852.500
454.054	15067.500
454.243	15083.500
454.433	15165.500
454.623	15200.500
454.812	15137.500
455.002	15548.500
455.192	15709.500
455.382	15533.500
455.571	15606.500
455.761	15802.500
455.951	16012.500
456.141	15751.500
456.330	15885.500
456.520	16117.500
456.710	16049.500
456.899	15786.500
457.089	15809.500
457.279	15991.500
457.469	15786.500
457.658	15495.500
457.848	15549.500
458.038	15958.500
458.228	15911.500
458.417	15599.500
458.607	15522.500
458.797	15493.500
458.986	15207.500
459.176	15173.500
459.366	14954.500
459.556	14688.500
459.745	14735.500
459.935	14611.500
460.125	14587.500
460.314	14497.500
460.504	14226.500
460.694	14131.500
460.884	14390.500
461.073	13927.500
461.263	13588.500
461.453	13651.500
461.643	13616.500
461.832	13549.500
462.022	13298.500
462.212	13072.500
462.401	13117.500
462.591	12988.500
462.781	12794.500
462.971	12618.500
463.160	12482.500
463.350	12517.500
463.540	12145.500
463.730	11927.500
463.919	11959.500
464.109	11890.500
464.299	11882.500
464.488	11700.500
464.678	11341.500
464.868	11507.500
465.058	11423.500
465.247	11424.500
465.437	11218.500
465.627	11026.500
465.816	10786.500
466.006	10461.500
466.196	10565.500
466.386	10800.500
466.575	10433.500
466.765	10283.500
466.955	10297.500
467.145	10405.500
467.334	10134.500
467.524	9975.500
467.714	9839.500
467.903	10024.500
468.093	9804.500
468.283	9808.500
468.473	9941.500
468.662	9999.500
468.852	9927.500
469.042	9812.500
469.232	9936.500
469.421	9942.500
469.611	9468.500
469.801	9511.500
469.990	9566.500
470.180	9525.500
470.370	9442.500
470.560	9389.500
470.749	9303.500
470.939	9607.500
471.129	9384.500
471.318	9025.500
471.508	9115.500
471.698	9162.500
471.888	8856.500
472.077	8591.500
472.267	8915.500
472.457	9068.500
472.647	8594.500
472.836	8283.500
473.026	8419.500
473.216	8525.500
473.405	8491.500
473.595	8394.500
473.785	8445.500
473.975	8535.500
474.164	8074.500
474.354	7721.500
474.544	7870.500
474.734	8272.500
474.923	7935.500
475.113	7555.500
475.303	7455.500
475.492	7755.500
475.682	7718.500
475.872	7333.500
476.062	7413.500
476.251	7702.500
476.441	7335.500
476.631	7042.500
476.821	7009.500
477.010	6894.500
477.200	6808.500
477.390	6815.500
477.579	6902.500
477.769	6979.500
477.959	6817.500
478.149	6482.500
478.338	6752.500
478.528	7137.500
478.718	6656.500
478.907	6338.500
479.097	6241.500
479.287	6327.500
479.477	6290.500
479.666	6147.500
479.856	6376.500
480.046	6119.500
480.236	6032.500
480.425	5910.500
480.615	5998.500
480.805	6054.500
480.994	5957.500
481.184	5802.500
481.374	6037.500
481.564	6253.500
481.753	6107.500
481.943	5726.500
482.133	5848.500
482.323	5621.500
482.512	5446.500
482.702	5476.500
482.892	5377.500
483.081	5339.500
483.271	5565.500
483.461	5463.500
483.651	5438.500
483.840	5567.500
484.030	5395.500
484.220	5106.500
484.409	5292.500
484.599	5540.500
484.789	5254.500
484.979	4967.500
485.168	5070.500
485.358	4996.500
485.548	4935.500
485.738	5173.500
485.927	5180.500
486.117	5083.500
486.307	5087.500
486.496	4826.500
486.686	4766.500
486.876	4866.500
487.066	4955.500
487.255	4818.500
487.445	5134.500
487.635	5175.500
487.825	4934.500
488.014	4912.500
488.204	4949.500
488.394	5216.500
488.583	5333.500
488.773	4985.500
488.963	4970.500
489.153	5259.500
489.342	5042.500
489.532	4738.500
489.722	4941.500
489.912	5357.500
490.101	5276.500
490.291	4979.500
490.481	5225.500
490.670	5385.500
490.860	5025.500
491.050	5035.500
491.240	5167.500
491.429	5245.500
491.619	5125.500
491.809	4949.500
491.998	4913.500
492.188	5003.500
492.378	5074.500
492.568	4780.500
492.757	5029.500
492.947	5233.500
493.137	5030.500
493.327	5042.500
493.516	4967.500
493.706	5281.500
493.896	5068.500
494.085	4844.500
494.275	4969.500
494.465	5099.500
494.655	5109.500
494.844	5079.500
495.034	5135.500
495.224	5431.500
495.414	5434.500
495.603	5242.500
495.793	5187.500
495.983	5424.500
496.172	5236.500
496.362	5106.500
496.552	5475.500
496.742	5371.500
496.931	5236.500
497.121	5222.500
497.311	5312.500
497.500	5629.500
497.690	5706.500
497.880	5207.500
498.070	5076.500
498.259	5254.500
498.449	5244.500
498.639	5132.500
498.829	5396.500
499.018	5755.500
499.208	5506.500
499.398	5346.500
499.587	5594.500
499.777	5820.500
499.967	5570.500
500.157	5574.500
500.346	5593.500
500.536	5682.500
500.726	5699.500
500.916	5667.500
501.105	5607.500
501.295	5831.500
501.485	6390.500
501.674	5802.500
501.864	5794.500
502.054	6264.500
502.244	6198.500
502.433	5663.500
502.623	6042.500
502.813	6379.500
503.003	6215.500
503.192	5930.500
503.382	6031.500
503.572	6303.500
503.761	6127.500
503.951	5979.500
504.141	6261.500
504.331	6001.500
504.520	5786.500
504.710	6053.500
504.900	6081.500
505.089	6328.500
505.279	6556.500
505.469	6777.500
505.659	6687.500
505.848	6764.500
506.038	6608.500
506.228	6350.500
506.418	6125.500
506.607	6502.500
506.797	6510.500
506.987	6384.500
507.176	6256.500
507.366	6769.500
507.556	6771.500
507.746	6498.500
507.935	6883.500
508.125	6992.500
508.315	6403.500
508.505	6445.500
508.694	6555.500
508.884	6845.500
509.074	6652.500
509.263	6619.500
509.453	6708.500
509.643	6950.500
509.833	6649.500
510.022	6510.500
510.212	6606.500
510.402	6810.500
510.592	7045.500
510.781	7014.500
510.971	6968.500
511.161	7045.500
511.350	6895.500
511.540	6828.500
511.730	6987.500
511.920	6925.500
512.109	6695.500
512.299	6805.500
512.489	6950.500
512.678	7214.500
512.868	7186.500
513.058	7103.500
513.248	6842.500
513.437	6946.500
513.627	7029.500
513.817	6751.500
514.007	6830.500
514.196	7163.500
514.386	6888.500
514.576	6687.500
514.765	6910.500
514.955	7158.500
515.145	7060.500
515.335	7050.500
515.524	6985.500
515.714	7062.500
515.904	6913.500
516.094	6944.500
516.283	7250.500
516.473	7502.500
516.663	7278.500
516.852	7135.500
517.042	6943.500
517.232	6705.500
517.422	6641.500
517.611	6782.500
517.801	7112.500
517.991	7366.500
518.180	7156.500
518.370	7115.500
518.560	7185.500
518.750	7325.500
518.939	7178.500
519.129	6949.500
519.319	7335.500
519.509	7443.500
519.698	7101.500
519.888	7119.500
520.078	7117.500
520.267	7499.500
520.457	7298.500
520.647	6961.500
520.837	7302.500
521.026	7514.500
521.216	7575.500
521.406	7439.500
521.596	7531.500
521.785	7724.500
521.975	7492.500
522.165	7224.500
522.354	7476.500
522.544	7619.500
522.734	7528.500
522.924	7511.500
523.113	7420.500
523.303	7587.500
523.493	7645.500
523.683	7441.500
523.872	7545.500
524.062	7906.500
524.252	7643.500
524.441	7471.500
524.631	7617.500
524.821	7642.500
525.011	7558.500
525.200	7458.500
525.390	7649.500
525.580	7907.500
525.769	7629.500
525.959	7675.500
526.149	7633.500
526.339	7969.500
526.528	7890.500
526.718	7507.500
526.908	7434.500
527.098	7813.500
527.287	7972.500
527.477	7504.500
527.667	7743.500
527.856	8097.500
528.046	7968.500
528.236	7760.500
528.426	8093.500
528.615	8146.500
528.805	7685.500
528.995	7703.500
529.185	7782.500
529.374	8247.500
529.564	7994.500
529.754	7597.500
529.943	8072.500
530.133	8087.500
530.323	8161.500
530.513	7912.500
530.702	7888.500
530.892	8356.500
531.082	7915.500
531.271	7766.500
531.461	7879.500
531.651	7964.500
531.841	7878.500
532.030	7966.500
532.220	7815.500
532.410	7930.500
532.600	7600.500
532.789	7555.500
532.979	7674.500
533.169	8137.500
533.358	8165.500
533.548	7802.500
533.738	7754.500
533.928	8005.500
534.117	7562.500
534.307	7449.500
534.497	7510.500
534.687	7973.500
534.876	7947.500
535.066	7586.500
535.256	7719.500
535.445	8024.500
535.635	7686.500
535.825	7517.500
536.015	7555.500
536.204	7626.500
536.394	7461.500
536.584	7275.500
536.773	7670.500
536.963	7842.500
537.153	7766.500
537.343	7459.500
537.532	7535.500
537.722	7861.500
537.912	7798.500
538.102	7665.500
538.291	7600.500
538.481	7835.500
538.671	7639.500
538.860	7510.500
539.050	7682.500
539.240	7704.500
539.430	7521.500
539.619	7443.500
539.809	7545.500
539.999	7755.500
540.189	7667.500
540.378	7261.500
540.568	7492.500
540.758	7854.500
540.947	7691.500
541.137	7652.500
541.327	8183.500
541.517	8212.500
541.706	7354.500
541.896	7418.500
542.086	7654.500
542.276	7898.500
542.465	7710.500
542.655	7430.500
542.845	7392.500
543.034	7466.500
543.224	7763.500
543.414	7602.500
543.604	7624.500
543.793	7794.500
543.983	7905.500
544.173	7659.500
544.362	7732.500
544.552	7946.500
544.742	7792.500
544.932	7373.500
545.121	7584.500
545.311	7833.500
545.501	8004.500
545.691	7529.500
545.880	7529.500
546.070	7962.500
546.264	7679.500
546.459	7491.500
546.653	7431.500
546.847	7645.500
547.041	7619.500
547.236	7704.500
547.430	7737.500
547.624	7787.500
547.818	7546.500
548.013	7610.500
548.207	7879.500
548.401	7716.500
548.596	7771.500
548.790	7776.500
548.984	7749.500
549.178	7962.500
549.373	7878.500
549.567	7563.500
549.761	7493.500
549.956	7611.500
550.150	7766.500
550.344	7658.500
550.538	7674.500
550.733	7747.500
550.927	7948.500
551.121	7704.500
551.315	7527.500
551.510	7711.500
551.704	7690.500
551.898	7593.500
552.093	7919.500
552.287	7936.500
552.481	7944.500
552.675	7608.500
552.870	7605.500
553.064	7597.500
553.258	7857.500
553.453	7643.500
553.647	7725.500
553.841	7796.500
554.035	7764.500
554.230	7463.500
554.424	7711.500
554.618	7861.500
554.812	7769.500
555.007	7568.500
555.201	7762.500
555.395	8078.500
555.590	7880.500
555.784	7752.500
555.978	7821.500
556.172	8049.500
556.367	8077.500
556.561	7563.500
556.755	7580.500
556.949	7736.500
557.144	7860.500
557.338	7926.500
557.532	7761.500
557.727	8147.500
557.921	8077.500
558.115	7608.500
558.309	7795.500
558.504	7874.500
558.698	7838.500
558.892	7833.500
559.087	7759.500
559.281	7943.500
559.475	7807.500
559.669	7502.500
559.864	7537.500
560.058	8011.500
560.252	7922.500
560.446	7729.500
560.641	8050.500
560.835	8603.500
561.029	7936.500
561.224	7692.500
561.418	7657.500
561.612	7858.500
561.806	7982.500
562.001	7780.500
562.195	7845.500
562.389	7859.500
562.584	7791.500
562.778	7710.500
562.972	7743.500
563.166	8223.500
563.361	8247.500
563.555	7768.500
563.749	7844.500
563.943	8123.500
564.138	8052.500
564.332	7967.500
564.526	7859.500
564.721	7952.500
564.915	7887.500
565.109	7731.500
565.303	7981.500
565.498	8302.500
565.692	8043.500
565.886	7618.500
566.081	8101.500
566.275	8400.500
566.469	8216.500
566.663	7751.500
566.858	7845.500
567.052	8512.500
567.246	8248.500
567.440	7829.500
567.635	7997.500
567.829	8270.500
568.023	8288.500
568.218	7923.500
568.412	7974.500
568.606	8244.500
568.800	7978.500
568.995	7864.500
569.189	8189.500
569.383	8466.500
569.577	8548.500
569.772	8169.500
569.966	7938.500
570.160	8299.500
570.355	8122.500
570.549	8075.500
570.743	8233.500
570.937	8323.500
571.132	8091.500
571.326	7890.500
571.520	7826.500
571.715	7801.500
571.909	7894.500
572.103	8031.500
572.297	8204.500
572.492	8230.500
572.686	7828.500
572.880	7532.500
573.074	7783.500
573.269	7935.500
573.463	8050.500
573.657	7795.500
573.852	7895.500
574.046	7887.500
574.240	7683.500
574.434	7430.500
574.629	7616.500
574.823	7988.500
575.017	8184.500
575.212	7690.500
575.406	7614.500
575.600	7852.500
575.794	7745.500
575.989	7688.500
576.183	7792.500
576.377	8278.500
576.571	8188.500
576.766	7663.500
576.960	7891.500
577.159	8141.500
577.357	8047.500
577.556	7653.500
577.755	7759.500
577.953	8205.500
578.152	7824.500
578.350	7577.500
578.549	7844.500
578.748	8090.500
578.946	7687.500
579.145	7512.500
579.344	7671.500
579.542	8168.500
579.741	8021.500
579.940	7791.500
580.138	7785.500
580.337	7749.500
580.535	7637.500
580.734	7640.500
580.933	7701.500
581.131	7935.500
581.330	7681.500
581.529	7801.500
581.727	7978.500
581.926	8540.500
582.125	8518.500
582.323	7850.500
582.522	8071.500
582.721	8384.500
582.919	8496.500
583.118	7882.500
583.316	8107.500
583.515	8432.500
583.714	8729.500
583.912	8420.500
584.111	8484.500
584.310	8786.500
584.508	8196.500
584.707	8125.500
584.906	8471.500
585.104	8606.500
585.303	8574.500
585.501	8184.500
585.700	8209.500
585.899	8720.500
586.097	8667.500
586.296	8428.500
586.495	8510.500
586.693	9020.500
586.892	8845.500
587.091	8613.500
587.289	8523.500
587.488	8810.500
587.686	8315.500
587.885	8296.500
588.084	8155.500
588.282	8060.500
588.481	8066.500
588.680	8080.500
588.878	7892.500
589.077	8077.500
589.276	8282.500
589.474	8089.500
589.673	8197.500
589.871	8619.500
590.070	8527.500
590.269	8039.500
590.467	8278.500
590.666	8572.500
590.865	8164.500
591.063	8027.500
591.262	8423.500
591.461	8601.500
591.659	8272.500
591.858	8058.500
592.056	8083.500
592.255	8301.500
592.454	8090.500
592.652	7975.500
592.851	8172.500
593.050	8513.500
593.248	8225.500
593.447	7902.500
593.646	8142.500
593.844	8624.500
594.043	8274.500
594.241	8035.500
594.440	8442.500
594.639	8549.500
594.837	8064.500
595.036	8117.500
595.235	7995.500
595.433	8274.500
595.632	8283.500
595.831	8095.500
596.029	8173.500
596.228	8163.500
596.427	7666.500
596.625	8073.500
596.824	8110.500
597.022	8359.500
597.221	8286.500
597.420	7999.500
597.618	8099.500
597.817	8331.500
598.016	8167.500
598.214	7966.500
598.413	7874.500
598.612	7815.500
598.810	8105.500
599.009	7926.500
599.207	8301.500
599.406	8626.500
599.605	7800.500
599.803	7439.500
600.002	7873.500
600.201	8506.500
600.399	8420.500
600.598	7917.500
600.797	8003.500
600.995	8082.500
601.194	7888.500
601.392	7830.500
601.591	8011.500
601.790	8289.500
601.988	8017.500
602.187	7699.500
602.386	7767.500
602.584	8311.500
602.783	8184.500
602.982	7828.500
603.180	8098.500
603.379	8738.500
603.577	8326.500
603.776	7703.500
603.975	7938.500
604.173	8088.500
604.372	7870.500
604.571	7660.500
604.769	7730.500
604.968	7943.500
605.167	7731.500
605.365	7275.500
605.564	7633.500
605.762	8045.500
605.961	7771.500
606.160	7504.500
606.358	7841.500
606.557	8255.500
606.756	7744.500
606.954	7389.500
607.153	7771.500
607.352	7997.500
607.550	7834.500
607.749	7442.500
607.948	7654.500
608.146	7808.500
608.345	7656.500
608.543	7252.500
608.742	7565.500
608.941	8024.500
609.139	7893.500
609.338	7359.500
609.537	7622.500
609.735	7945.500
609.934	7507.500
610.133	7271.500
610.331	7460.500
610.530	8001.500
610.728	7889.500
610.927	7102.500
611.126	7166.500
611.324	7646.500
611.523	7803.500
611.722	7550.500
611.920	7577.500
612.119	7283.500
612.318	7197.500
612.516	7032.500
612.715	7225.500
612.913	7687.500
613.112	7528.500
613.311	7153.500
613.509	7203.500
613.708	7543.500
613.907	7261.500
614.105	7045.500
614.304	7104.500
614.503	7278.500
614.701	7103.500
614.900	6826.500
615.098	7090.500
615.297	7297.500
615.496	6992.500
615.694	6795.500
615.893	7077.500
616.092	7313.500
616.290	7202.500
616.489	7053.500
616.688	7170.500
616.886	7193.500
617.085	6790.500
617.283	6506.500
617.482	6557.500
617.681	6875.500
617.879	6679.500
618.078	6468.500
618.277	6930.500
618.475	6999.500
618.674	6702.500
618.873	6662.500
619.071	6763.500
619.270	7123.500
619.468	6846.500
619.667	6371.500
619.866	6625.500
620.064	7146.500
620.263	6635.500
620.462	6238.500
620.660	6393.500
620.859	6748.500
621.058	6572.500
621.256	6213.500
621.455	6258.500
621.654	6508.500
621.852	6380.500
622.051	6243.500
622.249	6263.500
622.448	6569.500
622.647	6207.500
622.845	6233.500
623.044	6288.500
623.243	6510.500
623.441	6477.500
623.640	5821.500
623.839	5786.500
624.037	6184.500
624.236	6221.500
624.434	5949.500
624.633	6219.500
624.832	6255.500
625.030	5817.500
625.229	5772.500
625.428	6025.500
625.626	6410.500
625.825	6101.500
626.024	6006.500
626.222	6179.500
626.421	6273.500
626.619	6041.500
626.818	5661.500
627.017	5961.500
627.215	6391.500
627.414	5776.500
627.613	5661.500
627.811	5604.500
628.010	5622.500
628.209	5854.500
628.407	5550.500
628.606	5740.500
628.804	6112.500
629.003	6138.500
629.202	5582.500
629.400	5636.500
629.599	5921.500
629.798	5501.500
629.996	5318.500
630.195	5344.500
630.394	5617.500
630.592	5559.500
630.791	5139.500
630.990	5344.500
631.188	5546.500
631.387	5521.500
631.585	5393.500
631.784	5107.500
631.983	5200.500
632.181	5468.500
632.380	5509.500
632.579	5491.500
632.777	5644.500
632.976	5325.500
633.175	5129.500
633.373	5416.500
633.572	5559.500
633.770	5453.500
633.969	5311.500
634.168	5136.500
634.366	5229.500
634.565	5156.500
634.764	5189.500
634.962	5339.500
635.161	5588.500
635.360	5106.500
635.558	4956.500
635.757	5087.500
635.955	5263.500
636.154	5154.500
636.353	5148.500
636.551	4952.500
636.750	4828.500
636.949	4772.500
637.147	4681.500
637.346	4626.500
637.545	4786.500
637.743	4576.500
637.942	4486.500
638.140	4723.500
638.339	5027.500
638.538	5043.500
638.736	4718.500
638.935	4514.500
639.134	4407.500
639.332	4532.500
639.531	4511.500
639.730	4669.500
639.928	5146.500
640.127	4862.500
640.325	4578.500
640.524	4573.500
640.723	4739.500
640.921	4757.500
641.120	4588.500
641.319	4474.500
641.517	4641.500
641.716	4734.500
641.915	4713.500
642.113	4675.500
642.312	4462.500
642.510	4257.500
642.709	4429.500
642.908	4559.500
643.106	4572.500
643.305	4266.500
643.504	4178.500
643.702	4590.500
643.901	4777.500
644.100	4309.500
644.298	4066.500
644.497	4204.500
644.696	4459.500
644.894	4195.500
645.093	4198.500
645.291	4394.500
645.490	4497.500
645.689	4201.500
645.887	4236.500
646.086	4786.500
646.285	4602.500
646.483	4065.500
646.682	4042.500
646.881	3927.500
647.079	4072.500
647.278	4294.500
647.476	3940.500
647.675	3815.500
647.874	4204.500
648.072	4239.500
648.271	3878.500
648.470	3959.500
648.668	4393.500
648.867	4150.500
649.066	3867.500
649.264	4098.500
649.463	4122.500
649.661	3895.500
649.860	3705.500
650.059	3644.500
650.257	3638.500
650.456	3779.500
650.655	3741.500
650.853	3714.500
651.052	3743.500
651.251	3464.500
651.449	3194.500
651.648	3503.500
651.846	3734.500
652.045	3300.500
652.244	3354.500
652.442	3609.500
652.641	3627.500
652.840	3488.500
653.038	3413.500
653.237	3591.500
653.436	3749.500
653.634	3448.500
653.833	3598.500
654.032	3483.500
654.230	3532.500
654.429	3209.500
654.627	3134.500
654.826	3274.500
655.025	3354.500
655.223	3562.500
655.422	3358.500
655.621	3349.500
655.819	3836.500
656.018	3788.500
656.217	3423.500
656.415	3205.500
656.614	3302.500
656.812	3516.500
657.011	3418.500
657.210	3397.500
657.408	3417.500
657.607	3401.500
657.806	3230.500
658.004	3169.500
658.203	3295.500
658.402	3074.500
658.600	2987.500
658.799	2904.500
658.997	3026.500
659.196	2907.500
659.395	2832.500
659.593	2957.500
659.792	3258.500
659.991	3202.500
660.189	2890.500
660.388	3128.500
660.587	3343.500
660.785	3177.500
660.984	2684.500
661.182	2616.500
661.381	3002.500
661.580	2912.500
661.778	2729.500
661.977	2964.500
662.176	3083.500
662.374	2764.500
662.573	2794.500
662.772	3207.500
662.970	2831.500
663.169	2479.500
663.367	2606.500
663.566	2787.500
663.765	3132.500
663.963	2748.500
664.162	2557.500
664.361	2758.500
664.559	2985.500
664.758	2897.500
664.957	2577.500
665.155	2482.500
665.354	2918.500
665.552	3004.500
665.751	2815.500
665.950	2495.500
666.148	2430.500
666.347	2411.500
666.546	2350.500
666.744	2560.500
666.943	2774.500
667.142	2310.500
667.340	2546.500
667.539	3060.500
667.738	2872.500
667.936	2784.500
668.135	2542.500
668.333	2370.500
668.532	2690.500
668.731	2445.500
668.929	2099.500
669.128	2429.500
669.327	2788.500
669.525	2738.500
669.724	2427.500
669.923	2164.500
670.121	2133.500
670.320	2187.500
670.518	2215.500
670.717	2046.500
670.916	2180.500
671.114	2225.500
671.313	2060.500
671.512	2124.500
671.710	2229.500
671.909	2251.500
672.108	2388.500
672.306	2335.500
672.505	2199.500
672.703	1910.500
672.902	1937.500
673.101	2192.500
673.299	2441.500
673.498	2259.500
673.697	1982.500
673.895	1849.500
674.094	2136.500
674.293	2126.500
674.491	1820.500
674.690	1789.500
674.888	1942.500
675.087	2013.500
675.286	1841.500
675.484	1991.500
675.683	2244.500
675.882	1974.500
676.080	1967.500
676.279	1869.500
676.478	2066.500
676.676	2036.500
676.875	1701.500
677.073	1754.500
677.272	2004.500
677.471	1806.500
677.669	1966.500
677.868	2097.500
678.067	1940.500
678.265	1741.500
678.464	1630.500
678.663	1815.500
678.861	1934.500
679.060	1806.500
679.259	1549.500
679.457	1813.500
679.656	2047.500
679.854	1678.500
680.053	1346.500
680.252	1599.500
680.450	1671.500
680.649	1985.500
680.848	1681.500
681.046	1592.500
681.245	1711.500
681.444	1504.500
681.642	1661.500
681.841	1809.500
682.039	2021.500
682.238	1876.500
682.437	1267.500
682.635	1539.500
682.834	1855.500
683.033	1656.500
683.231	1343.500
683.430	1203.500
683.629	1338.500
683.827	1673.500
684.026	1621.500
684.224	1455.500
684.423	1524.500
684.622	1414.500
684.820	1230.500
685.019	1595.500
685.218	1764.500
685.416	1299.500
685.615	1141.500
685.814	1314.500
686.012	1588.500
686.211	1498.500
686.409	1202.500
686.608	1277.500
686.807	1416.500
687.005	1146.500
687.204	1176.500
687.403	1241.500
687.601	1533.500
687.800	1484.500
687.999	1056.500
688.197	998.500
688.396	986.500
688.594	1100.500
688.793	934.500
688.992	1218.500
689.190	1496.500
689.389	1269.500
689.588	1158.500
689.786	1325.500
689.985	1363.500
690.184	1320.500
690.382	1217.500
690.581	1105.500
690.779	1448.500
690.978	1187.500
691.177	1000.500
691.375	1059.500
691.574	1641.500
691.773	1610.500
691.971	1108.500
692.170	1101.500
692.369	1139.500
692.567	984.500
692.766	956.500
692.965	1226.500
693.163	1421.500
693.362	1214.500
693.560	996.500
693.759	1113.500
693.958	1556.500
694.156	1458.500
694.355	864.500
694.554	941.500
694.752	1135.500
694.951	911.500
695.150	719.500
695.348	928.500
695.547	1089.500
695.745	791.500
695.944	658.500
696.143	935.500
696.341	1237.500
696.540	1031.500
696.743	863.500
696.946	986.500
697.149	1137.500
697.352	1000.500
697.555	732.500
697.757	787.500
697.960	982.500
698.163	791.500
698.366	845.500
698.569	933.500
698.772	975.500
698.975	974.500
699.178	612.500
699.381	769.500
699.584	1357.500
699.787	1332.500
699.989	844.500
700.192	922.500
700.395	1074.500
700.598	1283.500
700.801	1016.500
701.004	781.500
701.207	1031.500
701.410	956.500
701.613	866.500
701.816	899.500
702.019	986.500
702.221	1074.500
702.424	638.500
702.627	664.500
702.830	846.500
703.033	872.500
703.236	657.500
703.439	764.500
703.642	998.500
703.845	917.500
704.048	740.500
704.251	717.500
704.453	626.500
704.656	651.500
704.859	630.500
705.062	826.500
705.265	1184.500
705.468	739.500
705.671	583.500
705.874	653.500
706.077	839.500
706.280	654.500
706.483	483.500
706.685	683.500
706.888	884.500
707.091	1010.500
707.294	810.500
707.497	737.500
707.700	1087.500
707.903	1076.500
708.106	747.500
708.309	631.500
708.512	776.500
708.715	740.500
708.917	797.500
709.120	902.500
709.323	898.500
709.526	767.500
709.729	526.500
709.932	658.500
710.135	778.500
710.338	670.500
710.541	613.500
710.744	716.500
710.947	827.500
711.149	761.500
711.352	489.500
711.555	642.500
711.758	892.500
711.961	713.500
712.164	641.500
712.367	768.500
712.570	685.500
712.773	416.500
712.976	346.500
713.179	151.500
713.381	485.500
713.584	753.500
713.787	487.500
713.990	530.500
714.193	784.500
714.396	721.500
714.599	903.500
714.802	680.500
715.005	764.500
715.208	573.500
715.411	345.500
715.613	566.500
715.816	812.500
716.019	620.500
716.222	480.500
716.425	668.500
716.628	719.500
716.831	489.500
717.034	237.500
717.237	384.500
717.440	475.500
717.643	449.500
717.845	378.500
718.048	488.500
718.251	603.500
718.454	624.500
718.657	528.500
718.860	569.500
719.063	670.500
719.266	520.500
719.469	325.500
719.672	552.500
719.875	802.500
720.077	615.500
720.280	392.500
720.483	618.500
720.686	811.500
720.889	612.500
721.092	375.500
721.295	363.500
721.498	479.500
721.701	523.500
721.904	374.500
722.107	528.500
722.309	706.500
722.512	253.500
722.715	227.500
722.918	420.500
723.121	559.500
723.324	547.500
723.527	302.500
723.730	443.500
723.933	882.500
724.136	607.500
724.339	250.500
724.541	292.500
724.744	653.500
724.947	563.500
725.150	306.500
725.353	361.500
725.556	431.500
725.759	502.500
725.962	370.500
726.165	311.500
726.368	654.500
726.571	490.500
726.773	338.500
726.976	559.500
727.179	819.500
727.382	511.500
727.585	333.500
727.788	266.500
727.991	413.500
728.194	489.500
728.397	91.500
728.600	275.500
728.803	546.500
729.005	348.500
729.208	374.500
729.411	570.500
729.614	772.500
729.817	476.500
730.020	261.500
730.223	332.500
730.426	400.500
730.629	362.500
730.832	250.500
731.035	332.500
731.237	521.500
731.440	390.500
731.643	366.500
731.846	246.500
732.049	461.500
732.252	670.500
732.455	450.500
732.658	317.500
732.861	417.500
733.064	168.500
733.267	76.500
733.469	294.500
733.672	405.500
733.875	314.500
734.078	363.500
734.281	323.500
734.484	558.500
734.687	226.500
734.890	85.500
735.093	346.500
735.296	722.500
735.499	598.500
735.701	168.500
735.904	387.500
736.107	492.500
736.310	306.500
736.513	232.500
736.716	284.500
736.919	97.500
737.122	-3.500
737.325	97.500
737.528	257.500
737.731	458.500
737.933	468.500
738.136	355.500
738.339	359.500
738.542	620.500
738.745	495.500
738.948	110.500
739.151	163.500
739.354	186.500
739.557	113.500
739.760	35.500
739.963	195.500
740.165	530.500
740.368	386.500
740.571	32.500
740.774	63.500
740.977	356.500
741.180	277.500
741.383	130.500
741.586	239.500
741.789	545.500
741.992	469.500
742.195	205.500
742.397	361.500
742.600	681.500
742.803	431.500
743.006	209.500
743.209	104.500
743.412	166.500
743.615	26.500
743.818	106.500
744.021	68.500
744.224	250.500
744.427	335.500
744.629	140.500
744.832	197.500
745.035	418.500
745.238	241.500
745.441	130.500
745.644	89.500
745.847	365.500
746.050	394.500
746.253	160.500
746.456	203.500
746.659	362.500
746.861	-18.500
747.064	51.500
747.267	153.500
747.470	249.500
747.673	324.500
747.876	147.500
748.079	337.500
748.282	535.500
748.485	218.500
748.688	-15.500
748.891	52.500
749.093	470.500
749.296	318.500
749.499	-87.500
749.702	-28.500
749.905	169.500
750.108	182.500
750.311	68.500
750.514	140.500
750.717	421.500
750.920	449.500
751.123	152.500
751.325	-7.500
751.528	11.500
751.731	-93.500
751.934	54.500
752.137	428.500
752.340	309.500
752.543	179.500
752.746	152.500
752.949	106.500
753.152	309.500
753.355	130.500
753.557	-165.500
753.760	14.500
753.963	339.500
754.166	248.500
754.369	-123.500
754.572	84.500
754.775	266.500
754.978	214.500
755.181	-103.500
755.384	210.500
755.587	576.500
755.789	51.500
755.992	198.500
756.195	291.500
756.398	265.500
756.601	229.500
756.804	174.500
757.007	280.500
757.210	325.500
757.413	-7.500
757.616	-157.500
757.819	269.500
758.021	487.500
758.224	109.500
758.427	42.500
758.630	74.500
758.833	415.500
759.036	135.500
759.239	-46.500
759.442	77.500
759.645	49.500
759.848	-13.500
760.051	118.500
760.253	113.500
760.456	431.500
760.659	222.500
760.862	-32.500
761.065	-108.500
761.268	75.500
761.471	233.500
761.674	39.500
761.877	96.500
762.080	357.500
762.283	164.500
762.485	-192.500
762.688	-3.500
762.891	295.500
763.094	165.500
763.297	100.500
763.500	84.500
763.706	303.500
763.912	95.500
764.118	-137.500
764.325	-37.500
764.531	218.500
764.737	105.500
764.943	-118.500
765.149	-63.500
765.355	105.500
765.561	215.500
765.768	-85.500
765.974	-181.500
766.180	54.500
766.386	270.500
766.592	202.500
766.798	152.500
767.004	89.500
767.210	83.500
767.417	48.500
767.623	127.500
767.829	282.500
768.035	161.500
768.241	-31.500
768.447	118.500
768.653	210.500
768.860	118.500
769.066	-148.500
769.272	44.500
769.478	294.500
769.684	221.500
769.890	9.500
770.096	151.500
770.303	286.500
770.509	111.500
770.715	27.500
770.921	175.500
771.127	509.500
771.333	509.500
771.539	157.500
771.745	17.500
771.952	272.500
772.158	102.500
772.364	-166.500
772.570	258.500
772.776	406.500
772.982	-56.500
773.188	27.500
773.395	90.500
773.601	195.500
773.807	2.500
774.013	-144.500
774.219	-25.500
774.425	267.500
774.631	197.500
774.838	-248.500
775.044	-94.500
775.250	198.500
775.456	133.500
775.662	82.500
775.868	99.500
776.074	126.500
776.281	31.500
776.487	-243.500
776.693	-205.500
776.899	51.500
777.105	175.500
777.311	140.500
777.517	222.500
777.723	391.500
777.930	72.500
778.136	-134.500
778.342	-43.500
778.548	327.500
778.754	238.500
778.960	141.500
779.166	178.500
779.373	371.500
779.579	62.500
779.785	-246.500
779.991	-107.500
780.197	5.500
780.403	-103.500
780.609	-3.500
780.816	130.500
781.022	397.500
781.228	474.500
781.434	162.500
781.640	241.500
781.846	422.500
782.052	252.500
782.259	-8.500
782.465	-85.500
782.671	156.500
782.877	-39.500
783.083	-182.500
783.289	197.500
783.495	166.500
783.701	119.500
783.908	103.500
784.114	100.500
784.320	134.500
784.526	-129.500
784.732	-261.500
784.938	88.500
785.144	152.500
785.351	-92.500
785.557	191.500
785.763	207.500
785.969	134.500
786.175	135.500
786.381	108.500
786.587	166.500
786.794	381.500
787.000	445.500
787.206	163.500
787.412	326.500
787.618	198.500
787.824	-38.500
788.030	13.500
788.236	126.500
788.443	199.500
788.649	13.500
788.855	-149.500
789.061	-81.500
789.267	288.500
789.473	153.500
789.679	26.500
789.886	-17.500
790.092	-18.500
790.298	-91.500
790.504	-27.500
790.710	77.500
790.916	165.500
791.122	51.500
791.329	-30.500
791.535	115.500
791.741	187.500
791.947	96.500
792.153	-56.500
792.359	-114.500
792.565	250.500
792.771	174.500
792.978	-63.500
793.184	177.500
793.390	117.500
793.596	-87.500
793.802	44.500
794.008	159.500
794.214	244.500
794.421	227.500
794.627	10.500
794.833	-85.500
795.039	99.500
795.245	20.500
795.451	4.500
795.657	107.500
795.864	51.500
796.070	-120.500
796.276	-2.500
796.482	281.500
796.688	331.500
796.894	82.500
797.100	-162.500
797.307	3.500
797.513	189.500
797.719	27.500
797.925	-48.500
798.131	-180.500
798.337	-151.500
798.543	-5.500
798.749	-1.500
798.956	219.500
799.162	407.500
799.368	114.500
799.574	-35.500
799.780	-12.500
799.986	144.500
800.192	14.500
800.399	-74.500
800.605	23.500
800.811	152.500
801.017	242.500
801.223	-76.500
801.429	-28.500
801.635	375.500
801.842	276.500
802.048	15.500
802.254	36.500
802.460	194.500
802.666	-87.500
802.872	-117.500
803.078	114.500
803.285	96.500
803.491	-136.500
803.697	-103.500
803.903	-171.500
804.109	94.500
804.315	379.500
804.521	167.500
804.727	252.500
804.934	315.500
805.140	190.500
805.346	82.500
805.552	202.500
805.758	189.500
805.964	31.500
806.170	-31.500
806.377	45.500
806.583	114.500
806.789	-2.500
806.995	-301.500
807.201	-171.500
807.407	154.500
807.613	216.500
807.820	-54.500
808.026	57.500
808.232	94.500
808.438	-116.500
808.644	-121.500
808.850	-97.500
809.056	126.500
809.262	0.500
809.469	-204.500
809.675	-188.500
809.881	94.500
810.087	75.500
810.293	148.500
810.499	273.500
810.705	240.500
810.912	-0.500
811.118	-139.500
811.324	-19.500
811.530	16.500
811.739	-73.500
811.947	-45.500
812.156	26.500
812.365	53.500
812.573	160.500
812.782	-91.500
812.990	4.500
813.199	112.500
813.408	121.500
813.616	-44.500
813.825	-95.500
814.034	55.500
814.242	120.500
814.451	62.500
814.659	23.500
814.868	164.500
815.077	1.500
815.285	-71.500
815.494	-79.500
815.703	8.500
815.911	60.500
816.120	-0.500
816.329	43.500
816.537	212.500
816.746	140.500
816.954	-15.500
817.163	-64.500
817.372	-69.500
817.580	-148.500
817.789	-91.500
817.998	-100.500
818.206	162.500
818.415	312.500
818.624	-131.500
818.832	-318.500
819.041	-47.500
819.249	260.500
819.458	267.500
819.667	100.500
819.875	109.500
820.084	21.500
820.293	14.500
820.501	-223.500
820.710	-97.500
820.919	231.500
821.127	90.500
821.336	49.500
821.544	73.500
821.753	73.500
821.962	-20.500
822.170	37.500
822.379	251.500
822.588	1.500
822.796	-277.500
823.005	-193.500
823.213	-96.500
823.422	68.500
823.631	82.500
823.839	2.500
824.048	124.500
824.257	94.500
824.465	169.500
824.674	114.500
824.883	99.500
825.091	80.500
825.300	-67.500
825.508	259.500
825.717	353.500
825.926	22.500
826.134	-187.500
826.343	-65.500
826.552	70.500
826.760	14.500
826.969	66.500
827.178	-71.500
827.386	124.500
827.595	209.500
827.803	-146.500
828.012	-121.500
828.221	-71.500
828.429	189.500
828.638	108.500
828.847	153.500
829.055	84.500
829.264	-37.500
829.472	207.500
829.681	139.500
829.890	37.500
830.098	-167.500
830.307	-145.500
830.516	-35.500
830.724	-43.500
830.933	-134.500
831.142	14.500
831.350	201.500
831.559	142.500
831.767	-104.500
831.976	-30.500
832.185	134.500
832.393	294.500
832.602	-60.500
832.811	-134.500
833.019	-26.500
833.228	139.500
833.437	103.500
833.645	-9.500
833.854	-59.500
834.062	101.500
834.271	76.500
834.480	0.500
834.688	137.500
834.897	-37.500
835.106	-178.500
835.314	-36.500
835.523	42.500
835.731	177.500
835.940	104.500
836.149	-142.500
836.357	-88.500
836.566	179.500
836.775	73.500
836.983	-71.500
837.192	10.500
837.401	35.500
837.609	-65.500
837.818	81.500
838.026	-62.500
838.235	134.500
838.444	220.500
838.652	91.500
838.861	116.500
839.070	175.500
839.278	153.500
839.487	-3.500
839.696	182.500
839.904	210.500
840.113	-37.500
840.321	58.500
840.530	141.500
840.739	114.500
840.947	-33.500
841.156	-272.500
841.365	-79.500
841.573	283.500
841.782	242.500
841.991	32.500
842.199	-113.500
842.408	59.500
842.616	154.500
842.825	101.500
843.034	191.500
843.242	11.500
843.451	-50.500
843.660	-87.500
843.868	-189.500
844.077	-173.500
844.285	144.500
844.494	90.500
844.703	-94.500
844.911	-126.500
845.120	-145.500
845.329	-90.500
845.537	-23.500
845.746	106.500
845.955	95.500
846.163	-57.500
846.372	26.500
846.580	-55.500
846.789	-166.500
846.998	-49.500
847.206	97.500
847.415	284.500
847.624	-41.500
847.832	102.500
848.041	197.500
848.250	134.500
848.458	20.500
848.667	-26.500
848.875	26.500
849.084	112.500
849.293	-6.500
849.501	-108.500
849.710	-110.500
849.919	36.500
850.127	-75.500
850.336	-47.500
850.544	-117.500
850.753	68.500
850.962	-31.500
851.170	23.500
851.379	250.500
851.588	106.500
851.796	126.500
852.005	-44.500
852.214	-19.500
852.422	209.500
852.631	116.500
852.839	-161.500
853.048	90.500
853.257	187.500
853.465	-181.500
853.674	-196.500
853.883	-76.500
854.091	-171.500
854.300	-104.500
854.509	-135.500
854.717	84.500
854.926	222.500
855.134	206.500
855.343	-63.500
855.552	-2.500
855.760	262.500
855.969	90.500
856.178	-199.500
856.386	-99.500
856.595	225.500
856.803	221.500
857.012	-63.500
857.221	-24.500
857.429	210.500
857.638	120.500
857.847	61.500
858.055	1.500
858.264	184.500
858.473	219.500
858.681	181.500
858.890	151.500
859.098	121.500
859.307	95.500
859.516	-67.500
859.724	151.500
859.933	228.500
860.142	111.500
860.350	-142.500
860.559	-235.500
860.768	13.500
860.976	-17.500
861.185	-197.500
861.393	-147.500
861.602	216.500
861.811	103.500
862.019	-18.500
862.228	7.500
862.437	-62.500
862.645	-84.500
862.854	56.500
863.062	202.500
863.271	219.500
863.480	253.500
863.688	185.500
863.897	26.500
864.106	-125.500
864.314	6.500
864.523	-96.500
864.732	-82.500
864.940	82.500
865.149	95.500
865.357	57.500
865.566	105.500
865.775	186.500
865.983	84.500
866.192	-223.500
866.401	-192.500
866.609	-105.500
866.818	45.500
867.027	290.500
867.235	200.500
867.444	111.500
867.652	-149.500
867.861	26.500
868.070	22.500
868.278	84.500
868.487	102.500
868.696	100.500
868.904	24.500
869.113	-57.500
869.321	156.500
869.530	62.500
869.739	-49.500
869.947	206.500
870.156	71.500
870.365	-223.500
870.573	-15.500
870.782	117.500
870.991	89.500
871.199	-11.500
871.408	-130.500
871.616	-4.500
871.825	28.500
872.034	283.500
872.242	247.500
872.451	321.500
872.660	238.500
872.868	254.500
873.077	94.500
873.286	106.500
873.494	325.500
873.703	202.500
873.911	300.500
874.120	-23.500
874.329	-109.500
874.537	19.500
874.746	98.500
874.955	201.500
875.163	-12.500
875.372	-91.500
875.581	90.500
875.789	272.500
875.998	113.500
876.206	23.500
876.415	99.500
876.624	134.500
876.832	-29.500
877.041	-71.500
877.250	-24.500
877.458	18.500
877.667	202.500
877.875	186.500
878.084	23.500
878.293	73.500
878.501	11.500
878.710	15.500
878.919	87.500
879.127	19.500
879.336	-230.500
879.545	-104.500
879.753	-116.500
879.962	-55.500
880.170	-33.500
880.379	33.500
880.588	-109.500
880.796	219.500
881.005	292.500
881.214	-18.500
881.422	85.500
881.631	219.500
881.840	291.500
882.048	165.500
882.257	111.500
882.465	35.500
882.674	-131.500
882.883	8.500
883.091	125.500
883.300	125.500
883.509	-46.500
883.717	-13.500
883.926	117.500
884.134	304.500
884.343	-7.500
884.552	53.500
884.760	121.500
884.969	437.500
885.178	70.500
885.386	-97.500
885.595	-24.500
885.804	150.500
886.012	66.500
886.221	-57.500
886.429	-77.500
886.638	-121.500
886.847	-213.500
887.055	-8.500
887.264	122.500
887.473	199.500
887.681	23.500
887.890	-204.500
888.099	-5.500
888.307	134.500
888.516	12.500
888.724	56.500
888.933	110.500
889.142	318.500
889.350	164.500
889.559	79.500
889.768	-84.500
889.976	123.500
890.185	90.500
890.393	26.500
890.602	79.500
890.811	178.500
891.019	205.500
891.228	395.500
891.437	192.500
891.645	209.500
891.854	176.500
892.063	115.500
892.271	109.500
892.480	-74.500
892.688	-42.500
892.897	78.500
893.106	196.500
893.314	195.500
893.523	-167.500
893.732	-86.500
893.940	63.500
894.149	-3.500
894.358	215.500
894.566	137.500
894.775	18.500
894.983	168.500
895.192	-3.500
895.401	69.500
895.609	65.500
895.818	56.500
896.027	-142.500
896.235	-49.500
896.444	92.500
896.652	127.500
896.861	-57.500
897.070	45.500
897.278	197.500
897.487	374.500
897.696	230.500
897.904	43.500
898.113	214.500
898.322	163.500
898.530	29.500
898.739	126.500
898.947	24.500
899.156	-10.500
899.365	116.500
899.573	124.500
899.782	23.500
899.991	70.500
900.199	-98.500
900.408	-6.500
900.617	-5.500
900.825	16.500
901.034	173.500
901.242	10.500
901.451	-133.500
901.660	-116.500
901.868	34.500
902.077	92.500
902.286	-69.500
902.494	-67.500
902.703	117.500
902.911	-21.500
903.120	20.500
903.329	38.500
903.537	-39.500
903.746	-82.500
903.955	3.500
904.163	-21.500
904.372	-112.500
904.581	-110.500
904.789	-66.500
904.998	141.500
905.206	61.500
905.415	48.500
905.624	49.500
905.832	134.500
906.041	-39.500
906.250	-121.500
906.458	-19.500
906.667	22.500
906.876	-253.500
907.084	-85.500
907.293	76.500
907.501	318.500
907.710	59.500
907.919	-136.500
908.127	108.500
908.336	154.500
908.545	172.500
908.753	222.500
908.962	278.500
909.170	174.500
909.379	72.500
909.588	226.500
909.796	51.500
910.005	-35.500
910.214	-274.500
910.422	-74.500
910.631	-121.500
910.840	106.500
911.048	138.500
911.257	-60.500
911.465	80.500
911.674	218.500
911.883	142.500
912.091	83.500
912.300	125.500
912.508	190.500
912.716	154.500
912.924	19.500
913.132	190.500
913.340	265.500
913.549	68.500
913.757	45.500
913.965	17.500
914.173	91.500
914.381	78.500
914.589	-37.500
914.797	-57.500
915.005	80.500
915.213	85.500
915.421	37.500
915.629	-61.500
915.838	-194.500
916.046	-73.500
916.254	40.500
916.462	35.500
916.670	158.500
916.878	6.500
917.086	-52.500
917.294	40.500
917.502	93.500
917.710	137.500
917.919	-88.500
918.127	-125.500
918.335	41.500
918.543	43.500
918.751	221.500
918.959	166.500
919.167	98.500
919.375	-157.500
919.583	33.500
919.791	21.500
919.999	-13.500
920.208	185.500
920.416	58.500
920.624	-23.500
920.832	169.500
921.040	197.500
921.248	-34.500
921.456	-57.500
921.664	-158.500
921.872	-216.500
922.080	-224.500
922.288	-123.500
922.497	128.500
922.705	-7.500
922.913	42.500
923.121	170.500
923.329	2.500
923.537	-171.500
923.745	-92.500
923.953	-244.500
924.161	-108.500
924.369	83.500
924.578	28.500
924.786	43.500
924.994	171.500
925.202	166.500
925.410	144.500
925.618	111.500
925.826	84.500
926.034	171.500
926.242	154.500
926.450	-7.500
926.658	166.500
926.867	413.500
927.075	88.500
927.283	218.500
927.491	221.500
927.699	163.500
927.907	315.500
928.115	389.500
928.323	-13.500
928.531	-92.500
928.739	-84.500
928.947	35.500
929.156	230.500
929.364	172.500
929.572	255.500
929.780	5.500
929.988	-1.500
930.196	95.500
930.404	56.500
930.612	97.500
930.820	129.500
931.028	-17.500
931.236	-0.500
931.445	15.500
931.653	66.500
931.861	178.500
932.069	-96.500
932.277	40.500
932.485	352.500
932.693	137.500
932.901	-81.500
933.109	-16.500
933.317	92.500
933.526	-0.500
933.734	-123.500
933.942	-107.500
934.150	53.500
934.358	-80.500
934.566	-151.500
934.774	-55.500
934.982	-62.500
935.190	89.500
935.398	1.500
935.606	27.500
935.815	151.500
936.023	198.500
936.231	151.500
936.439	119.500
936.647	107.500
936.855	62.500
937.063	-89.500
937.271	83.500
937.479	332.500
937.687	37.500
937.895	-39.500
938.104	81.500
938.312	98.500
938.520	-23.500
938.728	-71.500
938.936	-41.500
939.144	-26.500
939.352	-18.500
939.560	156.500
939.768	54.500
939.976	-24.500
940.185	57.500
940.393	-1.500
940.601	-73.500
940.809	-10.500
941.017	146.500
941.225	16.500
941.433	4.500
941.641	13.500
941.849	-320.500
942.057	-57.500
942.265	20.500
942.474	39.500
942.682	75.500
942.890	-219.500
943.098	-36.500
943.306	193.500
943.514	3.500
943.722	-156.500
943.930	31.500
944.138	211.500
944.346	146.500
944.554	32.500
944.763	34.500
944.971	108.500
945.179	-91.500
945.387	-5.500
945.595	94.500
945.803	164.500
946.011	15.500
946.219	-63.500
946.427	-41.500
946.635	35.500
946.843	162.500
947.052	128.500
947.260	-75.500
947.468	-83.500
947.676	-82.500
947.884	1.500
948.092	135.500
948.300	242.500
948.508	90.500
948.716	-133.500
948.924	-14.500
949.133	319.500
949.341	265.500
949.549	-17.500
949.757	145.500
949.965	90.500
950.173	-193.500
950.381	1.500
950.589	140.500
950.797	276.500
951.005	46.500
951.213	-151.500
951.422	-69.500
951.630	74.500
951.838	169.500
952.046	252.500
952.254	65.500
952.462	179.500
952.670	213.500
952.878	157.500
953.086	239.500
953.294	285.500
953.502	16.500
953.711	55.500
953.919	78.500
954.127	84.500
954.335	-45.500
954.543	-94.500
954.751	-73.500
954.959	125.500
955.167	252.500
955.375	35.500
955.583	-24.500
955.792	274.500
956.000	181.500
956.208	86.500
956.416	-41.500
956.624	118.500
956.832	44.500
957.040	-114.500
957.248	49.500
957.456	233.500
957.664	94.500
957.872	-244.500
958.081	-158.500
958.289	77.500
958.497	34.500
958.705	35.500
958.913	-181.500
959.121	-151.500
959.329	-42.500
959.537	-275.500
959.745	-57.500
959.953	138.500
960.161	89.500
960.370	-138.500
960.578	-108.500
960.786	185.500
960.994	131.500
961.202	-80.500
961.410	28.500
961.618	45.500
961.826	-83.500
962.034	240.500
962.242	166.500
962.451	-125.500
962.659	-135.500
962.867	-159.500
963.075	132.500
963.283	354.500
963.491	114.500
963.699	-45.500
963.907	112.500
964.115	169.500
964.323	146.500
964.531	104.500
964.740	60.500
964.948	405.500
965.156	104.500
965.364	56.500
965.572	134.500
965.780	216.500
965.999	53.500
966.218	-153.500
966.438	-183.500
966.657	-101.500
966.876	50.500
967.095	-143.500
967.315	-277.500
967.534	-53.500
967.753	198.500
967.972	184.500
968.192	354.500
968.411	171.500
968.630	-123.500
968.849	-199.500
969.068	199.500
969.288	176.500
969.507	155.500
969.726	23.500
969.945	62.500
970.165	107.500
970.384	193.500
970.603	-73.500
970.822	-78.500
971.042	-110.500
971.261	-71.500
971.480	10.500
971.699	21.500
971.919	105.500
972.138	260.500
972.357	112.500
972.576	-31.500
972.795	75.500
973.015	122.500
973.234	200.500
973.453	30.500
973.672	15.500
973.892	-66.500
974.111	-129.500
974.330	20.500
974.549	181.500
974.769	81.500
974.988	240.500
975.207	-45.500
975.426	-35.500
975.646	94.500
975.865	5.500
976.084	43.500
976.303	153.500
976.522	-83.500
976.742	-189.500
976.961	-143.500
977.180	131.500
977.399	67.500
977.619	-79.500
977.838	91.500
978.057	237.500
978.276	84.500
978.496	14.500
978.715	121.500
978.934	119.500
979.153	-273.500
979.372	-236.500
979.592	15.500
979.811	148.500
980.030	98.500
980.249	-69.500
980.469	44.500
980.688	141.500
980.907	-52.500
981.126	-54.500
981.346	135.500
981.565	216.500
981.784	-143.500
982.003	-33.500
982.223	230.500
982.442	535.500
982.661	38.500
982.880	-26.500
983.099	114.500
983.319	102.500
983.538	-37.500
983.757	20.500
983.976	281.500
984.196	399.500
984.415	368.500
984.634	208.500
984.853	101.500
985.073	229.500
985.292	66.500
985.511	-35.500
985.730	33.500
985.949	113.500
986.169	128.500
986.388	55.500
986.607	-220.500
986.826	-143.500
987.046	-222.500
987.265	-97.500
987.484	36.500
987.703	218.500
987.923	10.500
988.142	99.500
988.361	127.500
988.580	256.500
988.800	34.500
989.019	189.500
989.238	148.500
989.457	46.500
989.676	171.500
989.896	49.500
990.115	-91.500
990.334	-60.500
990.553	-136.500
990.773	-222.500
990.992	53.500
991.211	91.500
991.430	193.500
991.650	-79.500
991.869	-108.500
992.088	-38.500
992.307	155.500
992.527	120.500
992.746	87.500
992.965	191.500
993.184	18.500
993.403	168.500
993.623	306.500
993.842	141.500
994.061	-33.500
994.280	-7.500
994.500	-149.500
994.719	-53.500
994.938	67.500
995.157	-182.500
995.377	-163.500
995.596	93.500
995.815	94.500
996.034	-63.500
996.253	-98.500
996.473	-68.500
996.692	68.500
996.911	-129.500
997.130	56.500
997.350	85.500
997.569	132.500
997.788	49.500
998.007	-207.500
998.227	-238.500
998.446	98.500
998.665	114.500
998.884	218.500
999.104	153.500
999.323	174.500
999.542	14.500
999.761	-118.500
999.980	-78.500
1000.200	105.500
1000.419	-5.500
1000.638	40.500
1000.857	278.500
1001.077	26.500
1001.296	8.500
1001.515	-73.500
1001.734	77.500
1001.954	96.500
1002.173	82.500
1002.392	138.500
1002.611	264.500
1002.830	7.500
1003.050	-152.500
1003.269	119.500
1003.488	326.500
1003.707	230.500
1003.927	39.500
1004.146	137.500
1004.365	202.500
1004.584	57.500
1004.804	91.500
1005.023	114.500
1005.242	69.500
1005.461	102.500
1005.681	19.500
1005.900	98.500
1006.119	176.500
1006.338	24.500
1006.557	53.500
1006.777	266.500
1006.996	297.500
1007.215	34.500
1007.434	28.500
1007.654	348.500
1007.873	373.500
1008.092	96.500
1008.311	-12.500
1008.531	-65.500
1008.750	167.500
1008.969	216.500
1009.188	-215.500
1009.407	-183.500
1009.627	-16.500
1009.846	-66.500
1010.065	-34.500
1010.284	-201.500
1010.504	-159.500
1010.723	-68.500
1010.942	-69.500
1011.161	47.500
1011.381	-93.500
1011.600	-218.500
1011.819	59.500
1012.038	-9.500
1012.258	204.500
1012.477	292.500
1012.696	113.500
1012.915	124.500
1013.134	157.500
1013.354	-94.500
1013.573	-146.500
1013.792	-26.500
1014.011	-23.500
1014.231	65.500
1014.450	134.500
1014.669	-119.500
1014.888	-140.500
1015.108	160.500
1015.327	7.500
1015.546	-18.500
1015.765	104.500
1015.984	30.500
1016.204	82.500
1016.423	100.500
1016.642	259.500
1016.861	156.500
1017.081	-72.500
1017.300	15.500
1017.519	117.500
