296.912	16.000
297.101	14.000
297.290	0.000
297.479	51.000
297.668	36.000
297.858	24.000
298.047	11.000
298.236	15.000
298.425	-39.000
298.614	-12.000
298.803	-26.000
298.992	-45.000
299.181	4.000
299.370	63.000
299.559	41.000
299.748	46.000
299.937	53.000
300.126	5.000
300.315	9.000
300.504	25.000
300.693	4.000
300.882	-25.000
301.071	3.000
301.260	-2.000
301.449	59.000
301.638	45.000
301.827	25.000
302.016	40.000
302.205	-27.000
302.395	27.000
302.584	-18.000
302.773	43.000
302.962	32.000
303.151	27.000
303.340	-30.000
303.529	13.000
303.718	54.000
303.907	28.000
304.096	40.000
304.285	29.000
304.474	55.000
304.663	-6.000
304.852	61.000
305.041	42.000
305.230	8.000
305.419	45.000
305.608	20.000
305.797	26.000
305.986	46.000
306.175	31.000
306.364	12.000
306.553	17.000
306.743	35.000
306.932	-7.000
307.121	32.000
307.310	21.000
307.499	1.000
307.688	7.000
307.877	57.000
308.066	-9.000
308.255	-4.000
308.444	25.000
308.633	39.000
308.822	10.000
309.011	2.000
309.200	35.000
309.389	-8.000
309.578	31.000
309.767	36.000
309.956	-40.000
310.145	62.000
310.334	49.000
310.523	67.000
310.712	44.000
310.901	22.000
311.091	0.000
311.280	50.000
311.469	3.000
311.658	16.000
311.847	-3.000
312.036	36.000
312.225	18.000
312.414	45.000
312.603	5.000
312.792	-46.000
312.981	6.000
313.170	33.000
313.349	-36.000
313.527	8.000
313.706	17.000
313.884	16.000
314.063	19.000
314.241	97.000
314.420	65.000
314.598	23.000
314.777	28.000
314.955	-14.000
315.134	25.000
315.312	20.000
315.491	9.000
315.669	-6.000
315.848	5.000
316.027	52.000
316.205	25.000
316.384	2.000
316.562	17.000
316.741	11.000
316.919	-12.000
317.098	32.000
317.276	51.000
317.455	-4.000
317.633	5.000
317.812	75.000
317.990	65.000
318.169	31.000
318.347	19.000
318.526	-45.000
318.705	25.000
318.883	7.000
319.062	40.000
319.240	40.000
319.419	15.000
319.597	38.000
319.776	31.000
319.954	17.000
320.133	-42.000
320.311	4.000
320.490	-13.000
320.668	63.000
320.847	32.000
321.025	-9.000
321.204	33.000
321.382	16.000
321.561	-1.000
321.740	-9.000
321.918	2.000
322.097	-30.000
322.275	-64.000
322.454	43.000
322.632	9.000
322.811	32.000
322.989	37.000
323.168	60.000
323.346	0.000
323.525	43.000
323.703	20.000
323.882	61.000
324.060	29.000
324.239	21.000
324.418	81.000
324.596	50.000
324.775	34.000
324.953	86.000
325.132	49.000
325.310	-38.000
325.489	29.000
325.667	31.000
325.846	13.000
326.024	46.000
326.203	59.000
326.381	-51.000
326.560	56.000
326.738	28.000
326.917	-12.000
327.096	25.000
327.274	3.000
327.453	-21.000
327.631	-6.000
327.810	33.000
327.988	24.000
328.167	10.000
328.345	27.000
328.524	-2.000
328.702	13.000
328.881	14.000
329.059	45.000
329.238	15.000
329.416	53.000
329.595	7.000
329.774	19.000
329.952	21.000
330.131	45.000
330.309	68.000
330.488	99.000
330.666	7.000
330.845	-10.000
331.023	55.000
331.202	16.000
331.380	65.000
331.559	79.000
331.737	10.000
331.916	33.000
332.094	31.000
332.273	1.000
332.452	-40.000
332.630	-47.000
332.809	62.000
332.987	36.000
333.166	53.000
333.344	14.000
333.523	59.000
333.701	20.000
333.880	24.000
334.058	49.000
334.237	43.000
334.415	-26.000
334.594	3.000
334.772	5.000
334.951	5.000
335.129	42.000
335.308	0.000
335.487	43.000
335.665	-28.000
335.844	11.000
336.022	7.000
336.201	-5.000
336.379	14.000
336.558	33.000
336.736	82.000
336.915	9.000
337.093	45.000
337.272	29.000
337.450	33.000
337.629	-8.000
337.807	1.000
337.986	18.000
338.165	67.000
338.343	23.000
338.522	-28.000
338.700	24.000
338.879	38.000
339.057	55.000
339.236	37.000
339.414	7.000
339.593	-6.000
339.771	-11.000
339.950	43.000
340.128	0.000
340.307	11.000
340.485	1.000
340.664	29.000
340.843	-21.000
341.021	4.000
341.200	23.000
341.378	18.000
341.557	23.000
341.735	-7.000
341.914	8.000
342.092	11.000
342.271	-3.000
342.449	23.000
342.628	-12.000
342.806	-6.000
342.985	-69.000
343.163	-13.000
343.342	9.000
343.521	-21.000
343.699	48.000
343.878	21.000
344.056	-40.000
344.235	-17.000
344.413	-14.000
344.592	-59.000
344.770	-26.000
344.949	34.000
345.127	15.000
345.306	26.000
345.484	23.000
345.663	18.000
345.841	7.000
346.020	19.000
346.199	21.000
346.377	18.000
346.556	-10.000
346.734	21.000
346.913	55.000
347.091	33.000
347.270	-21.000
347.448	31.000
347.627	34.000
347.805	38.000
347.984	-21.000
348.162	9.000
348.341	50.000
348.519	1.000
348.698	74.000
348.876	45.000
349.055	36.000
349.234	14.000
349.412	28.000
349.591	30.000
349.769	9.000
349.948	11.000
350.126	98.000
350.305	44.000
350.483	50.000
350.662	-53.000
350.840	-11.000
351.019	27.000
351.197	0.000
351.376	-10.000
351.554	-18.000
351.733	-43.000
351.912	21.000
352.090	22.000
352.269	34.000
352.447	30.000
352.626	49.000
352.804	17.000
352.983	21.000
353.161	-14.000
353.340	-1.000
353.518	10.000
353.697	-24.000
353.875	33.000
354.054	-7.000
354.232	13.000
354.411	93.000
354.590	6.000
354.768	29.000
354.947	33.000
355.125	30.000
355.304	53.000
355.482	25.000
355.661	-10.000
355.839	8.000
356.018	16.000
356.196	69.000
356.375	25.000
356.553	10.000
356.732	-14.000
356.910	2.000
357.089	34.000
357.268	-26.000
357.446	26.000
357.625	27.000
357.803	38.000
357.982	9.000
358.160	17.000
358.339	57.000
358.517	41.000
358.696	50.000
358.874	29.000
359.053	78.000
359.231	28.000
359.410	48.000
359.588	-8.000
359.767	10.000
359.945	57.000
360.124	18.000
360.303	-16.000
360.481	0.000
360.660	-7.000
360.838	-3.000
361.017	26.000
361.195	12.000
361.374	-5.000
361.552	-54.000
361.731	-31.000
361.909	8.000
362.088	19.000
362.266	18.000
362.445	23.000
362.623	40.000
362.802	47.000
362.981	46.000
363.159	-17.000
363.338	45.000
363.516	37.000
363.695	25.000
363.873	-8.000
364.052	9.000
364.230	23.000
364.409	79.000
364.587	35.000
364.766	57.000
364.944	-26.000
365.123	35.000
365.301	51.000
365.480	15.000
365.660	5.000
365.839	35.000
366.019	17.000
366.199	43.000
366.379	67.000
366.558	24.000
366.738	53.000
366.918	13.000
367.098	-23.000
367.277	22.000
367.457	35.000
367.637	8.000
367.816	45.000
367.996	19.000
368.176	29.000
368.356	45.000
368.535	35.000
368.715	-10.000
368.895	34.000
369.075	30.000
369.254	51.000
369.434	78.000
369.614	73.000
369.793	46.000
369.973	-16.000
370.153	-17.000
370.333	7.000
370.512	10.000
370.692	23.000
370.872	49.000
371.051	45.000
371.231	80.000
371.411	9.000
371.591	39.000
371.770	17.000
371.950	72.000
372.130	40.000
372.310	-24.000
372.489	25.000
372.669	71.000
372.849	4.000
373.028	-65.000
373.208	37.000
373.388	35.000
373.568	9.000
373.747	-25.000
373.927	-16.000
374.107	-5.000
374.287	-21.000
374.466	11.000
374.646	-1.000
374.826	28.000
375.005	35.000
375.185	16.000
375.365	3.000
375.545	-61.000
375.724	-21.000
375.904	39.000
376.084	-24.000
376.263	11.000
376.443	21.000
376.623	76.000
376.803	6.000
376.982	16.000
377.162	-2.000
377.342	33.000
377.522	37.000
377.701	-9.000
377.881	54.000
378.061	94.000
378.240	67.000
378.420	73.000
378.600	15.000
378.780	33.000
378.959	38.000
379.139	-24.000
379.319	12.000
379.499	8.000
379.678	47.000
379.858	-23.000
380.038	27.000
380.217	41.000
380.397	79.000
380.577	-1.000
380.757	27.000
380.936	-1.000
381.116	19.000
381.296	11.000
381.476	33.000
381.655	12.000
381.835	11.000
382.015	14.000
382.194	18.000
382.374	10.000
382.554	11.000
382.734	-35.000
382.913	5.000
383.093	50.000
383.273	-8.000
383.452	15.000
383.632	42.000
383.812	65.000
383.992	36.000
384.171	35.000
384.351	26.000
384.531	-16.000
384.711	-3.000
384.890	43.000
385.070	57.000
385.250	49.000
385.429	69.000
385.609	88.000
385.789	68.000
385.969	4.000
386.148	-22.000
386.328	-35.000
386.508	50.000
386.688	47.000
386.867	8.000
387.047	38.000
387.227	16.000
387.406	-1.000
387.586	0.000
387.766	55.000
387.946	20.000
388.125	26.000
388.305	20.000
388.485	5.000
388.664	51.000
388.844	-4.000
389.024	25.000
389.204	25.000
389.383	-51.000
389.563	-34.000
389.743	-11.000
389.923	3.000
390.102	23.000
390.282	-3.000
390.462	58.000
390.641	38.000
390.821	4.000
391.001	72.000
391.181	28.000
391.360	0.000
391.540	19.000
391.720	67.000
391.900	30.000
392.079	-7.000
392.259	36.000
392.439	70.000
392.618	67.000
392.798	32.000
392.978	25.000
393.158	11.000
393.337	41.000
393.517	63.000
393.697	31.000
393.877	49.000
394.056	-27.000
394.236	-8.000
394.416	11.000
394.595	-38.000
394.775	-31.000
394.955	56.000
395.135	22.000
395.314	29.000
395.494	74.000
395.674	41.000
395.853	9.000
396.033	11.000
396.213	20.000
396.393	0.000
396.572	9.000
396.752	20.000
396.932	-2.000
397.112	-30.000
397.291	15.000
397.471	16.000
397.651	-7.000
397.830	37.000
398.010	55.000
398.190	37.000
398.370	24.000
398.549	1.000
398.729	43.000
398.909	81.000
399.089	15.000
399.268	62.000
399.448	83.000
399.628	8.000
399.807	24.000
399.987	-3.000
400.167	26.000
400.347	17.000
400.526	60.000
400.706	19.000
400.886	18.000
401.065	8.000
401.245	43.000
401.425	-18.000
401.605	-7.000
401.784	-2.000
401.964	52.000
402.144	-23.000
402.324	21.000
402.503	-5.000
402.683	29.000
402.863	33.000
403.042	-5.000
403.222	-10.000
403.402	-13.000
403.582	64.000
403.761	4.000
403.941	11.000
404.121	37.000
404.301	30.000
404.480	3.000
404.660	30.000
404.844	-22.000
405.029	19.000
405.213	-17.000
405.398	14.000
405.582	-19.000
405.767	21.000
405.951	35.000
406.136	119.000
406.320	42.000
406.505	25.000
406.689	51.000
406.874	9.000
407.058	-59.000
407.243	60.000
407.427	-20.000
407.612	1.000
407.796	11.000
407.981	-6.000
408.165	31.000
408.350	36.000
408.534	-5.000
408.719	-22.000
408.903	-10.000
409.088	17.000
409.272	4.000
409.457	-3.000
409.641	1.000
409.826	36.000
410.010	-16.000
410.195	9.000
410.379	58.000
410.564	-44.000
410.748	-19.000
410.933	4.000
411.117	53.000
411.302	52.000
411.486	60.000
411.671	62.000
411.855	56.000
412.040	59.000
412.224	53.000
412.409	19.000
412.593	-4.000
412.778	31.000
412.962	68.000
413.147	62.000
413.331	38.000
413.516	45.000
413.700	77.000
413.885	30.000
414.069	-28.000
414.254	6.000
414.438	-2.000
414.623	27.000
414.807	70.000
414.992	86.000
415.176	11.000
415.361	-7.000
415.545	61.000
415.730	-11.000
415.914	-32.000
416.099	48.000
416.283	42.000
416.468	27.000
416.652	61.000
416.837	52.000
417.021	50.000
417.206	77.000
417.390	20.000
417.575	35.000
417.759	10.000
417.944	-7.000
418.128	5.000
418.313	20.000
418.497	6.000
418.682	13.000
418.866	15.000
419.051	49.000
419.235	-11.000
419.420	70.000
419.604	68.000
419.789	33.000
419.973	-21.000
420.158	65.000
420.342	51.000
420.527	58.000
420.711	78.000
420.896	17.000
421.080	-40.000
421.265	7.000
421.449	24.000
421.634	5.000
421.818	49.000
422.003	33.000
422.187	41.000
422.372	12.000
422.556	21.000
422.741	-13.000
422.925	71.000
423.110	21.000
423.294	9.000
423.479	-19.000
423.663	49.000
423.848	63.000
424.032	12.000
424.217	29.000
424.401	5.000
424.586	15.000
424.770	16.000
424.955	-14.000
425.139	26.000
425.324	45.000
425.508	35.000
425.693	91.000
425.877	60.000
426.062	21.000
426.246	39.000
426.431	72.000
426.615	2.000
426.800	80.000
426.984	68.000
427.169	62.000
427.353	79.000
427.538	71.000
427.722	79.000
427.907	45.000
428.091	9.000
428.276	45.000
428.460	37.000
428.645	44.000
428.829	48.000
429.014	25.000
429.198	65.000
429.383	46.000
429.567	89.000
429.752	25.000
429.936	88.000
430.121	75.000
430.305	53.000
430.490	33.000
430.674	4.000
430.859	86.000
431.043	69.000
431.228	86.000
431.412	106.000
431.597	55.000
431.781	62.000
431.966	80.000
432.150	50.000
432.335	-7.000
432.519	49.000
432.704	82.000
432.888	71.000
433.073	79.000
433.257	49.000
433.442	65.000
433.626	92.000
433.811	25.000
433.995	84.000
434.180	70.000
434.364	97.000
434.549	77.000
434.733	102.000
434.918	105.000
435.102	135.000
435.287	36.000
435.471	59.000
435.656	44.000
435.840	114.000
436.030	70.000
436.219	60.000
436.409	123.000
436.599	129.000
436.789	48.000
436.978	58.000
437.168	77.000
437.358	94.000
437.548	79.000
437.737	48.000
437.927	86.000
438.117	117.000
438.306	100.000
438.496	113.000
438.686	94.000
438.876	77.000
439.065	59.000
439.255	65.000
439.445	48.000
439.634	55.000
439.824	47.000
440.014	50.000
440.204	67.000
440.393	70.000
440.583	60.000
440.773	81.000
440.963	29.000
441.152	84.000
441.342	36.000
441.532	56.000
441.721	10.000
441.911	75.000
442.101	45.000
442.291	44.000
442.480	80.000
442.670	77.000
442.860	59.000
443.050	64.000
443.239	49.000
443.429	96.000
443.619	71.000
443.808	61.000
443.998	41.000
444.188	37.000
444.378	50.000
444.567	6.000
444.757	93.000
444.947	80.000
445.137	99.000
445.326	106.000
445.516	51.000
445.706	57.000
445.895	35.000
446.085	25.000
446.275	2.000
446.465	67.000
446.654	61.000
446.844	49.000
447.034	0.000
447.223	46.000
447.413	84.000
447.603	78.000
447.793	45.000
447.982	27.000
448.172	38.000
448.362	15.000
448.552	43.000
448.741	42.000
448.931	-8.000
449.121	10.000
449.310	-2.000
449.500	42.000
449.690	62.000
449.880	24.000
450.069	82.000
450.259	40.000
450.449	15.000
450.639	11.000
450.828	62.000
451.018	-8.000
451.208	8.000
451.397	83.000
451.587	71.000
451.777	27.000
451.967	82.000
452.156	-2.000
452.346	-26.000
452.536	-9.000
452.725	-28.000
452.915	39.000
453.105	69.000
453.295	9.000
453.484	3.000
453.674	56.000
453.864	11.000
454.054	18.000
454.243	14.000
454.433	22.000
454.623	67.000
454.812	-4.000
455.002	51.000
455.192	11.000
455.382	50.000
455.571	0.000
455.761	52.000
455.951	72.000
456.141	75.000
456.330	5.000
456.520	74.000
456.710	26.000
456.899	48.000
457.089	23.000
457.279	20.000
457.469	66.000
457.658	44.000
457.848	-22.000
458.038	-43.000
458.228	44.000
458.417	58.000
458.607	39.000
458.797	35.000
458.986	40.000
459.176	-6.000
459.366	-9.000
459.556	-37.000
459.745	11.000
459.935	11.000
460.125	95.000
460.314	63.000
460.504	64.000
460.694	49.000
460.884	24.000
461.073	33.000
461.263	72.000
461.453	44.000
461.643	40.000
461.832	47.000
462.022	52.000
462.212	-36.000
462.401	-1.000
462.591	35.000
462.781	3.000
462.971	38.000
463.160	13.000
463.350	21.000
463.540	-6.000
463.730	63.000
463.919	11.000
464.109	27.000
464.299	18.000
464.488	51.000
464.678	35.000
464.868	21.000
465.058	25.000
465.247	34.000
465.437	9.000
465.627	37.000
465.816	58.000
466.006	54.000
466.196	36.000
466.386	54.000
466.575	-25.000
466.765	-54.000
466.955	-12.000
467.145	-14.000
467.334	10.000
467.524	42.000
467.714	13.000
467.903	35.000
468.093	-11.000
468.283	33.000
468.473	21.000
468.662	51.000
468.852	6.000
469.042	-17.000
469.232	2.000
469.421	11.000
469.611	10.000
469.801	13.000
469.990	48.000
470.180	17.000
470.370	30.000
470.560	36.000
470.749	51.000
470.939	7.000
471.129	3.000
471.318	54.000
471.508	-10.000
471.698	71.000
471.888	31.000
472.077	65.000
472.267	15.000
472.457	6.000
472.647	-1.000
472.836	54.000
473.026	26.000
473.216	71.000
473.405	-16.000
473.595	25.000
473.785	85.000
473.975	24.000
474.164	36.000
474.354	17.000
474.544	-30.000
474.734	-15.000
474.923	64.000
475.113	35.000
475.303	30.000
475.492	10.000
475.682	25.000
475.872	7.000
476.062	-19.000
476.251	-52.000
476.441	-5.000
476.631	12.000
476.821	3.000
477.010	9.000
477.200	-6.000
477.390	18.000
477.579	52.000
477.769	43.000
477.959	28.000
478.149	22.000
478.338	-19.000
478.528	20.000
478.718	-4.000
478.907	54.000
479.097	48.000
479.287	-15.000
479.477	-15.000
479.666	-8.000
479.856	-11.000
480.046	43.000
480.236	11.000
480.425	62.000
480.615	45.000
480.805	43.000
480.994	34.000
481.184	53.000
481.374	15.000
481.564	62.000
481.753	5.000
481.943	32.000
482.133	83.000
482.323	56.000
482.512	47.000
482.702	47.000
482.892	-29.000
483.081	16.000
483.271	36.000
483.461	35.000
483.651	54.000
483.840	-21.000
484.030	25.000
484.220	9.000
484.409	-8.000
484.599	-11.000
484.789	67.000
484.979	35.000
485.168	-9.000
485.358	5.000
485.548	3.000
485.738	26.000
485.927	5.000
486.117	33.000
486.307	22.000
486.496	78.000
486.686	13.000
486.876	21.000
487.066	-43.000
487.255	21.000
487.445	2.000
487.635	0.000
487.825	60.000
488.014	18.000
488.204	42.000
488.394	22.000
488.583	-8.000
488.773	13.000
488.963	56.000
489.153	15.000
489.342	23.000
489.532	32.000
489.722	72.000
489.912	36.000
490.101	45.000
490.291	-4.000
490.481	7.000
490.670	9.000
490.860	2.000
491.050	-51.000
491.240	60.000
491.429	74.000
491.619	69.000
491.809	32.000
491.998	34.000
492.188	-72.000
492.378	-25.000
492.568	-16.000
492.757	31.000
492.947	-3.000
493.137	17.000
493.327	86.000
493.516	63.000
493.706	27.000
493.896	8.000
494.085	-30.000
494.275	61.000
494.465	29.000
494.655	1.000
494.844	13.000
495.034	8.000
495.224	29.000
495.414	75.000
495.603	54.000
495.793	50.000
495.983	4.000
496.172	-6.000
496.362	22.000
496.552	-9.000
496.742	21.000
496.931	88.000
497.121	1.000
497.311	60.000
497.500	-10.000
497.690	38.000
497.880	24.000
498.070	11.000
498.259	34.000
498.449	44.000
498.639	65.000
498.829	35.000
499.018	25.000
499.208	-13.000
499.398	37.000
499.587	56.000
499.777	17.000
499.967	52.000
500.157	-2.000
500.346	55.000
500.536	60.000
500.726	25.000
500.916	49.000
501.105	61.000
501.295	19.000
501.485	1.000
501.674	11.000
501.864	-36.000
502.054	-22.000
502.244	-17.000
502.433	-12.000
502.623	64.000
502.813	43.000
503.003	42.000
503.192	67.000
503.382	42.000
503.572	7.000
503.761	2.000
503.951	-4.000
504.141	63.000
504.331	46.000
504.520	1.000
504.710	44.000
504.900	32.000
505.089	47.000
505.279	25.000
505.469	32.000
505.659	11.000
505.848	37.000
506.038	70.000
506.228	44.000
506.418	72.000
506.607	36.000
506.797	27.000
506.987	14.000
507.176	-50.000
507.366	57.000
507.556	78.000
507.746	-6.000
507.935	4.000
508.125	22.000
508.315	1.000
508.505	20.000
508.694	-3.000
508.884	27.000
509.074	18.000
509.263	56.000
509.453	70.000
509.643	4.000
509.833	28.000
510.022	-11.000
510.212	6.000
510.402	43.000
510.592	58.000
510.781	31.000
510.971	9.000
511.161	4.000
511.350	40.000
511.540	30.000
511.730	6.000
511.920	-5.000
512.109	36.000
512.299	48.000
512.489	17.000
512.678	8.000
512.868	1.000
513.058	-41.000
513.248	-8.000
513.437	62.000
513.627	42.000
513.817	-6.000
514.007	12.000
514.196	27.000
514.386	-13.000
514.576	37.000
514.765	10.000
514.955	-2.000
515.145	7.000
515.335	15.000
515.524	50.000
515.714	65.000
515.904	24.000
516.094	7.000
516.283	20.000
516.473	8.000
516.663	21.000
516.852	29.000
517.042	6.000
517.232	12.000
517.422	22.000
517.611	32.000
517.801	40.000
517.991	-7.000
518.180	70.000
518.370	32.000
518.560	37.000
518.750	-12.000
518.939	31.000
519.129	-4.000
519.319	53.000
519.509	26.000
519.698	27.000
519.888	55.000
520.078	41.000
520.267	0.000
520.457	15.000
520.647	34.000
520.837	58.000
521.026	21.000
521.216	14.000
521.406	20.000
521.596	61.000
521.785	27.000
521.975	42.000
522.165	3.000
522.354	25.000
522.544	60.000
522.734	52.000
522.924	26.000
523.113	43.000
523.303	42.000
523.493	38.000
523.683	54.000
523.872	5.000
524.062	1.000
524.252	-13.000
524.441	93.000
524.631	67.000
524.821	54.000
525.011	22.000
525.200	38.000
525.390	80.000
525.580	49.000
525.769	-1.000
525.959	32.000
526.149	8.000
526.339	16.000
526.528	52.000
526.718	-34.000
526.908	36.000
527.098	66.000
527.287	49.000
527.477	13.000
527.667	68.000
527.856	33.000
528.046	-17.000
528.236	51.000
528.426	35.000
528.615	6.000
528.805	42.000
528.995	5.000
529.185	17.000
529.374	-27.000
529.564	4.000
529.754	-15.000
529.943	81.000
530.133	21.000
530.323	30.000
530.513	33.000
530.702	23.000
530.892	36.000
531.082	31.000
531.271	-46.000
531.461	26.000
531.651	0.000
531.841	49.000
532.030	40.000
532.220	10.000
532.410	46.000
532.600	38.000
532.789	-10.000
532.979	-2.000
533.169	51.000
533.358	59.000
533.548	53.000
533.738	80.000
533.928	-18.000
534.117	29.000
534.307	33.000
534.497	14.000
534.687	-17.000
534.876	-20.000
535.066	51.000
535.256	50.000
535.445	-16.000
535.635	16.000
535.825	54.000
536.015	32.000
536.204	-11.000
536.394	-10.000
536.584	-36.000
536.773	0.000
536.963	-3.000
537.153	5.000
537.343	13.000
537.532	62.000
537.722	13.000
537.912	32.000
538.102	57.000
538.291	-16.000
538.481	47.000
538.671	11.000
538.860	29.000
539.050	7.000
539.240	5.000
539.430	42.000
539.619	51.000
539.809	53.000
539.999	23.000
540.189	14.000
540.378	-1.000
540.568	6.000
540.758	19.000
540.947	54.000
541.137	49.000
541.327	35.000
541.517	41.000
541.706	20.000
541.896	-27.000
542.086	43.000
542.276	61.000
542.465	36.000
542.655	20.000
542.845	12.000
543.034	13.000
543.224	14.000
543.414	23.000
543.604	64.000
543.793	56.000
543.983	5.000
544.173	63.000
544.362	21.000
544.552	13.000
544.742	68.000
544.932	28.000
545.121	33.000
545.311	-11.000
545.501	50.000
545.691	43.000
545.880	5.000
546.070	15.000
546.264	30.000
546.459	33.000
546.653	-1.000
546.847	43.000
547.041	33.000
547.236	28.000
547.430	57.000
547.624	12.000
547.818	0.000
548.013	16.000
548.207	-18.000
548.401	58.000
548.596	14.000
548.790	-21.000
548.984	0.000
549.178	35.000
549.373	54.000
549.567	62.000
549.761	84.000
549.956	35.000
550.150	46.000
550.344	62.000
550.538	48.000
550.733	11.000
550.927	27.000
551.121	9.000
551.315	51.000
551.510	4.000
551.704	63.000
551.898	11.000
552.093	23.000
552.287	44.000
552.481	79.000
552.675	36.000
552.870	43.000
553.064	62.000
553.258	25.000
553.453	2.000
553.647	3.000
553.841	20.000
554.035	27.000
554.230	53.000
554.424	17.000
554.618	60.000
554.812	91.000
555.007	47.000
555.201	14.000
555.395	-1.000
555.590	2.000
555.784	29.000
555.978	26.000
556.172	19.000
556.367	30.000
556.561	57.000
556.755	53.000
556.949	45.000
557.144	34.000
557.338	21.000
557.532	3.000
557.727	94.000
557.921	22.000
558.115	-14.000
558.309	42.000
558.504	17.000
558.698	39.000
558.892	60.000
559.087	36.000
559.281	93.000
559.475	39.000
559.669	-8.000
559.864	72.000
560.058	51.000
560.252	40.000
560.446	38.000
560.641	19.000
560.835	2.000
561.029	28.000
561.224	52.000
561.418	23.000
561.612	65.000
561.806	65.000
562.001	37.000
562.195	43.000
562.389	41.000
562.584	78.000
562.778	74.000
562.972	70.000
563.166	1.000
563.361	9.000
563.555	70.000
563.749	70.000
563.943	75.000
564.138	49.000
564.332	30.000
564.526	21.000
564.721	18.000
564.915	25.000
565.109	31.000
565.303	73.000
565.498	67.000
565.692	91.000
565.886	59.000
566.081	91.000
566.275	106.000
566.469	6.000
566.663	75.000
566.858	44.000
567.052	55.000
567.246	22.000
567.440	61.000
567.635	72.000
567.829	97.000
568.023	101.000
568.218	72.000
568.412	43.000
568.606	51.000
568.800	37.000
568.995	96.000
569.189	97.000
569.383	63.000
569.577	109.000
569.772	103.000
569.966	82.000
570.160	88.000
570.355	78.000
570.549	91.000
570.743	125.000
570.937	93.000
571.132	108.000
571.326	87.000
571.520	152.000
571.715	136.000
571.909	91.000
572.103	119.000
572.297	94.000
572.492	110.000
572.686	113.000
572.880	181.000
573.074	119.000
573.269	123.000
573.463	126.000
573.657	93.000
573.852	150.000
574.046	142.000
574.240	124.000
574.434	129.000
574.629	122.000
574.823	189.000
575.017	141.000
575.212	118.000
575.406	159.000
575.600	121.000
575.794	126.000
575.989	145.000
576.183	98.000
576.377	112.000
576.571	141.000
576.766	196.000
576.960	213.000
577.159	194.000
577.357	162.000
577.556	193.000
577.755	206.000
577.953	182.000
578.152	169.000
578.350	229.000
578.549	255.000
578.748	193.000
578.946	198.000
579.145	217.000
579.344	231.000
579.542	163.000
579.741	241.000
579.940	213.000
580.138	192.000
580.337	163.000
580.535	232.000
580.734	272.000
580.933	280.000
581.131	276.000
581.330	273.000
581.529	306.000
581.727	246.000
581.926	279.000
582.125	318.000
582.323	334.000
582.522	318.000
582.721	297.000
582.919	321.000
583.118	352.000
583.316	343.000
583.515	370.000
583.714	351.000
583.912	354.000
584.111	361.000
584.310	440.000
584.508	417.000
584.707	406.000
584.906	377.000
585.104	413.000
585.303	409.000
585.501	478.000
585.700	407.000
585.899	473.000
586.097	464.000
586.296	461.000
586.495	519.000
586.693	429.000
586.892	520.000
587.091	530.000
587.289	559.000
587.488	607.000
587.686	484.000
587.885	505.000
588.084	640.000
588.282	706.000
588.481	664.000
588.680	683.000
588.878	670.000
589.077	668.000
589.276	646.000
589.474	709.000
589.673	710.000
589.871	700.000
590.070	739.000
590.269	715.000
590.467	807.000
590.666	898.000
590.865	824.000
591.063	867.000
591.262	862.000
591.461	903.000
591.659	920.000
591.858	945.000
592.056	961.000
592.255	1027.000
592.454	943.000
592.652	989.000
592.851	998.000
593.050	1042.000
593.248	1044.000
593.447	1100.000
593.646	1138.000
593.844	1148.000
594.043	1176.000
594.241	1191.000
594.440	1184.000
594.639	1256.000
594.837	1324.000
595.036	1336.000
595.235	1432.000
595.433	1397.000
595.632	1423.000
595.831	1399.000
596.029	1489.000
596.228	1514.000
596.427	1489.000
596.625	1589.000
596.824	1616.000
597.022	1620.000
597.221	1638.000
597.420	1765.000
597.618	1742.000
597.817	1854.000
598.016	1890.000
598.214	1856.000
598.413	1944.000
598.612	2021.000
598.810	2082.000
599.009	2140.000
599.207	2053.000
599.406	2184.000
599.605	2230.000
599.803	2258.000
600.002	2326.000
600.201	2393.000
600.399	2380.000
600.598	2540.000
600.797	2590.000
600.995	2622.000
601.194	2622.000
601.392	2742.000
601.591	2779.000
601.790	2918.000
601.988	2952.000
602.187	3011.000
602.386	3210.000
602.584	3089.000
602.783	3146.000
602.982	3319.000
603.180	3338.000
603.379	3498.000
603.577	3499.000
603.776	3657.000
603.975	3695.000
604.173	3780.000
604.372	3876.000
604.571	3963.000
604.769	3993.000
604.968	4024.000
605.167	4233.000
605.365	4283.000
605.564	4467.000
605.762	4503.000
605.961	4568.000
606.160	4821.000
606.358	4868.000
606.557	5023.000
606.756	5129.000
606.954	5284.000
607.153	5180.000
607.352	5435.000
607.550	5575.000
607.749	5766.000
607.948	5822.000
608.146	5811.000
608.345	6011.000
608.543	6201.000
608.742	6230.000
608.941	6384.000
609.139	6603.000
609.338	6834.000
609.537	6933.000
609.735	7145.000
609.934	7197.000
610.133	7405.000
610.331	7605.000
610.530	7922.000
610.728	8013.000
610.927	8015.000
611.126	8197.000
611.324	8349.000
611.523	8553.000
611.722	8757.000
611.920	8986.000
612.119	9104.000
612.318	9297.000
612.516	9369.000
612.715	9731.000
612.913	9750.000
613.112	10176.000
613.311	10154.000
613.509	10352.000
613.708	10699.000
613.907	10791.000
614.105	11253.000
614.304	11380.000
614.503	11677.000
614.701	11827.000
614.900	12052.000
615.098	12255.000
615.297	12410.000
615.496	12777.000
615.694	13054.000
615.893	13405.000
616.092	13530.000
616.290	13858.000
616.489	13916.000
616.688	14307.000
616.886	14568.000
617.085	14868.000
617.283	15078.000
617.482	15508.000
617.681	15817.000
617.879	16169.000
618.078	16306.000
618.277	16583.000
618.475	16804.000
618.674	16989.000
618.873	17373.000
619.071	17373.000
619.270	17732.000
619.468	18050.000
619.667	18248.000
619.866	18457.000
620.064	18489.000
620.263	18802.000
620.462	18686.000
620.660	18881.000
620.859	19196.000
621.058	19209.000
621.256	19088.000
621.455	19204.000
621.654	18982.000
621.852	19105.000
622.051	18937.000
622.249	19023.000
622.448	18774.000
622.647	18649.000
622.845	18367.000
623.044	17992.000
623.243	17700.000
623.441	17554.000
623.640	17282.000
623.839	16860.000
624.037	16432.000
624.236	16006.000
624.434	15714.000
624.633	15225.000
624.832	14659.000
625.030	14424.000
625.229	13890.000
625.428	13282.000
625.626	12933.000
625.825	12253.000
626.024	11928.000
626.222	11464.000
626.421	11009.000
626.619	10612.000
626.818	10256.000
627.017	9818.000
627.215	9439.000
627.414	9014.000
627.613	8582.000
627.811	8536.000
628.010	8062.000
628.209	7729.000
628.407	7504.000
628.606	7085.000
628.804	6758.000
629.003	6572.000
629.202	6252.000
629.400	5895.000
629.599	5832.000
629.798	5526.000
629.996	5271.000
630.195	4949.000
630.394	4709.000
630.592	4763.000
630.791	4582.000
630.990	4327.000
631.188	4069.000
631.387	3989.000
631.585	3781.000
631.784	3613.000
631.983	3456.000
632.181	3380.000
632.380	3268.000
632.579	3195.000
632.777	2910.000
632.976	2877.000
633.175	2727.000
633.373	2636.000
633.572	2544.000
633.770	2399.000
633.969	2322.000
634.168	2147.000
634.366	2169.000
634.565	2076.000
634.764	2065.000
634.962	1917.000
635.161	1881.000
635.360	1737.000
635.558	1731.000
635.757	1580.000
635.955	1547.000
636.154	1459.000
636.353	1451.000
636.551	1429.000
636.750	1312.000
636.949	1299.000
637.147	1162.000
637.346	1167.000
637.545	1118.000
637.743	1009.000
637.942	964.000
638.140	951.000
638.339	927.000
638.538	887.000
638.736	805.000
638.935	835.000
639.134	777.000
639.332	759.000
639.531	769.000
639.730	696.000
639.928	656.000
640.127	596.000
640.325	599.000
640.524	616.000
640.723	595.000
640.921	576.000
641.120	547.000
641.319	525.000
641.517	490.000
641.716	489.000
641.915	428.000
642.113	467.000
642.312	415.000
642.510	374.000
642.709	395.000
642.908	368.000
643.106	405.000
643.305	341.000
643.504	317.000
643.702	290.000
643.901	294.000
644.100	325.000
644.298	281.000
644.497	266.000
644.696	323.000
644.894	255.000
645.093	307.000
645.291	240.000
645.490	201.000
645.689	192.000
645.887	237.000
646.086	209.000
646.285	260.000
646.483	245.000
646.682	201.000
646.881	143.000
647.079	208.000
647.278	158.000
647.476	126.000
647.675	135.000
647.874	83.000
648.072	160.000
648.271	139.000
648.470	141.000
648.668	143.000
648.867	61.000
649.066	85.000
649.264	113.000
649.463	84.000
649.661	93.000
649.860	88.000
650.059	125.000
650.257	150.000
650.456	102.000
650.655	128.000
650.853	95.000
651.052	104.000
651.251	115.000
651.449	-3.000
651.648	53.000
651.846	70.000
652.045	49.000
652.244	55.000
652.442	82.000
652.641	76.000
652.840	87.000
653.038	54.000
653.237	39.000
653.436	36.000
653.634	69.000
653.833	64.000
654.032	46.000
654.230	88.000
654.429	84.000
654.627	122.000
654.826	66.000
655.025	80.000
655.223	82.000
655.422	87.000
655.621	107.000
655.819	85.000
656.018	66.000
656.217	38.000
656.415	44.000
656.614	44.000
656.812	40.000
657.011	28.000
657.210	67.000
657.408	87.000
657.607	81.000
657.806	69.000
658.004	104.000
658.203	80.000
658.402	27.000
658.600	61.000
658.799	41.000
658.997	58.000
659.196	38.000
659.395	69.000
659.593	97.000
659.792	87.000
659.991	68.000
660.189	39.000
660.388	28.000
660.587	14.000
660.785	77.000
660.984	15.000
661.182	56.000
661.381	104.000
661.580	111.000
661.778	109.000
661.977	49.000
662.176	51.000
662.374	9.000
662.573	11.000
662.772	43.000
662.970	102.000
663.169	92.000
663.367	62.000
663.566	58.000
663.765	96.000
663.963	69.000
664.162	81.000
664.361	39.000
664.559	78.000
664.758	68.000
664.957	51.000
665.155	91.000
665.354	77.000
665.552	76.000
665.751	87.000
665.950	60.000
666.148	40.000
666.347	59.000
666.546	45.000
666.744	-4.000
666.943	46.000
667.142	69.000
667.340	43.000
667.539	41.000
667.738	51.000
667.936	6.000
668.135	73.000
668.333	46.000
668.532	88.000
668.731	55.000
668.929	30.000
669.128	45.000
669.327	59.000
669.525	80.000
669.724	70.000
669.923	71.000
670.121	17.000
670.320	29.000
670.518	96.000
670.717	30.000
670.916	70.000
671.114	68.000
671.313	36.000
671.512	31.000
671.710	43.000
671.909	11.000
672.108	53.000
672.306	72.000
672.505	36.000
672.703	78.000
672.902	53.000
673.101	32.000
673.299	51.000
673.498	33.000
673.697	39.000
673.895	85.000
674.094	41.000
674.293	11.000
674.491	-2.000
674.690	61.000
674.888	22.000
675.087	31.000
675.286	21.000
675.484	7.000
675.683	-11.000
675.882	53.000
676.080	67.000
676.279	0.000
676.478	30.000
676.676	49.000
676.875	47.000
677.073	5.000
677.272	95.000
677.471	36.000
677.669	13.000
677.868	32.000
678.067	21.000
678.265	27.000
678.464	49.000
678.663	13.000
678.861	47.000
679.060	45.000
679.259	48.000
679.457	54.000
679.656	19.000
679.854	68.000
680.053	14.000
680.252	34.000
680.450	28.000
680.649	37.000
680.848	59.000
681.046	31.000
681.245	23.000
681.444	12.000
681.642	41.000
681.841	23.000
682.039	15.000
682.238	5.000
682.437	55.000
682.635	35.000
682.834	51.000
683.033	32.000
683.231	14.000
683.430	73.000
683.629	4.000
683.827	68.000
684.026	35.000
684.224	-12.000
684.423	35.000
684.622	55.000
684.820	-18.000
685.019	12.000
685.218	56.000
685.416	21.000
685.615	-20.000
685.814	40.000
686.012	13.000
686.211	79.000
686.409	57.000
686.608	66.000
686.807	93.000
687.005	36.000
687.204	36.000
687.403	20.000
687.601	1.000
687.800	4.000
687.999	32.000
688.197	2.000
688.396	40.000
688.594	26.000
688.793	49.000
688.992	65.000
689.190	49.000
689.389	59.000
689.588	26.000
689.786	6.000
689.985	-5.000
690.184	-12.000
690.382	46.000
690.581	51.000
690.779	49.000
690.978	19.000
691.177	-4.000
691.375	-13.000
691.574	28.000
691.773	-12.000
691.971	15.000
692.170	32.000
692.369	1.000
692.567	28.000
692.766	37.000
692.965	32.000
693.163	-17.000
693.362	25.000
693.560	46.000
693.759	40.000
693.958	38.000
694.156	54.000
694.355	12.000
694.554	-23.000
694.752	5.000
694.951	-8.000
695.150	28.000
695.348	10.000
695.547	30.000
695.745	56.000
695.944	-5.000
696.143	7.000
696.341	29.000
696.540	38.000
696.743	34.000
696.946	29.000
697.149	18.000
697.352	12.000
697.555	33.000
697.757	9.000
697.960	43.000
698.163	-32.000
698.366	-7.000
698.569	54.000
698.772	-15.000
698.975	-19.000
699.178	-4.000
699.381	3.000
699.584	14.000
699.787	8.000
699.989	-13.000
700.192	48.000
700.395	46.000
700.598	47.000
700.801	46.000
701.004	40.000
701.207	35.000
701.410	-17.000
701.613	18.000
701.816	11.000
702.019	5.000
702.221	20.000
702.424	39.000
702.627	25.000
702.830	6.000
703.033	9.000
703.236	8.000
703.439	3.000
703.642	-6.000
703.845	45.000
704.048	41.000
704.251	62.000
704.453	-16.000
704.656	5.000
704.859	45.000
705.062	51.000
705.265	29.000
705.468	21.000
705.671	25.000
705.874	53.000
706.077	31.000
706.280	10.000
706.483	-8.000
706.685	28.000
706.888	53.000
707.091	0.000
707.294	6.000
707.497	-20.000
707.700	47.000
707.903	61.000
708.106	24.000
708.309	24.000
708.512	10.000
708.715	-15.000
708.917	-8.000
709.120	-4.000
709.323	58.000
709.526	40.000
709.729	57.000
709.932	59.000
710.135	52.000
710.338	41.000
710.541	52.000
710.744	48.000
710.947	29.000
711.149	24.000
711.352	2.000
711.555	67.000
711.758	4.000
711.961	26.000
712.164	1.000
712.367	55.000
712.570	41.000
712.773	25.000
712.976	40.000
713.179	4.000
713.381	21.000
713.584	25.000
713.787	24.000
713.990	53.000
714.193	14.000
714.396	25.000
714.599	43.000
714.802	28.000
715.005	16.000
715.208	-16.000
715.411	-3.000
715.613	51.000
715.816	5.000
716.019	12.000
716.222	-6.000
716.425	29.000
716.628	20.000
716.831	22.000
717.034	48.000
717.237	-7.000
717.440	100.000
717.643	48.000
717.845	55.000
718.048	51.000
718.251	44.000
718.454	63.000
718.657	-3.000
718.860	-15.000
719.063	23.000
719.266	8.000
719.469	16.000
719.672	60.000
719.875	32.000
720.077	25.000
720.280	29.000
720.483	7.000
720.686	64.000
720.889	-5.000
721.092	13.000
721.295	0.000
721.498	27.000
721.701	-3.000
721.904	-12.000
722.107	31.000
722.309	12.000
722.512	4.000
722.715	66.000
722.918	-2.000
723.121	47.000
723.324	43.000
723.527	54.000
723.730	22.000
723.933	40.000
724.136	35.000
724.339	38.000
724.541	45.000
724.744	34.000
724.947	54.000
725.150	-28.000
725.353	-36.000
725.556	42.000
725.759	38.000
725.962	33.000
726.165	61.000
726.368	65.000
726.571	-21.000
726.773	24.000
726.976	7.000
727.179	24.000
727.382	31.000
727.585	32.000
727.788	21.000
727.991	21.000
728.194	39.000
728.397	14.000
728.600	40.000
728.803	22.000
729.005	-23.000
729.208	-35.000
729.411	44.000
729.614	42.000
729.817	72.000
730.020	35.000
730.223	59.000
730.426	45.000
730.629	-7.000
730.832	19.000
731.035	59.000
731.237	48.000
731.440	29.000
731.643	60.000
731.846	24.000
732.049	51.000
732.252	35.000
732.455	42.000
732.658	29.000
732.861	2.000
733.064	-33.000
733.267	52.000
733.469	33.000
733.672	37.000
733.875	-5.000
734.078	17.000
734.281	32.000
734.484	-7.000
734.687	41.000
734.890	20.000
735.093	-16.000
735.296	24.000
735.499	6.000
735.701	6.000
735.904	10.000
736.107	1.000
736.310	11.000
736.513	-10.000
736.716	-19.000
736.919	3.000
737.122	10.000
737.325	31.000
737.528	49.000
737.731	21.000
737.933	28.000
738.136	5.000
738.339	24.000
738.542	37.000
738.745	38.000
738.948	56.000
739.151	71.000
739.354	25.000
739.557	-12.000
739.760	59.000
739.963	71.000
740.165	24.000
740.368	7.000
740.571	93.000
740.774	33.000
740.977	63.000
741.180	10.000
741.383	56.000
741.586	-14.000
741.789	1.000
741.992	52.000
742.195	10.000
742.397	41.000
742.600	81.000
742.803	18.000
743.006	27.000
743.209	-4.000
743.412	15.000
743.615	-12.000
743.818	18.000
744.021	45.000
744.224	11.000
744.427	44.000
744.629	16.000
744.832	-2.000
745.035	43.000
745.238	60.000
745.441	36.000
745.644	-21.000
745.847	-10.000
746.050	48.000
746.253	36.000
746.456	66.000
746.659	40.000
746.861	-3.000
747.064	28.000
747.267	70.000
747.470	59.000
747.673	69.000
747.876	46.000
748.079	39.000
748.282	44.000
748.485	41.000
748.688	55.000
748.891	-13.000
749.093	-7.000
749.296	2.000
749.499	69.000
749.702	43.000
749.905	36.000
750.108	2.000
750.311	-20.000
750.514	27.000
750.717	-13.000
750.920	61.000
751.123	65.000
751.325	-24.000
751.528	12.000
751.731	-22.000
751.934	18.000
752.137	41.000
752.340	68.000
752.543	-21.000
752.746	-11.000
752.949	6.000
753.152	21.000
753.355	27.000
753.557	6.000
753.760	27.000
753.963	13.000
754.166	29.000
754.369	43.000
754.572	9.000
754.775	16.000
754.978	9.000
755.181	40.000
755.384	73.000
755.587	0.000
755.789	-11.000
755.992	-17.000
756.195	49.000
756.398	17.000
756.601	19.000
756.804	51.000
757.007	31.000
757.210	29.000
757.413	50.000
757.616	41.000
757.819	-29.000
758.021	8.000
758.224	-10.000
758.427	-15.000
758.630	-25.000
758.833	57.000
759.036	54.000
759.239	40.000
759.442	33.000
759.645	62.000
759.848	-13.000
760.051	2.000
760.253	-12.000
760.456	68.000
760.659	8.000
760.862	4.000
761.065	8.000
761.268	66.000
761.471	47.000
761.674	87.000
761.877	52.000
762.080	15.000
762.283	45.000
762.485	21.000
762.688	50.000
762.891	4.000
763.094	89.000
763.297	-7.000
763.500	10.000
763.706	18.000
763.912	47.000
764.118	0.000
764.325	-4.000
764.531	-15.000
764.737	-13.000
764.943	29.000
765.149	4.000
765.355	17.000
765.561	27.000
765.768	37.000
765.974	34.000
766.180	21.000
766.386	42.000
766.592	5.000
766.798	15.000
767.004	15.000
767.210	32.000
767.417	24.000
767.623	1.000
767.829	1.000
768.035	-17.000
768.241	7.000
768.447	-39.000
768.653	10.000
768.860	5.000
769.066	23.000
769.272	10.000
769.478	24.000
769.684	11.000
769.890	72.000
770.096	85.000
770.303	9.000
770.509	34.000
770.715	35.000
770.921	48.000
771.127	123.000
771.333	33.000
771.539	72.000
771.745	19.000
771.952	18.000
772.158	7.000
772.364	-30.000
772.570	1.000
772.776	36.000
772.982	48.000
773.188	49.000
773.395	41.000
773.601	36.000
773.807	-4.000
774.013	24.000
774.219	64.000
774.425	-1.000
774.631	13.000
774.838	22.000
775.044	22.000
775.250	46.000
775.456	18.000
775.662	7.000
775.868	-18.000
776.074	59.000
776.281	21.000
776.487	17.000
776.693	9.000
776.899	35.000
777.105	37.000
777.311	49.000
777.517	12.000
777.723	-25.000
777.930	62.000
778.136	37.000
778.342	-53.000
778.548	5.000
778.754	32.000
778.960	47.000
779.166	16.000
779.373	33.000
779.579	17.000
779.785	15.000
779.991	34.000
780.197	59.000
780.403	4.000
780.609	3.000
780.816	40.000
781.022	12.000
781.228	48.000
781.434	63.000
781.640	54.000
781.846	4.000
782.052	-16.000
782.259	40.000
782.465	37.000
782.671	53.000
782.877	40.000
783.083	-5.000
783.289	22.000
783.495	55.000
783.701	14.000
783.908	5.000
784.114	-15.000
784.320	36.000
784.526	-59.000
784.732	1.000
784.938	29.000
785.144	57.000
785.351	71.000
785.557	63.000
785.763	-2.000
785.969	-23.000
786.175	16.000
786.381	24.000
786.587	41.000
786.794	55.000
787.000	38.000
787.206	31.000
787.412	-5.000
787.618	19.000
787.824	39.000
788.030	20.000
788.236	32.000
788.443	18.000
788.649	-14.000
788.855	-17.000
789.061	63.000
789.267	56.000
789.473	40.000
789.679	2.000
789.886	25.000
790.092	13.000
790.298	25.000
790.504	23.000
790.710	49.000
790.916	9.000
791.122	-15.000
791.329	-4.000
791.535	12.000
791.741	0.000
791.947	47.000
792.153	-14.000
792.359	-36.000
792.565	-68.000
792.771	13.000
792.978	10.000
793.184	24.000
793.390	-26.000
793.596	60.000
793.802	-28.000
794.008	1.000
794.214	14.000
794.421	-10.000
794.627	11.000
794.833	46.000
795.039	31.000
795.245	48.000
795.451	30.000
795.657	-19.000
795.864	29.000
796.070	27.000
796.276	34.000
796.482	46.000
796.688	103.000
796.894	12.000
797.100	27.000
797.307	22.000
797.513	47.000
797.719	-15.000
797.925	12.000
798.131	58.000
798.337	33.000
798.543	37.000
798.749	50.000
798.956	12.000
799.162	38.000
799.368	18.000
799.574	70.000
799.780	35.000
799.986	29.000
800.192	-41.000
800.399	-46.000
800.605	-7.000
800.811	47.000
801.017	32.000
801.223	53.000
801.429	-11.000
801.635	22.000
801.842	69.000
802.048	42.000
802.254	-1.000
802.460	-45.000
802.666	0.000
802.872	50.000
803.078	-26.000
803.285	-20.000
803.491	12.000
803.697	13.000
803.903	42.000
804.109	7.000
804.315	-28.000
804.521	21.000
804.727	-10.000
804.934	23.000
805.140	26.000
805.346	46.000
805.552	44.000
805.758	11.000
805.964	-2.000
806.170	19.000
806.377	28.000
806.583	19.000
806.789	29.000
806.995	50.000
807.201	42.000
807.407	46.000
807.613	33.000
807.820	11.000
808.026	37.000
808.232	-2.000
808.438	-24.000
808.644	25.000
808.850	-24.000
809.056	35.000
809.262	55.000
809.469	31.000
809.675	-28.000
809.881	-58.000
810.087	3.000
810.293	6.000
810.499	-11.000
810.705	-15.000
810.912	7.000
811.118	33.000
811.324	31.000
811.530	-11.000
811.739	-15.000
811.947	49.000
812.156	13.000
812.365	6.000
812.573	30.000
812.782	40.000
812.990	-3.000
813.199	48.000
813.408	26.000
813.616	9.000
813.825	27.000
814.034	43.000
814.242	6.000
814.451	4.000
814.659	20.000
814.868	19.000
815.077	33.000
815.285	43.000
815.494	21.000
815.703	20.000
815.911	-2.000
816.120	70.000
816.329	80.000
816.537	11.000
816.746	-7.000
816.954	-13.000
817.163	40.000
817.372	14.000
817.580	40.000
817.789	27.000
817.998	54.000
818.206	11.000
818.415	6.000
818.624	41.000
818.832	58.000
819.041	25.000
819.249	-24.000
819.458	33.000
819.667	14.000
819.875	9.000
820.084	12.000
820.293	-19.000
820.501	26.000
820.710	-13.000
820.919	14.000
821.127	28.000
821.336	35.000
821.544	38.000
821.753	-7.000
821.962	9.000
822.170	31.000
822.379	-7.000
822.588	49.000
822.796	-8.000
823.005	34.000
823.213	33.000
823.422	2.000
823.631	28.000
823.839	9.000
824.048	13.000
824.257	24.000
824.465	15.000
824.674	63.000
824.883	49.000
825.091	35.000
825.300	47.000
825.508	4.000
825.717	7.000
825.926	37.000
826.134	-3.000
826.343	-43.000
826.552	11.000
826.760	22.000
826.969	-15.000
827.178	22.000
827.386	5.000
827.595	47.000
827.803	4.000
828.012	16.000
828.221	23.000
828.429	6.000
828.638	-10.000
828.847	51.000
829.055	-3.000
829.264	23.000
829.472	17.000
829.681	18.000
829.890	31.000
830.098	-4.000
830.307	48.000
830.516	7.000
830.724	13.000
830.933	44.000
831.142	34.000
831.350	81.000
831.559	90.000
831.767	-8.000
831.976	16.000
832.185	33.000
832.393	36.000
832.602	17.000
832.811	68.000
833.019	39.000
833.228	4.000
833.437	-26.000
833.645	-11.000
833.854	7.000
834.062	17.000
834.271	58.000
834.480	-6.000
834.688	10.000
834.897	19.000
835.106	-17.000
835.314	25.000
835.523	39.000
835.731	-16.000
835.940	18.000
836.149	5.000
836.357	33.000
836.566	-4.000
836.775	-53.000
836.983	6.000
837.192	56.000
837.401	37.000
837.609	20.000
837.818	49.000
838.026	15.000
838.235	16.000
838.444	30.000
838.652	30.000
838.861	74.000
839.070	34.000
839.278	26.000
839.487	35.000
839.696	37.000
839.904	32.000
840.113	0.000
840.321	-32.000
840.530	19.000
840.739	23.000
840.947	-18.000
841.156	-6.000
841.365	-14.000
841.573	26.000
841.782	35.000
841.991	-10.000
842.199	17.000
842.408	50.000
842.616	5.000
842.825	-10.000
843.034	48.000
843.242	49.000
843.451	32.000
843.660	17.000
843.868	36.000
844.077	29.000
844.285	15.000
844.494	66.000
844.703	4.000
844.911	18.000
845.120	21.000
845.329	15.000
845.537	26.000
845.746	5.000
845.955	9.000
846.163	13.000
846.372	54.000
846.580	-47.000
846.789	9.000
846.998	90.000
847.206	47.000
847.415	62.000
847.624	48.000
847.832	12.000
848.041	18.000
848.250	57.000
848.458	54.000
848.667	18.000
848.875	26.000
849.084	50.000
849.293	43.000
849.501	30.000
849.710	13.000
849.919	38.000
850.127	54.000
850.336	23.000
850.544	45.000
850.753	8.000
850.962	-19.000
851.170	62.000
851.379	31.000
851.588	52.000
851.796	21.000
852.005	15.000
852.214	35.000
852.422	-11.000
852.631	-7.000
852.839	-4.000
853.048	17.000
853.257	34.000
853.465	58.000
853.674	16.000
853.883	49.000
854.091	41.000
854.300	32.000
854.509	3.000
854.717	8.000
854.926	-10.000
855.134	18.000
855.343	27.000
855.552	14.000
855.760	47.000
855.969	71.000
856.178	-16.000
856.386	-21.000
856.595	21.000
856.803	24.000
857.012	64.000
857.221	47.000
857.429	33.000
857.638	-18.000
857.847	25.000
858.055	65.000
858.264	-7.000
858.473	17.000
858.681	9.000
858.890	-47.000
859.098	-20.000
859.307	-15.000
859.516	7.000
859.724	45.000
859.933	22.000
860.142	-23.000
860.350	11.000
860.559	-53.000
860.768	-5.000
860.976	-19.000
861.185	70.000
861.393	28.000
861.602	32.000
861.811	9.000
862.019	14.000
862.228	-5.000
862.437	8.000
862.645	27.000
862.854	28.000
863.062	-42.000
863.271	8.000
863.480	50.000
863.688	42.000
863.897	22.000
864.106	14.000
864.314	9.000
864.523	-5.000
864.732	4.000
864.940	-5.000
865.149	35.000
865.357	18.000
865.566	46.000
865.775	33.000
865.983	37.000
866.192	48.000
866.401	16.000
866.609	14.000
866.818	27.000
867.027	5.000
867.235	13.000
867.444	8.000
867.652	5.000
867.861	68.000
868.070	49.000
868.278	57.000
868.487	39.000
868.696	91.000
868.904	-15.000
869.113	63.000
869.321	71.000
869.530	18.000
869.739	41.000
869.947	43.000
870.156	52.000
870.365	-37.000
870.573	-7.000
870.782	59.000
870.991	8.000
871.199	73.000
871.408	33.000
871.616	24.000
871.825	24.000
872.034	22.000
872.242	33.000
872.451	30.000
872.660	17.000
872.868	24.000
873.077	25.000
873.286	82.000
873.494	50.000
873.703	-15.000
873.911	45.000
874.120	55.000
874.329	32.000
874.537	-4.000
874.746	-14.000
874.955	-15.000
875.163	-19.000
875.372	-11.000
875.581	1.000
875.789	12.000
875.998	-2.000
876.206	-32.000
876.415	-1.000
876.624	4.000
876.832	30.000
877.041	-48.000
877.250	6.000
877.458	36.000
877.667	30.000
877.875	33.000
878.084	-9.000
878.293	-15.000
878.501	-6.000
878.710	-5.000
878.919	26.000
879.127	-34.000
879.336	32.000
879.545	18.000
879.753	21.000
879.962	35.000
880.170	29.000
880.379	38.000
880.588	29.000
880.796	14.000
881.005	55.000
881.214	-1.000
881.422	18.000
881.631	64.000
881.840	101.000
882.048	-7.000
882.257	18.000
882.465	-24.000
882.674	54.000
882.883	36.000
883.091	5.000
883.300	28.000
883.509	16.000
883.717	67.000
883.926	36.000
884.134	74.000
884.343	10.000
884.552	19.000
884.760	19.000
884.969	-16.000
885.178	9.000
885.386	29.000
885.595	69.000
885.804	15.000
886.012	16.000
886.221	57.000
886.429	-2.000
886.638	-10.000
886.847	36.000
887.055	-9.000
887.264	-29.000
887.473	71.000
887.681	29.000
887.890	-7.000
888.099	-7.000
888.307	35.000
888.516	6.000
888.724	47.000
888.933	55.000
889.142	1.000
889.350	52.000
889.559	-18.000
889.768	44.000
889.976	54.000
890.185	12.000
890.393	34.000
890.602	5.000
890.811	12.000
891.019	0.000
891.228	11.000
891.437	51.000
891.645	3.000
891.854	-41.000
892.063	-15.000
892.271	26.000
892.480	1.000
892.688	-32.000
892.897	34.000
893.106	16.000
893.314	41.000
893.523	38.000
893.732	29.000
893.940	34.000
894.149	27.000
894.358	91.000
894.566	-5.000
894.775	42.000
894.983	54.000
895.192	40.000
895.401	4.000
895.609	-5.000
895.818	22.000
896.027	63.000
896.235	32.000
896.444	75.000
896.652	-10.000
896.861	-42.000
897.070	23.000
897.278	41.000
897.487	24.000
897.696	45.000
897.904	-15.000
898.113	15.000
898.322	-5.000
898.530	24.000
898.739	34.000
898.947	27.000
899.156	-14.000
899.365	-34.000
899.573	65.000
899.782	5.000
899.991	-1.000
900.199	-5.000
900.408	77.000
900.617	2.000
900.825	27.000
901.034	-31.000
901.242	31.000
901.451	46.000
901.660	81.000
901.868	58.000
902.077	43.000
902.286	-37.000
902.494	37.000
902.703	-29.000
902.911	-15.000
903.120	32.000
903.329	-42.000
903.537	20.000
903.746	49.000
903.955	12.000
904.163	3.000
904.372	-20.000
904.581	-12.000
904.789	26.000
904.998	-29.000
905.206	-11.000
905.415	-37.000
905.624	53.000
905.832	74.000
906.041	37.000
906.250	26.000
906.458	-18.000
906.667	18.000
906.876	-1.000
907.084	48.000
907.293	-13.000
907.501	-36.000
907.710	26.000
907.919	-2.000
908.127	2.000
908.336	47.000
908.545	59.000
908.753	76.000
908.962	22.000
909.170	-26.000
909.379	-14.000
909.588	13.000
909.796	4.000
910.005	1.000
910.214	28.000
910.422	24.000
910.631	57.000
910.840	53.000
911.048	45.000
911.257	-12.000
911.465	-38.000
911.674	-12.000
911.883	24.000
912.091	36.000
912.300	15.000
912.508	24.000
912.716	1.000
912.924	-14.000
913.132	1.000
913.340	23.000
913.549	87.000
913.757	16.000
913.965	92.000
914.173	74.000
914.381	40.000
914.589	25.000
914.797	9.000
915.005	60.000
915.213	55.000
915.421	38.000
915.629	-12.000
915.838	49.000
916.046	54.000
916.254	2.000
916.462	32.000
916.670	45.000
916.878	-18.000
917.086	-13.000
917.294	18.000
917.502	40.000
917.710	7.000
917.919	19.000
918.127	-44.000
918.335	9.000
918.543	15.000
918.751	-17.000
918.959	64.000
919.167	42.000
919.375	61.000
919.583	-19.000
919.791	51.000
919.999	25.000
920.208	22.000
920.416	-2.000
920.624	38.000
920.832	-9.000
921.040	7.000
921.248	-24.000
921.456	1.000
921.664	30.000
921.872	46.000
922.080	2.000
922.288	64.000
922.497	83.000
922.705	34.000
922.913	32.000
923.121	42.000
923.329	-23.000
923.537	12.000
923.745	32.000
923.953	34.000
924.161	14.000
924.369	22.000
924.578	2.000
924.786	11.000
924.994	63.000
925.202	49.000
925.410	26.000
925.618	23.000
925.826	-36.000
926.034	-40.000
926.242	74.000
926.450	23.000
926.658	13.000
926.867	5.000
927.075	48.000
927.283	51.000
927.491	17.000
927.699	9.000
927.907	12.000
928.115	16.000
928.323	6.000
928.531	-29.000
928.739	48.000
928.947	41.000
929.156	36.000
929.364	54.000
929.572	35.000
929.780	56.000
929.988	20.000
930.196	11.000
930.404	19.000
930.612	32.000
930.820	14.000
931.028	-7.000
931.236	-76.000
931.445	5.000
931.653	3.000
931.861	-15.000
932.069	11.000
932.277	54.000
932.485	-28.000
932.693	12.000
932.901	5.000
933.109	-1.000
933.317	7.000
933.526	27.000
933.734	-6.000
933.942	32.000
934.150	29.000
934.358	24.000
934.566	20.000
934.774	16.000
934.982	9.000
935.190	4.000
935.398	59.000
935.606	41.000
935.815	7.000
936.023	5.000
936.231	88.000
936.439	23.000
936.647	54.000
936.855	-11.000
937.063	-4.000
937.271	-26.000
937.479	-41.000
937.687	-67.000
937.895	29.000
938.104	48.000
938.312	86.000
938.520	-11.000
938.728	37.000
938.936	-17.000
939.144	32.000
939.352	-1.000
939.560	-4.000
939.768	6.000
939.976	66.000
940.185	52.000
940.393	53.000
940.601	39.000
940.809	70.000
941.017	6.000
941.225	-11.000
941.433	32.000
941.641	25.000
941.849	18.000
942.057	49.000
942.265	33.000
942.474	-22.000
942.682	-13.000
942.890	41.000
943.098	36.000
943.306	-44.000
943.514	-12.000
943.722	0.000
943.930	18.000
944.138	30.000
944.346	4.000
944.554	14.000
944.763	2.000
944.971	21.000
945.179	34.000
945.387	25.000
945.595	49.000
945.803	15.000
946.011	31.000
946.219	2.000
946.427	41.000
946.635	66.000
946.843	103.000
947.052	-15.000
947.260	59.000
947.468	53.000
947.676	18.000
947.884	-9.000
948.092	33.000
948.300	51.000
948.508	6.000
948.716	-3.000
948.924	38.000
949.133	4.000
949.341	8.000
949.549	-6.000
949.757	39.000
949.965	19.000
950.173	10.000
950.381	22.000
950.589	27.000
950.797	56.000
951.005	-26.000
951.213	-56.000
951.422	59.000
951.630	62.000
951.838	41.000
952.046	14.000
952.254	54.000
952.462	12.000
952.670	2.000
952.878	42.000
953.086	-6.000
953.294	29.000
953.502	-3.000
953.711	16.000
953.919	17.000
954.127	46.000
954.335	-12.000
954.543	63.000
954.751	26.000
954.959	86.000
955.167	38.000
955.375	17.000
955.583	41.000
955.792	10.000
956.000	36.000
956.208	10.000
956.416	-23.000
956.624	31.000
956.832	25.000
957.040	65.000
957.248	37.000
957.456	5.000
957.664	-31.000
957.872	-9.000
958.081	17.000
958.289	32.000
958.497	-4.000
958.705	20.000
958.913	45.000
959.121	-3.000
959.329	14.000
959.537	10.000
959.745	-11.000
959.953	-17.000
960.161	64.000
960.370	111.000
960.578	37.000
960.786	46.000
960.994	47.000
961.202	14.000
961.410	20.000
961.618	20.000
961.826	76.000
962.034	28.000
962.242	10.000
962.451	50.000
962.659	53.000
962.867	10.000
963.075	27.000
963.283	5.000
963.491	56.000
963.699	52.000
963.907	24.000
964.115	21.000
964.323	37.000
964.531	65.000
964.740	83.000
964.948	49.000
965.156	25.000
965.364	-23.000
965.572	16.000
965.780	41.000
965.999	-41.000
966.218	-7.000
966.438	38.000
966.657	53.000
966.876	10.000
967.095	-15.000
967.315	-11.000
967.534	5.000
967.753	44.000
967.972	8.000
968.192	1.000
968.411	42.000
968.630	17.000
968.849	33.000
969.068	75.000
969.288	29.000
969.507	-21.000
969.726	41.000
969.945	14.000
970.165	-8.000
970.384	21.000
970.603	52.000
970.822	11.000
971.042	36.000
971.261	33.000
971.480	-12.000
971.699	33.000
971.919	33.000
972.138	21.000
972.357	-1.000
972.576	17.000
972.795	43.000
973.015	53.000
973.234	17.000
973.453	53.000
973.672	-23.000
973.892	9.000
974.111	2.000
974.330	-11.000
974.549	44.000
974.769	44.000
974.988	71.000
975.207	27.000
975.426	-2.000
975.646	61.000
975.865	-25.000
976.084	-3.000
976.303	-55.000
976.522	-47.000
976.742	56.000
976.961	30.000
977.180	29.000
977.399	46.000
977.619	28.000
977.838	32.000
978.057	-8.000
978.276	19.000
978.496	41.000
978.715	-44.000
978.934	44.000
979.153	28.000
979.372	8.000
979.592	8.000
979.811	32.000
980.030	38.000
980.249	-26.000
980.469	43.000
980.688	61.000
980.907	65.000
981.126	21.000
981.346	30.000
981.565	14.000
981.784	-11.000
982.003	23.000
982.223	8.000
982.442	23.000
982.661	-9.000
982.880	28.000
983.099	35.000
983.319	46.000
983.538	-59.000
983.757	11.000
983.976	-6.000
984.196	-50.000
984.415	26.000
984.634	23.000
984.853	30.000
985.073	28.000
985.292	25.000
985.511	22.000
985.730	18.000
985.949	57.000
986.169	55.000
986.388	19.000
986.607	3.000
986.826	-35.000
987.046	-28.000
987.265	51.000
987.484	6.000
987.703	1.000
987.923	36.000
988.142	32.000
988.361	23.000
988.580	7.000
988.800	-1.000
989.019	9.000
989.238	-13.000
989.457	30.000
989.676	83.000
989.896	21.000
990.115	50.000
990.334	-9.000
990.553	14.000
990.773	-44.000
990.992	34.000
991.211	-14.000
991.430	2.000
991.650	68.000
991.869	27.000
992.088	65.000
992.307	12.000
992.527	14.000
992.746	50.000
992.965	57.000
993.184	-2.000
993.403	5.000
993.623	7.000
993.842	30.000
994.061	38.000
994.280	-13.000
994.500	26.000
994.719	48.000
994.938	17.000
995.157	-25.000
995.377	10.000
995.596	-3.000
995.815	23.000
996.034	39.000
996.253	46.000
996.473	14.000
996.692	1.000
996.911	-42.000
997.130	4.000
997.350	61.000
997.569	51.000
997.788	6.000
998.007	-3.000
998.227	15.000
998.446	92.000
998.665	16.000
998.884	35.000
999.104	-9.000
999.323	19.000
999.542	7.000
999.761	-4.000
999.980	-15.000
1000.200	-13.000
1000.419	51.000
1000.638	79.000
1000.857	-51.000
1001.077	1.000
1001.296	-3.000
1001.515	-15.000
1001.734	-11.000
1001.954	62.000
1002.173	14.000
1002.392	24.000
1002.611	23.000
1002.830	18.000
1003.050	7.000
1003.269	26.000
1003.488	14.000
1003.707	27.000
1003.927	-94.000
1004.146	-1.000
1004.365	17.000
1004.584	97.000
1004.804	34.000
1005.023	71.000
1005.242	11.000
1005.461	-34.000
1005.681	1.000
1005.900	46.000
1006.119	1.000
1006.338	10.000
1006.557	62.000
1006.777	43.000
1006.996	23.000
1007.215	45.000
1007.434	60.000
1007.654	-18.000
1007.873	-12.000
1008.092	12.000
1008.311	55.000
1008.531	16.000
1008.750	27.000
1008.969	24.000
1009.188	3.000
1009.407	19.000
1009.627	47.000
1009.846	11.000
1010.065	-4.000
1010.284	41.000
1010.504	22.000
1010.723	-30.000
1010.942	5.000
1011.161	12.000
1011.381	-2.000
1011.600	-3.000
1011.819	22.000
1012.038	-19.000
1012.258	41.000
1012.477	-7.000
1012.696	-5.000
1012.915	21.000
1013.134	1.000
1013.354	-18.000
1013.573	29.000
1013.792	50.000
1014.011	34.000
1014.231	28.000
1014.450	5.000
1014.669	19.000
1014.888	19.000
1015.108	21.000
1015.327	48.000
1015.546	19.000
1015.765	66.000
1015.984	44.000
1016.204	20.000
1016.423	32.000
1016.642	13.000
1016.861	9.000
1017.081	-1.000
1017.300	18.000
1017.519	56.000
