296.912	91.000
297.101	78.000
297.290	65.000
297.479	26.000
297.668	22.000
297.858	49.000
298.047	68.000
298.236	69.000
298.425	95.000
298.614	102.000
298.803	61.000
298.992	88.000
299.181	126.000
299.370	87.000
299.559	38.000
299.748	61.000
299.937	33.000
300.126	43.000
300.315	41.000
300.504	62.000
300.693	39.000
300.882	44.000
301.071	56.000
301.260	59.000
301.449	22.000
301.638	38.000
301.827	43.000
302.016	49.000
302.205	73.000
302.395	98.000
302.584	65.000
302.773	66.000
302.962	77.000
303.151	60.000
303.340	34.000
303.529	47.000
303.718	53.000
303.907	90.000
304.096	72.000
304.285	66.000
304.474	80.000
304.663	61.000
304.852	49.000
305.041	62.000
305.230	63.000
305.419	48.000
305.608	60.000
305.797	88.000
305.986	86.000
306.175	54.000
306.364	64.000
306.553	90.000
306.743	61.000
306.932	65.000
307.121	75.000
307.310	80.000
307.499	109.000
307.688	85.000
307.877	65.000
308.066	63.000
308.255	104.000
308.444	87.000
308.633	83.000
308.822	123.000
309.011	123.000
309.200	129.000
309.389	117.000
309.578	82.000
309.767	90.000
309.956	96.000
310.145	65.000
310.334	47.000
310.523	47.000
310.712	36.000
310.901	11.000
311.091	74.000
311.280	65.000
311.469	55.000
311.658	81.000
311.847	98.000
312.036	75.000
312.225	63.000
312.414	56.000
312.603	65.000
312.792	61.000
312.981	84.000
313.170	76.000
313.349	102.000
313.527	125.000
313.706	108.000
313.884	73.000
314.063	39.000
314.241	48.000
314.420	27.000
314.598	2.000
314.777	66.000
314.955	71.000
315.134	65.000
315.312	127.000
315.491	110.000
315.669	87.000
315.848	91.000
316.027	86.000
316.205	61.000
316.384	61.000
316.562	74.000
316.741	90.000
316.919	98.000
317.098	92.000
317.276	91.000
317.455	65.000
317.633	64.000
317.812	35.000
317.990	45.000
318.169	84.000
318.347	92.000
318.526	80.000
318.705	69.000
318.883	69.000
319.062	46.000
319.240	74.000
319.419	91.000
319.597	94.000
319.776	70.000
319.954	87.000
320.133	91.000
320.311	74.000
320.490	44.000
320.668	24.000
320.847	67.000
321.025	111.000
321.204	94.000
321.382	85.000
321.561	96.000
321.740	88.000
321.918	62.000
322.097	95.000
322.275	89.000
322.454	67.000
322.632	48.000
322.811	57.000
322.989	65.000
323.168	57.000
323.346	52.000
323.525	61.000
323.703	98.000
323.882	105.000
324.060	73.000
324.239	55.000
324.418	71.000
324.596	79.000
324.775	82.000
324.953	67.000
325.132	53.000
325.310	74.000
325.489	39.000
325.667	48.000
325.846	61.000
326.024	78.000
326.203	32.000
326.381	54.000
326.560	82.000
326.738	81.000
326.917	106.000
327.096	64.000
327.274	63.000
327.453	52.000
327.631	69.000
327.810	88.000
327.988	78.000
328.167	105.000
328.345	61.000
328.524	32.000
328.702	89.000
328.881	63.000
329.059	81.000
329.238	102.000
329.416	70.000
329.595	54.000
329.774	20.000
329.952	39.000
330.131	78.000
330.309	104.000
330.488	109.000
330.666	88.000
330.845	113.000
331.023	85.000
331.202	62.000
331.380	100.000
331.559	71.000
331.737	82.000
331.916	105.000
332.094	118.000
332.273	66.000
332.452	73.000
332.630	100.000
332.809	116.000
332.987	126.000
333.166	128.000
333.344	104.000
333.523	106.000
333.701	98.000
333.880	78.000
334.058	67.000
334.237	82.000
334.415	128.000
334.594	81.000
334.772	80.000
334.951	109.000
335.129	80.000
335.308	43.000
335.487	84.000
335.665	103.000
335.844	125.000
336.022	156.000
336.201	107.000
336.379	87.000
336.558	83.000
336.736	98.000
336.915	86.000
337.093	86.000
337.272	127.000
337.450	101.000
337.629	103.000
337.807	96.000
337.986	94.000
338.165	70.000
338.343	77.000
338.522	63.000
338.700	41.000
338.879	98.000
339.057	125.000
339.236	145.000
339.414	90.000
339.593	76.000
339.771	81.000
339.950	71.000
340.128	58.000
340.307	24.000
340.485	41.000
340.664	118.000
340.843	106.000
341.021	80.000
341.200	75.000
341.378	105.000
341.557	117.000
341.735	84.000
341.914	84.000
342.092	92.000
342.271	90.000
342.449	93.000
342.628	104.000
342.806	118.000
342.985	128.000
343.163	120.000
343.342	109.000
343.521	85.000
343.699	62.000
343.878	100.000
344.056	157.000
344.235	128.000
344.413	103.000
344.592	97.000
344.770	116.000
344.949	133.000
345.127	96.000
345.306	97.000
345.484	63.000
345.663	74.000
345.841	105.000
346.020	61.000
346.199	94.000
346.377	102.000
346.556	112.000
346.734	132.000
346.913	122.000
347.091	98.000
347.270	87.000
347.448	67.000
347.627	112.000
347.805	140.000
347.984	141.000
348.162	136.000
348.341	144.000
348.519	159.000
348.698	128.000
348.876	129.000
349.055	131.000
349.234	159.000
349.412	142.000
349.591	111.000
349.769	110.000
349.948	114.000
350.126	105.000
350.305	94.000
350.483	105.000
350.662	67.000
350.840	43.000
351.019	86.000
351.197	126.000
351.376	96.000
351.554	105.000
351.733	87.000
351.912	73.000
352.090	53.000
352.269	74.000
352.447	99.000
352.626	86.000
352.804	67.000
352.983	97.000
353.161	100.000
353.340	107.000
353.518	135.000
353.697	132.000
353.875	121.000
354.054	67.000
354.232	86.000
354.411	102.000
354.590	118.000
354.768	117.000
354.947	128.000
355.125	111.000
355.304	110.000
355.482	106.000
355.661	97.000
355.839	96.000
356.018	120.000
356.196	127.000
356.375	153.000
356.553	136.000
356.732	112.000
356.910	71.000
357.089	80.000
357.268	152.000
357.446	121.000
357.625	93.000
357.803	95.000
357.982	138.000
358.160	137.000
358.339	153.000
358.517	138.000
358.696	85.000
358.874	84.000
359.053	113.000
359.231	74.000
359.410	55.000
359.588	85.000
359.767	99.000
359.945	115.000
360.124	171.000
360.303	134.000
360.481	120.000
360.660	122.000
360.838	149.000
361.017	122.000
361.195	77.000
361.374	84.000
361.552	116.000
361.731	155.000
361.909	141.000
362.088	113.000
362.266	113.000
362.445	138.000
362.623	138.000
362.802	95.000
362.981	83.000
363.159	146.000
363.338	150.000
363.516	121.000
363.695	116.000
363.873	128.000
364.052	118.000
364.230	80.000
364.409	80.000
364.587	91.000
364.766	127.000
364.944	143.000
365.123	130.000
365.301	119.000
365.480	117.000
365.660	123.000
365.839	97.000
366.019	96.000
366.199	106.000
366.379	104.000
366.558	129.000
366.738	157.000
366.918	136.000
367.098	112.000
367.277	112.000
367.457	102.000
367.637	81.000
367.816	103.000
367.996	118.000
368.176	106.000
368.356	146.000
368.535	151.000
368.715	165.000
368.895	133.000
369.075	151.000
369.254	176.000
369.434	171.000
369.614	88.000
369.793	48.000
369.973	106.000
370.153	119.000
370.333	120.000
370.512	134.000
370.692	152.000
370.872	136.000
371.051	109.000
371.231	102.000
371.411	106.000
371.591	127.000
371.770	123.000
371.950	101.000
372.130	119.000
372.310	123.000
372.489	101.000
372.669	120.000
372.849	92.000
373.028	89.000
373.208	121.000
373.388	135.000
373.568	144.000
373.747	163.000
373.927	157.000
374.107	113.000
374.287	108.000
374.466	118.000
374.646	136.000
374.826	155.000
375.005	159.000
375.185	134.000
375.365	183.000
375.545	183.000
375.724	138.000
375.904	128.000
376.084	126.000
376.263	125.000
376.443	126.000
376.623	163.000
376.803	126.000
376.982	140.000
377.162	159.000
377.342	135.000
377.522	131.000
377.701	153.000
377.881	149.000
378.061	134.000
378.240	147.000
378.420	144.000
378.600	89.000
378.780	120.000
378.959	127.000
379.139	128.000
379.319	148.000
379.499	162.000
379.678	128.000
379.858	122.000
380.038	144.000
380.217	123.000
380.397	128.000
380.577	158.000
380.757	139.000
380.936	128.000
381.116	148.000
381.296	162.000
381.476	160.000
381.655	124.000
381.835	124.000
382.015	78.000
382.194	73.000
382.374	112.000
382.554	159.000
382.734	141.000
382.913	127.000
383.093	160.000
383.273	171.000
383.452	161.000
383.632	125.000
383.812	124.000
383.992	130.000
384.171	164.000
384.351	201.000
384.531	171.000
384.711	134.000
384.890	108.000
385.070	93.000
385.250	129.000
385.429	135.000
385.609	152.000
385.789	145.000
385.969	144.000
386.148	132.000
386.328	137.000
386.508	129.000
386.688	123.000
386.867	111.000
387.047	79.000
387.227	92.000
387.406	175.000
387.586	133.000
387.766	108.000
387.946	130.000
388.125	107.000
388.305	98.000
388.485	95.000
388.664	83.000
388.844	103.000
389.024	98.000
389.204	84.000
389.383	88.000
389.563	135.000
389.743	161.000
389.923	133.000
390.102	110.000
390.282	141.000
390.462	131.000
390.641	107.000
390.821	116.000
391.001	126.000
391.181	117.000
391.360	106.000
391.540	142.000
391.720	160.000
391.900	138.000
392.079	111.000
392.259	117.000
392.439	123.000
392.618	132.000
392.798	139.000
392.978	123.000
393.158	134.000
393.337	131.000
393.517	120.000
393.697	118.000
393.877	149.000
394.056	156.000
394.236	128.000
394.416	140.000
394.595	163.000
394.775	180.000
394.955	150.000
395.135	157.000
395.314	147.000
395.494	137.000
395.674	163.000
395.853	219.000
396.033	202.000
396.213	164.000
396.393	163.000
396.572	157.000
396.752	210.000
396.932	186.000
397.112	155.000
397.291	150.000
397.471	161.000
397.651	161.000
397.830	172.000
398.010	200.000
398.190	200.000
398.370	170.000
398.549	199.000
398.729	196.000
398.909	171.000
399.089	185.000
399.268	203.000
399.448	211.000
399.628	230.000
399.807	203.000
399.987	182.000
400.167	181.000
400.347	198.000
400.526	190.000
400.706	177.000
400.886	172.000
401.065	150.000
401.245	167.000
401.425	179.000
401.605	222.000
401.784	228.000
401.964	210.000
402.144	250.000
402.324	201.000
402.503	195.000
402.683	170.000
402.863	159.000
403.042	208.000
403.222	224.000
403.402	192.000
403.582	238.000
403.761	250.000
403.941	243.000
404.121	208.000
404.301	199.000
404.480	242.000
404.660	251.000
404.844	272.000
405.029	235.000
405.213	249.000
405.398	252.000
405.582	278.000
405.767	287.000
405.951	295.000
406.136	307.000
406.320	372.000
406.505	346.000
406.689	346.000
406.874	360.000
407.058	422.000
407.243	422.000
407.427	432.000
407.612	468.000
407.796	493.000
407.981	499.000
408.165	605.000
408.350	614.000
408.534	640.000
408.719	677.000
408.903	705.000
409.088	719.000
409.272	730.000
409.457	815.000
409.641	855.000
409.826	848.000
410.010	906.000
410.195	1024.000
410.379	1090.000
410.564	1217.000
410.748	1337.000
410.933	1385.000
411.117	1445.000
411.302	1563.000
411.486	1717.000
411.671	1809.000
411.855	1850.000
412.040	1946.000
412.224	2055.000
412.409	2149.000
412.593	2261.000
412.778	2365.000
412.962	2482.000
413.147	2583.000
413.331	2687.000
413.516	2877.000
413.700	2958.000
413.885	3011.000
414.069	3160.000
414.254	3305.000
414.438	3383.000
414.623	3543.000
414.807	3695.000
414.992	3759.000
415.176	3861.000
415.361	4005.000
415.545	4218.000
415.730	4349.000
415.914	4586.000
416.099	4674.000
416.283	4742.000
416.468	4839.000
416.652	4862.000
416.837	4990.000
417.021	5150.000
417.206	5164.000
417.390	5283.000
417.575	5388.000
417.759	5465.000
417.944	5668.000
418.128	5769.000
418.313	5865.000
418.497	5953.000
418.682	6019.000
418.866	6151.000
419.051	6363.000
419.235	6496.000
419.420	6463.000
419.604	6588.000
419.789	6832.000
419.973	6925.000
420.158	7033.000
420.342	7210.000
420.527	7471.000
420.711	7588.000
420.896	7688.000
421.080	7816.000
421.265	7752.000
421.449	7771.000
421.634	7807.000
421.818	7757.000
422.003	7837.000
422.187	7916.000
422.372	7928.000
422.556	7922.000
422.741	8166.000
422.925	8208.000
423.110	8249.000
423.294	8486.000
423.479	8520.000
423.663	8556.000
423.848	8669.000
424.032	8740.000
424.217	8956.000
424.401	8868.000
424.586	8856.000
424.770	8956.000
424.955	8943.000
425.139	9148.000
425.324	9132.000
425.508	9150.000
425.693	9377.000
425.877	9362.000
426.062	9355.000
426.246	9431.000
426.431	9426.000
426.615	9336.000
426.800	9356.000
426.984	9318.000
427.169	9385.000
427.353	9439.000
427.538	9495.000
427.722	9408.000
427.907	9488.000
428.091	9533.000
428.276	9496.000
428.460	9444.000
428.645	9331.000
428.829	9213.000
429.014	9064.000
429.198	8887.000
429.383	8593.000
429.567	8424.000
429.752	8171.000
429.936	7872.000
430.121	7840.000
430.305	7965.000
430.490	8108.000
430.674	8396.000
430.859	8905.000
431.043	9309.000
431.228	9662.000
431.412	9852.000
431.597	9956.000
431.781	10283.000
431.966	10493.000
432.150	10599.000
432.335	10721.000
432.519	10917.000
432.704	11078.000
432.888	10862.000
433.073	10772.000
433.257	10713.000
433.442	10699.000
433.626	10668.000
433.811	10643.000
433.995	10769.000
434.180	10956.000
434.364	11117.000
434.549	11294.000
434.733	11380.000
434.918	11513.000
435.102	11673.000
435.287	11812.000
435.471	11925.000
435.656	12054.000
435.840	12356.000
436.030	12408.000
436.219	12413.000
436.409	12471.000
436.599	12388.000
436.789	12415.000
436.978	12300.000
437.168	12219.000
437.358	11974.000
437.548	11728.000
437.737	11759.000
437.927	11712.000
438.117	11519.000
438.306	11531.000
438.496	11805.000
438.686	12019.000
438.876	12093.000
439.065	12119.000
439.255	12349.000
439.445	12277.000
439.634	12350.000
439.824	12445.000
440.014	12675.000
440.204	12736.000
440.393	12849.000
440.583	13012.000
440.773	13251.000
440.963	13402.000
441.152	13679.000
441.342	13749.000
441.532	13838.000
441.721	13937.000
441.911	14095.000
442.101	14213.000
442.291	14119.000
442.480	14251.000
442.670	14346.000
442.860	14548.000
443.050	14604.000
443.239	14598.000
443.429	14669.000
443.619	14756.000
443.808	14719.000
443.998	14784.000
444.188	14939.000
444.378	14976.000
444.567	14993.000
444.757	14971.000
444.947	14969.000
445.137	14687.000
445.326	14626.000
445.516	14723.000
445.706	14901.000
445.895	15012.000
446.085	14998.000
446.275	15135.000
446.465	15392.000
446.654	15515.000
446.844	15616.000
447.034	15785.000
447.223	15802.000
447.413	16022.000
447.603	16224.000
447.793	16314.000
447.982	16383.000
448.172	16489.000
448.362	16605.000
448.552	16606.000
448.741	16638.000
448.931	16644.000
449.121	16658.000
449.310	16804.000
449.500	16889.000
449.690	17095.000
449.880	17430.000
450.069	17555.000
450.259	17528.000
450.449	17650.000
450.639	17724.000
450.828	17846.000
451.018	17655.000
451.208	17831.000
451.397	17879.000
451.587	17842.000
451.777	17674.000
451.967	17395.000
452.156	17328.000
452.346	17151.000
452.536	16871.000
452.725	16733.000
452.915	16818.000
453.105	16670.000
453.295	16738.000
453.484	16811.000
453.674	17036.000
453.864	17169.000
454.054	17169.000
454.243	17196.000
454.433	17194.000
454.623	17080.000
454.812	16928.000
455.002	16923.000
455.192	17026.000
455.382	17212.000
455.571	17490.000
455.761	17481.000
455.951	17655.000
456.141	17688.000
456.330	17723.000
456.520	17674.000
456.710	17881.000
456.899	18029.000
457.089	17944.000
457.279	17796.000
457.469	17798.000
457.658	17671.000
457.848	17558.000
458.038	17536.000
458.228	17588.000
458.417	17510.000
458.607	17595.000
458.797	17562.000
458.986	17403.000
459.176	17371.000
459.366	17360.000
459.556	17494.000
459.745	17585.000
459.935	17493.000
460.125	17603.000
460.314	17651.000
460.504	17578.000
460.694	17654.000
460.884	17849.000
461.073	17959.000
461.263	17956.000
461.453	18049.000
461.643	18138.000
461.832	18180.000
462.022	18132.000
462.212	18271.000
462.401	18173.000
462.591	18094.000
462.781	18267.000
462.971	18276.000
463.160	18234.000
463.350	18339.000
463.540	18365.000
463.730	18288.000
463.919	18178.000
464.109	17901.000
464.299	17814.000
464.488	17620.000
464.678	17841.000
464.868	17717.000
465.058	17577.000
465.247	17804.000
465.437	17902.000
465.627	17990.000
465.816	18133.000
466.006	17948.000
466.196	17790.000
466.386	17700.000
466.575	17593.000
466.765	17552.000
466.955	17599.000
467.145	17663.000
467.334	17614.000
467.524	17788.000
467.714	17947.000
467.903	18037.000
468.093	18033.000
468.283	17963.000
468.473	18102.000
468.662	18011.000
468.852	18129.000
469.042	18155.000
469.232	18205.000
469.421	18338.000
469.611	18312.000
469.801	18257.000
469.990	18137.000
470.180	18042.000
470.370	17990.000
470.560	17902.000
470.749	18109.000
470.939	18310.000
471.129	18392.000
471.318	18612.000
471.508	18772.000
471.698	18871.000
471.888	18968.000
472.077	19248.000
472.267	19205.000
472.457	19233.000
472.647	19192.000
472.836	19238.000
473.026	19058.000
473.216	18881.000
473.405	18945.000
473.595	19048.000
473.785	18974.000
473.975	19266.000
474.164	19443.000
474.354	19621.000
474.544	19598.000
474.734	19647.000
474.923	19483.000
475.113	19529.000
475.303	19675.000
475.492	19624.000
475.682	19494.000
475.872	19425.000
476.062	19267.000
476.251	19211.000
476.441	19292.000
476.631	19353.000
476.821	19268.000
477.010	19345.000
477.200	19489.000
477.390	19607.000
477.579	19869.000
477.769	19984.000
477.959	19830.000
478.149	19761.000
478.338	19639.000
478.528	19589.000
478.718	19619.000
478.907	19768.000
479.097	19770.000
479.287	19812.000
479.477	19869.000
479.666	20020.000
479.856	20095.000
480.046	20053.000
480.236	19982.000
480.425	19873.000
480.615	19944.000
480.805	20027.000
480.994	19988.000
481.184	20057.000
481.374	20172.000
481.564	20048.000
481.753	19814.000
481.943	20019.000
482.133	20040.000
482.323	19982.000
482.512	19904.000
482.702	19805.000
482.892	19821.000
483.081	19616.000
483.271	19587.000
483.461	19510.000
483.651	19393.000
483.840	19413.000
484.030	19241.000
484.220	19217.000
484.409	19128.000
484.599	18987.000
484.789	19063.000
484.979	18877.000
485.168	18747.000
485.358	18321.000
485.548	17790.000
485.738	17531.000
485.927	17139.000
486.117	16802.000
486.307	16504.000
486.496	16512.000
486.686	16589.000
486.876	16776.000
487.066	17043.000
487.255	17110.000
487.445	17289.000
487.635	17580.000
487.825	17641.000
488.014	17924.000
488.204	18116.000
488.394	18081.000
488.583	18014.000
488.773	18023.000
488.963	18140.000
489.153	18109.000
489.342	18140.000
489.532	18613.000
489.722	18871.000
489.912	18988.000
490.101	19104.000
490.291	19102.000
490.481	19107.000
490.670	18985.000
490.860	19064.000
491.050	19004.000
491.240	19048.000
491.429	18796.000
491.619	18513.000
491.809	18555.000
491.998	18510.000
492.188	18303.000
492.378	18248.000
492.568	18421.000
492.757	18489.000
492.947	18628.000
493.137	18621.000
493.327	18713.000
493.516	18785.000
493.706	18858.000
493.896	18852.000
494.085	18996.000
494.275	19126.000
494.465	19155.000
494.655	19305.000
494.844	19437.000
495.034	19422.000
495.224	19433.000
495.414	19349.000
495.603	19331.000
495.793	19149.000
495.983	19107.000
496.172	19195.000
496.362	19282.000
496.552	19296.000
496.742	19490.000
496.931	19598.000
497.121	19477.000
497.311	19309.000
497.500	19455.000
497.690	19381.000
497.880	19261.000
498.070	19150.000
498.259	18998.000
498.449	18825.000
498.639	18866.000
498.829	19098.000
499.018	19159.000
499.208	19262.000
499.398	19182.000
499.587	19133.000
499.777	19070.000
499.967	19058.000
500.157	18880.000
500.346	18898.000
500.536	18787.000
500.726	18613.000
500.916	18485.000
501.105	18483.000
501.295	18357.000
501.485	18421.000
501.674	18269.000
501.864	18323.000
502.054	18343.000
502.244	18341.000
502.433	18369.000
502.623	18757.000
502.813	18844.000
503.003	18677.000
503.192	18879.000
503.382	19028.000
503.572	18762.000
503.761	18693.000
503.951	18659.000
504.141	18544.000
504.331	18589.000
504.520	18581.000
504.710	18858.000
504.900	18843.000
505.089	18779.000
505.279	18929.000
505.469	19068.000
505.659	19196.000
505.848	19299.000
506.038	19180.000
506.228	19231.000
506.418	19165.000
506.607	19029.000
506.797	18939.000
506.987	18792.000
507.176	18744.000
507.366	18782.000
507.556	18660.000
507.746	18589.000
507.935	18636.000
508.125	18473.000
508.315	18442.000
508.505	18465.000
508.694	18503.000
508.884	18659.000
509.074	18610.000
509.263	18668.000
509.453	18677.000
509.643	18617.000
509.833	18478.000
510.022	18308.000
510.212	18284.000
510.402	18178.000
510.592	18450.000
510.781	18538.000
510.971	18428.000
511.161	18552.000
511.350	18584.000
511.540	18603.000
511.730	18582.000
511.920	18503.000
512.109	18331.000
512.299	18314.000
512.489	18203.000
512.678	18090.000
512.868	18157.000
513.058	18152.000
513.248	17991.000
513.437	17843.000
513.627	17705.000
513.817	17657.000
514.007	17557.000
514.196	17444.000
514.386	17376.000
514.576	17494.000
514.765	17443.000
514.955	17447.000
515.145	17422.000
515.335	17402.000
515.524	17472.000
515.714	17412.000
515.904	17198.000
516.094	17004.000
516.283	16813.000
516.473	16441.000
516.663	16077.000
516.852	15845.000
517.042	15761.000
517.232	15643.000
517.422	15748.000
517.611	15809.000
517.801	15710.000
517.991	15722.000
518.180	15664.000
518.370	15522.000
518.560	15668.000
518.750	15942.000
518.939	16118.000
519.129	16202.000
519.319	16410.000
519.509	16359.000
519.698	16561.000
519.888	16747.000
520.078	16814.000
520.267	16881.000
520.457	16792.000
520.647	16931.000
520.837	16900.000
521.026	16840.000
521.216	17024.000
521.406	17156.000
521.596	17181.000
521.785	17088.000
521.975	17188.000
522.165	17064.000
522.354	17023.000
522.544	16878.000
522.734	16867.000
522.924	17041.000
523.113	16967.000
523.303	16951.000
523.493	17015.000
523.683	17126.000
523.872	17227.000
524.062	17279.000
524.252	17324.000
524.441	17448.000
524.631	17666.000
524.821	17599.000
525.011	17445.000
525.200	17490.000
525.390	17454.000
525.580	17291.000
525.769	17201.000
525.959	17103.000
526.149	16825.000
526.339	16523.000
526.528	16313.000
526.718	16403.000
526.908	16306.000
527.098	16191.000
527.287	16406.000
527.477	16481.000
527.667	16554.000
527.856	16760.000
528.046	16973.000
528.236	17056.000
528.426	17174.000
528.615	17273.000
528.805	17361.000
528.995	17560.000
529.185	17595.000
529.374	17511.000
529.564	17326.000
529.754	17421.000
529.943	17433.000
530.133	17385.000
530.323	17374.000
530.513	17398.000
530.702	17439.000
530.892	17664.000
531.082	17671.000
531.271	17504.000
531.461	17338.000
531.651	17238.000
531.841	17063.000
532.030	16832.000
532.220	16609.000
532.410	16408.000
532.600	16369.000
532.789	16162.000
532.979	16235.000
533.169	16415.000
533.358	16302.000
533.548	16338.000
533.738	16287.000
533.928	16234.000
534.117	16377.000
534.307	16302.000
534.497	16203.000
534.687	16280.000
534.876	16384.000
535.066	16515.000
535.256	16588.000
535.445	16552.000
535.635	16508.000
535.825	16514.000
536.015	16251.000
536.204	16056.000
536.394	15789.000
536.584	15642.000
536.773	15711.000
536.963	15686.000
537.153	15659.000
537.343	15751.000
537.532	15924.000
537.722	15820.000
537.912	15738.000
538.102	15884.000
538.291	15772.000
538.481	15606.000
538.671	15496.000
538.860	15433.000
539.050	15477.000
539.240	15512.000
539.430	15240.000
539.619	15252.000
539.809	15061.000
539.999	14988.000
540.189	14904.000
540.378	14807.000
540.568	14836.000
540.758	14985.000
540.947	15143.000
541.137	15248.000
541.327	15194.000
541.517	15178.000
541.706	15144.000
541.896	15052.000
542.086	15188.000
542.276	15253.000
542.465	15046.000
542.655	15056.000
542.845	15046.000
543.034	14973.000
543.224	15127.000
543.414	15227.000
543.604	15223.000
543.793	15095.000
543.983	15197.000
544.173	15214.000
544.362	15122.000
544.552	15210.000
544.742	15257.000
544.932	15192.000
545.121	15113.000
545.311	15146.000
545.501	15156.000
545.691	15217.000
545.880	15204.000
546.070	15154.000
546.264	15131.000
546.459	15096.000
546.653	15011.000
546.847	14832.000
547.041	14678.000
547.236	14851.000
547.430	14879.000
547.624	14766.000
547.818	14721.000
548.013	14649.000
548.207	14743.000
548.401	14765.000
548.596	14867.000
548.790	14906.000
548.984	14825.000
549.178	14862.000
549.373	14892.000
549.567	14802.000
549.761	14784.000
549.956	14739.000
550.150	14722.000
550.344	14744.000
550.538	14774.000
550.733	14627.000
550.927	14652.000
551.121	14796.000
551.315	14771.000
551.510	14709.000
551.704	14687.000
551.898	14612.000
552.093	14465.000
552.287	14475.000
552.481	14636.000
552.675	14506.000
552.870	14552.000
553.064	14637.000
553.258	14573.000
553.453	14574.000
553.647	14602.000
553.841	14606.000
554.035	14708.000
554.230	14459.000
554.424	14534.000
554.618	14603.000
554.812	14671.000
555.007	14573.000
555.201	14500.000
555.395	14458.000
555.590	14381.000
555.784	14388.000
555.978	14392.000
556.172	14269.000
556.367	14321.000
556.561	14156.000
556.755	14044.000
556.949	14195.000
557.144	14243.000
557.338	14133.000
557.532	14073.000
557.727	14066.000
557.921	13878.000
558.115	13902.000
558.309	13843.000
558.504	13726.000
558.698	13765.000
558.892	13673.000
559.087	13715.000
559.281	13742.000
559.475	13891.000
559.669	14005.000
559.864	13961.000
560.058	14029.000
560.252	14045.000
560.446	14032.000
560.641	13927.000
560.835	13955.000
561.029	14038.000
561.224	13944.000
561.418	13955.000
561.612	14060.000
561.806	13913.000
562.001	13955.000
562.195	13976.000
562.389	14048.000
562.584	14031.000
562.778	14037.000
562.972	14008.000
563.166	14114.000
563.361	14014.000
563.555	13971.000
563.749	13982.000
563.943	14022.000
564.138	13910.000
564.332	13884.000
564.526	13969.000
564.721	13968.000
564.915	13818.000
565.109	13722.000
565.303	13739.000
565.498	13776.000
565.692	13664.000
565.886	13624.000
566.081	13702.000
566.275	13686.000
566.469	13677.000
566.663	13767.000
566.858	13895.000
567.052	13839.000
567.246	13706.000
567.440	13644.000
567.635	13621.000
567.829	13626.000
568.023	13564.000
568.218	13523.000
568.412	13451.000
568.606	13431.000
568.800	13596.000
568.995	13596.000
569.189	13499.000
569.383	13298.000
569.577	13258.000
569.772	13344.000
569.966	13318.000
570.160	13248.000
570.355	13153.000
570.549	13211.000
570.743	13035.000
570.937	13124.000
571.132	13234.000
571.326	13183.000
571.520	13173.000
571.715	13118.000
571.909	13219.000
572.103	13183.000
572.297	13289.000
572.492	13489.000
572.686	13435.000
572.880	13332.000
573.074	13355.000
573.269	13288.000
573.463	13198.000
573.657	13261.000
573.852	13302.000
574.046	13221.000
574.240	13222.000
574.434	12999.000
574.629	12910.000
574.823	12841.000
575.017	12959.000
575.212	13001.000
575.406	13002.000
575.600	13060.000
575.794	12941.000
575.989	12898.000
576.183	13021.000
576.377	12891.000
576.571	12853.000
576.766	12828.000
576.960	12665.000
577.159	12675.000
577.357	12673.000
577.556	12545.000
577.755	12547.000
577.953	12608.000
578.152	12454.000
578.350	12468.000
578.549	12436.000
578.748	12488.000
578.946	12477.000
579.145	12550.000
579.344	12587.000
579.542	12419.000
579.741	12514.000
579.940	12586.000
580.138	12711.000
580.337	12744.000
580.535	12745.000
580.734	12771.000
580.933	12822.000
581.131	12890.000
581.330	12945.000
581.529	13029.000
581.727	13156.000
581.926	13077.000
582.125	13265.000
582.323	13346.000
582.522	13239.000
582.721	13307.000
582.919	13461.000
583.118	13394.000
583.316	13402.000
583.515	13558.000
583.714	13673.000
583.912	13632.000
584.111	13638.000
584.310	13616.000
584.508	13527.000
584.707	13719.000
584.906	13699.000
585.104	13590.000
585.303	13460.000
585.501	13490.000
585.700	13554.000
585.899	13619.000
586.097	13585.000
586.296	13383.000
586.495	13390.000
586.693	13638.000
586.892	13644.000
587.091	13532.000
587.289	13512.000
587.488	13447.000
587.686	13246.000
587.885	12960.000
588.084	12732.000
588.282	12514.000
588.481	12335.000
588.680	12181.000
588.878	12090.000
589.077	12019.000
589.276	11928.000
589.474	11986.000
589.673	12106.000
589.871	12249.000
590.070	12450.000
590.269	12501.000
590.467	12459.000
590.666	12517.000
590.865	12460.000
591.063	12532.000
591.262	12551.000
591.461	12629.000
591.659	12587.000
591.858	12578.000
592.056	12692.000
592.255	12750.000
592.454	12766.000
592.652	12811.000
592.851	12692.000
593.050	12584.000
593.248	12665.000
593.447	12795.000
593.646	12785.000
593.844	12657.000
594.043	12543.000
594.241	12586.000
594.440	12644.000
594.639	12535.000
594.837	12459.000
595.036	12486.000
595.235	12614.000
595.433	12775.000
595.632	12737.000
595.831	12623.000
596.029	12659.000
596.228	12774.000
596.427	12762.000
596.625	12770.000
596.824	12792.000
597.022	12806.000
597.221	12645.000
597.420	12576.000
597.618	12561.000
597.817	12751.000
598.016	12752.000
598.214	12605.000
598.413	12561.000
598.612	12614.000
598.810	12824.000
599.009	12769.000
599.207	12670.000
599.406	12689.000
599.605	12614.000
599.803	12712.000
600.002	12630.000
600.201	12513.000
600.399	12560.000
600.598	12510.000
600.797	12466.000
600.995	12402.000
601.194	12499.000
601.392	12444.000
601.591	12343.000
601.790	12401.000
601.988	12362.000
602.187	12386.000
602.386	12417.000
602.584	12553.000
602.783	12556.000
602.982	12625.000
603.180	12672.000
603.379	12642.000
603.577	12664.000
603.776	12760.000
603.975	12759.000
604.173	12782.000
604.372	12695.000
604.571	12674.000
604.769	12657.000
604.968	12784.000
605.167	12695.000
605.365	12681.000
605.564	12689.000
605.762	12717.000
605.961	12686.000
606.160	12795.000
606.358	12823.000
606.557	12814.000
606.756	12713.000
606.954	12712.000
607.153	12646.000
607.352	12571.000
607.550	12540.000
607.749	12356.000
607.948	12489.000
608.146	12625.000
608.345	12624.000
608.543	12665.000
608.742	12583.000
608.941	12577.000
609.139	12493.000
609.338	12437.000
609.537	12449.000
609.735	12259.000
609.934	12284.000
610.133	12452.000
610.331	12433.000
610.530	12430.000
610.728	12477.000
610.927	12365.000
611.126	12241.000
611.324	12366.000
611.523	12367.000
611.722	12255.000
611.920	12201.000
612.119	12114.000
612.318	12214.000
612.516	12402.000
612.715	12409.000
612.913	12250.000
613.112	12137.000
613.311	12080.000
613.509	12156.000
613.708	12205.000
613.907	12148.000
614.105	12125.000
614.304	12125.000
614.503	12115.000
614.701	12069.000
614.900	12081.000
615.098	12042.000
615.297	11958.000
615.496	11853.000
615.694	11834.000
615.893	11812.000
616.092	11744.000
616.290	11810.000
616.489	11756.000
616.688	11792.000
616.886	11745.000
617.085	11722.000
617.283	11728.000
617.482	11811.000
617.681	11849.000
617.879	11932.000
618.078	12096.000
618.277	11800.000
618.475	11860.000
618.674	12039.000
618.873	12009.000
619.071	11927.000
619.270	11942.000
619.468	11965.000
619.667	11960.000
619.866	12031.000
620.064	12058.000
620.263	12115.000
620.462	12026.000
620.660	11920.000
620.859	11974.000
621.058	11989.000
621.256	11904.000
621.455	11774.000
621.654	11824.000
621.852	11900.000
622.051	11855.000
622.249	11852.000
622.448	11855.000
622.647	11834.000
622.845	11764.000
623.044	11742.000
623.243	11679.000
623.441	11613.000
623.640	11775.000
623.839	11716.000
624.037	11577.000
624.236	11635.000
624.434	11592.000
624.633	11438.000
624.832	11467.000
625.030	11398.000
625.229	11393.000
625.428	11377.000
625.626	11269.000
625.825	11264.000
626.024	11373.000
626.222	11475.000
626.421	11401.000
626.619	11435.000
626.818	11443.000
627.017	11310.000
627.215	11313.000
627.414	11291.000
627.613	11383.000
627.811	11232.000
628.010	11216.000
628.209	11272.000
628.407	11103.000
628.606	11073.000
628.804	11083.000
629.003	11167.000
629.202	11096.000
629.400	11154.000
629.599	11143.000
629.798	11090.000
629.996	10968.000
630.195	10997.000
630.394	11229.000
630.592	11228.000
630.791	11049.000
630.990	10969.000
631.188	10880.000
631.387	10932.000
631.585	11091.000
631.784	11163.000
631.983	11141.000
632.181	11185.000
632.380	11167.000
632.579	11121.000
632.777	11004.000
632.976	10939.000
633.175	11143.000
633.373	11144.000
633.572	11003.000
633.770	10982.000
633.969	10979.000
634.168	11051.000
634.366	11078.000
634.565	11053.000
634.764	11201.000
634.962	11186.000
635.161	11066.000
635.360	11097.000
635.558	11193.000
635.757	11044.000
635.955	11028.000
636.154	11028.000
636.353	11143.000
636.551	11094.000
636.750	11156.000
636.949	11207.000
637.147	11286.000
637.346	11278.000
637.545	11167.000
637.743	11128.000
637.942	11238.000
638.140	11326.000
638.339	11356.000
638.538	11381.000
638.736	11301.000
638.935	11276.000
639.134	11220.000
639.332	11268.000
639.531	11172.000
639.730	11134.000
639.928	11019.000
640.127	11034.000
640.325	11125.000
640.524	11031.000
640.723	11046.000
640.921	11022.000
641.120	11134.000
641.319	11083.000
641.517	10987.000
641.716	10977.000
641.915	11027.000
642.113	11043.000
642.312	11086.000
642.510	11114.000
642.709	11171.000
642.908	11174.000
643.106	11055.000
643.305	11094.000
643.504	11171.000
643.702	11055.000
643.901	11079.000
644.100	11068.000
644.298	11130.000
644.497	11087.000
644.696	11137.000
644.894	11105.000
645.093	11087.000
645.291	11142.000
645.490	11029.000
645.689	10986.000
645.887	10881.000
646.086	10863.000
646.285	10839.000
646.483	10947.000
646.682	10932.000
646.881	10881.000
647.079	10741.000
647.278	10647.000
647.476	10791.000
647.675	10725.000
647.874	10655.000
648.072	10694.000
648.271	10654.000
648.470	10629.000
648.668	10670.000
648.867	10678.000
649.066	10555.000
649.264	10570.000
649.463	10546.000
649.661	10606.000
649.860	10659.000
650.059	10621.000
650.257	10549.000
650.456	10745.000
650.655	10748.000
650.853	10701.000
651.052	10698.000
651.251	10733.000
651.449	10626.000
651.648	10813.000
651.846	10880.000
652.045	10823.000
652.244	10793.000
652.442	10941.000
652.641	11002.000
652.840	10898.000
653.038	10868.000
653.237	10920.000
653.436	10949.000
653.634	10858.000
653.833	10876.000
654.032	10904.000
654.230	10862.000
654.429	10870.000
654.627	10643.000
654.826	10564.000
655.025	10549.000
655.223	10327.000
655.422	10094.000
655.621	9890.000
655.819	9752.000
656.018	9653.000
656.217	9619.000
656.415	9752.000
656.614	9866.000
656.812	10008.000
657.011	10106.000
657.210	10144.000
657.408	10119.000
657.607	10325.000
657.806	10320.000
658.004	10409.000
658.203	10576.000
658.402	10595.000
658.600	10711.000
658.799	10768.000
658.997	10763.000
659.196	10646.000
659.395	10660.000
659.593	10715.000
659.792	10919.000
659.991	10920.000
660.189	10839.000
660.388	10972.000
660.587	11024.000
660.785	11015.000
660.984	10966.000
661.182	10969.000
661.381	11072.000
661.580	10987.000
661.778	11085.000
661.977	11098.000
662.176	11113.000
662.374	11115.000
662.573	11025.000
662.772	10962.000
662.970	10980.000
663.169	10956.000
663.367	10812.000
663.566	10860.000
663.765	10866.000
663.963	10858.000
664.162	11006.000
664.361	10973.000
664.559	11024.000
664.758	10979.000
664.957	11063.000
665.155	11066.000
665.354	11006.000
665.552	10931.000
665.751	10937.000
665.950	10992.000
666.148	10920.000
666.347	10935.000
666.546	10992.000
666.744	10804.000
666.943	10800.000
667.142	10859.000
667.340	10863.000
667.539	10859.000
667.738	10826.000
667.936	10834.000
668.135	10947.000
668.333	10881.000
668.532	10830.000
668.731	10940.000
668.929	10841.000
669.128	10817.000
669.327	10733.000
669.525	10860.000
669.724	10913.000
669.923	10784.000
670.121	10721.000
670.320	10704.000
670.518	10719.000
670.717	10651.000
670.916	10654.000
671.114	10610.000
671.313	10705.000
671.512	10620.000
671.710	10658.000
671.909	10659.000
672.108	10562.000
672.306	10583.000
672.505	10615.000
672.703	10598.000
672.902	10716.000
673.101	10663.000
673.299	10627.000
673.498	10638.000
673.697	10589.000
673.895	10606.000
674.094	10640.000
674.293	10585.000
674.491	10646.000
674.690	10630.000
674.888	10539.000
675.087	10458.000
675.286	10414.000
675.484	10607.000
675.683	10447.000
675.882	10418.000
676.080	10492.000
676.279	10395.000
676.478	10412.000
676.676	10399.000
676.875	10401.000
677.073	10398.000
677.272	10314.000
677.471	10419.000
677.669	10546.000
677.868	10441.000
678.067	10462.000
678.265	10396.000
678.464	10320.000
678.663	10432.000
678.861	10420.000
679.060	10339.000
679.259	10291.000
679.457	10267.000
679.656	10276.000
679.854	10194.000
680.053	10260.000
680.252	10253.000
680.450	10143.000
680.649	10182.000
680.848	10108.000
681.046	10236.000
681.245	10314.000
681.444	10281.000
681.642	10246.000
681.841	10210.000
682.039	10149.000
682.238	10059.000
682.437	10038.000
682.635	10063.000
682.834	10020.000
683.033	9980.000
683.231	9955.000
683.430	9939.000
683.629	9933.000
683.827	9915.000
684.026	9958.000
684.224	9860.000
684.423	9774.000
684.622	9814.000
684.820	9844.000
685.019	9710.000
685.218	9652.000
685.416	9694.000
685.615	9533.000
685.814	9161.000
686.012	9060.000
686.211	8738.000
686.409	8444.000
686.608	8289.000
686.807	8138.000
687.005	8293.000
687.204	8326.000
687.403	8274.000
687.601	8227.000
687.800	8161.000
687.999	8183.000
688.197	8178.000
688.396	8138.000
688.594	8145.000
688.793	8217.000
688.992	8240.000
689.190	8316.000
689.389	8390.000
689.588	8419.000
689.786	8451.000
689.985	8470.000
690.184	8494.000
690.382	8514.000
690.581	8644.000
690.779	8635.000
690.978	8706.000
691.177	8780.000
691.375	8792.000
691.574	8710.000
691.773	8740.000
691.971	8868.000
692.170	8850.000
692.369	8748.000
692.567	8768.000
692.766	8945.000
692.965	8929.000
693.163	8748.000
693.362	8654.000
693.560	8586.000
693.759	8612.000
693.958	8726.000
694.156	8701.000
694.355	8681.000
694.554	8716.000
694.752	8746.000
694.951	8693.000
695.150	8803.000
695.348	8776.000
695.547	8748.000
695.745	8854.000
695.944	9020.000
696.143	9024.000
696.341	8955.000
696.540	8987.000
696.743	9074.000
696.946	8960.000
697.149	8957.000
697.352	8977.000
697.555	8894.000
697.757	8876.000
697.960	8883.000
698.163	8795.000
698.366	8744.000
698.569	8778.000
698.772	8854.000
698.975	8857.000
699.178	8691.000
699.381	8707.000
699.584	8694.000
699.787	8681.000
699.989	8706.000
700.192	8565.000
700.395	8513.000
700.598	8647.000
700.801	8615.000
701.004	8493.000
701.207	8533.000
701.410	8556.000
701.613	8532.000
701.816	8580.000
702.019	8599.000
702.221	8605.000
702.424	8570.000
702.627	8652.000
702.830	8683.000
703.033	8683.000
703.236	8684.000
703.439	8711.000
703.642	8737.000
703.845	8746.000
704.048	8744.000
704.251	8645.000
704.453	8699.000
704.656	8625.000
704.859	8535.000
705.062	8624.000
705.265	8558.000
705.468	8542.000
705.671	8672.000
705.874	8681.000
706.077	8691.000
706.280	8685.000
706.483	8750.000
706.685	8809.000
706.888	8712.000
707.091	8630.000
707.294	8666.000
707.497	8705.000
707.700	8700.000
707.903	8626.000
708.106	8555.000
708.309	8684.000
708.512	8660.000
708.715	8539.000
708.917	8592.000
709.120	8631.000
709.323	8603.000
709.526	8682.000
709.729	8714.000
709.932	8642.000
710.135	8601.000
710.338	8546.000
710.541	8613.000
710.744	8755.000
710.947	8671.000
711.149	8558.000
711.352	8557.000
711.555	8540.000
711.758	8534.000
711.961	8535.000
712.164	8437.000
712.367	8497.000
712.570	8579.000
712.773	8587.000
712.976	8606.000
713.179	8458.000
713.381	8422.000
713.584	8389.000
713.787	8382.000
713.990	8250.000
714.193	8113.000
714.396	8185.000
714.599	8324.000
714.802	8289.000
715.005	8232.000
715.208	8086.000
715.411	8049.000
715.613	7963.000
715.816	7728.000
716.019	7553.000
716.222	7384.000
716.425	7267.000
716.628	7250.000
716.831	7104.000
717.034	6841.000
717.237	6788.000
717.440	6706.000
717.643	6516.000
717.845	6353.000
718.048	6331.000
718.251	6293.000
718.454	6199.000
718.657	6134.000
718.860	6013.000
719.063	5892.000
719.266	6006.000
719.469	6074.000
719.672	6064.000
719.875	6129.000
720.077	6242.000
720.280	6379.000
720.483	6552.000
720.686	6577.000
720.889	6677.000
721.092	6825.000
721.295	6965.000
721.498	6932.000
721.701	6864.000
721.904	6846.000
722.107	6781.000
722.309	6722.000
722.512	6725.000
722.715	6626.000
722.918	6499.000
723.121	6478.000
723.324	6441.000
723.527	6338.000
723.730	6309.000
723.933	6309.000
724.136	6319.000
724.339	6277.000
724.541	6361.000
724.744	6291.000
724.947	6233.000
725.150	6237.000
725.353	6283.000
725.556	6232.000
725.759	6273.000
725.962	6227.000
726.165	6213.000
726.368	6200.000
726.571	6177.000
726.773	6156.000
726.976	6114.000
727.179	6108.000
727.382	6099.000
727.585	6157.000
727.788	6109.000
727.991	6169.000
728.194	6161.000
728.397	6056.000
728.600	6057.000
728.803	6085.000
729.005	6032.000
729.208	6104.000
729.411	6186.000
729.614	6202.000
729.817	6146.000
730.020	6274.000
730.223	6205.000
730.426	6105.000
730.629	6058.000
730.832	6160.000
731.035	6172.000
731.237	6245.000
731.440	6254.000
731.643	6375.000
731.846	6465.000
732.049	6392.000
732.252	6424.000
732.455	6476.000
732.658	6469.000
732.861	6485.000
733.064	6647.000
733.267	6717.000
733.469	6788.000
733.672	6656.000
733.875	6585.000
734.078	6682.000
734.281	6685.000
734.484	6685.000
734.687	6676.000
734.890	6627.000
735.093	6576.000
735.296	6622.000
735.499	6663.000
735.701	6673.000
735.904	6620.000
736.107	6625.000
736.310	6650.000
736.513	6670.000
736.716	6640.000
736.919	6573.000
737.122	6597.000
737.325	6495.000
737.528	6434.000
737.731	6502.000
737.933	6562.000
738.136	6501.000
738.339	6464.000
738.542	6439.000
738.745	6497.000
738.948	6518.000
739.151	6386.000
739.354	6377.000
739.557	6395.000
739.760	6373.000
739.963	6468.000
740.165	6467.000
740.368	6338.000
740.571	6272.000
740.774	6369.000
740.977	6475.000
741.180	6328.000
741.383	6364.000
741.586	6417.000
741.789	6354.000
741.992	6357.000
742.195	6452.000
742.397	6493.000
742.600	6431.000
742.803	6419.000
743.006	6406.000
743.209	6363.000
743.412	6290.000
743.615	6259.000
743.818	6298.000
744.021	6381.000
744.224	6351.000
744.427	6333.000
744.629	6320.000
744.832	6355.000
745.035	6327.000
745.238	6290.000
745.441	6233.000
745.644	6291.000
745.847	6252.000
746.050	6190.000
746.253	6297.000
746.456	6368.000
746.659	6288.000
746.861	6177.000
747.064	6221.000
747.267	6238.000
747.470	6183.000
747.673	6223.000
747.876	6203.000
748.079	6072.000
748.282	6017.000
748.485	6064.000
748.688	6117.000
748.891	5995.000
749.093	5962.000
749.296	5860.000
749.499	5970.000
749.702	6091.000
749.905	6006.000
750.108	6014.000
750.311	5992.000
750.514	5955.000
750.717	5873.000
750.920	5936.000
751.123	5944.000
751.325	5917.000
751.528	5883.000
751.731	5832.000
751.934	5833.000
752.137	5840.000
752.340	5864.000
752.543	5840.000
752.746	5853.000
752.949	5827.000
753.152	5720.000
753.355	5755.000
753.557	5770.000
753.760	5773.000
753.963	5786.000
754.166	5844.000
754.369	5736.000
754.572	5654.000
754.775	5737.000
754.978	5661.000
755.181	5623.000
755.384	5723.000
755.587	5744.000
755.789	5597.000
755.992	5670.000
756.195	5780.000
756.398	5773.000
756.601	5660.000
756.804	5720.000
757.007	5679.000
757.210	5551.000
757.413	5521.000
757.616	5513.000
757.819	5457.000
758.021	5327.000
758.224	5023.000
758.427	4712.000
758.630	4290.000
758.833	3846.000
759.036	3552.000
759.239	3201.000
759.442	2965.000
759.645	2793.000
759.848	2641.000
760.051	2674.000
760.253	2603.000
760.456	2576.000
760.659	2662.000
760.862	2615.000
761.065	2585.000
761.268	2580.000
761.471	2518.000
761.674	2380.000
761.877	2324.000
762.080	2359.000
762.283	2320.000
762.485	2329.000
762.688	2435.000
762.891	2498.000
763.094	2572.000
763.297	2673.000
763.500	2784.000
763.706	2862.000
763.912	2880.000
764.118	2961.000
764.325	3040.000
764.531	3199.000
764.737	3270.000
764.943	3320.000
765.149	3559.000
765.355	3665.000
765.561	3787.000
765.768	3853.000
765.974	3972.000
766.180	4043.000
766.386	4156.000
766.592	4239.000
766.798	4253.000
767.004	4349.000
767.210	4457.000
767.417	4572.000
767.623	4577.000
767.829	4603.000
768.035	4664.000
768.241	4712.000
768.447	4662.000
768.653	4726.000
768.860	4697.000
769.066	4669.000
769.272	4761.000
769.478	4890.000
769.684	4940.000
769.890	4888.000
770.096	4824.000
770.303	4833.000
770.509	4849.000
770.715	4804.000
770.921	4755.000
771.127	4827.000
771.333	4880.000
771.539	4885.000
771.745	4859.000
771.952	4824.000
772.158	4817.000
772.364	4802.000
772.570	4861.000
772.776	4875.000
772.982	4852.000
773.188	4812.000
773.395	4764.000
773.601	4744.000
773.807	4771.000
774.013	4752.000
774.219	4699.000
774.425	4718.000
774.631	4746.000
774.838	4742.000
775.044	4726.000
775.250	4743.000
775.456	4764.000
775.662	4797.000
775.868	4745.000
776.074	4632.000
776.281	4634.000
776.487	4689.000
776.693	4672.000
776.899	4688.000
777.105	4663.000
777.311	4617.000
777.517	4694.000
777.723	4664.000
777.930	4594.000
778.136	4587.000
778.342	4645.000
778.548	4636.000
778.754	4573.000
778.960	4565.000
779.166	4519.000
779.373	4632.000
779.579	4668.000
779.785	4524.000
779.991	4568.000
780.197	4556.000
780.403	4568.000
780.609	4538.000
780.816	4405.000
781.022	4386.000
781.228	4437.000
781.434	4525.000
781.640	4505.000
781.846	4511.000
782.052	4502.000
782.259	4455.000
782.465	4395.000
782.671	4353.000
782.877	4375.000
783.083	4370.000
783.289	4413.000
783.495	4407.000
783.701	4263.000
783.908	4213.000
784.114	4287.000
784.320	4301.000
784.526	4255.000
784.732	4204.000
784.938	4264.000
785.144	4299.000
785.351	4225.000
785.557	4150.000
785.763	4154.000
785.969	4153.000
786.175	4115.000
786.381	4190.000
786.587	4214.000
786.794	4135.000
787.000	4114.000
787.206	4079.000
787.412	4247.000
787.618	4166.000
787.824	4079.000
788.030	4071.000
788.236	4052.000
788.443	3972.000
788.649	3960.000
788.855	3919.000
789.061	3903.000
789.267	3928.000
789.473	3975.000
789.679	3929.000
789.886	3913.000
790.092	3951.000
790.298	3927.000
790.504	3889.000
790.710	3869.000
790.916	3841.000
791.122	3872.000
791.329	3824.000
791.535	3820.000
791.741	3825.000
791.947	3777.000
792.153	3754.000
792.359	3732.000
792.565	3633.000
792.771	3682.000
792.978	3748.000
793.184	3761.000
793.390	3766.000
793.596	3740.000
793.802	3719.000
794.008	3753.000
794.214	3674.000
794.421	3629.000
794.627	3660.000
794.833	3603.000
795.039	3555.000
795.245	3613.000
795.451	3651.000
795.657	3598.000
795.864	3532.000
796.070	3580.000
796.276	3680.000
796.482	3623.000
796.688	3543.000
796.894	3545.000
797.100	3480.000
797.307	3520.000
797.513	3593.000
797.719	3512.000
797.925	3465.000
798.131	3553.000
798.337	3574.000
798.543	3556.000
798.749	3481.000
798.956	3464.000
799.162	3525.000
799.368	3483.000
799.574	3407.000
799.780	3478.000
799.986	3465.000
800.192	3454.000
800.399	3443.000
800.605	3383.000
800.811	3338.000
801.017	3337.000
801.223	3336.000
801.429	3377.000
801.635	3380.000
801.842	3381.000
802.048	3423.000
802.254	3358.000
802.460	3260.000
802.666	3331.000
802.872	3268.000
803.078	3298.000
803.285	3266.000
803.491	3189.000
803.697	3275.000
803.903	3217.000
804.109	3196.000
804.315	3274.000
804.521	3312.000
804.727	3326.000
804.934	3351.000
805.140	3328.000
805.346	3280.000
805.552	3267.000
805.758	3274.000
805.964	3255.000
806.170	3257.000
806.377	3273.000
806.583	3283.000
806.789	3216.000
806.995	3160.000
807.201	3134.000
807.407	3111.000
807.613	3168.000
807.820	3111.000
808.026	3031.000
808.232	3105.000
808.438	3082.000
808.644	3008.000
808.850	3091.000
809.056	3055.000
809.262	3038.000
809.469	3132.000
809.675	3107.000
809.881	3032.000
810.087	2969.000
810.293	3010.000
810.499	2973.000
810.705	2961.000
810.912	2928.000
811.118	2901.000
811.324	2936.000
811.530	2775.000
811.739	2741.000
811.947	2795.000
812.156	2758.000
812.365	2773.000
812.573	2777.000
812.782	2726.000
812.990	2690.000
813.199	2597.000
813.408	2565.000
813.616	2591.000
813.825	2536.000
814.034	2490.000
814.242	2487.000
814.451	2453.000
814.659	2443.000
814.868	2389.000
815.077	2314.000
815.285	2275.000
815.494	2298.000
815.703	2265.000
815.911	2281.000
816.120	2291.000
816.329	2316.000
816.537	2277.000
816.746	2240.000
816.954	2207.000
817.163	2120.000
817.372	2118.000
817.580	2207.000
817.789	2222.000
817.998	2170.000
818.206	2189.000
818.415	2226.000
818.624	2205.000
818.832	2186.000
819.041	2227.000
819.249	2219.000
819.458	2323.000
819.667	2366.000
819.875	2339.000
820.084	2383.000
820.293	2329.000
820.501	2317.000
820.710	2317.000
820.919	2284.000
821.127	2274.000
821.336	2210.000
821.544	2148.000
821.753	2095.000
821.962	2066.000
822.170	2104.000
822.379	2074.000
822.588	2102.000
822.796	2150.000
823.005	2150.000
823.213	2161.000
823.422	2146.000
823.631	2153.000
823.839	2244.000
824.048	2278.000
824.257	2228.000
824.465	2217.000
824.674	2258.000
824.883	2258.000
825.091	2220.000
825.300	2268.000
825.508	2293.000
825.717	2326.000
825.926	2321.000
826.134	2256.000
826.343	2250.000
826.552	2198.000
826.760	2177.000
826.969	2192.000
827.178	2151.000
827.386	2110.000
827.595	2154.000
827.803	2161.000
828.012	2139.000
828.221	2144.000
828.429	2189.000
828.638	2181.000
828.847	2113.000
829.055	2021.000
829.264	2090.000
829.472	2174.000
829.681	2146.000
829.890	2135.000
830.098	2139.000
830.307	2094.000
830.516	2133.000
830.724	2136.000
830.933	2031.000
831.142	2044.000
831.350	2060.000
831.559	2088.000
831.767	2113.000
831.976	2074.000
832.185	2086.000
832.393	2089.000
832.602	2090.000
832.811	2056.000
833.019	2045.000
833.228	2050.000
833.437	2041.000
833.645	2122.000
833.854	2171.000
834.062	2120.000
834.271	2089.000
834.480	2129.000
834.688	2111.000
834.897	2105.000
835.106	2118.000
835.314	2065.000
835.523	2138.000
835.731	2240.000
835.940	2208.000
836.149	2121.000
836.357	2131.000
836.566	2103.000
836.775	2129.000
836.983	2192.000
837.192	2168.000
837.401	2163.000
837.609	2134.000
837.818	2125.000
838.026	2153.000
838.235	2092.000
838.444	2060.000
838.652	2084.000
838.861	2071.000
839.070	2083.000
839.278	2115.000
839.487	2084.000
839.696	2119.000
839.904	2110.000
840.113	2108.000
840.321	2095.000
840.530	2113.000
840.739	2154.000
840.947	2131.000
841.156	2119.000
841.365	2114.000
841.573	2104.000
841.782	2056.000
841.991	2124.000
842.199	2065.000
842.408	1998.000
842.616	2038.000
842.825	2074.000
843.034	2097.000
843.242	2040.000
843.451	2032.000
843.660	1996.000
843.868	1972.000
844.077	2012.000
844.285	1996.000
844.494	2000.000
844.703	2007.000
844.911	2024.000
845.120	1985.000
845.329	1937.000
845.537	1962.000
845.746	1949.000
845.955	1933.000
846.163	1932.000
846.372	1893.000
846.580	1933.000
846.789	1964.000
846.998	1995.000
847.206	2005.000
847.415	1998.000
847.624	1960.000
847.832	1932.000
848.041	1977.000
848.250	1923.000
848.458	1877.000
848.667	1830.000
848.875	1783.000
849.084	1786.000
849.293	1780.000
849.501	1838.000
849.710	1853.000
849.919	1789.000
850.127	1821.000
850.336	1805.000
850.544	1805.000
850.753	1817.000
850.962	1703.000
851.170	1772.000
851.379	1864.000
851.588	1838.000
851.796	1769.000
852.005	1760.000
852.214	1758.000
852.422	1781.000
852.631	1837.000
852.839	1772.000
853.048	1679.000
853.257	1565.000
853.465	1536.000
853.674	1571.000
853.883	1622.000
854.091	1596.000
854.300	1584.000
854.509	1643.000
854.717	1644.000
854.926	1604.000
855.134	1604.000
855.343	1670.000
855.552	1712.000
855.760	1720.000
855.969	1681.000
856.178	1729.000
856.386	1747.000
856.595	1732.000
856.803	1668.000
857.012	1722.000
857.221	1787.000
857.429	1709.000
857.638	1679.000
857.847	1698.000
858.055	1702.000
858.264	1684.000
858.473	1663.000
858.681	1621.000
858.890	1668.000
859.098	1707.000
859.307	1649.000
859.516	1687.000
859.724	1636.000
859.933	1637.000
860.142	1588.000
860.350	1566.000
860.559	1655.000
860.768	1573.000
860.976	1570.000
861.185	1603.000
861.393	1577.000
861.602	1610.000
861.811	1631.000
862.019	1641.000
862.228	1602.000
862.437	1604.000
862.645	1620.000
862.854	1585.000
863.062	1570.000
863.271	1547.000
863.480	1499.000
863.688	1558.000
863.897	1553.000
864.106	1481.000
864.314	1492.000
864.523	1514.000
864.732	1519.000
864.940	1452.000
865.149	1409.000
865.357	1381.000
865.566	1375.000
865.775	1369.000
865.983	1376.000
866.192	1420.000
866.401	1397.000
866.609	1407.000
866.818	1456.000
867.027	1427.000
867.235	1355.000
867.444	1441.000
867.652	1388.000
867.861	1398.000
868.070	1415.000
868.278	1409.000
868.487	1366.000
868.696	1382.000
868.904	1335.000
869.113	1322.000
869.321	1385.000
869.530	1385.000
869.739	1327.000
869.947	1346.000
870.156	1390.000
870.365	1359.000
870.573	1366.000
870.782	1342.000
870.991	1365.000
871.199	1408.000
871.408	1365.000
871.616	1296.000
871.825	1332.000
872.034	1328.000
872.242	1285.000
872.451	1259.000
872.660	1267.000
872.868	1329.000
873.077	1309.000
873.286	1290.000
873.494	1260.000
873.703	1245.000
873.911	1261.000
874.120	1262.000
874.329	1248.000
874.537	1229.000
874.746	1213.000
874.955	1200.000
875.163	1309.000
875.372	1261.000
875.581	1215.000
875.789	1193.000
875.998	1235.000
876.206	1220.000
876.415	1230.000
876.624	1230.000
876.832	1216.000
877.041	1210.000
877.250	1246.000
877.458	1241.000
877.667	1181.000
877.875	1200.000
878.084	1219.000
878.293	1205.000
878.501	1143.000
878.710	1129.000
878.919	1139.000
879.127	1148.000
879.336	1163.000
879.545	1125.000
879.753	1049.000
879.962	1110.000
880.170	1168.000
880.379	1170.000
880.588	1171.000
880.796	1139.000
881.005	1127.000
881.214	1138.000
881.422	1166.000
881.631	1101.000
881.840	1037.000
882.048	1061.000
882.257	1104.000
882.465	1112.000
882.674	1101.000
882.883	1104.000
883.091	1094.000
883.300	1068.000
883.509	1062.000
883.717	1132.000
883.926	1084.000
884.134	1150.000
884.343	1126.000
884.552	1094.000
884.760	1098.000
884.969	1034.000
885.178	1016.000
885.386	1020.000
885.595	1017.000
885.804	1000.000
886.012	990.000
886.221	1003.000
886.429	1041.000
886.638	1013.000
886.847	988.000
887.055	1056.000
887.264	1057.000
887.473	1029.000
887.681	993.000
887.890	966.000
888.099	967.000
888.307	942.000
888.516	999.000
888.724	998.000
888.933	1044.000
889.142	995.000
889.350	936.000
889.559	1008.000
889.768	988.000
889.976	958.000
890.185	978.000
890.393	989.000
890.602	949.000
890.811	931.000
891.019	940.000
891.228	949.000
891.437	934.000
891.645	921.000
891.854	923.000
892.063	933.000
892.271	898.000
892.480	879.000
892.688	913.000
892.897	911.000
893.106	918.000
893.314	916.000
893.523	883.000
893.732	843.000
893.940	830.000
894.149	807.000
894.358	828.000
894.566	832.000
894.775	874.000
894.983	868.000
895.192	808.000
895.401	800.000
895.609	761.000
895.818	732.000
896.027	738.000
896.235	746.000
896.444	770.000
896.652	765.000
896.861	738.000
897.070	792.000
897.278	814.000
897.487	737.000
897.696	688.000
897.904	689.000
898.113	657.000
898.322	646.000
898.530	676.000
898.739	695.000
898.947	697.000
899.156	694.000
899.365	650.000
899.573	636.000
899.782	667.000
899.991	648.000
900.199	684.000
900.408	679.000
900.617	698.000
900.825	731.000
901.034	663.000
901.242	636.000
901.451	644.000
901.660	635.000
901.868	653.000
902.077	630.000
902.286	695.000
902.494	734.000
902.703	733.000
902.911	748.000
903.120	774.000
903.329	778.000
903.537	770.000
903.746	755.000
903.955	714.000
904.163	715.000
904.372	741.000
904.581	742.000
904.789	723.000
904.998	720.000
905.206	742.000
905.415	761.000
905.624	720.000
905.832	676.000
906.041	701.000
906.250	654.000
906.458	593.000
906.667	625.000
906.876	657.000
907.084	636.000
907.293	625.000
907.501	624.000
907.710	613.000
907.919	613.000
908.127	582.000
908.336	606.000
908.545	610.000
908.753	642.000
908.962	666.000
909.170	602.000
909.379	601.000
909.588	628.000
909.796	555.000
910.005	535.000
910.214	600.000
910.422	645.000
910.631	622.000
910.840	625.000
911.048	677.000
911.257	647.000
911.465	548.000
911.674	549.000
911.883	578.000
912.091	606.000
912.300	606.000
912.508	535.000
912.716	525.000
912.924	551.000
913.132	549.000
913.340	574.000
913.549	585.000
913.757	546.000
913.965	550.000
914.173	558.000
914.381	565.000
914.589	508.000
914.797	505.000
915.005	496.000
915.213	512.000
915.421	544.000
915.629	577.000
915.838	568.000
916.046	493.000
916.254	512.000
916.462	513.000
916.670	470.000
916.878	515.000
917.086	526.000
917.294	478.000
917.502	504.000
917.710	549.000
917.919	531.000
918.127	490.000
918.335	553.000
918.543	583.000
918.751	534.000
918.959	525.000
919.167	597.000
919.375	597.000
919.583	611.000
919.791	587.000
919.999	551.000
920.208	548.000
920.416	563.000
920.624	570.000
920.832	600.000
921.040	588.000
921.248	533.000
921.456	518.000
921.664	533.000
921.872	562.000
922.080	517.000
922.288	491.000
922.497	511.000
922.705	509.000
922.913	526.000
923.121	523.000
923.329	482.000
923.537	465.000
923.745	513.000
923.953	486.000
924.161	449.000
924.369	512.000
924.578	542.000
924.786	528.000
924.994	502.000
925.202	454.000
925.410	446.000
925.618	510.000
925.826	492.000
926.034	473.000
926.242	483.000
926.450	466.000
926.658	475.000
926.867	475.000
927.075	409.000
927.283	424.000
927.491	468.000
927.699	447.000
927.907	435.000
928.115	420.000
928.323	401.000
928.531	394.000
928.739	376.000
928.947	376.000
929.156	339.000
929.364	319.000
929.572	315.000
929.780	294.000
929.988	326.000
930.196	309.000
930.404	258.000
930.612	252.000
930.820	252.000
931.028	236.000
931.236	269.000
931.445	240.000
931.653	222.000
931.861	227.000
932.069	192.000
932.277	161.000
932.485	196.000
932.693	177.000
932.901	187.000
933.109	214.000
933.317	189.000
933.526	170.000
933.734	205.000
933.942	168.000
934.150	162.000
934.358	149.000
934.566	153.000
934.774	161.000
934.982	169.000
935.190	172.000
935.398	216.000
935.606	160.000
935.815	135.000
936.023	136.000
936.231	165.000
936.439	155.000
936.647	150.000
936.855	155.000
937.063	156.000
937.271	165.000
937.479	196.000
937.687	186.000
937.895	179.000
938.104	167.000
938.312	162.000
938.520	174.000
938.728	175.000
938.936	191.000
939.144	222.000
939.352	222.000
939.560	223.000
939.768	196.000
939.976	194.000
940.185	208.000
940.393	187.000
940.601	220.000
940.809	224.000
941.017	239.000
941.225	185.000
941.433	169.000
941.641	167.000
941.849	124.000
942.057	165.000
942.265	154.000
942.474	129.000
942.682	155.000
942.890	158.000
943.098	134.000
943.306	159.000
943.514	156.000
943.722	190.000
943.930	185.000
944.138	164.000
944.346	171.000
944.554	163.000
944.763	164.000
944.971	153.000
945.179	121.000
945.387	142.000
945.595	166.000
945.803	146.000
946.011	146.000
946.219	138.000
946.427	125.000
946.635	152.000
946.843	166.000
947.052	142.000
947.260	137.000
947.468	147.000
947.676	141.000
947.884	165.000
948.092	187.000
948.300	162.000
948.508	155.000
948.716	177.000
948.924	192.000
949.133	145.000
949.341	150.000
949.549	155.000
949.757	152.000
949.965	180.000
950.173	201.000
950.381	177.000
950.589	179.000
950.797	149.000
951.005	122.000
951.213	118.000
951.422	132.000
951.630	175.000
951.838	202.000
952.046	192.000
952.254	136.000
952.462	122.000
952.670	146.000
952.878	141.000
953.086	151.000
953.294	183.000
953.502	172.000
953.711	169.000
953.919	144.000
954.127	150.000
954.335	153.000
954.543	125.000
954.751	133.000
954.959	129.000
955.167	127.000
955.375	164.000
955.583	144.000
955.792	166.000
956.000	183.000
956.208	153.000
956.416	149.000
956.624	142.000
956.832	140.000
957.040	164.000
957.248	157.000
957.456	165.000
957.664	162.000
957.872	127.000
958.081	141.000
958.289	129.000
958.497	107.000
958.705	172.000
958.913	163.000
959.121	172.000
959.329	141.000
959.537	131.000
959.745	130.000
959.953	154.000
960.161	189.000
960.370	170.000
960.578	189.000
960.786	199.000
960.994	169.000
961.202	144.000
961.410	152.000
961.618	174.000
961.826	189.000
962.034	148.000
962.242	133.000
962.451	140.000
962.659	183.000
962.867	213.000
963.075	192.000
963.283	172.000
963.491	153.000
963.699	149.000
963.907	149.000
964.115	134.000
964.323	114.000
964.531	141.000
964.740	183.000
964.948	161.000
965.156	154.000
965.364	130.000
965.572	85.000
965.780	141.000
965.999	166.000
966.218	167.000
966.438	162.000
966.657	156.000
966.876	183.000
967.095	197.000
967.315	193.000
967.534	190.000
967.753	200.000
967.972	207.000
968.192	190.000
968.411	152.000
968.630	161.000
968.849	185.000
969.068	193.000
969.288	191.000
969.507	181.000
969.726	174.000
969.945	177.000
970.165	170.000
970.384	173.000
970.603	157.000
970.822	134.000
971.042	160.000
971.261	200.000
971.480	207.000
971.699	166.000
971.919	155.000
972.138	173.000
972.357	165.000
972.576	150.000
972.795	171.000
973.015	141.000
973.234	145.000
973.453	142.000
973.672	166.000
973.892	177.000
974.111	176.000
974.330	135.000
974.549	147.000
974.769	173.000
974.988	121.000
975.207	137.000
975.426	158.000
975.646	137.000
975.865	140.000
976.084	147.000
976.303	178.000
976.522	168.000
976.742	137.000
976.961	132.000
977.180	180.000
977.399	185.000
977.619	150.000
977.838	148.000
978.057	175.000
978.276	198.000
978.496	142.000
978.715	151.000
978.934	126.000
979.153	136.000
979.372	164.000
979.592	170.000
979.811	145.000
980.030	167.000
980.249	173.000
980.469	150.000
980.688	178.000
980.907	172.000
981.126	157.000
981.346	149.000
981.565	205.000
981.784	172.000
982.003	144.000
982.223	131.000
982.442	146.000
982.661	115.000
982.880	125.000
983.099	116.000
983.319	97.000
983.538	101.000
983.757	134.000
983.976	169.000
984.196	178.000
984.415	145.000
984.634	138.000
984.853	147.000
985.073	178.000
985.292	141.000
985.511	129.000
985.730	125.000
985.949	162.000
986.169	180.000
986.388	126.000
986.607	84.000
986.826	111.000
987.046	144.000
987.265	163.000
987.484	136.000
987.703	151.000
987.923	155.000
988.142	144.000
988.361	135.000
988.580	136.000
988.800	109.000
989.019	131.000
989.238	129.000
989.457	117.000
989.676	130.000
989.896	143.000
990.115	130.000
990.334	99.000
990.553	121.000
990.773	122.000
990.992	94.000
991.211	113.000
991.430	105.000
991.650	66.000
991.869	111.000
992.088	121.000
992.307	101.000
992.527	108.000
992.746	141.000
992.965	147.000
993.184	113.000
993.403	100.000
993.623	94.000
993.842	65.000
994.061	67.000
994.280	72.000
994.500	115.000
994.719	133.000
994.938	114.000
995.157	137.000
995.377	136.000
995.596	97.000
995.815	113.000
996.034	84.000
996.253	58.000
996.473	80.000
996.692	97.000
996.911	128.000
997.130	128.000
997.350	100.000
997.569	116.000
997.788	118.000
998.007	113.000
998.227	73.000
998.446	58.000
998.665	96.000
998.884	90.000
999.104	121.000
999.323	141.000
999.542	115.000
999.761	122.000
999.980	131.000
1000.200	137.000
1000.419	125.000
1000.638	115.000
1000.857	115.000
1001.077	85.000
1001.296	56.000
1001.515	77.000
1001.734	115.000
1001.954	122.000
1002.173	120.000
1002.392	94.000
1002.611	99.000
1002.830	101.000
1003.050	45.000
1003.269	68.000
1003.488	110.000
1003.707	74.000
1003.927	63.000
1004.146	107.000
1004.365	85.000
1004.584	82.000
1004.804	105.000
1005.023	137.000
1005.242	114.000
1005.461	97.000
1005.681	77.000
1005.900	61.000
1006.119	65.000
1006.338	69.000
1006.557	40.000
1006.777	85.000
1006.996	96.000
1007.215	93.000
1007.434	86.000
1007.654	50.000
1007.873	60.000
1008.092	75.000
1008.311	69.000
1008.531	54.000
1008.750	51.000
1008.969	72.000
1009.188	85.000
1009.407	98.000
1009.627	96.000
1009.846	102.000
1010.065	42.000
1010.284	11.000
1010.504	55.000
1010.723	70.000
1010.942	74.000
1011.161	79.000
1011.381	76.000
1011.600	94.000
1011.819	81.000
1012.038	84.000
1012.258	80.000
1012.477	61.000
1012.696	78.000
1012.915	84.000
1013.134	30.000
1013.354	72.000
1013.573	133.000
1013.792	80.000
1014.011	94.000
1014.231	112.000
1014.450	109.000
1014.669	86.000
1014.888	62.000
1015.108	57.000
1015.327	70.000
1015.546	81.000
1015.765	107.000
1015.984	100.000
1016.204	73.000
1016.423	59.000
1016.642	33.000
1016.861	41.000
1017.081	62.000
1017.300	52.000
1017.519	60.000
