296.912	39.000
297.101	7.000
297.290	18.000
297.479	24.000
297.668	41.000
297.858	20.000
298.047	44.000
298.236	25.000
298.425	4.000
298.614	16.000
298.803	26.000
298.992	22.000
299.181	-5.000
299.370	33.000
299.559	27.000
299.748	13.000
299.937	27.000
300.126	36.000
300.315	7.000
300.504	24.000
300.693	54.000
300.882	29.000
301.071	24.000
301.260	32.000
301.449	12.000
301.638	27.000
301.827	25.000
302.016	75.000
302.205	59.000
302.395	45.000
302.584	40.000
302.773	24.000
302.962	50.000
303.151	38.000
303.340	29.000
303.529	-9.000
303.718	6.000
303.907	45.000
304.096	40.000
304.285	36.000
304.474	53.000
304.663	56.000
304.852	19.000
305.041	16.000
305.230	5.000
305.419	20.000
305.608	43.000
305.797	70.000
305.986	60.000
306.175	21.000
306.364	0.000
306.553	26.000
306.743	19.000
306.932	43.000
307.121	48.000
307.310	26.000
307.499	64.000
307.688	60.000
307.877	45.000
308.066	53.000
308.255	65.000
308.444	54.000
308.633	61.000
308.822	14.000
309.011	-15.000
309.200	13.000
309.389	64.000
309.578	40.000
309.767	44.000
309.956	74.000
310.145	45.000
310.334	44.000
310.523	28.000
310.712	31.000
310.901	31.000
311.091	26.000
311.280	64.000
311.469	62.000
311.658	59.000
311.847	34.000
312.036	10.000
312.225	66.000
312.414	20.000
312.603	2.000
312.792	39.000
312.981	36.000
313.170	27.000
313.349	45.000
313.527	51.000
313.706	54.000
313.884	61.000
314.063	60.000
314.241	79.000
314.420	72.000
314.598	41.000
314.777	59.000
314.955	22.000
315.134	-4.000
315.312	40.000
315.491	49.000
315.669	19.000
315.848	-17.000
316.027	-9.000
316.205	10.000
316.384	42.000
316.562	60.000
316.741	31.000
316.919	50.000
317.098	65.000
317.276	27.000
317.455	53.000
317.633	36.000
317.812	19.000
317.990	23.000
318.169	50.000
318.347	81.000
318.526	78.000
318.705	45.000
318.883	32.000
319.062	33.000
319.240	33.000
319.419	30.000
319.597	22.000
319.776	18.000
319.954	27.000
320.133	-4.000
320.311	37.000
320.490	97.000
320.668	103.000
320.847	68.000
321.025	34.000
321.204	12.000
321.382	22.000
321.561	48.000
321.740	85.000
321.918	46.000
322.097	20.000
322.275	-5.000
322.454	2.000
322.632	22.000
322.811	35.000
322.989	44.000
323.168	63.000
323.346	65.000
323.525	12.000
323.703	-5.000
323.882	26.000
324.060	64.000
324.239	49.000
324.418	35.000
324.596	50.000
324.775	34.000
324.953	18.000
325.132	64.000
325.310	73.000
325.489	74.000
325.667	74.000
325.846	73.000
326.024	61.000
326.203	64.000
326.381	33.000
326.560	-2.000
326.738	25.000
326.917	58.000
327.096	20.000
327.274	25.000
327.453	57.000
327.631	68.000
327.810	46.000
327.988	72.000
328.167	76.000
328.345	57.000
328.524	14.000
328.702	28.000
328.881	24.000
329.059	12.000
329.238	34.000
329.416	76.000
329.595	74.000
329.774	87.000
329.952	55.000
330.131	33.000
330.309	81.000
330.488	96.000
330.666	64.000
330.845	59.000
331.023	60.000
331.202	51.000
331.380	18.000
331.559	43.000
331.737	47.000
331.916	52.000
332.094	103.000
332.273	73.000
332.452	44.000
332.630	33.000
332.809	35.000
332.987	50.000
333.166	69.000
333.344	65.000
333.523	4.000
333.701	31.000
333.880	77.000
334.058	57.000
334.237	56.000
334.415	78.000
334.594	65.000
334.772	34.000
334.951	21.000
335.129	42.000
335.308	64.000
335.487	72.000
335.665	61.000
335.844	114.000
336.022	110.000
336.201	55.000
336.379	26.000
336.558	8.000
336.736	34.000
336.915	44.000
337.093	59.000
337.272	36.000
337.450	61.000
337.629	93.000
337.807	102.000
337.986	86.000
338.165	89.000
338.343	78.000
338.522	55.000
338.700	22.000
338.879	27.000
339.057	100.000
339.236	78.000
339.414	53.000
339.593	32.000
339.771	57.000
339.950	51.000
340.128	44.000
340.307	74.000
340.485	21.000
340.664	43.000
340.843	76.000
341.021	93.000
341.200	73.000
341.378	44.000
341.557	26.000
341.735	50.000
341.914	39.000
342.092	51.000
342.271	47.000
342.449	77.000
342.628	40.000
342.806	49.000
342.985	61.000
343.163	63.000
343.342	28.000
343.521	55.000
343.699	63.000
343.878	49.000
344.056	66.000
344.235	73.000
344.413	36.000
344.592	69.000
344.770	65.000
344.949	47.000
345.127	53.000
345.306	63.000
345.484	68.000
345.663	61.000
345.841	13.000
346.020	44.000
346.199	99.000
346.377	117.000
346.556	101.000
346.734	89.000
346.913	74.000
347.091	83.000
347.270	96.000
347.448	82.000
347.627	70.000
347.805	86.000
347.984	107.000
348.162	59.000
348.341	66.000
348.519	80.000
348.698	76.000
348.876	35.000
349.055	9.000
349.234	65.000
349.412	95.000
349.591	48.000
349.769	83.000
349.948	85.000
350.126	78.000
350.305	81.000
350.483	44.000
350.662	36.000
350.840	63.000
351.019	53.000
351.197	77.000
351.376	46.000
351.554	29.000
351.733	40.000
351.912	72.000
352.090	79.000
352.269	59.000
352.447	86.000
352.626	46.000
352.804	39.000
352.983	45.000
353.161	76.000
353.340	60.000
353.518	64.000
353.697	49.000
353.875	51.000
354.054	60.000
354.232	27.000
354.411	30.000
354.590	52.000
354.768	70.000
354.947	83.000
355.125	71.000
355.304	52.000
355.482	38.000
355.661	51.000
355.839	34.000
356.018	24.000
356.196	46.000
356.375	94.000
356.553	79.000
356.732	81.000
356.910	68.000
357.089	44.000
357.268	50.000
357.446	51.000
357.625	13.000
357.803	29.000
357.982	96.000
358.160	128.000
358.339	124.000
358.517	100.000
358.696	97.000
358.874	71.000
359.053	52.000
359.231	20.000
359.410	25.000
359.588	77.000
359.767	98.000
359.945	87.000
360.124	127.000
360.303	113.000
360.481	79.000
360.660	40.000
360.838	17.000
361.017	25.000
361.195	50.000
361.374	31.000
361.552	68.000
361.731	94.000
361.909	82.000
362.088	77.000
362.266	60.000
362.445	68.000
362.623	84.000
362.802	84.000
362.981	59.000
363.159	87.000
363.338	81.000
363.516	82.000
363.695	85.000
363.873	89.000
364.052	76.000
364.230	79.000
364.409	113.000
364.587	74.000
364.766	49.000
364.944	80.000
365.123	94.000
365.301	77.000
365.480	118.000
365.660	72.000
365.839	56.000
366.019	78.000
366.199	80.000
366.379	86.000
366.558	97.000
366.738	77.000
366.918	78.000
367.098	69.000
367.277	73.000
367.457	71.000
367.637	64.000
367.816	72.000
367.996	70.000
368.176	101.000
368.356	85.000
368.535	74.000
368.715	84.000
368.895	107.000
369.075	82.000
369.254	82.000
369.434	94.000
369.614	84.000
369.793	67.000
369.973	73.000
370.153	66.000
370.333	86.000
370.512	57.000
370.692	90.000
370.872	123.000
371.051	95.000
371.231	100.000
371.411	98.000
371.591	63.000
371.770	81.000
371.950	106.000
372.130	68.000
372.310	78.000
372.489	74.000
372.669	49.000
372.849	63.000
373.028	105.000
373.208	111.000
373.388	104.000
373.568	78.000
373.747	119.000
373.927	72.000
374.107	28.000
374.287	81.000
374.466	102.000
374.646	96.000
374.826	114.000
375.005	60.000
375.185	83.000
375.365	89.000
375.545	97.000
375.724	113.000
375.904	114.000
376.084	116.000
376.263	118.000
376.443	119.000
376.623	103.000
376.803	109.000
376.982	100.000
377.162	92.000
377.342	82.000
377.522	76.000
377.701	100.000
377.881	91.000
378.061	96.000
378.240	66.000
378.420	74.000
378.600	90.000
378.780	47.000
378.959	88.000
379.139	138.000
379.319	119.000
379.499	91.000
379.678	89.000
379.858	133.000
380.038	115.000
380.217	99.000
380.397	50.000
380.577	51.000
380.757	105.000
380.936	128.000
381.116	134.000
381.296	117.000
381.476	149.000
381.655	106.000
381.835	76.000
382.015	93.000
382.194	108.000
382.374	112.000
382.554	124.000
382.734	97.000
382.913	80.000
383.093	62.000
383.273	84.000
383.452	90.000
383.632	68.000
383.812	65.000
383.992	103.000
384.171	127.000
384.351	134.000
384.531	104.000
384.711	89.000
384.890	98.000
385.070	103.000
385.250	61.000
385.429	93.000
385.609	74.000
385.789	50.000
385.969	82.000
386.148	78.000
386.328	94.000
386.508	86.000
386.688	98.000
386.867	130.000
387.047	92.000
387.227	76.000
387.406	74.000
387.586	84.000
387.766	118.000
387.946	99.000
388.125	104.000
388.305	69.000
388.485	64.000
388.664	67.000
388.844	63.000
389.024	57.000
389.204	76.000
389.383	116.000
389.563	117.000
389.743	104.000
389.923	68.000
390.102	34.000
390.282	63.000
390.462	73.000
390.641	40.000
390.821	38.000
391.001	90.000
391.181	92.000
391.360	91.000
391.540	62.000
391.720	51.000
391.900	86.000
392.079	93.000
392.259	107.000
392.439	93.000
392.618	61.000
392.798	100.000
392.978	89.000
393.158	101.000
393.337	126.000
393.517	79.000
393.697	96.000
393.877	120.000
394.056	145.000
394.236	134.000
394.416	97.000
394.595	86.000
394.775	134.000
394.955	183.000
395.135	157.000
395.314	124.000
395.494	153.000
395.674	127.000
395.853	104.000
396.033	100.000
396.213	125.000
396.393	111.000
396.572	122.000
396.752	115.000
396.932	116.000
397.112	132.000
397.291	122.000
397.471	111.000
397.651	151.000
397.830	146.000
398.010	85.000
398.190	93.000
398.370	126.000
398.549	165.000
398.729	153.000
398.909	120.000
399.089	105.000
399.268	139.000
399.448	119.000
399.628	124.000
399.807	146.000
399.987	164.000
400.167	132.000
400.347	149.000
400.526	155.000
400.706	124.000
400.886	136.000
401.065	154.000
401.245	105.000
401.425	102.000
401.605	141.000
401.784	137.000
401.964	131.000
402.144	159.000
402.324	111.000
402.503	102.000
402.683	147.000
402.863	115.000
403.042	95.000
403.222	143.000
403.402	197.000
403.582	201.000
403.761	180.000
403.941	173.000
404.121	136.000
404.301	120.000
404.480	141.000
404.660	151.000
404.844	161.000
405.029	144.000
405.213	202.000
405.398	236.000
405.582	215.000
405.767	176.000
405.951	215.000
406.136	256.000
406.320	198.000
406.505	207.000
406.689	228.000
406.874	207.000
407.058	274.000
407.243	280.000
407.427	286.000
407.612	308.000
407.796	279.000
407.981	291.000
408.165	325.000
408.350	383.000
408.534	413.000
408.719	455.000
408.903	428.000
409.088	438.000
409.272	464.000
409.457	478.000
409.641	544.000
409.826	616.000
410.010	633.000
410.195	697.000
410.379	779.000
410.564	876.000
410.748	929.000
410.933	955.000
411.117	991.000
411.302	1110.000
411.486	1136.000
411.671	1186.000
411.855	1259.000
412.040	1295.000
412.224	1396.000
412.409	1491.000
412.593	1578.000
412.778	1674.000
412.962	1667.000
413.147	1719.000
413.331	1864.000
413.516	1940.000
413.700	1986.000
413.885	2122.000
414.069	2191.000
414.254	2304.000
414.438	2409.000
414.623	2486.000
414.807	2596.000
414.992	2660.000
415.176	2765.000
415.361	2797.000
415.545	2960.000
415.730	3008.000
415.914	3086.000
416.099	3241.000
416.283	3317.000
416.468	3448.000
416.652	3553.000
416.837	3611.000
417.021	3626.000
417.206	3741.000
417.390	3772.000
417.575	3779.000
417.759	3939.000
417.944	4079.000
418.128	4204.000
418.313	4324.000
418.497	4365.000
418.682	4466.000
418.866	4508.000
419.051	4467.000
419.235	4592.000
419.420	4787.000
419.604	4833.000
419.789	5028.000
419.973	5181.000
420.158	5314.000
420.342	5381.000
420.527	5446.000
420.711	5504.000
420.896	5657.000
421.080	5770.000
421.265	5907.000
421.449	5972.000
421.634	5868.000
421.818	5756.000
422.003	5811.000
422.187	5969.000
422.372	6034.000
422.556	6055.000
422.741	6145.000
422.925	6215.000
423.110	6328.000
423.294	6428.000
423.479	6468.000
423.663	6555.000
423.848	6788.000
424.032	6746.000
424.217	6770.000
424.401	6819.000
424.586	6864.000
424.770	6943.000
424.955	7005.000
425.139	7026.000
425.324	7038.000
425.508	7153.000
425.693	7286.000
425.877	7313.000
426.062	7360.000
426.246	7346.000
426.431	7322.000
426.615	7266.000
426.800	7244.000
426.984	7222.000
427.169	7230.000
427.353	7423.000
427.538	7607.000
427.722	7529.000
427.907	7626.000
428.091	7679.000
428.276	7674.000
428.460	7655.000
428.645	7499.000
428.829	7216.000
429.014	7129.000
429.198	7046.000
429.383	6870.000
429.567	6695.000
429.752	6545.000
429.936	6389.000
430.121	6286.000
430.305	6454.000
430.490	6632.000
430.674	6851.000
430.859	7272.000
431.043	7592.000
431.228	7961.000
431.412	8171.000
431.597	8336.000
431.781	8387.000
431.966	8408.000
432.150	8589.000
432.335	8703.000
432.519	8903.000
432.704	9051.000
432.888	8858.000
433.073	8716.000
433.257	8847.000
433.442	8890.000
433.626	8867.000
433.811	8790.000
433.995	8895.000
434.180	9083.000
434.364	9184.000
434.549	9354.000
434.733	9439.000
434.918	9540.000
435.102	9746.000
435.287	9920.000
435.471	10109.000
435.656	10108.000
435.840	10123.000
436.030	10288.000
436.219	10328.000
436.409	10361.000
436.599	10353.000
436.789	10314.000
436.978	10220.000
437.168	10102.000
437.358	9967.000
437.548	9771.000
437.737	9773.000
437.927	9708.000
438.117	9709.000
438.306	9793.000
438.496	9833.000
438.686	9980.000
438.876	10228.000
439.065	10376.000
439.255	10468.000
439.445	10559.000
439.634	10519.000
439.824	10564.000
440.014	10594.000
440.204	10711.000
440.393	10981.000
440.583	11116.000
440.773	11344.000
440.963	11460.000
441.152	11568.000
441.342	11770.000
441.532	11904.000
441.721	12117.000
441.911	12139.000
442.101	12178.000
442.291	12295.000
442.480	12332.000
442.670	12408.000
442.860	12484.000
443.050	12645.000
443.239	12635.000
443.429	12627.000
443.619	12624.000
443.808	12748.000
443.998	12759.000
444.188	12857.000
444.378	13113.000
444.567	13100.000
444.757	13069.000
444.947	13088.000
445.137	12960.000
445.326	12836.000
445.516	12884.000
445.706	13055.000
445.895	13089.000
446.085	13092.000
446.275	13237.000
446.465	13523.000
446.654	13727.000
446.844	13718.000
447.034	13946.000
447.223	14102.000
447.413	14359.000
447.603	14336.000
447.793	14411.000
447.982	14546.000
448.172	14626.000
448.362	14644.000
448.552	14661.000
448.741	14866.000
448.931	14903.000
449.121	14839.000
449.310	14942.000
449.500	15089.000
449.690	15278.000
449.880	15414.000
450.069	15602.000
450.259	15820.000
450.449	15863.000
450.639	15917.000
450.828	16033.000
451.018	16249.000
451.208	15997.000
451.397	15903.000
451.587	15954.000
451.777	15894.000
451.967	15587.000
452.156	15536.000
452.346	15478.000
452.536	15201.000
452.725	15072.000
452.915	15110.000
453.105	15160.000
453.295	15140.000
453.484	15265.000
453.674	15462.000
453.864	15638.000
454.054	15702.000
454.243	15607.000
454.433	15616.000
454.623	15606.000
454.812	15635.000
455.002	15801.000
455.192	15954.000
455.382	15898.000
455.571	15899.000
455.761	16151.000
455.951	16311.000
456.141	16282.000
456.330	16346.000
456.520	16482.000
456.710	16384.000
456.899	16445.000
457.089	16504.000
457.279	16537.000
457.469	16428.000
457.658	16561.000
457.848	16557.000
458.038	16414.000
458.228	16370.000
458.417	16343.000
458.607	16291.000
458.797	16322.000
458.986	16242.000
459.176	16193.000
459.366	16261.000
459.556	16268.000
459.745	16296.000
459.935	16405.000
460.125	16519.000
460.314	16569.000
460.504	16664.000
460.694	16812.000
460.884	17048.000
461.073	16958.000
461.263	16962.000
461.453	17134.000
461.643	17173.000
461.832	16989.000
462.022	17030.000
462.212	17246.000
462.401	17439.000
462.591	17433.000
462.781	17326.000
462.971	17329.000
463.160	17329.000
463.350	17305.000
463.540	17187.000
463.730	17114.000
463.919	16872.000
464.109	16811.000
464.299	17041.000
464.488	16931.000
464.678	16845.000
464.868	16824.000
465.058	16962.000
465.247	17136.000
465.437	17332.000
465.627	17247.000
465.816	17172.000
466.006	17014.000
466.196	16814.000
466.386	16922.000
466.575	16964.000
466.765	16812.000
466.955	16954.000
467.145	17044.000
467.334	17098.000
467.524	17135.000
467.714	17302.000
467.903	17341.000
468.093	17267.000
468.283	17316.000
468.473	17333.000
468.662	17467.000
468.852	17533.000
469.042	17734.000
469.232	17828.000
469.421	17595.000
469.611	17569.000
469.801	17645.000
469.990	17688.000
470.180	17596.000
470.370	17437.000
470.560	17454.000
470.749	17581.000
470.939	17592.000
471.129	17707.000
471.318	17953.000
471.508	18188.000
471.698	18406.000
471.888	18578.000
472.077	18596.000
472.267	18709.000
472.457	18748.000
472.647	18663.000
472.836	18423.000
473.026	18490.000
473.216	18465.000
473.405	18554.000
473.595	18723.000
473.785	18750.000
473.975	18965.000
474.164	19113.000
474.354	19044.000
474.544	19248.000
474.734	19123.000
474.923	19024.000
475.113	19216.000
475.303	19176.000
475.492	19103.000
475.682	19092.000
475.872	18999.000
476.062	19038.000
476.251	19005.000
476.441	19041.000
476.631	18961.000
476.821	19120.000
477.010	19277.000
477.200	19359.000
477.390	19399.000
477.579	19608.000
477.769	19821.000
477.959	19682.000
478.149	19549.000
478.338	19521.000
478.528	19609.000
478.718	19573.000
478.907	19664.000
479.097	19656.000
479.287	19706.000
479.477	19657.000
479.666	19679.000
479.856	19756.000
480.046	19717.000
480.236	19753.000
480.425	19835.000
480.615	19880.000
480.805	19899.000
480.994	19808.000
481.184	19821.000
481.374	20023.000
481.564	19922.000
481.753	19831.000
481.943	19946.000
482.133	19986.000
482.323	19960.000
482.512	19712.000
482.702	19438.000
482.892	19563.000
483.081	19548.000
483.271	19608.000
483.461	19673.000
483.651	19481.000
483.840	19323.000
484.030	19354.000
484.220	19300.000
484.409	19220.000
484.599	19200.000
484.789	19087.000
484.979	18913.000
485.168	18697.000
485.358	18275.000
485.548	17712.000
485.738	17430.000
485.927	17067.000
486.117	16739.000
486.307	16585.000
486.496	16416.000
486.686	16434.000
486.876	16729.000
487.066	16968.000
487.255	17270.000
487.445	17526.000
487.635	17675.000
487.825	17763.000
488.014	18035.000
488.204	18190.000
488.394	18004.000
488.583	18018.000
488.773	18328.000
488.963	18241.000
489.153	18442.000
489.342	18594.000
489.532	18721.000
489.722	19044.000
489.912	19323.000
490.101	19324.000
490.291	19306.000
490.481	19261.000
490.670	19369.000
490.860	19165.000
491.050	19142.000
491.240	19083.000
491.429	18904.000
491.619	18783.000
491.809	18668.000
491.998	18642.000
492.188	18606.000
492.378	18724.000
492.568	18782.000
492.757	18868.000
492.947	18851.000
493.137	18967.000
493.327	19095.000
493.516	18931.000
493.706	18927.000
493.896	19082.000
494.085	19262.000
494.275	19418.000
494.465	19480.000
494.655	19629.000
494.844	19770.000
495.034	19684.000
495.224	19570.000
495.414	19579.000
495.603	19677.000
495.793	19685.000
495.983	19602.000
496.172	19760.000
496.362	19747.000
496.552	19793.000
496.742	19849.000
496.931	19933.000
497.121	19965.000
497.311	20026.000
497.500	20033.000
497.690	19933.000
497.880	19631.000
498.070	19587.000
498.259	19341.000
498.449	19225.000
498.639	19376.000
498.829	19547.000
499.018	19608.000
499.208	19585.000
499.398	19470.000
499.587	19479.000
499.777	19386.000
499.967	19359.000
500.157	19369.000
500.346	19317.000
500.536	19373.000
500.726	19131.000
500.916	18858.000
501.105	18768.000
501.295	18878.000
501.485	18839.000
501.674	18831.000
501.864	18814.000
502.054	18907.000
502.244	18885.000
502.433	18928.000
502.623	19185.000
502.813	19379.000
503.003	19457.000
503.192	19425.000
503.382	19321.000
503.572	19157.000
503.761	19188.000
503.951	19012.000
504.141	19150.000
504.331	19077.000
504.520	19162.000
504.710	19250.000
504.900	19257.000
505.089	19434.000
505.279	19472.000
505.469	19708.000
505.659	19766.000
505.848	19851.000
506.038	19860.000
506.228	19718.000
506.418	19814.000
506.607	19848.000
506.797	19681.000
506.987	19561.000
507.176	19524.000
507.366	19461.000
507.556	19231.000
507.746	18961.000
507.935	19102.000
508.125	19113.000
508.315	19175.000
508.505	19137.000
508.694	19118.000
508.884	19262.000
509.074	19472.000
509.263	19354.000
509.453	19376.000
509.643	19247.000
509.833	19172.000
510.022	19081.000
510.212	19110.000
510.402	19087.000
510.592	19100.000
510.781	19161.000
510.971	19192.000
511.161	19148.000
511.350	19239.000
511.540	19309.000
511.730	19226.000
511.920	19163.000
512.109	19050.000
512.299	18998.000
512.489	18839.000
512.678	18620.000
512.868	18611.000
513.058	18654.000
513.248	18548.000
513.437	18494.000
513.627	18308.000
513.817	18062.000
514.007	17976.000
514.196	18077.000
514.386	18040.000
514.576	18048.000
514.765	18009.000
514.955	18096.000
515.145	18066.000
515.335	18116.000
515.524	18102.000
515.714	18206.000
515.904	17923.000
516.094	17717.000
516.283	17311.000
516.473	16911.000
516.663	16404.000
516.852	16376.000
517.042	16300.000
517.232	16095.000
517.422	16159.000
517.611	16359.000
517.801	16380.000
517.991	16320.000
518.180	16252.000
518.370	16180.000
518.560	16418.000
518.750	16463.000
518.939	16655.000
519.129	16891.000
519.319	17073.000
519.509	17224.000
519.698	17279.000
519.888	17319.000
520.078	17456.000
520.267	17452.000
520.457	17618.000
520.647	17524.000
520.837	17565.000
521.026	17682.000
521.216	17913.000
521.406	17874.000
521.596	17852.000
521.785	17855.000
521.975	17920.000
522.165	17749.000
522.354	17742.000
522.544	17717.000
522.734	17604.000
522.924	17517.000
523.113	17611.000
523.303	17549.000
523.493	17735.000
523.683	18043.000
523.872	18077.000
524.062	18119.000
524.252	18176.000
524.441	18112.000
524.631	18152.000
524.821	18266.000
525.011	18265.000
525.200	18357.000
525.390	18212.000
525.580	18073.000
525.769	18129.000
525.959	17734.000
526.149	17357.000
526.339	17181.000
526.528	16969.000
526.718	16890.000
526.908	17012.000
527.098	16980.000
527.287	16991.000
527.477	17124.000
527.667	17279.000
527.856	17489.000
528.046	17696.000
528.236	17849.000
528.426	17994.000
528.615	18273.000
528.805	18337.000
528.995	18246.000
529.185	18418.000
529.374	18272.000
529.564	18239.000
529.754	18181.000
529.943	18209.000
530.133	18301.000
530.323	18377.000
530.513	18406.000
530.702	18312.000
530.892	18147.000
531.082	18244.000
531.271	18347.000
531.461	18203.000
531.651	18062.000
531.841	17776.000
532.030	17581.000
532.220	17389.000
532.410	17195.000
532.600	17068.000
532.789	17104.000
532.979	16964.000
533.169	16984.000
533.358	16999.000
533.548	16858.000
533.738	16985.000
533.928	16820.000
534.117	16933.000
534.307	17032.000
534.497	17051.000
534.687	16976.000
534.876	17060.000
535.066	17152.000
535.256	17205.000
535.445	17339.000
535.635	17243.000
535.825	16959.000
536.015	16752.000
536.204	16712.000
536.394	16592.000
536.584	16309.000
536.773	16370.000
536.963	16408.000
537.153	16447.000
537.343	16488.000
537.532	16506.000
537.722	16514.000
537.912	16515.000
538.102	16398.000
538.291	16542.000
538.481	16596.000
538.671	16258.000
538.860	16134.000
539.050	15957.000
539.240	15884.000
539.430	15929.000
539.619	15844.000
539.809	15739.000
539.999	15656.000
540.189	15560.000
540.378	15567.000
540.568	15535.000
540.758	15763.000
540.947	15866.000
541.137	15822.000
541.327	15859.000
541.517	15841.000
541.706	15808.000
541.896	15760.000
542.086	15805.000
542.276	15768.000
542.465	15626.000
542.655	15725.000
542.845	15746.000
543.034	15649.000
543.224	15724.000
543.414	15780.000
543.604	15846.000
543.793	15720.000
543.983	15832.000
544.173	15813.000
544.362	15751.000
544.552	15690.000
544.742	15695.000
544.932	15711.000
545.121	15665.000
545.311	15668.000
545.501	15751.000
545.691	15633.000
545.880	15733.000
546.070	15665.000
546.264	15624.000
546.459	15550.000
546.653	15416.000
546.847	15340.000
547.041	15397.000
547.236	15447.000
547.430	15504.000
547.624	15385.000
547.818	15361.000
548.013	15344.000
548.207	15387.000
548.401	15375.000
548.596	15372.000
548.790	15285.000
548.984	15347.000
549.178	15247.000
549.373	15381.000
549.567	15451.000
549.761	15327.000
549.956	15330.000
550.150	15327.000
550.344	15287.000
550.538	15088.000
550.733	15042.000
550.927	15169.000
551.121	15336.000
551.315	15175.000
551.510	15016.000
551.704	15112.000
551.898	15073.000
552.093	14980.000
552.287	15045.000
552.481	14978.000
552.675	14964.000
552.870	15117.000
553.064	15030.000
553.258	14788.000
553.453	14903.000
553.647	14988.000
553.841	15110.000
554.035	15154.000
554.230	15030.000
554.424	15102.000
554.618	15063.000
554.812	15048.000
555.007	15114.000
555.201	14998.000
555.395	14856.000
555.590	14932.000
555.784	14832.000
555.978	14863.000
556.172	14877.000
556.367	14649.000
556.561	14551.000
556.755	14672.000
556.949	14585.000
557.144	14554.000
557.338	14605.000
557.532	14603.000
557.727	14389.000
557.921	14258.000
558.115	14221.000
558.309	14256.000
558.504	14301.000
558.698	14283.000
558.892	14206.000
559.087	14261.000
559.281	14105.000
559.475	13970.000
559.669	14166.000
559.864	14292.000
560.058	14356.000
560.252	14305.000
560.446	14368.000
560.641	14498.000
560.835	14357.000
561.029	14363.000
561.224	14397.000
561.418	14358.000
561.612	14289.000
561.806	14385.000
562.001	14480.000
562.195	14509.000
562.389	14512.000
562.584	14401.000
562.778	14370.000
562.972	14476.000
563.166	14389.000
563.361	14380.000
563.555	14396.000
563.749	14253.000
563.943	14225.000
564.138	14302.000
564.332	14367.000
564.526	14419.000
564.721	14197.000
564.915	14174.000
565.109	14160.000
565.303	14011.000
565.498	13802.000
565.692	13755.000
565.886	13911.000
566.081	13945.000
566.275	14054.000
566.469	14108.000
566.663	14145.000
566.858	14128.000
567.052	14114.000
567.246	14085.000
567.440	14137.000
567.635	14100.000
567.829	13985.000
568.023	13873.000
568.218	13903.000
568.412	13823.000
568.606	13723.000
568.800	13726.000
568.995	13698.000
569.189	13736.000
569.383	13678.000
569.577	13582.000
569.772	13619.000
569.966	13656.000
570.160	13369.000
570.355	13313.000
570.549	13403.000
570.743	13314.000
570.937	13232.000
571.132	13486.000
571.326	13594.000
571.520	13440.000
571.715	13267.000
571.909	13394.000
572.103	13410.000
572.297	13448.000
572.492	13669.000
572.686	13606.000
572.880	13529.000
573.074	13613.000
573.269	13528.000
573.463	13541.000
573.657	13517.000
573.852	13264.000
574.046	13242.000
574.240	13121.000
574.434	13239.000
574.629	13231.000
574.823	13016.000
575.017	13078.000
575.212	12995.000
575.406	12939.000
575.600	12869.000
575.794	12856.000
575.989	12918.000
576.183	12784.000
576.377	12883.000
576.571	12828.000
576.766	12777.000
576.960	12901.000
577.159	12717.000
577.357	12610.000
577.556	12698.000
577.755	12612.000
577.953	12525.000
578.152	12519.000
578.350	12453.000
578.549	12490.000
578.748	12519.000
578.946	12407.000
579.145	12581.000
579.344	12641.000
579.542	12578.000
579.741	12691.000
579.940	12634.000
580.138	12648.000
580.337	12725.000
580.535	12673.000
580.734	12914.000
580.933	13075.000
581.131	13034.000
581.330	12984.000
581.529	12983.000
581.727	13174.000
581.926	13306.000
582.125	13292.000
582.323	13341.000
582.522	13426.000
582.721	13339.000
582.919	13360.000
583.118	13386.000
583.316	13523.000
583.515	13729.000
583.714	13734.000
583.912	13685.000
584.111	13679.000
584.310	13604.000
584.508	13561.000
584.707	13613.000
584.906	13509.000
585.104	13468.000
585.303	13443.000
585.501	13288.000
585.700	13192.000
585.899	13355.000
586.097	13311.000
586.296	13442.000
586.495	13531.000
586.693	13458.000
586.892	13414.000
587.091	13359.000
587.289	13255.000
587.488	13155.000
587.686	13013.000
587.885	12747.000
588.084	12639.000
588.282	12359.000
588.481	12175.000
588.680	12052.000
588.878	11946.000
589.077	11846.000
589.276	11803.000
589.474	11829.000
589.673	12029.000
589.871	12141.000
590.070	12162.000
590.269	12113.000
590.467	12115.000
590.666	12294.000
590.865	12314.000
591.063	12344.000
591.262	12354.000
591.461	12356.000
591.659	12479.000
591.858	12380.000
592.056	12364.000
592.255	12503.000
592.454	12479.000
592.652	12570.000
592.851	12566.000
593.050	12568.000
593.248	12466.000
593.447	12249.000
593.646	12428.000
593.844	12430.000
594.043	12342.000
594.241	12267.000
594.440	12219.000
594.639	12184.000
594.837	12314.000
595.036	12266.000
595.235	12247.000
595.433	12335.000
595.632	12324.000
595.831	12328.000
596.029	12467.000
596.228	12292.000
596.427	12313.000
596.625	12385.000
596.824	12344.000
597.022	12254.000
597.221	12341.000
597.420	12182.000
597.618	12194.000
597.817	12257.000
598.016	12192.000
598.214	12173.000
598.413	12136.000
598.612	12177.000
598.810	12300.000
599.009	12215.000
599.207	12296.000
599.406	12208.000
599.605	12134.000
599.803	12042.000
600.002	12005.000
600.201	12098.000
600.399	12124.000
600.598	12032.000
600.797	12065.000
600.995	12051.000
601.194	11993.000
601.392	11898.000
601.591	11935.000
601.790	11991.000
601.988	11894.000
602.187	11926.000
602.386	11998.000
602.584	12039.000
602.783	12194.000
602.982	12103.000
603.180	12157.000
603.379	12261.000
603.577	12277.000
603.776	12184.000
603.975	12168.000
604.173	12224.000
604.372	12154.000
604.571	12168.000
604.769	12169.000
604.968	12165.000
605.167	12095.000
605.365	12039.000
605.564	12068.000
605.762	12095.000
605.961	12108.000
606.160	12237.000
606.358	12078.000
606.557	11998.000
606.756	12072.000
606.954	12120.000
607.153	12104.000
607.352	11995.000
607.550	12003.000
607.749	12046.000
607.948	11995.000
608.146	12015.000
608.345	11927.000
608.543	11767.000
608.742	11802.000
608.941	11842.000
609.139	11625.000
609.338	11494.000
609.537	11781.000
609.735	11787.000
609.934	11717.000
610.133	11686.000
610.331	11691.000
610.530	11802.000
610.728	11820.000
610.927	11743.000
611.126	11654.000
611.324	11442.000
611.523	11592.000
611.722	11590.000
611.920	11469.000
612.119	11434.000
612.318	11472.000
612.516	11467.000
612.715	11283.000
612.913	11349.000
613.112	11422.000
613.311	11317.000
613.509	11243.000
613.708	11179.000
613.907	11244.000
614.105	11391.000
614.304	11363.000
614.503	11393.000
614.701	11261.000
614.900	11155.000
615.098	11222.000
615.297	11331.000
615.496	11222.000
615.694	11160.000
615.893	11110.000
616.092	10977.000
616.290	10838.000
616.489	10844.000
616.688	10890.000
616.886	10875.000
617.085	10944.000
617.283	10899.000
617.482	10832.000
617.681	10837.000
617.879	11004.000
618.078	11151.000
618.277	11111.000
618.475	11031.000
618.674	11001.000
618.873	10931.000
619.071	10983.000
619.270	10914.000
619.468	10901.000
619.667	10893.000
619.866	10975.000
620.064	11046.000
620.263	10984.000
620.462	10925.000
620.660	10833.000
620.859	10804.000
621.058	10874.000
621.256	10773.000
621.455	10752.000
621.654	10881.000
621.852	10991.000
622.051	10866.000
622.249	10706.000
622.448	10593.000
622.647	10567.000
622.845	10575.000
623.044	10677.000
623.243	10699.000
623.441	10585.000
623.640	10537.000
623.839	10542.000
624.037	10604.000
624.236	10379.000
624.434	10278.000
624.633	10218.000
624.832	10234.000
625.030	10248.000
625.229	10196.000
625.428	10229.000
625.626	10342.000
625.825	10285.000
626.024	10306.000
626.222	10247.000
626.421	10260.000
626.619	10266.000
626.818	10132.000
627.017	10042.000
627.215	10141.000
627.414	10073.000
627.613	9993.000
627.811	9886.000
628.010	9833.000
628.209	9946.000
628.407	9901.000
628.606	9874.000
628.804	9787.000
629.003	9866.000
629.202	10020.000
629.400	9999.000
629.599	9891.000
629.798	9869.000
629.996	9828.000
630.195	9856.000
630.394	9889.000
630.592	10021.000
630.791	9919.000
630.990	9809.000
631.188	9771.000
631.387	9734.000
631.585	9786.000
631.784	9760.000
631.983	9821.000
632.181	9879.000
632.380	9851.000
632.579	9735.000
632.777	9706.000
632.976	9829.000
633.175	9691.000
633.373	9641.000
633.572	9655.000
633.770	9628.000
633.969	9660.000
634.168	9721.000
634.366	9729.000
634.565	9805.000
634.764	9615.000
634.962	9635.000
635.161	9738.000
635.360	9828.000
635.558	9662.000
635.757	9583.000
635.955	9674.000
636.154	9616.000
636.353	9572.000
636.551	9649.000
636.750	9664.000
636.949	9658.000
637.147	9698.000
637.346	9635.000
637.545	9642.000
637.743	9770.000
637.942	9817.000
638.140	9764.000
638.339	9725.000
638.538	9768.000
638.736	9768.000
638.935	9632.000
639.134	9466.000
639.332	9512.000
639.531	9477.000
639.730	9454.000
639.928	9471.000
640.127	9433.000
640.325	9554.000
640.524	9572.000
640.723	9480.000
640.921	9397.000
641.120	9363.000
641.319	9386.000
641.517	9369.000
641.716	9390.000
641.915	9402.000
642.113	9352.000
642.312	9408.000
642.510	9402.000
642.709	9269.000
642.908	9281.000
643.106	9278.000
643.305	9355.000
643.504	9408.000
643.702	9352.000
643.901	9299.000
644.100	9423.000
644.298	9320.000
644.497	9353.000
644.696	9299.000
644.894	9213.000
645.093	9173.000
645.291	9225.000
645.490	9112.000
645.689	9098.000
645.887	9006.000
646.086	9088.000
646.285	9093.000
646.483	9084.000
646.682	9078.000
646.881	8953.000
647.079	8952.000
647.278	8966.000
647.476	8927.000
647.675	8947.000
647.874	8995.000
648.072	8854.000
648.271	8839.000
648.470	8858.000
648.668	8835.000
648.867	8764.000
649.066	8709.000
649.264	8639.000
649.463	8718.000
649.661	8659.000
649.860	8759.000
650.059	8849.000
650.257	8882.000
650.456	8936.000
650.655	8813.000
650.853	8726.000
651.052	8682.000
651.251	8682.000
651.449	8604.000
651.648	8733.000
651.846	8766.000
652.045	8710.000
652.244	8823.000
652.442	8881.000
652.641	8780.000
652.840	8804.000
653.038	8825.000
653.237	8779.000
653.436	8803.000
653.634	8812.000
653.833	8867.000
654.032	8820.000
654.230	8824.000
654.429	8856.000
654.627	8638.000
654.826	8573.000
655.025	8518.000
655.223	8335.000
655.422	8116.000
655.621	8002.000
655.819	7849.000
656.018	7756.000
656.217	7663.000
656.415	7753.000
656.614	7778.000
656.812	7819.000
657.011	7919.000
657.210	7885.000
657.408	7995.000
657.607	8265.000
657.806	8364.000
658.004	8317.000
658.203	8292.000
658.402	8354.000
658.600	8401.000
658.799	8386.000
658.997	8406.000
659.196	8427.000
659.395	8620.000
659.593	8562.000
659.792	8458.000
659.991	8482.000
660.189	8470.000
660.388	8553.000
660.587	8583.000
660.785	8661.000
660.984	8587.000
661.182	8491.000
661.381	8512.000
661.580	8566.000
661.778	8630.000
661.977	8638.000
662.176	8626.000
662.374	8580.000
662.573	8672.000
662.772	8577.000
662.970	8495.000
663.169	8501.000
663.367	8441.000
663.566	8401.000
663.765	8496.000
663.963	8367.000
664.162	8305.000
664.361	8399.000
664.559	8435.000
664.758	8381.000
664.957	8319.000
665.155	8302.000
665.354	8408.000
665.552	8345.000
665.751	8336.000
665.950	8348.000
666.148	8251.000
666.347	8259.000
666.546	8201.000
666.744	8245.000
666.943	8227.000
667.142	8277.000
667.340	8238.000
667.539	8235.000
667.738	8155.000
667.936	7964.000
668.135	8011.000
668.333	8153.000
668.532	8196.000
668.731	8110.000
668.929	7988.000
669.128	8083.000
669.327	8171.000
669.525	8097.000
669.724	8105.000
669.923	8055.000
670.121	7968.000
670.320	7917.000
670.518	7976.000
670.717	7879.000
670.916	7884.000
671.114	7874.000
671.313	7778.000
671.512	7813.000
671.710	7839.000
671.909	7891.000
672.108	7777.000
672.306	7712.000
672.505	7760.000
672.703	7631.000
672.902	7556.000
673.101	7626.000
673.299	7655.000
673.498	7681.000
673.697	7706.000
673.895	7599.000
674.094	7620.000
674.293	7536.000
674.491	7560.000
674.690	7459.000
674.888	7451.000
675.087	7439.000
675.286	7647.000
675.484	7640.000
675.683	7498.000
675.882	7352.000
676.080	7429.000
676.279	7429.000
676.478	7440.000
676.676	7355.000
676.875	7360.000
677.073	7393.000
677.272	7343.000
677.471	7279.000
677.669	7370.000
677.868	7448.000
678.067	7347.000
678.265	7280.000
678.464	7320.000
678.663	7384.000
678.861	7328.000
679.060	7320.000
679.259	7176.000
679.457	7135.000
679.656	7147.000
679.854	7134.000
680.053	7050.000
680.252	7059.000
680.450	7107.000
680.649	7116.000
680.848	7098.000
681.046	7118.000
681.245	7027.000
681.444	6952.000
681.642	7016.000
681.841	7004.000
682.039	7015.000
682.238	7049.000
682.437	7007.000
682.635	6994.000
682.834	6947.000
683.033	6878.000
683.231	6801.000
683.430	6713.000
683.629	6764.000
683.827	6749.000
684.026	6788.000
684.224	6689.000
684.423	6645.000
684.622	6648.000
684.820	6677.000
685.019	6695.000
685.218	6707.000
685.416	6489.000
685.615	6190.000
685.814	6071.000
686.012	5989.000
686.211	5800.000
686.409	5647.000
686.608	5506.000
686.807	5481.000
687.005	5511.000
687.204	5513.000
687.403	5522.000
687.601	5468.000
687.800	5430.000
687.999	5458.000
688.197	5405.000
688.396	5410.000
688.594	5385.000
688.793	5331.000
688.992	5396.000
689.190	5528.000
689.389	5594.000
689.588	5501.000
689.786	5424.000
689.985	5557.000
690.184	5569.000
690.382	5518.000
690.581	5539.000
690.779	5668.000
690.978	5701.000
691.177	5635.000
691.375	5644.000
691.574	5637.000
691.773	5641.000
691.971	5706.000
692.170	5673.000
692.369	5697.000
692.567	5678.000
692.766	5654.000
692.965	5582.000
693.163	5464.000
693.362	5415.000
693.560	5511.000
693.759	5434.000
693.958	5402.000
694.156	5584.000
694.355	5568.000
694.554	5508.000
694.752	5571.000
694.951	5495.000
695.150	5479.000
695.348	5553.000
695.547	5587.000
695.745	5559.000
695.944	5556.000
696.143	5556.000
696.341	5633.000
696.540	5591.000
696.743	5584.000
696.946	5485.000
697.149	5488.000
697.352	5589.000
697.555	5594.000
697.757	5472.000
697.960	5456.000
698.163	5482.000
698.366	5446.000
698.569	5394.000
698.772	5328.000
698.975	5322.000
699.178	5337.000
699.381	5347.000
699.584	5344.000
699.787	5231.000
699.989	5163.000
700.192	5185.000
700.395	5250.000
700.598	5239.000
700.801	5208.000
701.004	5201.000
701.207	5182.000
701.410	5183.000
701.613	5098.000
701.816	5080.000
702.019	5173.000
702.221	5126.000
702.424	5148.000
702.627	5171.000
702.830	5115.000
703.033	5198.000
703.236	5189.000
703.439	5177.000
703.642	5144.000
703.845	5069.000
704.048	5172.000
704.251	5186.000
704.453	5101.000
704.656	5178.000
704.859	5139.000
705.062	5122.000
705.265	5178.000
705.468	5162.000
705.671	5144.000
705.874	5109.000
706.077	5167.000
706.280	5176.000
706.483	5133.000
706.685	5152.000
706.888	5044.000
707.091	5012.000
707.294	5101.000
707.497	5054.000
707.700	4999.000
707.903	5025.000
708.106	5060.000
708.309	5008.000
708.512	4984.000
708.715	5024.000
708.917	4998.000
709.120	5001.000
709.323	5025.000
709.526	4949.000
709.729	4875.000
709.932	4989.000
710.135	4910.000
710.338	4913.000
710.541	4878.000
710.744	4854.000
710.947	4789.000
711.149	4786.000
711.352	4810.000
711.555	4815.000
711.758	4842.000
711.961	4808.000
712.164	4714.000
712.367	4668.000
712.570	4701.000
712.773	4689.000
712.976	4652.000
713.179	4618.000
713.381	4596.000
713.584	4511.000
713.787	4570.000
713.990	4605.000
714.193	4650.000
714.396	4653.000
714.599	4470.000
714.802	4434.000
715.005	4503.000
715.208	4476.000
715.411	4357.000
715.613	4120.000
715.816	4071.000
716.019	4056.000
716.222	4015.000
716.425	3968.000
716.628	3880.000
716.831	3765.000
717.034	3638.000
717.237	3585.000
717.440	3542.000
717.643	3480.000
717.845	3497.000
718.048	3398.000
718.251	3368.000
718.454	3338.000
718.657	3293.000
718.860	3214.000
719.063	3174.000
719.266	3189.000
719.469	3176.000
719.672	3137.000
719.875	3202.000
720.077	3243.000
720.280	3357.000
720.483	3429.000
720.686	3441.000
720.889	3472.000
721.092	3497.000
721.295	3501.000
721.498	3485.000
721.701	3538.000
721.904	3590.000
722.107	3627.000
722.309	3548.000
722.512	3409.000
722.715	3348.000
722.918	3362.000
723.121	3380.000
723.324	3283.000
723.527	3266.000
723.730	3228.000
723.933	3215.000
724.136	3196.000
724.339	3140.000
724.541	3167.000
724.744	3099.000
724.947	3146.000
725.150	3152.000
725.353	3146.000
725.556	3061.000
725.759	3058.000
725.962	3112.000
726.165	3158.000
726.368	3079.000
726.571	3036.000
726.773	3054.000
726.976	3052.000
727.179	3071.000
727.382	3077.000
727.585	3079.000
727.788	2999.000
727.991	2984.000
728.194	2994.000
728.397	2972.000
728.600	2971.000
728.803	2936.000
729.005	2926.000
729.208	2989.000
729.411	2915.000
729.614	2922.000
729.817	2940.000
730.020	2949.000
730.223	2944.000
730.426	2895.000
730.629	2847.000
730.832	2889.000
731.035	3036.000
731.237	3069.000
731.440	3006.000
731.643	3068.000
731.846	3111.000
732.049	3079.000
732.252	3120.000
732.455	3103.000
732.658	3014.000
732.861	3090.000
733.064	3112.000
733.267	3076.000
733.469	3050.000
733.672	3146.000
733.875	3247.000
734.078	3128.000
734.281	3116.000
734.484	3128.000
734.687	3044.000
734.890	3009.000
735.093	3060.000
735.296	3143.000
735.499	3053.000
735.701	3002.000
735.904	3067.000
736.107	2980.000
736.310	2955.000
736.513	3009.000
736.716	2948.000
736.919	2914.000
737.122	2947.000
737.325	2970.000
737.528	3008.000
737.731	2982.000
737.933	3006.000
738.136	2879.000
738.339	2802.000
738.542	2904.000
738.745	2940.000
738.948	2880.000
739.151	2857.000
739.354	2830.000
739.557	2871.000
739.760	2880.000
739.963	2917.000
740.165	2915.000
740.368	2809.000
740.571	2781.000
740.774	2774.000
740.977	2798.000
741.180	2773.000
741.383	2859.000
741.586	2877.000
741.789	2830.000
741.992	2850.000
742.195	2823.000
742.397	2848.000
742.600	2785.000
742.803	2810.000
743.006	2823.000
743.209	2710.000
743.412	2649.000
743.615	2663.000
743.818	2693.000
744.021	2659.000
744.224	2641.000
744.427	2657.000
744.629	2660.000
744.832	2654.000
745.035	2674.000
745.238	2656.000
745.441	2686.000
745.644	2729.000
745.847	2664.000
746.050	2616.000
746.253	2579.000
746.456	2600.000
746.659	2637.000
746.861	2614.000
747.064	2581.000
747.267	2568.000
747.470	2544.000
747.673	2545.000
747.876	2511.000
748.079	2554.000
748.282	2546.000
748.485	2561.000
748.688	2531.000
748.891	2462.000
749.093	2451.000
749.296	2546.000
749.499	2569.000
749.702	2575.000
749.905	2515.000
750.108	2432.000
750.311	2396.000
750.514	2395.000
750.717	2400.000
750.920	2360.000
751.123	2336.000
751.325	2414.000
751.528	2346.000
751.731	2376.000
751.934	2383.000
752.137	2371.000
752.340	2394.000
752.543	2340.000
752.746	2224.000
752.949	2228.000
753.152	2292.000
753.355	2305.000
753.557	2244.000
753.760	2224.000
753.963	2237.000
754.166	2240.000
754.369	2320.000
754.572	2273.000
754.775	2263.000
754.978	2338.000
755.181	2302.000
755.384	2263.000
755.587	2259.000
755.789	2191.000
755.992	2255.000
756.195	2214.000
756.398	2166.000
756.601	2194.000
756.804	2146.000
757.007	2136.000
757.210	2154.000
757.413	2140.000
757.616	2100.000
757.819	2109.000
758.021	2030.000
758.224	1922.000
758.427	1778.000
758.630	1594.000
758.833	1469.000
759.036	1314.000
759.239	1217.000
759.442	1126.000
759.645	1043.000
759.848	1011.000
760.051	992.000
760.253	957.000
760.456	958.000
760.659	961.000
760.862	974.000
761.065	984.000
761.268	970.000
761.471	918.000
761.674	925.000
761.877	899.000
762.080	927.000
762.283	952.000
762.485	926.000
762.688	932.000
762.891	927.000
763.094	935.000
763.297	943.000
763.500	993.000
763.706	1028.000
763.912	1046.000
764.118	1053.000
764.325	1128.000
764.531	1171.000
764.737	1177.000
764.943	1216.000
765.149	1302.000
765.355	1384.000
765.561	1423.000
765.768	1341.000
765.974	1372.000
766.180	1471.000
766.386	1494.000
766.592	1518.000
766.798	1532.000
767.004	1578.000
767.210	1597.000
767.417	1560.000
767.623	1606.000
767.829	1677.000
768.035	1635.000
768.241	1610.000
768.447	1609.000
768.653	1696.000
768.860	1704.000
769.066	1685.000
769.272	1690.000
769.478	1727.000
769.684	1733.000
769.890	1710.000
770.096	1581.000
770.303	1593.000
770.509	1649.000
770.715	1661.000
770.921	1647.000
771.127	1657.000
771.333	1693.000
771.539	1675.000
771.745	1633.000
771.952	1654.000
772.158	1602.000
772.364	1589.000
772.570	1601.000
772.776	1615.000
772.982	1613.000
773.188	1640.000
773.395	1580.000
773.601	1530.000
773.807	1586.000
774.013	1616.000
774.219	1577.000
774.425	1593.000
774.631	1604.000
774.838	1572.000
775.044	1555.000
775.250	1578.000
775.456	1551.000
775.662	1581.000
775.868	1563.000
776.074	1521.000
776.281	1553.000
776.487	1551.000
776.693	1459.000
776.899	1473.000
777.105	1497.000
777.311	1500.000
777.517	1540.000
777.723	1519.000
777.930	1495.000
778.136	1467.000
778.342	1446.000
778.548	1467.000
778.754	1446.000
778.960	1459.000
779.166	1462.000
779.373	1423.000
779.579	1394.000
779.785	1408.000
779.991	1404.000
780.197	1443.000
780.403	1464.000
780.609	1436.000
780.816	1371.000
781.022	1338.000
781.228	1379.000
781.434	1377.000
781.640	1389.000
781.846	1389.000
782.052	1353.000
782.259	1316.000
782.465	1280.000
782.671	1288.000
782.877	1302.000
783.083	1290.000
783.289	1337.000
783.495	1334.000
783.701	1324.000
783.908	1262.000
784.114	1302.000
784.320	1353.000
784.526	1343.000
784.732	1377.000
784.938	1305.000
785.144	1264.000
785.351	1257.000
785.557	1244.000
785.763	1230.000
785.969	1277.000
786.175	1214.000
786.381	1220.000
786.587	1219.000
786.794	1268.000
787.000	1268.000
787.206	1236.000
787.412	1221.000
787.618	1245.000
787.824	1238.000
788.030	1214.000
788.236	1164.000
788.443	1166.000
788.649	1140.000
788.855	1112.000
789.061	1184.000
789.267	1201.000
789.473	1210.000
789.679	1190.000
789.886	1148.000
790.092	1113.000
790.298	1061.000
790.504	1020.000
790.710	1062.000
790.916	1104.000
791.122	1071.000
791.329	1030.000
791.535	1075.000
791.741	1078.000
791.947	1085.000
792.153	1084.000
792.359	1036.000
792.565	1029.000
792.771	1049.000
792.978	933.000
793.184	966.000
793.390	1002.000
793.596	1002.000
793.802	1072.000
794.008	1034.000
794.214	1059.000
794.421	1051.000
794.627	1004.000
794.833	1023.000
795.039	996.000
795.245	1019.000
795.451	1029.000
795.657	1025.000
795.864	978.000
796.070	935.000
796.276	993.000
796.482	1018.000
796.688	997.000
796.894	990.000
797.100	1005.000
797.307	976.000
797.513	1005.000
797.719	982.000
797.925	954.000
798.131	928.000
798.337	916.000
798.543	977.000
798.749	969.000
798.956	961.000
799.162	1007.000
799.368	972.000
799.574	959.000
799.780	958.000
799.986	973.000
800.192	964.000
800.399	895.000
800.605	817.000
800.811	867.000
801.017	862.000
801.223	867.000
801.429	902.000
801.635	910.000
801.842	901.000
802.048	871.000
802.254	846.000
802.460	798.000
802.666	767.000
802.872	809.000
803.078	877.000
803.285	878.000
803.491	830.000
803.697	876.000
803.903	916.000
804.109	895.000
804.315	842.000
804.521	815.000
804.727	800.000
804.934	835.000
805.140	883.000
805.346	881.000
805.552	848.000
805.758	777.000
805.964	788.000
806.170	785.000
806.377	767.000
806.583	731.000
806.789	775.000
806.995	785.000
807.201	759.000
807.407	758.000
807.613	795.000
807.820	801.000
808.026	811.000
808.232	819.000
808.438	798.000
808.644	771.000
808.850	798.000
809.056	785.000
809.262	749.000
809.469	723.000
809.675	724.000
809.881	736.000
810.087	738.000
810.293	783.000
810.499	770.000
810.705	748.000
810.912	674.000
811.118	666.000
811.324	714.000
811.530	706.000
811.739	689.000
811.947	665.000
812.156	652.000
812.365	652.000
812.573	612.000
812.782	590.000
812.990	618.000
813.199	632.000
813.408	628.000
813.616	610.000
813.825	571.000
814.034	570.000
814.242	582.000
814.451	553.000
814.659	497.000
814.868	492.000
815.077	545.000
815.285	517.000
815.494	516.000
815.703	546.000
815.911	521.000
816.120	531.000
816.329	560.000
816.537	519.000
816.746	495.000
816.954	496.000
817.163	474.000
817.372	431.000
817.580	474.000
817.789	515.000
817.998	514.000
818.206	503.000
818.415	495.000
818.624	481.000
818.832	432.000
819.041	453.000
819.249	496.000
819.458	523.000
819.667	537.000
819.875	540.000
820.084	505.000
820.293	472.000
820.501	518.000
820.710	524.000
820.919	503.000
821.127	514.000
821.336	489.000
821.544	465.000
821.753	483.000
821.962	495.000
822.170	446.000
822.379	410.000
822.588	457.000
822.796	454.000
823.005	440.000
823.213	469.000
823.422	468.000
823.631	485.000
823.839	439.000
824.048	436.000
824.257	454.000
824.465	456.000
824.674	415.000
824.883	437.000
825.091	491.000
825.300	497.000
825.508	489.000
825.717	507.000
825.926	492.000
826.134	494.000
826.343	486.000
826.552	460.000
826.760	466.000
826.969	440.000
827.178	455.000
827.386	495.000
827.595	487.000
827.803	453.000
828.012	433.000
828.221	412.000
828.429	407.000
828.638	404.000
828.847	440.000
829.055	439.000
829.264	407.000
829.472	429.000
829.681	405.000
829.890	423.000
830.098	419.000
830.307	406.000
830.516	407.000
830.724	392.000
830.933	386.000
831.142	398.000
831.350	430.000
831.559	483.000
831.767	454.000
831.976	440.000
832.185	450.000
832.393	459.000
832.602	461.000
832.811	423.000
833.019	423.000
833.228	409.000
833.437	411.000
833.645	420.000
833.854	441.000
834.062	449.000
834.271	459.000
834.480	423.000
834.688	362.000
834.897	375.000
835.106	413.000
835.314	437.000
835.523	505.000
835.731	472.000
835.940	436.000
836.149	418.000
836.357	418.000
836.566	426.000
836.775	413.000
836.983	423.000
837.192	393.000
837.401	366.000
837.609	399.000
837.818	418.000
838.026	425.000
838.235	444.000
838.444	428.000
838.652	453.000
838.861	463.000
839.070	416.000
839.278	386.000
839.487	409.000
839.696	382.000
839.904	380.000
840.113	405.000
840.321	454.000
840.530	426.000
840.739	384.000
840.947	355.000
841.156	349.000
841.365	376.000
841.573	396.000
841.782	381.000
841.991	393.000
842.199	414.000
842.408	392.000
842.616	361.000
842.825	337.000
843.034	358.000
843.242	396.000
843.451	436.000
843.660	407.000
843.868	349.000
844.077	388.000
844.285	411.000
844.494	397.000
844.703	362.000
844.911	344.000
845.120	339.000
845.329	335.000
845.537	418.000
845.746	412.000
845.955	343.000
846.163	349.000
846.372	379.000
846.580	356.000
846.789	293.000
846.998	303.000
847.206	317.000
847.415	315.000
847.624	371.000
847.832	353.000
848.041	362.000
848.250	384.000
848.458	370.000
848.667	311.000
848.875	310.000
849.084	287.000
849.293	262.000
849.501	314.000
849.710	322.000
849.919	288.000
850.127	290.000
850.336	315.000
850.544	301.000
850.753	307.000
850.962	320.000
851.170	333.000
851.379	311.000
851.588	286.000
851.796	332.000
852.005	309.000
852.214	285.000
852.422	286.000
852.631	294.000
852.839	250.000
853.048	238.000
853.257	214.000
853.465	222.000
853.674	294.000
853.883	319.000
854.091	283.000
854.300	261.000
854.509	293.000
854.717	311.000
854.926	288.000
855.134	289.000
855.343	280.000
855.552	280.000
855.760	294.000
855.969	280.000
856.178	310.000
856.386	271.000
856.595	279.000
856.803	300.000
857.012	304.000
857.221	272.000
857.429	264.000
857.638	231.000
857.847	255.000
858.055	290.000
858.264	306.000
858.473	296.000
858.681	270.000
858.890	264.000
859.098	242.000
859.307	232.000
859.516	251.000
859.724	298.000
859.933	287.000
860.142	289.000
860.350	305.000
860.559	250.000
860.768	197.000
860.976	240.000
861.185	242.000
861.393	211.000
861.602	221.000
861.811	257.000
862.019	246.000
862.228	245.000
862.437	237.000
862.645	238.000
862.854	258.000
863.062	243.000
863.271	245.000
863.480	247.000
863.688	253.000
863.897	268.000
864.106	199.000
864.314	222.000
864.523	257.000
864.732	245.000
864.940	201.000
865.149	188.000
865.357	177.000
865.566	193.000
865.775	213.000
865.983	230.000
866.192	249.000
866.401	220.000
866.609	206.000
866.818	206.000
867.027	221.000
867.235	242.000
867.444	212.000
867.652	189.000
867.861	210.000
868.070	194.000
868.278	211.000
868.487	214.000
868.696	219.000
868.904	202.000
869.113	185.000
869.321	205.000
869.530	204.000
869.739	190.000
869.947	166.000
870.156	155.000
870.365	208.000
870.573	236.000
870.782	222.000
870.991	218.000
871.199	183.000
871.408	179.000
871.616	151.000
871.825	182.000
872.034	218.000
872.242	220.000
872.451	210.000
872.660	182.000
872.868	220.000
873.077	218.000
873.286	212.000
873.494	168.000
873.703	175.000
873.911	197.000
874.120	191.000
874.329	205.000
874.537	195.000
874.746	177.000
874.955	175.000
875.163	167.000
875.372	167.000
875.581	186.000
875.789	172.000
875.998	179.000
876.206	158.000
876.415	148.000
876.624	130.000
876.832	111.000
877.041	160.000
877.250	177.000
877.458	162.000
877.667	140.000
877.875	156.000
878.084	180.000
878.293	216.000
878.501	200.000
878.710	163.000
878.919	187.000
879.127	160.000
879.336	169.000
879.545	161.000
879.753	146.000
879.962	158.000
880.170	131.000
880.379	136.000
880.588	130.000
880.796	157.000
881.005	187.000
881.214	167.000
881.422	139.000
881.631	125.000
881.840	133.000
882.048	162.000
882.257	196.000
882.465	195.000
882.674	164.000
882.883	132.000
883.091	161.000
883.300	142.000
883.509	121.000
883.717	125.000
883.926	116.000
884.134	170.000
884.343	170.000
884.552	151.000
884.760	134.000
884.969	179.000
885.178	132.000
885.386	136.000
885.595	140.000
885.804	119.000
886.012	117.000
886.221	99.000
886.429	97.000
886.638	138.000
886.847	122.000
887.055	96.000
887.264	135.000
887.473	145.000
887.681	131.000
887.890	124.000
888.099	134.000
888.307	155.000
888.516	160.000
888.724	145.000
888.933	174.000
889.142	115.000
889.350	77.000
889.559	125.000
889.768	82.000
889.976	62.000
890.185	100.000
890.393	137.000
890.602	127.000
890.811	80.000
891.019	87.000
891.228	139.000
891.437	140.000
891.645	94.000
891.854	89.000
892.063	103.000
892.271	117.000
892.480	99.000
892.688	105.000
892.897	122.000
893.106	161.000
893.314	126.000
893.523	62.000
893.732	69.000
893.940	79.000
894.149	84.000
894.358	125.000
894.566	86.000
894.775	126.000
894.983	137.000
895.192	88.000
895.401	69.000
895.609	95.000
895.818	104.000
896.027	70.000
896.235	85.000
896.444	128.000
896.652	104.000
896.861	85.000
897.070	117.000
897.278	90.000
897.487	96.000
897.696	74.000
897.904	63.000
898.113	76.000
898.322	102.000
898.530	104.000
898.739	96.000
898.947	89.000
899.156	69.000
899.365	63.000
899.573	90.000
899.782	67.000
899.991	28.000
900.199	50.000
900.408	77.000
900.617	124.000
900.825	90.000
901.034	88.000
901.242	82.000
901.451	56.000
901.660	45.000
901.868	90.000
902.077	69.000
902.286	53.000
902.494	78.000
902.703	99.000
902.911	105.000
903.120	119.000
903.329	81.000
903.537	61.000
903.746	67.000
903.955	77.000
904.163	69.000
904.372	36.000
904.581	63.000
904.789	73.000
904.998	71.000
905.206	81.000
905.415	120.000
905.624	79.000
905.832	42.000
906.041	84.000
906.250	44.000
906.458	56.000
906.667	104.000
906.876	92.000
907.084	67.000
907.293	63.000
907.501	92.000
907.710	68.000
907.919	56.000
908.127	98.000
908.336	59.000
908.545	18.000
908.753	67.000
908.962	90.000
909.170	76.000
909.379	36.000
909.588	13.000
909.796	61.000
910.005	32.000
910.214	27.000
910.422	44.000
910.631	44.000
910.840	74.000
911.048	106.000
911.257	76.000
911.465	57.000
911.674	36.000
911.883	56.000
912.091	77.000
912.300	52.000
912.508	60.000
912.716	53.000
912.924	85.000
913.132	68.000
913.340	64.000
913.549	39.000
913.757	46.000
913.965	31.000
914.173	32.000
914.381	18.000
914.589	31.000
914.797	39.000
915.005	34.000
915.213	48.000
915.421	50.000
915.629	61.000
915.838	46.000
916.046	8.000
916.254	50.000
916.462	70.000
916.670	61.000
916.878	77.000
917.086	48.000
917.294	42.000
917.502	35.000
917.710	44.000
917.919	52.000
918.127	67.000
918.335	48.000
918.543	61.000
918.751	86.000
918.959	76.000
919.167	70.000
919.375	36.000
919.583	64.000
919.791	51.000
919.999	82.000
920.208	111.000
920.416	62.000
920.624	29.000
920.832	37.000
921.040	32.000
921.248	34.000
921.456	3.000
921.664	6.000
921.872	39.000
922.080	15.000
922.288	-5.000
922.497	-3.000
922.705	34.000
922.913	51.000
923.121	111.000
923.329	89.000
923.537	38.000
923.745	56.000
923.953	28.000
924.161	-12.000
924.369	14.000
924.578	7.000
924.786	34.000
924.994	85.000
925.202	35.000
925.410	83.000
925.618	111.000
925.826	98.000
926.034	72.000
926.242	47.000
926.450	22.000
926.658	35.000
926.867	53.000
927.075	52.000
927.283	29.000
927.491	47.000
927.699	50.000
927.907	46.000
928.115	16.000
928.323	32.000
928.531	63.000
928.739	66.000
928.947	42.000
929.156	24.000
929.364	57.000
929.572	70.000
929.780	37.000
929.988	30.000
930.196	27.000
930.404	4.000
930.612	22.000
930.820	43.000
931.028	51.000
931.236	38.000
931.445	11.000
931.653	0.000
931.861	-11.000
932.069	-22.000
932.277	-9.000
932.485	20.000
932.693	23.000
932.901	-1.000
933.109	-16.000
933.317	-12.000
933.526	24.000
933.734	18.000
933.942	15.000
934.150	21.000
934.358	-9.000
934.566	-1.000
934.774	24.000
934.982	-2.000
935.190	16.000
935.398	16.000
935.606	3.000
935.815	2.000
936.023	-25.000
936.231	-19.000
936.439	-1.000
936.647	2.000
936.855	16.000
937.063	41.000
937.271	59.000
937.479	20.000
937.687	-1.000
937.895	-15.000
938.104	-11.000
938.312	-16.000
938.520	-28.000
938.728	0.000
938.936	13.000
939.144	56.000
939.352	39.000
939.560	42.000
939.768	28.000
939.976	46.000
940.185	26.000
940.393	16.000
940.601	-1.000
940.809	-20.000
941.017	9.000
941.225	30.000
941.433	35.000
941.641	42.000
941.849	11.000
942.057	16.000
942.265	-19.000
942.474	-5.000
942.682	14.000
942.890	39.000
943.098	-13.000
943.306	8.000
943.514	31.000
943.722	-22.000
943.930	-19.000
944.138	20.000
944.346	27.000
944.554	32.000
944.763	35.000
944.971	9.000
945.179	44.000
945.387	25.000
945.595	-12.000
945.803	-11.000
946.011	-11.000
946.219	-18.000
946.427	12.000
946.635	-24.000
946.843	11.000
947.052	16.000
947.260	-25.000
947.468	-11.000
947.676	3.000
947.884	-14.000
948.092	19.000
948.300	29.000
948.508	15.000
948.716	-7.000
948.924	14.000
949.133	16.000
949.341	24.000
949.549	38.000
949.757	29.000
949.965	29.000
950.173	5.000
950.381	16.000
950.589	40.000
950.797	9.000
951.005	-21.000
951.213	-15.000
951.422	-7.000
951.630	-10.000
951.838	40.000
952.046	44.000
952.254	7.000
952.462	9.000
952.670	8.000
952.878	8.000
953.086	12.000
953.294	60.000
953.502	5.000
953.711	-7.000
953.919	36.000
954.127	31.000
954.335	12.000
954.543	18.000
954.751	-5.000
954.959	14.000
955.167	-19.000
955.375	-11.000
955.583	14.000
955.792	4.000
956.000	9.000
956.208	12.000
956.416	-29.000
956.624	16.000
956.832	21.000
957.040	18.000
957.248	10.000
957.456	6.000
957.664	-3.000
957.872	-37.000
958.081	-39.000
958.289	7.000
958.497	23.000
958.705	21.000
958.913	-2.000
959.121	17.000
959.329	0.000
959.537	-33.000
959.745	13.000
959.953	7.000
960.161	-14.000
960.370	-30.000
960.578	8.000
960.786	30.000
960.994	-6.000
961.202	32.000
961.410	25.000
961.618	14.000
961.826	22.000
962.034	-19.000
962.242	-34.000
962.451	-30.000
962.659	-10.000
962.867	4.000
963.075	60.000
963.283	54.000
963.491	31.000
963.699	22.000
963.907	-7.000
964.115	-27.000
964.323	-22.000
964.531	-17.000
964.740	-45.000
964.948	-12.000
965.156	-2.000
965.364	1.000
965.572	23.000
965.780	2.000
965.999	4.000
966.218	15.000
966.438	-27.000
966.657	-23.000
966.876	-13.000
967.095	0.000
967.315	-5.000
967.534	-25.000
967.753	3.000
967.972	21.000
968.192	32.000
968.411	17.000
968.630	-26.000
968.849	-9.000
969.068	0.000
969.288	22.000
969.507	29.000
969.726	6.000
969.945	-1.000
970.165	0.000
970.384	10.000
970.603	-8.000
970.822	-15.000
971.042	-36.000
971.261	-19.000
971.480	15.000
971.699	14.000
971.919	8.000
972.138	25.000
972.357	-18.000
972.576	-46.000
972.795	-25.000
973.015	-5.000
973.234	15.000
973.453	31.000
973.672	21.000
973.892	-51.000
974.111	-46.000
974.330	18.000
974.549	29.000
974.769	10.000
974.988	34.000
975.207	26.000
975.426	-19.000
975.646	28.000
975.865	31.000
976.084	53.000
976.303	55.000
976.522	0.000
976.742	-4.000
976.961	4.000
977.180	-10.000
977.399	-29.000
977.619	-11.000
977.838	18.000
978.057	8.000
978.276	29.000
978.496	44.000
978.715	29.000
978.934	5.000
979.153	8.000
979.372	11.000
979.592	17.000
979.811	12.000
980.030	21.000
980.249	35.000
980.469	6.000
980.688	25.000
980.907	26.000
981.126	1.000
981.346	5.000
981.565	-30.000
981.784	-32.000
982.003	27.000
982.223	22.000
982.442	29.000
982.661	-8.000
982.880	-6.000
983.099	38.000
983.319	38.000
983.538	29.000
983.757	16.000
983.976	27.000
984.196	57.000
984.415	34.000
984.634	15.000
984.853	-7.000
985.073	20.000
985.292	-22.000
985.511	-11.000
985.730	-24.000
985.949	-17.000
986.169	13.000
986.388	35.000
986.607	4.000
986.826	-12.000
987.046	4.000
987.265	2.000
987.484	-10.000
987.703	-14.000
987.923	9.000
988.142	49.000
988.361	31.000
988.580	-8.000
988.800	-31.000
989.019	6.000
989.238	12.000
989.457	-14.000
989.676	-32.000
989.896	-43.000
990.115	15.000
990.334	13.000
990.553	2.000
990.773	-14.000
990.992	-13.000
991.211	-19.000
991.430	34.000
991.650	32.000
991.869	23.000
992.088	-2.000
992.307	-17.000
992.527	-29.000
992.746	-37.000
992.965	-46.000
993.184	3.000
993.403	39.000
993.623	41.000
993.842	39.000
994.061	-6.000
994.280	-12.000
994.500	-37.000
994.719	2.000
994.938	3.000
995.157	-53.000
995.377	-48.000
995.596	38.000
995.815	72.000
996.034	-18.000
996.253	-47.000
996.473	-8.000
996.692	24.000
996.911	29.000
997.130	15.000
997.350	-22.000
997.569	26.000
997.788	4.000
998.007	-22.000
998.227	-10.000
998.446	-6.000
998.665	-11.000
998.884	-47.000
999.104	-18.000
999.323	6.000
999.542	26.000
999.761	32.000
999.980	11.000
1000.200	5.000
1000.419	1.000
1000.638	33.000
1000.857	-4.000
1001.077	3.000
1001.296	8.000
1001.515	-25.000
1001.734	-20.000
1001.954	-6.000
1002.173	22.000
1002.392	5.000
1002.611	-17.000
1002.830	-41.000
1003.050	-25.000
1003.269	30.000
1003.488	3.000
1003.707	-23.000
1003.927	5.000
1004.146	49.000
1004.365	21.000
1004.584	-27.000
1004.804	19.000
1005.023	10.000
1005.242	-46.000
1005.461	-13.000
1005.681	50.000
1005.900	-5.000
1006.119	-18.000
1006.338	-1.000
1006.557	13.000
1006.777	14.000
1006.996	14.000
1007.215	-5.000
1007.434	13.000
1007.654	6.000
1007.873	-1.000
1008.092	2.000
1008.311	-10.000
1008.531	3.000
1008.750	15.000
1008.969	22.000
1009.188	11.000
1009.407	11.000
1009.627	9.000
1009.846	26.000
1010.065	31.000
1010.284	37.000
1010.504	5.000
1010.723	-15.000
1010.942	16.000
1011.161	19.000
1011.381	7.000
1011.600	-8.000
1011.819	-2.000
1012.038	4.000
1012.258	8.000
1012.477	11.000
1012.696	0.000
1012.915	18.000
1013.134	39.000
1013.354	48.000
1013.573	58.000
1013.792	34.000
1014.011	25.000
1014.231	-23.000
1014.450	-24.000
1014.669	-29.000
1014.888	-30.000
1015.108	10.000
1015.327	18.000
1015.546	12.000
1015.765	-7.000
1015.984	2.000
1016.204	29.000
1016.423	59.000
1016.642	29.000
1016.861	12.000
1017.081	12.000
1017.300	-4.000
1017.519	-1.000
