296.912	152.500
297.101	63.500
297.290	2.500
297.479	23.500
297.668	-136.500
297.858	2.500
298.047	168.500
298.236	65.500
298.425	-30.500
298.614	-47.500
298.803	-114.500
298.992	-37.500
299.181	2.500
299.370	-54.500
299.559	-4.500
299.748	56.500
299.937	76.500
300.126	134.500
300.315	-44.500
300.504	-98.500
300.693	1.500
300.882	-27.500
301.071	-44.500
301.260	-82.500
301.449	-68.500
301.638	-27.500
301.827	-47.500
302.016	-51.500
302.205	-46.500
302.395	-138.500
302.584	-91.500
302.773	53.500
302.962	32.500
303.151	-55.500
303.340	-162.500
303.529	-169.500
303.718	-66.500
303.907	33.500
304.096	20.500
304.285	-12.500
304.474	48.500
304.663	65.500
304.852	-33.500
305.041	30.500
305.230	121.500
305.419	67.500
305.608	69.500
305.797	-18.500
305.986	-89.500
306.175	-173.500
306.364	-201.500
306.553	-117.500
306.743	19.500
306.932	16.500
307.121	12.500
307.310	-18.500
307.499	-88.500
307.688	-102.500
307.877	-9.500
308.066	-90.500
308.255	-23.500
308.444	137.500
308.633	25.500
308.822	-151.500
309.011	-211.500
309.200	-40.500
309.389	43.500
309.578	-86.500
309.767	-24.500
309.956	89.500
310.145	-19.500
310.334	-147.500
310.523	10.500
310.712	-39.500
310.901	-146.500
311.091	-23.500
311.280	58.500
311.469	-2.500
311.658	163.500
311.847	33.500
312.036	-93.500
312.225	-66.500
312.414	-169.500
312.603	-154.500
312.792	-2.500
312.981	5.500
313.170	-50.500
313.349	-139.500
313.527	-68.500
313.706	-85.500
313.884	-95.500
314.063	10.500
314.241	84.500
314.420	192.500
314.598	83.500
314.777	2.500
314.955	-96.500
315.134	-43.500
315.312	-103.500
315.491	-182.500
315.669	-59.500
315.848	-49.500
316.027	-80.500
316.205	11.500
316.384	-68.500
316.562	-12.500
316.741	-138.500
316.919	-58.500
317.098	-9.500
317.276	-179.500
317.455	-100.500
317.633	10.500
317.812	112.500
317.990	-19.500
318.169	24.500
318.347	56.500
318.526	111.500
318.705	-74.500
318.883	-63.500
319.062	-42.500
319.240	-27.500
319.419	-112.500
319.597	24.500
319.776	133.500
319.954	-71.500
320.133	-126.500
320.311	-59.500
320.490	105.500
320.668	59.500
320.847	-73.500
321.025	-34.500
321.204	97.500
321.382	35.500
321.561	-111.500
321.740	-67.500
321.918	7.500
322.097	65.500
322.275	-20.500
322.454	-63.500
322.632	-58.500
322.811	-67.500
322.989	-115.500
323.168	-68.500
323.346	-67.500
323.525	-111.500
323.703	-198.500
323.882	-185.500
324.060	-90.500
324.239	64.500
324.418	92.500
324.596	105.500
324.775	-5.500
324.953	-147.500
325.132	-57.500
325.310	27.500
325.489	-78.500
325.667	0.500
325.846	-30.500
326.024	29.500
326.203	138.500
326.381	22.500
326.560	132.500
326.738	-12.500
326.917	-63.500
327.096	-27.500
327.274	91.500
327.453	41.500
327.631	-133.500
327.810	-95.500
327.988	-69.500
328.167	-8.500
328.345	-34.500
328.524	-101.500
328.702	-142.500
328.881	-131.500
329.059	-108.500
329.238	-53.500
329.416	56.500
329.595	-30.500
329.774	-9.500
329.952	57.500
330.131	86.500
330.309	89.500
330.488	92.500
330.666	-68.500
330.845	-123.500
331.023	-95.500
331.202	-155.500
331.380	-161.500
331.559	-56.500
331.737	-18.500
331.916	-174.500
332.094	-46.500
332.273	114.500
332.452	-84.500
332.630	-81.500
332.809	42.500
332.987	-1.500
333.166	0.500
333.344	54.500
333.523	74.500
333.701	-60.500
333.880	7.500
334.058	-24.500
334.237	80.500
334.415	110.500
334.594	52.500
334.772	-194.500
334.951	-203.500
335.129	-166.500
335.308	59.500
335.487	107.500
335.665	41.500
335.844	187.500
336.022	265.500
336.201	50.500
336.379	-30.500
336.558	70.500
336.736	106.500
336.915	16.500
337.093	91.500
337.272	-26.500
337.450	-98.500
337.629	-97.500
337.807	-91.500
337.986	-17.500
338.165	5.500
338.343	-10.500
338.522	100.500
338.700	150.500
338.879	-48.500
339.057	12.500
339.236	200.500
339.414	34.500
339.593	-38.500
339.771	88.500
339.950	115.500
340.128	60.500
340.307	67.500
340.485	3.500
340.664	72.500
340.843	-35.500
341.021	-50.500
341.200	-77.500
341.378	11.500
341.557	120.500
341.735	16.500
341.914	-146.500
342.092	14.500
342.271	165.500
342.449	51.500
342.628	-120.500
342.806	-99.500
342.985	184.500
343.163	197.500
343.342	-4.500
343.521	-131.500
343.699	-162.500
343.878	-136.500
344.056	-36.500
344.235	-97.500
344.413	-11.500
344.592	148.500
344.770	-54.500
344.949	45.500
345.127	25.500
345.306	47.500
345.484	-92.500
345.663	-27.500
345.841	79.500
346.020	54.500
346.199	-58.500
346.377	-80.500
346.556	170.500
346.734	245.500
346.913	-81.500
347.091	-32.500
347.270	85.500
347.448	27.500
347.627	-55.500
347.805	-20.500
347.984	-70.500
348.162	-108.500
348.341	53.500
348.519	57.500
348.698	-118.500
348.876	-137.500
349.055	-111.500
349.234	37.500
349.412	97.500
349.591	-87.500
349.769	-117.500
349.948	120.500
350.126	211.500
350.305	151.500
350.483	46.500
350.662	-105.500
350.840	-24.500
351.019	-150.500
351.197	-51.500
351.376	6.500
351.554	8.500
351.733	-38.500
351.912	46.500
352.090	93.500
352.269	43.500
352.447	-6.500
352.626	-20.500
352.804	37.500
352.983	-63.500
353.161	-52.500
353.340	-24.500
353.518	-79.500
353.697	22.500
353.875	48.500
354.054	103.500
354.232	152.500
354.411	85.500
354.590	-20.500
354.768	48.500
354.947	-23.500
355.125	-114.500
355.304	-82.500
355.482	-71.500
355.661	-27.500
355.839	-76.500
356.018	-102.500
356.196	-82.500
356.375	-138.500
356.553	-23.500
356.732	-116.500
356.910	-112.500
357.089	-35.500
357.268	16.500
357.446	74.500
357.625	24.500
357.803	-35.500
357.982	-87.500
358.160	-80.500
358.339	24.500
358.517	47.500
358.696	18.500
358.874	-80.500
359.053	-86.500
359.231	-152.500
359.410	-78.500
359.588	-60.500
359.767	9.500
359.945	151.500
360.124	-18.500
360.303	-80.500
360.481	-93.500
360.660	-68.500
360.838	-20.500
361.017	-31.500
361.195	-110.500
361.374	-70.500
361.552	-11.500
361.731	35.500
361.909	26.500
362.088	-111.500
362.266	-79.500
362.445	-85.500
362.623	-22.500
362.802	12.500
362.981	-8.500
363.159	122.500
363.338	38.500
363.516	117.500
363.695	77.500
363.873	41.500
364.052	-45.500
364.230	50.500
364.409	-15.500
364.587	40.500
364.766	-1.500
364.944	-1.500
365.123	87.500
365.301	7.500
365.480	-12.500
365.660	-76.500
365.839	39.500
366.019	180.500
366.199	78.500
366.379	9.500
366.558	16.500
366.738	99.500
366.918	37.500
367.098	-189.500
367.277	-111.500
367.457	-2.500
367.637	-35.500
367.816	-0.500
367.996	81.500
368.176	-20.500
368.356	35.500
368.535	3.500
368.715	122.500
368.895	123.500
369.075	-59.500
369.254	-94.500
369.434	109.500
369.614	228.500
369.793	100.500
369.973	207.500
370.153	42.500
370.333	-22.500
370.512	20.500
370.692	73.500
370.872	76.500
371.051	42.500
371.231	168.500
371.411	126.500
371.591	-71.500
371.770	15.500
371.950	22.500
372.130	-43.500
372.310	-109.500
372.489	-26.500
372.669	9.500
372.849	-68.500
373.028	42.500
373.208	64.500
373.388	-63.500
373.568	0.500
373.747	61.500
373.927	12.500
374.107	-33.500
374.287	72.500
374.466	16.500
374.646	17.500
374.826	-1.500
375.005	-37.500
375.185	119.500
375.365	292.500
375.545	199.500
375.724	129.500
375.904	119.500
376.084	55.500
376.263	-35.500
376.443	28.500
376.623	116.500
376.803	134.500
376.982	48.500
377.162	-58.500
377.342	0.500
377.522	154.500
377.701	91.500
377.881	-1.500
378.061	172.500
378.240	-3.500
378.420	-138.500
378.600	-37.500
378.780	112.500
378.959	6.500
379.139	16.500
379.319	65.500
379.499	136.500
379.678	137.500
379.858	202.500
380.038	-34.500
380.217	40.500
380.397	-0.500
380.577	4.500
380.757	-34.500
380.936	105.500
381.116	-4.500
381.296	-64.500
381.476	62.500
381.655	-6.500
381.835	86.500
382.015	36.500
382.194	88.500
382.374	198.500
382.554	202.500
382.734	130.500
382.913	104.500
383.093	199.500
383.273	62.500
383.452	74.500
383.632	27.500
383.812	49.500
383.992	29.500
384.171	103.500
384.351	44.500
384.531	34.500
384.711	-12.500
384.890	-105.500
385.070	-68.500
385.250	6.500
385.429	126.500
385.609	71.500
385.789	46.500
385.969	-27.500
386.148	-87.500
386.328	48.500
386.508	70.500
386.688	47.500
386.867	46.500
387.047	98.500
387.227	19.500
387.406	6.500
387.586	-14.500
387.766	88.500
387.946	75.500
388.125	17.500
388.305	-54.500
388.485	-72.500
388.664	84.500
388.844	92.500
389.024	63.500
389.204	82.500
389.383	91.500
389.563	49.500
389.743	-27.500
389.923	54.500
390.102	24.500
390.282	8.500
390.462	43.500
390.641	0.500
390.821	-98.500
391.001	-11.500
391.181	21.500
391.360	105.500
391.540	184.500
391.720	183.500
391.900	115.500
392.079	-70.500
392.259	31.500
392.439	190.500
392.618	193.500
392.798	107.500
392.978	74.500
393.158	-13.500
393.337	73.500
393.517	178.500
393.697	168.500
393.877	213.500
394.056	198.500
394.236	263.500
394.416	98.500
394.595	-63.500
394.775	0.500
394.955	63.500
395.135	3.500
395.314	23.500
395.494	252.500
395.674	209.500
395.853	48.500
396.033	149.500
396.213	145.500
396.393	35.500
396.572	129.500
396.752	105.500
396.932	191.500
397.112	201.500
397.291	131.500
397.471	113.500
397.651	1.500
397.830	-121.500
398.010	47.500
398.190	117.500
398.370	57.500
398.549	170.500
398.729	47.500
398.909	11.500
399.089	30.500
399.268	180.500
399.448	262.500
399.628	228.500
399.807	161.500
399.987	166.500
400.167	219.500
400.347	286.500
400.526	351.500
400.706	80.500
400.886	34.500
401.065	69.500
401.245	105.500
401.425	181.500
401.605	133.500
401.784	151.500
401.964	203.500
402.144	204.500
402.324	149.500
402.503	229.500
402.683	229.500
402.863	121.500
403.042	79.500
403.222	93.500
403.402	267.500
403.582	241.500
403.761	185.500
403.941	333.500
404.121	159.500
404.301	62.500
404.480	305.500
404.660	429.500
404.844	501.500
405.029	429.500
405.213	312.500
405.398	291.500
405.582	289.500
405.767	310.500
405.951	258.500
406.136	360.500
406.320	391.500
406.505	473.500
406.689	604.500
406.874	611.500
407.058	740.500
407.243	580.500
407.427	488.500
407.612	633.500
407.796	652.500
407.981	667.500
408.165	795.500
408.350	903.500
408.534	729.500
408.719	765.500
408.903	910.500
409.088	1019.500
409.272	923.500
409.457	1072.500
409.641	1185.500
409.826	1321.500
410.010	1583.500
410.195	1509.500
410.379	1543.500
410.564	1830.500
410.748	1995.500
410.933	2018.500
411.117	2194.500
411.302	2408.500
411.486	2561.500
411.671	2675.500
411.855	2769.500
412.040	2860.500
412.224	2862.500
412.409	3019.500
412.593	3296.500
412.778	3432.500
412.962	3514.500
413.147	3901.500
413.331	4202.500
413.516	4226.500
413.700	4200.500
413.885	4458.500
414.069	4622.500
414.254	4826.500
414.438	4927.500
414.623	4963.500
414.807	5206.500
414.992	5302.500
415.176	5481.500
415.361	5835.500
415.545	6166.500
415.730	6369.500
415.914	6294.500
416.099	6705.500
416.283	6789.500
416.468	6775.500
416.652	6935.500
416.837	6984.500
417.021	7168.500
417.206	7327.500
417.390	7244.500
417.575	7341.500
417.759	7552.500
417.944	7761.500
418.128	7916.500
418.313	8077.500
418.497	8219.500
418.682	8453.500
418.866	8699.500
419.051	8466.500
419.235	8647.500
419.420	8960.500
419.604	8957.500
419.789	9158.500
419.973	9312.500
420.158	9470.500
420.342	9618.500
420.527	9884.500
420.711	10255.500
420.896	10406.500
421.080	10424.500
421.265	10541.500
421.449	10608.500
421.634	10734.500
421.818	10661.500
422.003	10330.500
422.187	10368.500
422.372	10586.500
422.556	10571.500
422.741	10712.500
422.925	11027.500
423.110	11108.500
423.294	11347.500
423.479	11389.500
423.663	11546.500
423.848	11495.500
424.032	11619.500
424.217	11547.500
424.401	11633.500
424.586	11572.500
424.770	11543.500
424.955	11750.500
425.139	12006.500
425.324	11993.500
425.508	12089.500
425.693	12199.500
425.877	12227.500
426.062	12280.500
426.246	12281.500
426.431	12027.500
426.615	11890.500
426.800	11996.500
426.984	12030.500
427.169	11924.500
427.353	12178.500
427.538	12180.500
427.722	12138.500
427.907	12056.500
428.091	12261.500
428.276	12422.500
428.460	12363.500
428.645	12238.500
428.829	11712.500
429.014	11479.500
429.198	11278.500
429.383	11119.500
429.567	10740.500
429.752	10356.500
429.936	10249.500
430.121	9925.500
430.305	10247.500
430.490	10411.500
430.674	10779.500
430.859	11342.500
431.043	11801.500
431.228	12411.500
431.412	12711.500
431.597	12732.500
431.781	12894.500
431.966	13220.500
432.150	13351.500
432.335	13531.500
432.519	13616.500
432.704	13735.500
432.888	13648.500
433.073	13316.500
433.257	13293.500
433.442	13319.500
433.626	13279.500
433.811	13246.500
433.995	13344.500
434.180	13451.500
434.364	13774.500
434.549	14064.500
434.733	14151.500
434.918	14215.500
435.102	14473.500
435.287	14677.500
435.471	14697.500
435.656	14859.500
435.840	15083.500
436.030	15194.500
436.219	14994.500
436.409	15120.500
436.599	15046.500
436.789	14818.500
436.978	14695.500
437.168	14694.500
437.358	14483.500
437.548	14120.500
437.737	14049.500
437.927	14232.500
438.117	14323.500
438.306	14257.500
438.496	14301.500
438.686	14557.500
438.876	14556.500
439.065	14679.500
439.255	14781.500
439.445	14922.500
439.634	15029.500
439.824	14869.500
440.014	14791.500
440.204	15102.500
440.393	15377.500
440.583	15756.500
440.773	15771.500
440.963	15860.500
441.152	16062.500
441.342	16149.500
441.532	16407.500
441.721	16397.500
441.911	16510.500
442.101	16533.500
442.291	16701.500
442.480	16896.500
442.670	17035.500
442.860	16925.500
443.050	16983.500
443.239	17287.500
443.429	17472.500
443.619	17245.500
443.808	17180.500
443.998	17097.500
444.188	17286.500
444.378	17516.500
444.567	17490.500
444.757	17240.500
444.947	17140.500
445.137	17345.500
445.326	17272.500
445.516	17056.500
445.706	17276.500
445.895	17323.500
446.085	17307.500
446.275	17510.500
446.465	17684.500
446.654	17899.500
446.844	18254.500
447.034	18259.500
447.223	18705.500
447.413	18598.500
447.603	18601.500
447.793	18655.500
447.982	18830.500
448.172	18495.500
448.362	18780.500
448.552	19041.500
448.741	19070.500
448.931	18887.500
449.121	19058.500
449.310	19232.500
449.500	19477.500
449.690	19402.500
449.880	19617.500
450.069	20042.500
450.259	20122.500
450.449	19852.500
450.639	20084.500
450.828	20033.500
451.018	19993.500
451.208	19925.500
451.397	20032.500
451.587	20180.500
451.777	19706.500
451.967	19583.500
452.156	19480.500
452.346	19214.500
452.536	19028.500
452.725	18580.500
452.915	18574.500
453.105	18614.500
453.295	18599.500
453.484	18707.500
453.674	19032.500
453.864	18947.500
454.054	18958.500
454.243	18937.500
454.433	18982.500
454.623	19000.500
454.812	18903.500
455.002	19049.500
455.192	19212.500
455.382	19259.500
455.571	19193.500
455.761	19453.500
455.951	19538.500
456.141	19487.500
456.330	19574.500
456.520	19660.500
456.710	19664.500
456.899	19692.500
457.089	19620.500
457.279	19782.500
457.469	19642.500
457.658	19383.500
457.848	19112.500
458.038	19298.500
458.228	19239.500
458.417	19204.500
458.607	19114.500
458.797	19193.500
458.986	19184.500
459.176	18982.500
459.366	18899.500
459.556	18889.500
459.745	18907.500
459.935	19048.500
460.125	19071.500
460.314	18897.500
460.504	18832.500
460.694	19231.500
460.884	19509.500
461.073	19300.500
461.263	19336.500
461.453	19533.500
461.643	19506.500
461.832	19492.500
462.022	19414.500
462.212	19351.500
462.401	19558.500
462.591	19645.500
462.781	19610.500
462.971	19579.500
463.160	19304.500
463.350	19233.500
463.540	19320.500
463.730	19264.500
463.919	19171.500
464.109	18923.500
464.299	18992.500
464.488	18879.500
464.678	18748.500
464.868	18877.500
465.058	18951.500
465.247	19160.500
465.437	18904.500
465.627	18874.500
465.816	18921.500
466.006	18848.500
466.196	18703.500
466.386	18577.500
466.575	18416.500
466.765	18398.500
466.955	18450.500
467.145	18446.500
467.334	18532.500
467.524	18537.500
467.714	18644.500
467.903	18567.500
468.093	18628.500
468.283	18944.500
468.473	19111.500
468.662	18996.500
468.852	18983.500
469.042	19043.500
469.232	18812.500
469.421	18877.500
469.611	18896.500
469.801	18964.500
469.990	18884.500
470.180	18718.500
470.370	18614.500
470.560	18533.500
470.749	18510.500
470.939	18785.500
471.129	18977.500
471.318	18988.500
471.508	19139.500
471.698	19415.500
471.888	19521.500
472.077	19473.500
472.267	19341.500
472.457	19453.500
472.647	19319.500
472.836	19127.500
473.026	19171.500
473.216	19350.500
473.405	19442.500
473.595	19410.500
473.785	19402.500
473.975	19318.500
474.164	19251.500
474.354	19470.500
474.544	19481.500
474.734	19614.500
474.923	19366.500
475.113	19521.500
475.303	19505.500
475.492	19594.500
475.682	19571.500
475.872	19321.500
476.062	19336.500
476.251	19306.500
476.441	19187.500
476.631	19077.500
476.821	19012.500
477.010	18967.500
477.200	19165.500
477.390	19340.500
477.579	19359.500
477.769	19435.500
477.959	19536.500
478.149	19580.500
478.338	19569.500
478.528	19529.500
478.718	19366.500
478.907	19312.500
479.097	19272.500
479.287	19246.500
479.477	19451.500
479.666	19476.500
479.856	19515.500
480.046	19437.500
480.236	19483.500
480.425	19468.500
480.615	19403.500
480.805	19350.500
480.994	19477.500
481.184	19586.500
481.374	19601.500
481.564	19612.500
481.753	19623.500
481.943	19572.500
482.133	19676.500
482.323	19156.500
482.512	19074.500
482.702	19186.500
482.892	19127.500
483.081	18917.500
483.271	19000.500
483.461	18930.500
483.651	18887.500
483.840	18835.500
484.030	18813.500
484.220	18634.500
484.409	18690.500
484.599	18337.500
484.789	18203.500
484.979	18181.500
485.168	17969.500
485.358	17400.500
485.548	16949.500
485.738	16741.500
485.927	16399.500
486.117	16008.500
486.307	15701.500
486.496	15554.500
486.686	15789.500
486.876	15891.500
487.066	16236.500
487.255	16406.500
487.445	16673.500
487.635	16822.500
487.825	16672.500
488.014	16847.500
488.204	17401.500
488.394	17456.500
488.583	17140.500
488.773	17001.500
488.963	17106.500
489.153	17267.500
489.342	17299.500
489.532	17511.500
489.722	17635.500
489.912	17940.500
490.101	17956.500
490.291	18081.500
490.481	17960.500
490.670	17916.500
490.860	17891.500
491.050	17895.500
491.240	17857.500
491.429	17550.500
491.619	17439.500
491.809	17446.500
491.998	17240.500
492.188	16978.500
492.378	16963.500
492.568	17085.500
492.757	17249.500
492.947	17335.500
493.137	17428.500
493.327	17489.500
493.516	17375.500
493.706	17394.500
493.896	17432.500
494.085	17625.500
494.275	17642.500
494.465	17673.500
494.655	17860.500
494.844	18067.500
495.034	17992.500
495.224	17907.500
495.414	17940.500
495.603	17956.500
495.793	17748.500
495.983	17651.500
496.172	17607.500
496.362	17774.500
496.552	17948.500
496.742	17883.500
496.931	17907.500
497.121	17978.500
497.311	17814.500
497.500	17790.500
497.690	17823.500
497.880	17452.500
498.070	17284.500
498.259	17181.500
498.449	17175.500
498.639	17112.500
498.829	17130.500
499.018	17126.500
499.208	17085.500
499.398	17034.500
499.587	17359.500
499.777	17335.500
499.967	17223.500
500.157	17236.500
500.346	17025.500
500.536	16609.500
500.726	16514.500
500.916	16584.500
501.105	16491.500
501.295	16315.500
501.485	16682.500
501.674	16546.500
501.864	16468.500
502.054	16659.500
502.244	16726.500
502.433	16553.500
502.623	16733.500
502.813	16901.500
503.003	16668.500
503.192	16729.500
503.382	16709.500
503.572	16557.500
503.761	16378.500
503.951	16324.500
504.141	16280.500
504.331	16203.500
504.520	16216.500
504.710	16490.500
504.900	16481.500
505.089	16557.500
505.279	16586.500
505.469	16749.500
505.659	16914.500
505.848	17082.500
506.038	16981.500
506.228	16881.500
506.418	16772.500
506.607	16752.500
506.797	16579.500
506.987	16644.500
507.176	16503.500
507.366	16466.500
507.556	16376.500
507.746	16199.500
507.935	16341.500
508.125	16280.500
508.315	15934.500
508.505	15994.500
508.694	16126.500
508.884	16403.500
509.074	16429.500
509.263	16382.500
509.453	16338.500
509.643	16261.500
509.833	15991.500
510.022	15823.500
510.212	15963.500
510.402	16003.500
510.592	16109.500
510.781	16086.500
510.971	15981.500
511.161	15966.500
511.350	15938.500
511.540	16053.500
511.730	16017.500
511.920	15879.500
512.109	15804.500
512.299	15733.500
512.489	15490.500
512.678	15630.500
512.868	15536.500
513.058	15375.500
513.248	15198.500
513.437	15113.500
513.627	15096.500
513.817	15031.500
514.007	14821.500
514.196	14894.500
514.386	14868.500
514.576	14764.500
514.765	14759.500
514.955	14936.500
515.145	15015.500
515.335	14958.500
515.524	14911.500
515.714	14898.500
515.904	14737.500
516.094	14483.500
516.283	14205.500
516.473	14045.500
516.663	13660.500
516.852	13416.500
517.042	13415.500
517.232	13138.500
517.422	13111.500
517.611	13468.500
517.801	13515.500
517.991	13552.500
518.180	13421.500
518.370	13360.500
518.560	13264.500
518.750	13309.500
518.939	13408.500
519.129	13627.500
519.319	13956.500
519.509	13841.500
519.698	13969.500
519.888	14203.500
520.078	14142.500
520.267	14164.500
520.457	14165.500
520.647	14120.500
520.837	14181.500
521.026	14465.500
521.216	14457.500
521.406	14350.500
521.596	14414.500
521.785	14553.500
521.975	14487.500
522.165	14008.500
522.354	14244.500
522.544	14258.500
522.734	14190.500
522.924	14250.500
523.113	14122.500
523.303	14207.500
523.493	14191.500
523.683	14119.500
523.872	14359.500
524.062	14514.500
524.252	14430.500
524.441	14511.500
524.631	14510.500
524.821	14381.500
525.011	14292.500
525.200	14423.500
525.390	14552.500
525.580	14372.500
525.769	14117.500
525.959	14097.500
526.149	13903.500
526.339	13891.500
526.528	13663.500
526.718	13507.500
526.908	13404.500
527.098	13466.500
527.287	13671.500
527.477	13494.500
527.667	13624.500
527.856	13836.500
528.046	13953.500
528.236	14097.500
528.426	14320.500
528.615	14267.500
528.805	14072.500
528.995	14305.500
529.185	14259.500
529.374	14391.500
529.564	14344.500
529.754	14137.500
529.943	14310.500
530.133	14432.500
530.323	14465.500
530.513	14483.500
530.702	14440.500
530.892	14395.500
531.082	14190.500
531.271	14112.500
531.461	14058.500
531.651	13918.500
531.841	13812.500
532.030	13890.500
532.220	13507.500
532.410	13299.500
532.600	13202.500
532.789	13142.500
532.979	13179.500
533.169	13281.500
533.358	13306.500
533.548	13241.500
533.738	13173.500
533.928	13166.500
534.117	12993.500
534.307	12948.500
534.497	13019.500
534.687	13225.500
534.876	13365.500
535.066	13333.500
535.256	13226.500
535.445	13321.500
535.635	13116.500
535.825	12929.500
536.015	12832.500
536.204	12872.500
536.394	12555.500
536.584	12433.500
536.773	12659.500
536.963	12673.500
537.153	12787.500
537.343	12735.500
537.532	12702.500
537.722	12681.500
537.912	12738.500
538.102	12621.500
538.291	12562.500
538.481	12606.500
538.671	12546.500
538.860	12434.500
539.050	12296.500
539.240	12175.500
539.430	11968.500
539.619	11986.500
539.809	12024.500
539.999	11950.500
540.189	11832.500
540.378	11880.500
540.568	11921.500
540.758	11995.500
540.947	12168.500
541.137	12213.500
541.327	12300.500
541.517	12107.500
541.706	11826.500
541.896	11998.500
542.086	12105.500
542.276	11971.500
542.465	11851.500
542.655	11831.500
542.845	11778.500
543.034	11730.500
543.224	12108.500
543.414	12155.500
543.604	12135.500
543.793	12012.500
543.983	12039.500
544.173	11788.500
544.362	11686.500
544.552	12037.500
544.742	12107.500
544.932	11834.500
545.121	11901.500
545.311	11835.500
545.501	11899.500
545.691	11695.500
545.880	11743.500
546.070	11781.500
546.264	11706.500
546.459	11674.500
546.653	11612.500
546.847	11519.500
547.041	11624.500
547.236	11793.500
547.430	11855.500
547.624	11560.500
547.818	11288.500
548.013	11479.500
548.207	11591.500
548.401	11423.500
548.596	11511.500
548.790	11441.500
548.984	11476.500
549.178	11474.500
549.373	11428.500
549.567	11335.500
549.761	11287.500
549.956	11246.500
550.150	11408.500
550.344	11347.500
550.538	11227.500
550.733	11206.500
550.927	11473.500
551.121	11389.500
551.315	11150.500
551.510	11187.500
551.704	11239.500
551.898	11276.500
552.093	11567.500
552.287	11076.500
552.481	11196.500
552.675	11220.500
552.870	11181.500
553.064	11086.500
553.258	11154.500
553.453	11162.500
553.647	11352.500
553.841	11249.500
554.035	11305.500
554.230	11223.500
554.424	11148.500
554.618	11168.500
554.812	11143.500
555.007	11164.500
555.201	11191.500
555.395	11103.500
555.590	11069.500
555.784	10970.500
555.978	10931.500
556.172	11035.500
556.367	10962.500
556.561	10764.500
556.755	10675.500
556.949	10655.500
557.144	10661.500
557.338	10700.500
557.532	10529.500
557.727	10527.500
557.921	10680.500
558.115	10518.500
558.309	10432.500
558.504	10288.500
558.698	10456.500
558.892	10628.500
559.087	10171.500
559.281	10256.500
559.475	10329.500
559.669	10262.500
559.864	10174.500
560.058	10292.500
560.252	10329.500
560.446	10416.500
560.641	10558.500
560.835	10811.500
561.029	10511.500
561.224	10291.500
561.418	10180.500
561.612	10373.500
561.806	10556.500
562.001	10516.500
562.195	10519.500
562.389	10301.500
562.584	10207.500
562.778	10316.500
562.972	10220.500
563.166	10369.500
563.361	10260.500
563.555	10226.500
563.749	10390.500
563.943	10589.500
564.138	10473.500
564.332	10393.500
564.526	10142.500
564.721	10208.500
564.915	10145.500
565.109	10028.500
565.303	10083.500
565.498	10148.500
565.692	10021.500
565.886	9836.500
566.081	9964.500
566.275	10060.500
566.469	10141.500
566.663	10017.500
566.858	9796.500
567.052	10113.500
567.246	10026.500
567.440	9876.500
567.635	9994.500
567.829	10077.500
568.023	9908.500
568.218	9619.500
568.412	9470.500
568.606	9557.500
568.800	9632.500
568.995	9621.500
569.189	9615.500
569.383	9700.500
569.577	9886.500
569.772	9668.500
569.966	9347.500
570.160	9609.500
570.355	9498.500
570.549	9439.500
570.743	9391.500
570.937	9461.500
571.132	9495.500
571.326	9409.500
571.520	9314.500
571.715	9227.500
571.909	9268.500
572.103	9426.500
572.297	9658.500
572.492	9422.500
572.686	9388.500
572.880	9451.500
573.074	9411.500
573.269	9324.500
573.463	9542.500
573.657	9356.500
573.852	9185.500
574.046	9029.500
574.240	9003.500
574.434	9105.500
574.629	9102.500
574.823	9188.500
575.017	9217.500
575.212	9023.500
575.406	9006.500
575.600	8969.500
575.794	9045.500
575.989	8992.500
576.183	8959.500
576.377	9094.500
576.571	9070.500
576.766	8889.500
576.960	8946.500
577.159	8986.500
577.357	8731.500
577.556	8650.500
577.755	8689.500
577.953	8706.500
578.152	8711.500
578.350	8581.500
578.549	8523.500
578.748	8644.500
578.946	8577.500
579.145	8614.500
579.344	8751.500
579.542	9056.500
579.741	8862.500
579.940	8671.500
580.138	8735.500
580.337	8614.500
580.535	8651.500
580.734	8822.500
580.933	8901.500
581.131	8916.500
581.330	8861.500
581.529	9098.500
581.727	9185.500
581.926	9479.500
582.125	9368.500
582.323	9183.500
582.522	9053.500
582.721	9035.500
582.919	9238.500
583.118	9170.500
583.316	9335.500
583.515	9382.500
583.714	9549.500
583.912	9443.500
584.111	9488.500
584.310	9500.500
584.508	9116.500
584.707	9176.500
584.906	9417.500
585.104	9280.500
585.303	9417.500
585.501	9288.500
585.700	9095.500
585.899	9129.500
586.097	9180.500
586.296	9241.500
586.495	9193.500
586.693	9354.500
586.892	9219.500
587.091	9032.500
587.289	9074.500
587.488	9189.500
587.686	8833.500
587.885	8769.500
588.084	8524.500
588.282	8177.500
588.481	8098.500
588.680	8211.500
588.878	8106.500
589.077	7861.500
589.276	7957.500
589.474	8063.500
589.673	8059.500
589.871	7989.500
590.070	8179.500
590.269	8164.500
590.467	8174.500
590.666	8197.500
590.865	8079.500
591.063	8283.500
591.262	8464.500
591.461	8282.500
591.659	8162.500
591.858	8400.500
592.056	8437.500
592.255	8286.500
592.454	8317.500
592.652	8411.500
592.851	8539.500
593.050	8465.500
593.248	8436.500
593.447	8413.500
593.646	8224.500
593.844	8175.500
594.043	8236.500
594.241	8265.500
594.440	8141.500
594.639	8098.500
594.837	8002.500
595.036	8381.500
595.235	8273.500
595.433	8066.500
595.632	8154.500
595.831	8189.500
596.029	8298.500
596.228	8180.500
596.427	8072.500
596.625	8368.500
596.824	8306.500
597.022	8323.500
597.221	8250.500
597.420	8227.500
597.618	8198.500
597.817	8121.500
598.016	8152.500
598.214	8143.500
598.413	8024.500
598.612	7944.500
598.810	8159.500
599.009	8294.500
599.207	8523.500
599.406	8289.500
599.605	8140.500
599.803	8107.500
600.002	8234.500
600.201	8146.500
600.399	8328.500
600.598	8391.500
600.797	8249.500
600.995	7993.500
601.194	8029.500
601.392	8128.500
601.591	8135.500
601.790	8179.500
601.988	7970.500
602.187	8083.500
602.386	8157.500
602.584	8306.500
602.783	8392.500
602.982	8436.500
603.180	8401.500
603.379	8551.500
603.577	8389.500
603.776	8134.500
603.975	8180.500
604.173	8231.500
604.372	8193.500
604.571	8078.500
604.769	8108.500
604.968	8209.500
605.167	8007.500
605.365	7945.500
605.564	8142.500
605.762	8116.500
605.961	7970.500
606.160	8018.500
606.358	8253.500
606.557	8235.500
606.756	8088.500
606.954	8056.500
607.153	8269.500
607.352	8238.500
607.550	8152.500
607.749	7915.500
607.948	8012.500
608.146	7973.500
608.345	7929.500
608.543	7947.500
608.742	7973.500
608.941	7998.500
609.139	7889.500
609.338	7817.500
609.537	7956.500
609.735	7917.500
609.934	7745.500
610.133	7601.500
610.331	7822.500
610.530	8051.500
610.728	7932.500
610.927	7848.500
611.126	7916.500
611.324	7866.500
611.523	7907.500
611.722	7863.500
611.920	7866.500
612.119	7556.500
612.318	7505.500
612.516	7655.500
612.715	7631.500
612.913	7644.500
613.112	7647.500
613.311	7589.500
613.509	7543.500
613.708	7625.500
613.907	7635.500
614.105	7609.500
614.304	7485.500
614.503	7419.500
614.701	7445.500
614.900	7512.500
615.098	7550.500
615.297	7517.500
615.496	7269.500
615.694	7141.500
615.893	7403.500
616.092	7453.500
616.290	7466.500
616.489	7523.500
616.688	7376.500
616.886	7231.500
617.085	7241.500
617.283	7193.500
617.482	7076.500
617.681	7098.500
617.879	7225.500
618.078	7307.500
618.277	7405.500
618.475	7364.500
618.674	7340.500
618.873	7418.500
619.071	7452.500
619.270	7359.500
619.468	7293.500
619.667	7284.500
619.866	7506.500
620.064	7444.500
620.263	7342.500
620.462	7245.500
620.660	7305.500
620.859	7326.500
621.058	7356.500
621.256	7240.500
621.455	7117.500
621.654	7176.500
621.852	7198.500
622.051	7222.500
622.249	7110.500
622.448	7164.500
622.647	7003.500
622.845	7089.500
623.044	7025.500
623.243	7058.500
623.441	7161.500
623.640	6898.500
623.839	6745.500
624.037	6956.500
624.236	6982.500
624.434	6788.500
624.633	6904.500
624.832	6933.500
625.030	6775.500
625.229	6913.500
625.428	6699.500
625.626	6728.500
625.825	6835.500
626.024	6959.500
626.222	6843.500
626.421	6872.500
626.619	6966.500
626.818	6603.500
627.017	6659.500
627.215	6718.500
627.414	6527.500
627.613	6664.500
627.811	6488.500
628.010	6374.500
628.209	6742.500
628.407	6792.500
628.606	6752.500
628.804	6679.500
629.003	6882.500
629.202	6718.500
629.400	6456.500
629.599	6442.500
629.798	6450.500
629.996	6516.500
630.195	6489.500
630.394	6422.500
630.592	6595.500
630.791	6413.500
630.990	6423.500
631.188	6359.500
631.387	6364.500
631.585	6607.500
631.784	6509.500
631.983	6288.500
632.181	6466.500
632.380	6495.500
632.579	6662.500
632.777	6694.500
632.976	6443.500
633.175	6299.500
633.373	6604.500
633.572	6693.500
633.770	6525.500
633.969	6594.500
634.168	6495.500
634.366	6464.500
634.565	6402.500
634.764	6375.500
634.962	6610.500
635.161	6720.500
635.360	6559.500
635.558	6583.500
635.757	6738.500
635.955	6559.500
636.154	6480.500
636.353	6550.500
636.551	6229.500
636.750	6199.500
636.949	6436.500
637.147	6494.500
637.346	6247.500
637.545	6358.500
637.743	6452.500
637.942	6511.500
638.140	6531.500
638.339	6546.500
638.538	6582.500
638.736	6537.500
638.935	6463.500
639.134	6218.500
639.332	6339.500
639.531	6453.500
639.730	6437.500
639.928	6516.500
640.127	6480.500
640.325	6582.500
640.524	6591.500
640.723	6482.500
640.921	6537.500
641.120	6460.500
641.319	6375.500
641.517	6260.500
641.716	6252.500
641.915	6468.500
642.113	6413.500
642.312	6326.500
642.510	6217.500
642.709	6270.500
642.908	6255.500
643.106	6278.500
643.305	6249.500
643.504	6273.500
643.702	6494.500
643.901	6441.500
644.100	6136.500
644.298	6250.500
644.497	6325.500
644.696	6229.500
644.894	6027.500
645.093	6162.500
645.291	6305.500
645.490	6408.500
645.689	6189.500
645.887	6202.500
646.086	6348.500
646.285	6206.500
646.483	5972.500
646.682	6015.500
646.881	5934.500
647.079	5992.500
647.278	6045.500
647.476	5985.500
647.675	6072.500
647.874	6214.500
648.072	6119.500
648.271	5832.500
648.470	5763.500
648.668	5964.500
648.867	5909.500
649.066	5808.500
649.264	5885.500
649.463	5967.500
649.661	5865.500
649.860	5985.500
650.059	5872.500
650.257	5776.500
650.456	6108.500
650.655	6205.500
650.853	5979.500
651.052	5932.500
651.251	5813.500
651.449	5808.500
651.648	5930.500
651.846	5976.500
652.045	5850.500
652.244	5905.500
652.442	6109.500
652.641	6050.500
652.840	6073.500
653.038	6149.500
653.237	6217.500
653.436	6093.500
653.634	6000.500
653.833	6003.500
654.032	5974.500
654.230	5915.500
654.429	5831.500
654.627	5837.500
654.826	5903.500
655.025	5653.500
655.223	5763.500
655.422	5569.500
655.621	5514.500
655.819	5561.500
656.018	5469.500
656.217	5368.500
656.415	5244.500
656.614	5384.500
656.812	5699.500
657.011	5767.500
657.210	5738.500
657.408	5643.500
657.607	5860.500
657.806	5838.500
658.004	5815.500
658.203	5670.500
658.402	5584.500
658.600	5775.500
658.799	5831.500
658.997	5773.500
659.196	5754.500
659.395	5851.500
659.593	5879.500
659.792	5983.500
659.991	6058.500
660.189	5955.500
660.388	6085.500
660.587	6066.500
660.785	5925.500
660.984	5930.500
661.182	5950.500
661.381	6098.500
661.580	6084.500
661.778	5915.500
661.977	6168.500
662.176	6121.500
662.374	6010.500
662.573	6026.500
662.772	6189.500
662.970	5903.500
663.169	5763.500
663.367	5912.500
663.566	5948.500
663.765	6068.500
663.963	5948.500
664.162	6077.500
664.361	6042.500
664.559	6009.500
664.758	6185.500
664.957	6201.500
665.155	6049.500
665.354	6013.500
665.552	6065.500
665.751	6013.500
665.950	5885.500
666.148	5748.500
666.347	5890.500
666.546	5745.500
666.744	5861.500
666.943	5897.500
667.142	5726.500
667.340	5984.500
667.539	6197.500
667.738	6061.500
667.936	5896.500
668.135	5886.500
668.333	5902.500
668.532	5928.500
668.731	5863.500
668.929	5720.500
669.128	5731.500
669.327	5777.500
669.525	5937.500
669.724	5939.500
669.923	5725.500
670.121	5595.500
670.320	5614.500
670.518	5764.500
670.717	5643.500
670.916	5701.500
671.114	5772.500
671.313	5696.500
671.512	5752.500
671.710	5673.500
671.909	5629.500
672.108	5952.500
672.306	6065.500
672.505	5671.500
672.703	5600.500
672.902	5704.500
673.101	5728.500
673.299	5975.500
673.498	5909.500
673.697	5777.500
673.895	5616.500
674.094	5595.500
674.293	5503.500
674.491	5497.500
674.690	5627.500
674.888	5387.500
675.087	5569.500
675.286	5692.500
675.484	5570.500
675.683	5586.500
675.882	5473.500
676.080	5573.500
676.279	5507.500
676.478	5503.500
676.676	5622.500
676.875	5437.500
677.073	5405.500
677.272	5493.500
677.471	5441.500
677.669	5556.500
677.868	5426.500
678.067	5445.500
678.265	5520.500
678.464	5564.500
678.663	5482.500
678.861	5511.500
679.060	5504.500
679.259	5265.500
679.457	5360.500
679.656	5405.500
679.854	5321.500
680.053	5218.500
680.252	5251.500
680.450	5202.500
680.649	5401.500
680.848	5433.500
681.046	5325.500
681.245	5294.500
681.444	5227.500
681.642	5349.500
681.841	5373.500
682.039	5317.500
682.238	5301.500
682.437	5069.500
682.635	5183.500
682.834	5261.500
683.033	5280.500
683.231	5231.500
683.430	5066.500
683.629	4999.500
683.827	5192.500
684.026	5285.500
684.224	5264.500
684.423	5003.500
684.622	4974.500
684.820	5055.500
685.019	5189.500
685.218	5230.500
685.416	4989.500
685.615	4776.500
685.814	4685.500
686.012	4686.500
686.211	4531.500
686.409	4275.500
686.608	4066.500
686.807	4035.500
687.005	4178.500
687.204	4342.500
687.403	4104.500
687.601	4207.500
687.800	4224.500
687.999	4038.500
688.197	3983.500
688.396	3834.500
688.594	3950.500
688.793	4002.500
688.992	4163.500
689.190	4259.500
689.389	4214.500
689.588	4286.500
689.786	4267.500
689.985	4258.500
690.184	4319.500
690.382	4455.500
690.581	4313.500
690.779	4405.500
690.978	4372.500
691.177	4383.500
691.375	4353.500
691.574	4580.500
691.773	4643.500
691.971	4418.500
692.170	4452.500
692.369	4507.500
692.567	4254.500
692.766	4391.500
692.965	4466.500
693.163	4312.500
693.362	4501.500
693.560	4552.500
693.759	4502.500
693.958	4481.500
694.156	4409.500
694.355	4184.500
694.554	4285.500
694.752	4294.500
694.951	4265.500
695.150	4280.500
695.348	4372.500
695.547	4357.500
695.745	4442.500
695.944	4554.500
696.143	4490.500
696.341	4465.500
696.540	4526.500
696.743	4535.500
696.946	4521.500
697.149	4578.500
697.352	4667.500
697.555	4543.500
697.757	4361.500
697.960	4332.500
698.163	4309.500
698.366	4434.500
698.569	4386.500
698.772	4359.500
698.975	4496.500
699.178	4336.500
699.381	4357.500
699.584	4463.500
699.787	4394.500
699.989	4314.500
700.192	4441.500
700.395	4264.500
700.598	4414.500
700.801	4422.500
701.004	4245.500
701.207	4438.500
701.410	4398.500
701.613	4415.500
701.816	4403.500
702.019	4230.500
702.221	4491.500
702.424	4373.500
702.627	4290.500
702.830	4289.500
703.033	4468.500
703.236	4447.500
703.439	4478.500
703.642	4510.500
703.845	4401.500
704.048	4503.500
704.251	4503.500
704.453	4346.500
704.656	4331.500
704.859	4519.500
705.062	4453.500
705.265	4572.500
705.468	4389.500
705.671	4391.500
705.874	4353.500
706.077	4328.500
706.280	4322.500
706.483	4429.500
706.685	4586.500
706.888	4551.500
707.091	4573.500
707.294	4612.500
707.497	4568.500
707.700	4568.500
707.903	4565.500
708.106	4354.500
708.309	4391.500
708.512	4519.500
708.715	4627.500
708.917	4614.500
709.120	4561.500
709.323	4532.500
709.526	4424.500
709.729	4320.500
709.932	4561.500
710.135	4498.500
710.338	4361.500
710.541	4438.500
710.744	4548.500
710.947	4529.500
711.149	4472.500
711.352	4407.500
711.555	4384.500
711.758	4351.500
711.961	4368.500
712.164	4449.500
712.367	4481.500
712.570	4254.500
712.773	4248.500
712.976	4391.500
713.179	4158.500
713.381	4190.500
713.584	4324.500
713.787	4249.500
713.990	4175.500
714.193	4249.500
714.396	4344.500
714.599	4545.500
714.802	4348.500
715.005	4192.500
715.208	4048.500
715.411	4032.500
715.613	3986.500
715.816	3950.500
716.019	3714.500
716.222	3722.500
716.425	3675.500
716.628	3577.500
716.831	3481.500
717.034	3232.500
717.237	3217.500
717.440	3113.500
717.643	3123.500
717.845	3097.500
718.048	3061.500
718.251	2924.500
718.454	2960.500
718.657	2968.500
718.860	2998.500
719.063	3086.500
719.266	2905.500
719.469	2867.500
719.672	2972.500
719.875	3098.500
720.077	3111.500
720.280	3185.500
720.483	3423.500
720.686	3353.500
720.889	3446.500
721.092	3392.500
721.295	3306.500
721.498	3324.500
721.701	3450.500
721.904	3428.500
722.107	3389.500
722.309	3443.500
722.512	3253.500
722.715	3235.500
722.918	3157.500
723.121	3162.500
723.324	3288.500
723.527	3127.500
723.730	3113.500
723.933	3265.500
724.136	3241.500
724.339	3053.500
724.541	3000.500
724.744	3071.500
724.947	2967.500
725.150	3011.500
725.353	3080.500
725.556	2996.500
725.759	3079.500
725.962	3079.500
726.165	2994.500
726.368	3143.500
726.571	3094.500
726.773	3281.500
726.976	3203.500
727.179	3092.500
727.382	3109.500
727.585	3291.500
727.788	3092.500
727.991	2881.500
728.194	2875.500
728.397	2791.500
728.600	2861.500
728.803	2968.500
729.005	2914.500
729.208	2980.500
729.411	3074.500
729.614	3137.500
729.817	3142.500
730.020	3093.500
730.223	3045.500
730.426	2947.500
730.629	3086.500
730.832	3130.500
731.035	3110.500
731.237	3158.500
731.440	3053.500
731.643	3213.500
731.846	3255.500
732.049	3337.500
732.252	3593.500
732.455	3465.500
732.658	3297.500
732.861	3353.500
733.064	3290.500
733.267	3347.500
733.469	3563.500
733.672	3553.500
733.875	3412.500
734.078	3496.500
734.281	3517.500
734.484	3598.500
734.687	3388.500
734.890	3376.500
735.093	3472.500
735.296	3595.500
735.499	3498.500
735.701	3445.500
735.904	3696.500
736.107	3495.500
736.310	3353.500
736.513	3264.500
736.716	3407.500
736.919	3314.500
737.122	3294.500
737.325	3376.500
737.528	3373.500
737.731	3284.500
737.933	3360.500
738.136	3485.500
738.339	3430.500
738.542	3449.500
738.745	3407.500
738.948	3350.500
739.151	3383.500
739.354	3274.500
739.557	3232.500
739.760	3342.500
739.963	3387.500
740.165	3491.500
740.368	3453.500
740.571	3257.500
740.774	3324.500
740.977	3415.500
741.180	3350.500
741.383	3373.500
741.586	3489.500
741.789	3555.500
741.992	3514.500
742.195	3428.500
742.397	3490.500
742.600	3578.500
742.803	3440.500
743.006	3530.500
743.209	3542.500
743.412	3351.500
743.615	3339.500
743.818	3445.500
744.021	3350.500
744.224	3396.500
744.427	3464.500
744.629	3363.500
744.832	3322.500
745.035	3370.500
745.238	3402.500
745.441	3348.500
745.644	3244.500
745.847	3375.500
746.050	3485.500
746.253	3374.500
746.456	3357.500
746.659	3419.500
746.861	3190.500
747.064	3401.500
747.267	3461.500
747.470	3196.500
747.673	3274.500
747.876	3509.500
748.079	3445.500
748.282	3313.500
748.485	3189.500
748.688	3095.500
748.891	3123.500
749.093	3218.500
749.296	3315.500
749.499	3129.500
749.702	3176.500
749.905	3167.500
750.108	3087.500
750.311	3161.500
750.514	3092.500
750.717	3113.500
750.920	3166.500
751.123	3122.500
751.325	3070.500
751.528	3027.500
751.731	3002.500
751.934	3112.500
752.137	3266.500
752.340	3090.500
752.543	3191.500
752.746	3302.500
752.949	3053.500
753.152	3153.500
753.355	3048.500
753.557	2923.500
753.760	2969.500
753.963	3103.500
754.166	3108.500
754.369	2970.500
754.572	3044.500
754.775	3059.500
754.978	3164.500
755.181	3064.500
755.384	2968.500
755.587	3102.500
755.789	2966.500
755.992	3110.500
756.195	3154.500
756.398	3030.500
756.601	2938.500
756.804	2993.500
757.007	3046.500
757.210	2901.500
757.413	2809.500
757.616	2849.500
757.819	2913.500
758.021	2872.500
758.224	2537.500
758.427	2401.500
758.630	2061.500
758.833	1977.500
759.036	1728.500
759.239	1529.500
759.442	1404.500
759.645	1169.500
759.848	1044.500
760.051	1152.500
760.253	1260.500
760.456	1307.500
760.659	1167.500
760.862	1176.500
761.065	982.500
761.268	945.500
761.471	1130.500
761.674	1187.500
761.877	924.500
762.080	1019.500
762.283	973.500
762.485	803.500
762.688	939.500
762.891	1015.500
763.094	1116.500
763.297	1263.500
763.500	1295.500
763.706	1332.500
763.912	1272.500
764.118	1267.500
764.325	1375.500
764.531	1375.500
764.737	1348.500
764.943	1496.500
765.149	1545.500
765.355	1634.500
765.561	1878.500
765.768	1751.500
765.974	1665.500
766.180	1798.500
766.386	2091.500
766.592	2233.500
766.798	2091.500
767.004	2135.500
767.210	2321.500
767.417	2389.500
767.623	2224.500
767.829	2307.500
768.035	2262.500
768.241	2408.500
768.447	2571.500
768.653	2356.500
768.860	2294.500
769.066	2217.500
769.272	2305.500
769.478	2350.500
769.684	2508.500
769.890	2582.500
770.096	2559.500
770.303	2525.500
770.509	2492.500
770.715	2547.500
770.921	2585.500
771.127	2670.500
771.333	2743.500
771.539	2656.500
771.745	2499.500
771.952	2602.500
772.158	2507.500
772.364	2388.500
772.570	2518.500
772.776	2494.500
772.982	2286.500
773.188	2387.500
773.395	2399.500
773.601	2440.500
773.807	2391.500
774.013	2372.500
774.219	2471.500
774.425	2520.500
774.631	2496.500
774.838	2234.500
775.044	2249.500
775.250	2325.500
775.456	2320.500
775.662	2405.500
775.868	2512.500
776.074	2348.500
776.281	2344.500
776.487	2221.500
776.693	2210.500
776.899	2313.500
777.105	2427.500
777.311	2529.500
777.517	2490.500
777.723	2535.500
777.930	2347.500
778.136	2273.500
778.342	2392.500
778.548	2537.500
778.754	2306.500
778.960	2445.500
779.166	2445.500
779.373	2394.500
779.579	2275.500
779.785	2110.500
779.991	2144.500
780.197	2129.500
780.403	2126.500
780.609	2233.500
780.816	2222.500
781.022	2385.500
781.228	2552.500
781.434	2372.500
781.640	2447.500
781.846	2551.500
782.052	2384.500
782.259	2254.500
782.465	2103.500
782.671	2188.500
782.877	2145.500
783.083	2066.500
783.289	2235.500
783.495	2214.500
783.701	2271.500
783.908	2233.500
784.114	2137.500
784.320	2129.500
784.526	2091.500
784.732	2013.500
784.938	2124.500
785.144	2163.500
785.351	2090.500
785.557	2229.500
785.763	2254.500
785.969	2152.500
786.175	2153.500
786.381	2109.500
786.587	2054.500
786.794	2130.500
787.000	2222.500
787.206	2208.500
787.412	2219.500
787.618	2048.500
787.824	1903.500
788.030	2013.500
788.236	1954.500
788.443	1888.500
788.649	1829.500
788.855	1895.500
789.061	1901.500
789.267	1992.500
789.473	1893.500
789.679	2009.500
789.886	1878.500
790.092	1749.500
790.298	1768.500
790.504	1898.500
790.710	1924.500
790.916	1750.500
791.122	1752.500
791.329	1741.500
791.535	1852.500
791.741	1775.500
791.947	1764.500
792.153	1705.500
792.359	1753.500
792.565	1917.500
792.771	1889.500
792.978	1687.500
793.184	1810.500
793.390	1778.500
793.596	1797.500
793.802	1881.500
794.008	1920.500
794.214	1936.500
794.421	1886.500
794.627	1789.500
794.833	1722.500
795.039	1779.500
795.245	1727.500
795.451	1668.500
795.657	1733.500
795.864	1623.500
796.070	1724.500
796.276	1937.500
796.482	1943.500
796.688	1741.500
796.894	1684.500
797.100	1570.500
797.307	1618.500
797.513	1658.500
797.719	1635.500
797.925	1751.500
798.131	1581.500
798.337	1408.500
798.543	1493.500
798.749	1745.500
798.956	1930.500
799.162	1829.500
799.368	1563.500
799.574	1656.500
799.780	1738.500
799.986	1580.500
800.192	1489.500
800.399	1478.500
800.605	1501.500
800.811	1634.500
801.017	1733.500
801.223	1523.500
801.429	1477.500
801.635	1589.500
801.842	1661.500
802.048	1651.500
802.254	1571.500
802.460	1613.500
802.666	1453.500
802.872	1500.500
803.078	1774.500
803.285	1677.500
803.491	1465.500
803.697	1582.500
803.903	1557.500
804.109	1497.500
804.315	1647.500
804.521	1599.500
804.727	1635.500
804.934	1536.500
805.140	1613.500
805.346	1673.500
805.552	1746.500
805.758	1578.500
805.964	1435.500
806.170	1605.500
806.377	1640.500
806.583	1427.500
806.789	1455.500
806.995	1326.500
807.201	1312.500
807.407	1379.500
807.613	1460.500
807.820	1413.500
808.026	1374.500
808.232	1444.500
808.438	1437.500
808.644	1387.500
808.850	1301.500
809.056	1357.500
809.262	1240.500
809.469	1237.500
809.675	1260.500
809.881	1271.500
810.087	1315.500
810.293	1430.500
810.499	1418.500
810.705	1362.500
810.912	1286.500
811.118	1366.500
811.324	1280.500
811.530	1187.500
811.739	1152.500
811.947	1218.500
812.156	1273.500
812.365	1184.500
812.573	1200.500
812.782	1057.500
812.990	1126.500
813.199	1056.500
813.408	1105.500
813.616	1115.500
813.825	940.500
814.034	979.500
814.242	1057.500
814.451	1064.500
814.659	1020.500
814.868	1095.500
815.077	1072.500
815.285	957.500
815.494	860.500
815.703	805.500
815.911	882.500
816.120	938.500
816.329	929.500
816.537	1019.500
816.746	998.500
816.954	901.500
817.163	767.500
817.372	821.500
817.580	832.500
817.789	904.500
817.998	938.500
818.206	873.500
818.415	933.500
818.624	804.500
818.832	717.500
819.041	814.500
819.249	1031.500
819.458	1155.500
819.667	1043.500
819.875	971.500
820.084	899.500
820.293	916.500
820.501	806.500
820.710	889.500
820.919	1066.500
821.127	1016.500
821.336	985.500
821.544	868.500
821.753	850.500
821.962	856.500
822.170	787.500
822.379	828.500
822.588	760.500
822.796	676.500
823.005	724.500
823.213	790.500
823.422	905.500
823.631	999.500
823.839	889.500
824.048	903.500
824.257	998.500
824.465	1032.500
824.674	883.500
824.883	920.500
825.091	972.500
825.300	929.500
825.508	1079.500
825.717	1052.500
825.926	964.500
826.134	905.500
826.343	930.500
826.552	912.500
826.760	840.500
826.969	814.500
827.178	844.500
827.386	916.500
827.595	1051.500
827.803	853.500
828.012	789.500
828.221	781.500
828.429	968.500
828.638	1152.500
828.847	1134.500
829.055	865.500
829.264	846.500
829.472	1076.500
829.681	903.500
829.890	826.500
830.098	757.500
830.307	824.500
830.516	819.500
830.724	714.500
830.933	737.500
831.142	851.500
831.350	952.500
831.559	993.500
831.767	759.500
831.976	927.500
832.185	990.500
832.393	949.500
832.602	765.500
832.811	763.500
833.019	832.500
833.228	882.500
833.437	937.500
833.645	965.500
833.854	795.500
834.062	916.500
834.271	956.500
834.480	787.500
834.688	807.500
834.897	772.500
835.106	766.500
835.314	768.500
835.523	829.500
835.731	931.500
835.940	954.500
836.149	897.500
836.357	863.500
836.566	880.500
836.775	975.500
836.983	958.500
837.192	877.500
837.401	821.500
837.609	885.500
837.818	1045.500
838.026	882.500
838.235	861.500
838.444	963.500
838.652	1048.500
838.861	1092.500
839.070	1020.500
839.278	967.500
839.487	902.500
839.696	1051.500
839.904	896.500
840.113	846.500
840.321	969.500
840.530	901.500
840.739	820.500
840.947	853.500
841.156	754.500
841.365	816.500
841.573	1016.500
841.782	1081.500
841.991	926.500
842.199	883.500
842.408	869.500
842.616	916.500
842.825	849.500
843.034	902.500
843.242	877.500
843.451	874.500
843.660	808.500
843.868	765.500
844.077	717.500
844.285	977.500
844.494	1177.500
844.703	948.500
844.911	734.500
845.120	710.500
845.329	821.500
845.537	854.500
845.746	819.500
845.955	804.500
846.163	814.500
846.372	906.500
846.580	785.500
846.789	765.500
846.998	871.500
847.206	847.500
847.415	904.500
847.624	812.500
847.832	886.500
848.041	852.500
848.250	779.500
848.458	811.500
848.667	815.500
848.875	937.500
849.084	712.500
849.293	727.500
849.501	826.500
849.710	680.500
849.919	668.500
850.127	713.500
850.336	766.500
850.544	617.500
850.753	678.500
850.962	657.500
851.170	705.500
851.379	933.500
851.588	852.500
851.796	845.500
852.005	724.500
852.214	794.500
852.422	894.500
852.631	842.500
852.839	624.500
853.048	691.500
853.257	728.500
853.465	559.500
853.674	579.500
853.883	663.500
854.091	539.500
854.300	629.500
854.509	720.500
854.717	881.500
854.926	777.500
855.134	693.500
855.343	675.500
855.552	717.500
855.760	738.500
855.969	723.500
856.178	597.500
856.386	673.500
856.595	887.500
856.803	886.500
857.012	772.500
857.221	671.500
857.429	720.500
857.638	717.500
857.847	750.500
858.055	643.500
858.264	700.500
858.473	766.500
858.681	777.500
858.890	641.500
859.098	672.500
859.307	687.500
859.516	609.500
859.724	665.500
859.933	687.500
860.142	679.500
860.350	709.500
860.559	539.500
860.768	489.500
860.976	547.500
861.185	467.500
861.393	463.500
861.602	630.500
861.811	710.500
862.019	654.500
862.228	636.500
862.437	587.500
862.645	559.500
862.854	647.500
863.062	737.500
863.271	692.500
863.480	904.500
863.688	871.500
863.897	629.500
864.106	453.500
864.314	550.500
864.523	561.500
864.732	493.500
864.940	499.500
865.149	576.500
865.357	545.500
865.566	503.500
865.775	565.500
865.983	628.500
866.192	470.500
866.401	321.500
866.609	365.500
866.818	466.500
867.027	567.500
867.235	576.500
867.444	560.500
867.652	475.500
867.861	579.500
868.070	536.500
868.278	453.500
868.487	527.500
868.696	608.500
868.904	482.500
869.113	442.500
869.321	616.500
869.530	635.500
869.739	567.500
869.947	637.500
870.156	491.500
870.365	383.500
870.573	471.500
870.782	540.500
870.991	588.500
871.199	567.500
871.408	388.500
871.616	400.500
871.825	445.500
872.034	634.500
872.242	734.500
872.451	677.500
872.660	549.500
872.868	712.500
873.077	678.500
873.286	451.500
873.494	584.500
873.703	595.500
873.911	562.500
874.120	321.500
874.329	408.500
874.537	631.500
874.746	558.500
874.955	547.500
875.163	382.500
875.372	340.500
875.581	435.500
875.789	511.500
875.998	506.500
876.206	488.500
876.415	514.500
876.624	403.500
876.832	298.500
877.041	465.500
877.250	555.500
877.458	410.500
877.667	607.500
877.875	626.500
878.084	477.500
878.293	473.500
878.501	454.500
878.710	429.500
878.919	464.500
879.127	307.500
879.336	267.500
879.545	320.500
879.753	317.500
879.962	401.500
880.170	410.500
880.379	429.500
880.588	478.500
880.796	549.500
881.005	588.500
881.214	625.500
881.422	437.500
881.631	476.500
881.840	619.500
882.048	571.500
882.257	574.500
882.465	355.500
882.674	325.500
882.883	449.500
883.091	453.500
883.300	416.500
883.509	329.500
883.717	469.500
883.926	587.500
884.134	558.500
884.343	349.500
884.552	432.500
884.760	454.500
884.969	553.500
885.178	329.500
885.386	366.500
885.595	351.500
885.804	380.500
886.012	351.500
886.221	369.500
886.429	343.500
886.638	218.500
886.847	202.500
887.055	342.500
887.264	412.500
887.473	517.500
887.681	491.500
887.890	310.500
888.099	326.500
888.307	319.500
888.516	356.500
888.724	437.500
888.933	401.500
889.142	426.500
889.350	482.500
889.559	528.500
889.768	313.500
889.976	391.500
890.185	430.500
890.393	386.500
890.602	412.500
890.811	383.500
891.019	415.500
891.228	591.500
891.437	457.500
891.645	342.500
891.854	355.500
892.063	418.500
892.271	389.500
892.480	213.500
892.688	313.500
892.897	437.500
893.106	409.500
893.314	357.500
893.523	114.500
893.732	276.500
893.940	327.500
894.149	163.500
894.358	310.500
894.566	392.500
894.775	460.500
894.983	365.500
895.192	233.500
895.401	410.500
895.609	343.500
895.818	252.500
896.027	181.500
896.235	231.500
896.444	333.500
896.652	302.500
896.861	248.500
897.070	425.500
897.278	457.500
897.487	489.500
897.696	476.500
897.904	256.500
898.113	295.500
898.322	209.500
898.530	159.500
898.739	177.500
898.947	162.500
899.156	138.500
899.365	276.500
899.573	364.500
899.782	147.500
899.991	103.500
900.199	109.500
900.408	237.500
900.617	274.500
900.825	260.500
901.034	360.500
901.242	194.500
901.451	121.500
901.660	160.500
901.868	317.500
902.077	276.500
902.286	99.500
902.494	75.500
902.703	255.500
902.911	319.500
903.120	344.500
903.329	230.500
903.537	202.500
903.746	168.500
903.955	235.500
904.163	154.500
904.372	136.500
904.581	193.500
904.789	251.500
904.998	249.500
905.206	207.500
905.415	292.500
905.624	297.500
905.832	293.500
906.041	185.500
906.250	213.500
906.458	210.500
906.667	223.500
906.876	79.500
907.084	143.500
907.293	108.500
907.501	211.500
907.710	110.500
907.919	195.500
908.127	343.500
908.336	141.500
908.545	254.500
908.753	367.500
908.962	350.500
909.170	283.500
909.379	195.500
909.588	330.500
909.796	300.500
910.005	150.500
910.214	-36.500
910.422	94.500
910.631	32.500
910.840	250.500
911.048	287.500
911.257	102.500
911.465	148.500
911.674	278.500
911.883	320.500
912.091	308.500
912.300	295.500
912.508	170.500
912.716	191.500
912.924	214.500
913.132	244.500
913.340	238.500
913.549	140.500
913.757	113.500
913.965	134.500
914.173	148.500
914.381	119.500
914.589	172.500
914.797	207.500
915.005	161.500
915.213	223.500
915.421	248.500
915.629	61.500
915.838	-26.500
916.046	8.500
916.254	120.500
916.462	168.500
916.670	146.500
916.878	210.500
917.086	263.500
917.294	211.500
917.502	206.500
917.710	238.500
917.919	166.500
918.127	114.500
918.335	152.500
918.543	115.500
918.751	257.500
918.959	306.500
919.167	189.500
919.375	160.500
919.583	349.500
919.791	170.500
919.999	155.500
920.208	312.500
920.416	159.500
920.624	135.500
920.832	167.500
921.040	153.500
921.248	178.500
921.456	79.500
921.664	-9.500
921.872	24.500
922.080	38.500
922.288	63.500
922.497	138.500
922.705	184.500
922.913	237.500
923.121	228.500
923.329	89.500
923.537	26.500
923.745	170.500
923.953	7.500
924.161	-14.500
924.369	119.500
924.578	95.500
924.786	153.500
924.994	250.500
925.202	227.500
925.410	167.500
925.618	205.500
925.826	172.500
926.034	169.500
926.242	220.500
926.450	79.500
926.658	67.500
926.867	194.500
927.075	101.500
927.283	111.500
927.491	118.500
927.699	155.500
927.907	269.500
928.115	359.500
928.323	60.500
928.531	-16.500
928.739	13.500
928.947	105.500
929.156	109.500
929.364	129.500
929.572	209.500
929.780	32.500
929.988	-42.500
930.196	39.500
930.404	5.500
930.612	17.500
930.820	27.500
931.028	84.500
931.236	104.500
931.445	25.500
931.653	-11.500
931.861	86.500
932.069	-114.500
932.277	125.500
932.485	391.500
932.693	78.500
932.901	-52.500
933.109	-4.500
933.317	19.500
933.526	25.500
933.734	-11.500
933.942	2.500
934.150	14.500
934.358	5.500
934.566	-5.500
934.774	-72.500
934.982	-136.500
935.190	-35.500
935.398	53.500
935.606	-10.500
935.815	-39.500
936.023	140.500
936.231	112.500
936.439	104.500
936.647	115.500
936.855	34.500
937.063	-17.500
937.271	69.500
937.479	113.500
937.687	4.500
937.895	85.500
938.104	202.500
938.312	45.500
938.520	-86.500
938.728	-108.500
938.936	-50.500
939.144	0.500
939.352	41.500
939.560	100.500
939.768	13.500
939.976	-79.500
940.185	-14.500
940.393	44.500
940.601	-15.500
940.809	-133.500
941.017	-22.500
941.225	1.500
941.433	-34.500
941.641	-83.500
941.849	-242.500
942.057	-45.500
942.265	29.500
942.474	11.500
942.682	-23.500
942.890	-157.500
943.098	-94.500
943.306	-62.500
943.514	-98.500
943.722	-73.500
943.930	33.500
944.138	92.500
944.346	74.500
944.554	167.500
944.763	16.500
944.971	-62.500
945.179	-108.500
945.387	-33.500
945.595	37.500
945.803	190.500
946.011	87.500
946.219	30.500
946.427	27.500
946.635	-92.500
946.843	137.500
947.052	211.500
947.260	11.500
947.468	-59.500
947.676	-80.500
947.884	-28.500
948.092	53.500
948.300	107.500
948.508	44.500
948.716	16.500
948.924	79.500
949.133	210.500
949.341	126.500
949.549	-104.500
949.757	98.500
949.965	18.500
950.173	-192.500
950.381	40.500
950.589	172.500
950.797	96.500
951.005	-34.500
951.213	-134.500
951.422	-84.500
951.630	-69.500
951.838	-57.500
952.046	234.500
952.254	207.500
952.462	74.500
952.670	142.500
952.878	139.500
953.086	104.500
953.294	103.500
953.502	95.500
953.711	159.500
953.919	77.500
954.127	-54.500
954.335	-122.500
954.543	-21.500
954.751	51.500
954.959	38.500
955.167	138.500
955.375	52.500
955.583	-47.500
955.792	98.500
956.000	161.500
956.208	184.500
956.416	57.500
956.624	-4.500
956.832	93.500
957.040	-1.500
957.248	-39.500
957.456	38.500
957.664	-5.500
957.872	-156.500
958.081	-124.500
958.289	31.500
958.497	73.500
958.705	76.500
958.913	-56.500
959.121	-203.500
959.329	-105.500
959.537	-152.500
959.745	-82.500
959.953	-98.500
960.161	-60.500
960.370	-149.500
960.578	-58.500
960.786	122.500
960.994	47.500
961.202	123.500
961.410	131.500
961.618	-39.500
961.826	-66.500
962.034	51.500
962.242	-13.500
962.451	-154.500
962.659	-128.500
962.867	-86.500
963.075	10.500
963.283	49.500
963.491	2.500
963.699	-26.500
963.907	-2.500
964.115	96.500
964.323	259.500
964.531	169.500
964.740	-53.500
964.948	142.500
965.156	11.500
965.364	146.500
965.572	360.500
965.780	184.500
965.999	33.500
966.218	-50.500
966.438	-148.500
966.657	-178.500
966.876	-36.500
967.095	1.500
967.315	-52.500
967.534	-142.500
967.753	51.500
967.972	148.500
968.192	120.500
968.411	20.500
968.630	-145.500
968.849	-93.500
969.068	145.500
969.288	72.500
969.507	75.500
969.726	194.500
969.945	159.500
970.165	-34.500
970.384	79.500
970.603	-49.500
970.822	-122.500
971.042	-120.500
971.261	30.500
971.480	216.500
971.699	55.500
971.919	-60.500
972.138	86.500
972.357	53.500
972.576	-60.500
972.795	48.500
973.015	77.500
973.234	129.500
973.453	46.500
973.672	-57.500
973.892	-85.500
974.111	-86.500
974.330	48.500
974.549	53.500
974.769	2.500
974.988	195.500
975.207	19.500
975.426	-80.500
975.646	-13.500
975.865	2.500
976.084	4.500
976.303	-5.500
976.522	-20.500
976.742	-43.500
976.961	-128.500
977.180	16.500
977.399	13.500
977.619	-11.500
977.838	95.500
978.057	63.500
978.276	108.500
978.496	55.500
978.715	55.500
978.934	9.500
979.153	-144.500
979.372	-47.500
979.592	52.500
979.811	83.500
980.030	65.500
980.249	-77.500
980.469	27.500
980.688	65.500
980.907	-102.500
981.126	-60.500
981.346	143.500
981.565	100.500
981.784	-29.500
982.003	121.500
982.223	201.500
982.442	250.500
982.661	-21.500
982.880	5.500
983.099	-54.500
983.319	-4.500
983.538	100.500
983.757	41.500
983.976	144.500
984.196	158.500
984.415	236.500
984.634	141.500
984.853	117.500
985.073	249.500
985.292	83.500
985.511	41.500
985.730	31.500
985.949	54.500
986.169	207.500
986.388	296.500
986.607	-147.500
986.826	-139.500
987.046	-182.500
987.265	-123.500
987.484	17.500
987.703	117.500
987.923	13.500
988.142	108.500
988.361	153.500
988.580	225.500
988.800	-19.500
989.019	60.500
989.238	43.500
989.457	-60.500
989.676	94.500
989.896	35.500
990.115	-83.500
990.334	-84.500
990.553	-99.500
990.773	-122.500
990.992	-46.500
991.211	-56.500
991.430	12.500
991.650	-36.500
991.869	6.500
992.088	-123.500
992.307	42.500
992.527	95.500
992.746	-27.500
992.965	-0.500
993.184	-14.500
993.403	6.500
993.623	33.500
993.842	-58.500
994.061	-76.500
994.280	15.500
994.500	6.500
994.719	-80.500
994.938	-53.500
995.157	-129.500
995.377	-128.500
995.596	-21.500
995.815	35.500
996.034	-51.500
996.253	-97.500
996.473	-46.500
996.692	81.500
996.911	0.500
997.130	1.500
997.350	-56.500
997.569	6.500
997.788	-20.500
998.007	-186.500
998.227	-147.500
998.446	42.500
998.665	29.500
998.884	86.500
999.104	102.500
999.323	127.500
999.542	-20.500
999.761	-109.500
999.980	-117.500
1000.200	82.500
1000.419	117.500
1000.638	125.500
1000.857	134.500
1001.077	23.500
1001.296	-14.500
1001.515	-114.500
1001.734	-64.500
1001.954	34.500
1002.173	140.500
1002.392	150.500
1002.611	83.500
1002.830	6.500
1003.050	-118.500
1003.269	-8.500
1003.488	23.500
1003.707	-66.500
1003.927	-20.500
1004.146	52.500
1004.365	1.500
1004.584	-3.500
1004.804	34.500
1005.023	26.500
1005.242	-59.500
1005.461	15.500
1005.681	97.500
1005.900	0.500
1006.119	-29.500
1006.338	-41.500
1006.557	-6.500
1006.777	229.500
1006.996	223.500
1007.215	-93.500
1007.434	-81.500
1007.654	57.500
1007.873	25.500
1008.092	-20.500
1008.311	4.500
1008.531	-136.500
1008.750	15.500
1008.969	114.500
1009.188	-166.500
1009.407	-85.500
1009.627	-36.500
1009.846	-118.500
1010.065	47.500
1010.284	-4.500
1010.504	-211.500
1010.723	-151.500
1010.942	-87.500
1011.161	-43.500
1011.381	-82.500
1011.600	-129.500
1011.819	82.500
1012.038	30.500
1012.258	-36.500
1012.477	63.500
1012.696	41.500
1012.915	-16.500
1013.134	25.500
1013.354	-16.500
1013.573	72.500
1013.792	23.500
1014.011	-110.500
1014.231	-77.500
1014.450	102.500
1014.669	0.500
1014.888	-194.500
1015.108	-16.500
1015.327	121.500
1015.546	110.500
1015.765	229.500
1015.984	109.500
1016.204	168.500
1016.423	101.500
1016.642	140.500
1016.861	8.500
1017.081	-130.500
1017.300	-54.500
1017.519	-6.500
