296.912	63.500
297.101	29.500
297.290	29.500
297.479	70.500
297.668	89.500
297.858	59.500
298.047	24.500
298.236	50.500
298.425	52.500
298.614	41.500
298.803	36.500
298.992	57.500
299.181	41.500
299.370	44.500
299.559	35.500
299.748	53.500
299.937	29.500
300.126	39.500
300.315	92.500
300.504	125.500
300.693	113.500
300.882	102.500
301.071	81.500
301.260	25.500
301.449	0.500
301.638	71.500
301.827	17.500
302.016	-26.500
302.205	33.500
302.395	51.500
302.584	69.500
302.773	79.500
302.962	38.500
303.151	58.500
303.340	65.500
303.529	41.500
303.718	33.500
303.907	42.500
304.096	52.500
304.285	58.500
304.474	57.500
304.663	56.500
304.852	53.500
305.041	85.500
305.230	76.500
305.419	49.500
305.608	40.500
305.797	58.500
305.986	58.500
306.175	71.500
306.364	48.500
306.553	73.500
306.743	85.500
306.932	63.500
307.121	55.500
307.310	64.500
307.499	67.500
307.688	86.500
307.877	95.500
308.066	115.500
308.255	119.500
308.444	81.500
308.633	53.500
308.822	63.500
309.011	40.500
309.200	59.500
309.389	33.500
309.578	57.500
309.767	73.500
309.956	57.500
310.145	68.500
310.334	95.500
310.523	71.500
310.712	50.500
310.901	48.500
311.091	37.500
311.280	66.500
311.469	48.500
311.658	81.500
311.847	131.500
312.036	95.500
312.225	57.500
312.414	50.500
312.603	71.500
312.792	68.500
312.981	38.500
313.170	6.500
313.349	53.500
313.527	81.500
313.706	88.500
313.884	67.500
314.063	42.500
314.241	48.500
314.420	55.500
314.598	56.500
314.777	15.500
314.955	87.500
315.134	63.500
315.312	30.500
315.491	44.500
315.669	57.500
315.848	41.500
316.027	44.500
316.205	20.500
316.384	38.500
316.562	62.500
316.741	81.500
316.919	78.500
317.098	70.500
317.276	88.500
317.455	113.500
317.633	79.500
317.812	75.500
317.990	89.500
318.169	69.500
318.347	121.500
318.526	104.500
318.705	80.500
318.883	71.500
319.062	44.500
319.240	93.500
319.419	74.500
319.597	76.500
319.776	49.500
319.954	33.500
320.133	73.500
320.311	76.500
320.490	22.500
320.668	60.500
320.847	78.500
321.025	5.500
321.204	43.500
321.382	50.500
321.561	56.500
321.740	46.500
321.918	68.500
322.097	50.500
322.275	57.500
322.454	80.500
322.632	105.500
322.811	104.500
322.989	85.500
323.168	73.500
323.346	50.500
323.525	82.500
323.703	73.500
323.882	71.500
324.060	85.500
324.239	94.500
324.418	105.500
324.596	93.500
324.775	76.500
324.953	39.500
325.132	40.500
325.310	68.500
325.489	72.500
325.667	73.500
325.846	74.500
326.024	73.500
326.203	36.500
326.381	57.500
326.560	81.500
326.738	41.500
326.917	68.500
327.096	74.500
327.274	73.500
327.453	97.500
327.631	82.500
327.810	66.500
327.988	25.500
328.167	44.500
328.345	54.500
328.524	69.500
328.702	48.500
328.881	61.500
329.059	119.500
329.238	110.500
329.416	67.500
329.595	83.500
329.774	81.500
329.952	70.500
330.131	100.500
330.309	53.500
330.488	53.500
330.666	68.500
330.845	81.500
331.023	101.500
331.202	54.500
331.380	29.500
331.559	99.500
331.737	127.500
331.916	76.500
332.094	84.500
332.273	125.500
332.452	89.500
332.630	60.500
332.809	81.500
332.987	97.500
333.166	83.500
333.344	74.500
333.523	59.500
333.701	29.500
333.880	21.500
334.058	52.500
334.237	122.500
334.415	119.500
334.594	126.500
334.772	117.500
334.951	72.500
335.129	66.500
335.308	109.500
335.487	113.500
335.665	73.500
335.844	57.500
336.022	65.500
336.201	87.500
336.379	108.500
336.558	132.500
336.736	113.500
336.915	56.500
337.093	46.500
337.272	77.500
337.450	123.500
337.629	113.500
337.807	117.500
337.986	109.500
338.165	95.500
338.343	65.500
338.522	107.500
338.700	85.500
338.879	54.500
339.057	84.500
339.236	98.500
339.414	106.500
339.593	83.500
339.771	117.500
339.950	103.500
340.128	93.500
340.307	119.500
340.485	90.500
340.664	79.500
340.843	107.500
341.021	97.500
341.200	140.500
341.378	86.500
341.557	83.500
341.735	91.500
341.914	91.500
342.092	92.500
342.271	97.500
342.449	67.500
342.628	93.500
342.806	78.500
342.985	101.500
343.163	116.500
343.342	118.500
343.521	68.500
343.699	45.500
343.878	38.500
344.056	63.500
344.235	34.500
344.413	58.500
344.592	97.500
344.770	95.500
344.949	79.500
345.127	81.500
345.306	73.500
345.484	99.500
345.663	80.500
345.841	68.500
346.020	91.500
346.199	71.500
346.377	101.500
346.556	111.500
346.734	115.500
346.913	57.500
347.091	53.500
347.270	72.500
347.448	84.500
347.627	70.500
347.805	82.500
347.984	98.500
348.162	101.500
348.341	130.500
348.519	106.500
348.698	81.500
348.876	93.500
349.055	121.500
349.234	126.500
349.412	66.500
349.591	40.500
349.769	58.500
349.948	91.500
350.126	103.500
350.305	148.500
350.483	97.500
350.662	92.500
350.840	83.500
351.019	75.500
351.197	129.500
351.376	132.500
351.554	129.500
351.733	134.500
351.912	124.500
352.090	79.500
352.269	78.500
352.447	60.500
352.626	78.500
352.804	88.500
352.983	101.500
353.161	90.500
353.340	113.500
353.518	124.500
353.697	101.500
353.875	77.500
354.054	114.500
354.232	102.500
354.411	104.500
354.590	107.500
354.768	89.500
354.947	81.500
355.125	102.500
355.304	89.500
355.482	94.500
355.661	85.500
355.839	99.500
356.018	86.500
356.196	72.500
356.375	86.500
356.553	86.500
356.732	126.500
356.910	110.500
357.089	99.500
357.268	96.500
357.446	81.500
357.625	78.500
357.803	52.500
357.982	73.500
358.160	113.500
358.339	136.500
358.517	127.500
358.696	108.500
358.874	96.500
359.053	54.500
359.231	61.500
359.410	90.500
359.588	84.500
359.767	61.500
359.945	106.500
360.124	119.500
360.303	90.500
360.481	80.500
360.660	97.500
360.838	117.500
361.017	96.500
361.195	78.500
361.374	79.500
361.552	105.500
361.731	94.500
361.909	125.500
362.088	106.500
362.266	86.500
362.445	96.500
362.623	90.500
362.802	100.500
362.981	95.500
363.159	87.500
363.338	99.500
363.516	120.500
363.695	84.500
363.873	66.500
364.052	125.500
364.230	119.500
364.409	64.500
364.587	95.500
364.766	117.500
364.944	139.500
365.123	123.500
365.301	100.500
365.480	122.500
365.660	85.500
365.839	97.500
366.019	115.500
366.199	110.500
366.379	118.500
366.558	135.500
366.738	154.500
366.918	153.500
367.098	146.500
367.277	120.500
367.457	125.500
367.637	101.500
367.816	70.500
367.996	78.500
368.176	49.500
368.356	60.500
368.535	155.500
368.715	141.500
368.895	132.500
369.075	148.500
369.254	159.500
369.434	116.500
369.614	146.500
369.793	94.500
369.973	97.500
370.153	100.500
370.333	125.500
370.512	129.500
370.692	105.500
370.872	86.500
371.051	109.500
371.231	142.500
371.411	102.500
371.591	94.500
371.770	115.500
371.950	129.500
372.130	152.500
372.310	138.500
372.489	108.500
372.669	112.500
372.849	116.500
373.028	100.500
373.208	57.500
373.388	70.500
373.568	100.500
373.747	154.500
373.927	161.500
374.107	156.500
374.287	105.500
374.466	69.500
374.646	100.500
374.826	109.500
375.005	90.500
375.185	98.500
375.365	95.500
375.545	107.500
375.724	131.500
375.904	157.500
376.084	167.500
376.263	126.500
376.443	83.500
376.623	116.500
376.803	86.500
376.982	65.500
377.162	56.500
377.342	108.500
377.522	141.500
377.701	149.500
377.881	154.500
378.061	165.500
378.240	126.500
378.420	78.500
378.600	68.500
378.780	102.500
378.959	139.500
379.139	155.500
379.319	157.500
379.499	163.500
379.678	135.500
379.858	113.500
380.038	74.500
380.217	108.500
380.397	98.500
380.577	82.500
380.757	97.500
380.936	108.500
381.116	152.500
381.296	124.500
381.476	83.500
381.655	96.500
381.835	87.500
382.015	95.500
382.194	112.500
382.374	145.500
382.554	133.500
382.734	82.500
382.913	106.500
383.093	135.500
383.273	79.500
383.452	73.500
383.632	79.500
383.812	107.500
383.992	136.500
384.171	145.500
384.351	103.500
384.531	97.500
384.711	107.500
384.890	63.500
385.070	109.500
385.250	123.500
385.429	108.500
385.609	80.500
385.789	93.500
385.969	119.500
386.148	80.500
386.328	79.500
386.508	105.500
386.688	87.500
386.867	117.500
387.047	113.500
387.227	79.500
387.406	116.500
387.586	138.500
387.766	142.500
387.946	92.500
388.125	111.500
388.305	134.500
388.485	137.500
388.664	112.500
388.844	99.500
389.024	117.500
389.204	111.500
389.383	112.500
389.563	122.500
389.743	127.500
389.923	115.500
390.102	124.500
390.282	99.500
390.462	97.500
390.641	129.500
390.821	101.500
391.001	108.500
391.181	66.500
391.360	82.500
391.540	101.500
391.720	96.500
391.900	139.500
392.079	102.500
392.259	85.500
392.439	110.500
392.618	133.500
392.798	129.500
392.978	127.500
393.158	118.500
393.337	147.500
393.517	120.500
393.697	148.500
393.877	152.500
394.056	113.500
394.236	105.500
394.416	113.500
394.595	153.500
394.775	142.500
394.955	153.500
395.135	172.500
395.314	181.500
395.494	183.500
395.674	149.500
395.853	125.500
396.033	134.500
396.213	147.500
396.393	164.500
396.572	158.500
396.752	132.500
396.932	142.500
397.112	158.500
397.291	179.500
397.471	145.500
397.651	150.500
397.830	134.500
398.010	128.500
398.190	182.500
398.370	149.500
398.549	156.500
398.729	159.500
398.909	157.500
399.089	178.500
399.268	168.500
399.448	156.500
399.628	191.500
399.807	201.500
399.987	194.500
400.167	196.500
400.347	203.500
400.526	236.500
400.706	216.500
400.886	171.500
401.065	179.500
401.245	174.500
401.425	174.500
401.605	156.500
401.784	171.500
401.964	206.500
402.144	187.500
402.324	186.500
402.503	159.500
402.683	195.500
402.863	228.500
403.042	185.500
403.222	179.500
403.402	233.500
403.582	241.500
403.761	239.500
403.941	245.500
404.121	226.500
404.301	234.500
404.480	229.500
404.660	205.500
404.844	210.500
405.029	249.500
405.213	256.500
405.398	266.500
405.582	271.500
405.767	300.500
405.951	304.500
406.136	315.500
406.320	318.500
406.505	321.500
406.689	333.500
406.874	362.500
407.058	388.500
407.243	438.500
407.427	432.500
407.612	448.500
407.796	467.500
407.981	502.500
408.165	519.500
408.350	593.500
408.534	667.500
408.719	733.500
408.903	720.500
409.088	738.500
409.272	754.500
409.457	780.500
409.641	841.500
409.826	911.500
410.010	961.500
410.195	1016.500
410.379	1115.500
410.564	1215.500
410.748	1305.500
410.933	1421.500
411.117	1520.500
411.302	1617.500
411.486	1717.500
411.671	1791.500
411.855	1859.500
412.040	1912.500
412.224	1957.500
412.409	2101.500
412.593	2321.500
412.778	2311.500
412.962	2402.500
413.147	2552.500
413.331	2665.500
413.516	2778.500
413.700	2891.500
413.885	3040.500
414.069	3169.500
414.254	3310.500
414.438	3454.500
414.623	3531.500
414.807	3628.500
414.992	3737.500
415.176	3920.500
415.361	4087.500
415.545	4250.500
415.730	4428.500
415.914	4540.500
416.099	4605.500
416.283	4724.500
416.468	4814.500
416.652	4817.500
416.837	4896.500
417.021	4957.500
417.206	5018.500
417.390	5156.500
417.575	5296.500
417.759	5362.500
417.944	5556.500
418.128	5674.500
418.313	5866.500
418.497	5993.500
418.682	6022.500
418.866	6038.500
419.051	6111.500
419.235	6238.500
419.420	6366.500
419.604	6475.500
419.789	6629.500
419.973	6829.500
420.158	6919.500
420.342	7104.500
420.527	7349.500
420.711	7489.500
420.896	7505.500
421.080	7604.500
421.265	7769.500
421.449	7714.500
421.634	7758.500
421.818	7835.500
422.003	7801.500
422.187	7738.500
422.372	7677.500
422.556	7775.500
422.741	7887.500
422.925	8101.500
423.110	8292.500
423.294	8271.500
423.479	8387.500
423.663	8572.500
423.848	8623.500
424.032	8677.500
424.217	8690.500
424.401	8722.500
424.586	8787.500
424.770	8874.500
424.955	8885.500
425.139	9025.500
425.324	9126.500
425.508	9216.500
425.693	9317.500
425.877	9326.500
426.062	9330.500
426.246	9204.500
426.431	9121.500
426.615	9214.500
426.800	9181.500
426.984	9185.500
427.169	9258.500
427.353	9399.500
427.538	9428.500
427.722	9396.500
427.907	9398.500
428.091	9437.500
428.276	9400.500
428.460	9374.500
428.645	9391.500
428.829	9209.500
429.014	9045.500
429.198	8794.500
429.383	8529.500
429.567	8296.500
429.752	8031.500
429.936	7804.500
430.121	7799.500
430.305	7939.500
430.490	8099.500
430.674	8416.500
430.859	8865.500
431.043	9335.500
431.228	9802.500
431.412	9938.500
431.597	9897.500
431.781	10174.500
431.966	10382.500
432.150	10362.500
432.335	10669.500
432.519	10803.500
432.704	10905.500
432.888	10965.500
433.073	10796.500
433.257	10683.500
433.442	10550.500
433.626	10599.500
433.811	10741.500
433.995	10750.500
434.180	10878.500
434.364	11178.500
434.549	11130.500
434.733	11259.500
434.918	11423.500
435.102	11522.500
435.287	11571.500
435.471	11885.500
435.656	12060.500
435.840	12318.500
436.030	12305.500
436.219	12289.500
436.409	12176.500
436.599	12183.500
436.789	12238.500
436.978	12092.500
437.168	11922.500
437.358	11947.500
437.548	11885.500
437.737	11680.500
437.927	11649.500
438.117	11529.500
438.306	11436.500
438.496	11678.500
438.686	11806.500
438.876	11967.500
439.065	12124.500
439.255	12221.500
439.445	12381.500
439.634	12391.500
439.824	12310.500
440.014	12430.500
440.204	12519.500
440.393	12756.500
440.583	12930.500
440.773	13092.500
440.963	13409.500
441.152	13594.500
441.342	13611.500
441.532	13663.500
441.721	13834.500
441.911	14018.500
442.101	14210.500
442.291	14241.500
442.480	14086.500
442.670	14163.500
442.860	14300.500
443.050	14386.500
443.239	14424.500
443.429	14529.500
443.619	14601.500
443.808	14732.500
443.998	14867.500
444.188	14887.500
444.378	14907.500
444.567	15001.500
444.757	14951.500
444.947	14740.500
445.137	14651.500
445.326	14794.500
445.516	14622.500
445.706	14551.500
445.895	14679.500
446.085	14842.500
446.275	15089.500
446.465	15354.500
446.654	15651.500
446.844	15851.500
447.034	15882.500
447.223	15993.500
447.413	16062.500
447.603	16113.500
447.793	16179.500
447.982	16217.500
448.172	16257.500
448.362	16377.500
448.552	16529.500
448.741	16529.500
448.931	16512.500
449.121	16582.500
449.310	16690.500
449.500	16779.500
449.690	16936.500
449.880	17279.500
450.069	17378.500
450.259	17378.500
450.449	17623.500
450.639	17571.500
450.828	17536.500
451.018	17728.500
451.208	17677.500
451.397	17637.500
451.587	17599.500
451.777	17531.500
451.967	17360.500
452.156	17178.500
452.346	17136.500
452.536	16930.500
452.725	16545.500
452.915	16551.500
453.105	16717.500
453.295	16831.500
453.484	16856.500
453.674	16917.500
453.864	16923.500
454.054	16763.500
454.243	16777.500
454.433	16891.500
454.623	16866.500
454.812	16884.500
455.002	16987.500
455.192	16988.500
455.382	17048.500
455.571	17287.500
455.761	17417.500
455.951	17582.500
456.141	17632.500
456.330	17524.500
456.520	17633.500
456.710	17757.500
456.899	17749.500
457.089	17789.500
457.279	17760.500
457.469	17714.500
457.658	17601.500
457.848	17498.500
458.038	17487.500
458.228	17506.500
458.417	17455.500
458.607	17309.500
458.797	17332.500
458.986	17354.500
459.176	17382.500
459.366	17243.500
459.556	17142.500
459.745	17236.500
459.935	17417.500
460.125	17391.500
460.314	17453.500
460.504	17567.500
460.694	17594.500
460.884	17836.500
461.073	17887.500
461.263	18081.500
461.453	18083.500
461.643	17881.500
461.832	17898.500
462.022	17976.500
462.212	18122.500
462.401	18196.500
462.591	18144.500
462.781	18095.500
462.971	18143.500
463.160	18062.500
463.350	18000.500
463.540	18089.500
463.730	18093.500
463.919	17766.500
464.109	17639.500
464.299	17637.500
464.488	17794.500
464.678	17590.500
464.868	17635.500
465.058	17683.500
465.247	17825.500
465.437	17837.500
465.627	17802.500
465.816	17709.500
466.006	17664.500
466.196	17649.500
466.386	17607.500
466.575	17626.500
466.765	17619.500
466.955	17521.500
467.145	17601.500
467.334	17589.500
467.524	17697.500
467.714	17843.500
467.903	17805.500
468.093	17938.500
468.283	17884.500
468.473	18095.500
468.662	18109.500
468.852	18065.500
469.042	18015.500
469.232	18147.500
469.421	18270.500
469.611	18266.500
469.801	18025.500
469.990	17904.500
470.180	17876.500
470.370	17959.500
470.560	18028.500
470.749	17988.500
470.939	18122.500
471.129	18309.500
471.318	18342.500
471.508	18419.500
471.698	18608.500
471.888	18780.500
472.077	18912.500
472.267	19091.500
472.457	19045.500
472.647	19073.500
472.836	18859.500
473.026	18867.500
473.216	18838.500
473.405	18953.500
473.595	18849.500
473.785	18908.500
473.975	19161.500
474.164	19418.500
474.354	19359.500
474.544	19424.500
474.734	19473.500
474.923	19356.500
475.113	19430.500
475.303	19317.500
475.492	19313.500
475.682	19182.500
475.872	19186.500
476.062	19133.500
476.251	19030.500
476.441	19132.500
476.631	19145.500
476.821	19099.500
477.010	19259.500
477.200	19521.500
477.390	19479.500
477.579	19641.500
477.769	19782.500
477.959	19795.500
478.149	19884.500
478.338	19773.500
478.528	19614.500
478.718	19591.500
478.907	19677.500
479.097	19590.500
479.287	19658.500
479.477	19811.500
479.666	19685.500
479.856	19748.500
480.046	19845.500
480.236	19748.500
480.425	19708.500
480.615	19709.500
480.805	19712.500
480.994	19547.500
481.184	19633.500
481.374	19673.500
481.564	19680.500
481.753	19763.500
481.943	19878.500
482.133	19784.500
482.323	19661.500
482.512	19652.500
482.702	19628.500
482.892	19659.500
483.081	19546.500
483.271	19471.500
483.461	19320.500
483.651	19392.500
483.840	19299.500
484.030	19204.500
484.220	19255.500
484.409	19259.500
484.599	19240.500
484.789	18932.500
484.979	18812.500
485.168	18729.500
485.358	18333.500
485.548	17828.500
485.738	17149.500
485.927	16946.500
486.117	16719.500
486.307	16366.500
486.496	16255.500
486.686	16281.500
486.876	16605.500
487.066	16857.500
487.255	17012.500
487.445	17319.500
487.635	17587.500
487.825	17579.500
488.014	17784.500
488.204	17852.500
488.394	17781.500
488.583	17856.500
488.773	17876.500
488.963	17921.500
489.153	18092.500
489.342	18176.500
489.532	18312.500
489.722	18594.500
489.912	18867.500
490.101	18978.500
490.291	18983.500
490.481	19048.500
490.670	18944.500
490.860	19098.500
491.050	18965.500
491.240	18816.500
491.429	18766.500
491.619	18530.500
491.809	18344.500
491.998	18134.500
492.188	18036.500
492.378	18312.500
492.568	18221.500
492.757	18324.500
492.947	18511.500
493.137	18640.500
493.327	18756.500
493.516	18613.500
493.706	18543.500
493.896	18782.500
494.085	19034.500
494.275	19004.500
494.465	19056.500
494.655	19366.500
494.844	19452.500
495.034	19307.500
495.224	19327.500
495.414	19332.500
495.603	19211.500
495.793	19147.500
495.983	19082.500
496.172	19082.500
496.362	19209.500
496.552	19181.500
496.742	19348.500
496.931	19552.500
497.121	19508.500
497.311	19462.500
497.500	19378.500
497.690	19184.500
497.880	19001.500
498.070	18867.500
498.259	18860.500
498.449	18818.500
498.639	18583.500
498.829	18828.500
499.018	19124.500
499.208	19248.500
499.398	19090.500
499.587	19108.500
499.777	18984.500
499.967	18917.500
500.157	18823.500
500.346	18648.500
500.536	18536.500
500.726	18364.500
500.916	18435.500
501.105	18355.500
501.295	18190.500
501.485	18070.500
501.674	18100.500
501.864	18130.500
502.054	18125.500
502.244	18270.500
502.433	18529.500
502.623	18433.500
502.813	18702.500
503.003	18804.500
503.192	18697.500
503.382	18671.500
503.572	18517.500
503.761	18378.500
503.951	18214.500
504.141	18376.500
504.331	18458.500
504.520	18558.500
504.710	18441.500
504.900	18522.500
505.089	18575.500
505.279	18841.500
505.469	18955.500
505.659	18937.500
505.848	18983.500
506.038	18993.500
506.228	18931.500
506.418	18870.500
506.607	18951.500
506.797	19109.500
506.987	18831.500
507.176	18708.500
507.366	18693.500
507.556	18519.500
507.746	18420.500
507.935	18330.500
508.125	18258.500
508.315	18366.500
508.505	18386.500
508.694	18426.500
508.884	18600.500
509.074	18595.500
509.263	18590.500
509.453	18546.500
509.643	18437.500
509.833	18485.500
510.022	18371.500
510.212	18341.500
510.402	18399.500
510.592	18297.500
510.781	18227.500
510.971	18245.500
511.161	18393.500
511.350	18578.500
511.540	18494.500
511.730	18382.500
511.920	18352.500
512.109	18294.500
512.299	17962.500
512.489	17852.500
512.678	17857.500
512.868	17836.500
513.058	17764.500
513.248	17655.500
513.437	17646.500
513.627	17594.500
513.817	17365.500
514.007	17264.500
514.196	17356.500
514.386	17389.500
514.576	17315.500
514.765	17286.500
514.955	17290.500
515.145	17373.500
515.335	17381.500
515.524	17304.500
515.714	17223.500
515.904	17063.500
516.094	16747.500
516.283	16523.500
516.473	16337.500
516.663	15926.500
516.852	15558.500
517.042	15512.500
517.232	15422.500
517.422	15443.500
517.611	15527.500
517.801	15496.500
517.991	15677.500
518.180	15781.500
518.370	15701.500
518.560	15765.500
518.750	15906.500
518.939	16017.500
519.129	16025.500
519.319	16145.500
519.509	16271.500
519.698	16330.500
519.888	16537.500
520.078	16667.500
520.267	16729.500
520.457	16885.500
520.647	16779.500
520.837	16764.500
521.026	16872.500
521.216	16925.500
521.406	16977.500
521.596	17169.500
521.785	17163.500
521.975	16991.500
522.165	16855.500
522.354	16815.500
522.544	16694.500
522.734	16642.500
522.924	16615.500
523.113	16640.500
523.303	16747.500
523.493	16994.500
523.683	17122.500
523.872	17300.500
524.062	17330.500
524.252	17262.500
524.441	17140.500
524.631	17289.500
524.821	17329.500
525.011	17340.500
525.200	17511.500
525.390	17327.500
525.580	17144.500
525.769	17121.500
525.959	16922.500
526.149	16543.500
526.339	16306.500
526.528	16319.500
526.718	16074.500
526.908	15899.500
527.098	16004.500
527.287	16252.500
527.477	16285.500
527.667	16484.500
527.856	16685.500
528.046	16738.500
528.236	16830.500
528.426	17035.500
528.615	17212.500
528.805	17165.500
528.995	17368.500
529.185	17466.500
529.374	17379.500
529.564	17254.500
529.754	17305.500
529.943	17317.500
530.133	17260.500
530.323	17270.500
530.513	17490.500
530.702	17447.500
530.892	17366.500
531.082	17421.500
531.271	17358.500
531.461	17156.500
531.651	17171.500
531.841	16936.500
532.030	16572.500
532.220	16485.500
532.410	16383.500
532.600	16323.500
532.789	16332.500
532.979	16070.500
533.169	15981.500
533.358	16213.500
533.548	16101.500
533.738	16061.500
533.928	16076.500
534.117	16091.500
534.307	16250.500
534.497	16282.500
534.687	16245.500
534.876	16257.500
535.066	16196.500
535.256	16233.500
535.445	16393.500
535.635	16397.500
535.825	16299.500
536.015	16037.500
536.204	15937.500
536.394	15848.500
536.584	15695.500
536.773	15795.500
536.963	15814.500
537.153	15602.500
537.343	15557.500
537.532	15679.500
537.722	15858.500
537.912	15878.500
538.102	15768.500
538.291	15838.500
538.481	15644.500
538.671	15548.500
538.860	15581.500
539.050	15450.500
539.240	15213.500
539.430	15021.500
539.619	14895.500
539.809	14896.500
539.999	14847.500
540.189	14770.500
540.378	14892.500
540.568	14923.500
540.758	14920.500
540.947	14839.500
541.137	14971.500
541.327	15086.500
541.517	15138.500
541.706	15031.500
541.896	15109.500
542.086	15115.500
542.276	14945.500
542.465	14997.500
542.655	15031.500
542.845	15028.500
543.034	15123.500
543.224	15082.500
543.414	15103.500
543.604	15097.500
543.793	15040.500
543.983	15211.500
544.173	15035.500
544.362	14841.500
544.552	14921.500
544.742	15095.500
544.932	14986.500
545.121	14959.500
545.311	15024.500
545.501	14981.500
545.691	14977.500
545.880	14907.500
546.070	14901.500
546.264	14879.500
546.459	15010.500
546.653	14872.500
546.847	14765.500
547.041	14659.500
547.236	14630.500
547.430	14533.500
547.624	14700.500
547.818	14668.500
548.013	14623.500
548.207	14606.500
548.401	14680.500
548.596	14692.500
548.790	14675.500
548.984	14742.500
549.178	14684.500
549.373	14638.500
549.567	14772.500
549.761	14755.500
549.956	14612.500
550.150	14560.500
550.344	14536.500
550.538	14604.500
550.733	14601.500
550.927	14593.500
551.121	14523.500
551.315	14507.500
551.510	14497.500
551.704	14624.500
551.898	14450.500
552.093	14602.500
552.287	14508.500
552.481	14453.500
552.675	14412.500
552.870	14303.500
553.064	14404.500
553.258	14295.500
553.453	14319.500
553.647	14398.500
553.841	14379.500
554.035	14464.500
554.230	14391.500
554.424	14333.500
554.618	14567.500
554.812	14605.500
555.007	14500.500
555.201	14434.500
555.395	14353.500
555.590	14312.500
555.784	14314.500
555.978	14252.500
556.172	14119.500
556.367	14057.500
556.561	14024.500
556.755	14045.500
556.949	14015.500
557.144	14003.500
557.338	14043.500
557.532	13976.500
557.727	13901.500
557.921	13829.500
558.115	13692.500
558.309	13777.500
558.504	13706.500
558.698	13618.500
558.892	13737.500
559.087	13712.500
559.281	13625.500
559.475	13667.500
559.669	13658.500
559.864	13814.500
560.058	13861.500
560.252	13915.500
560.446	14037.500
560.641	14094.500
560.835	14077.500
561.029	13936.500
561.224	13857.500
561.418	13812.500
561.612	13915.500
561.806	13868.500
562.001	13762.500
562.195	13902.500
562.389	13899.500
562.584	13912.500
562.778	13921.500
562.972	13960.500
563.166	13965.500
563.361	13985.500
563.555	13963.500
563.749	13841.500
563.943	13828.500
564.138	13993.500
564.332	13841.500
564.526	13764.500
564.721	13828.500
564.915	13807.500
565.109	13631.500
565.303	13522.500
565.498	13503.500
565.692	13639.500
565.886	13581.500
566.081	13397.500
566.275	13535.500
566.469	13696.500
566.663	13675.500
566.858	13654.500
567.052	13693.500
567.246	13750.500
567.440	13567.500
567.635	13572.500
567.829	13461.500
568.023	13415.500
568.218	13465.500
568.412	13378.500
568.606	13377.500
568.800	13427.500
568.995	13292.500
569.189	13253.500
569.383	13116.500
569.577	13029.500
569.772	12990.500
569.966	12859.500
570.160	12958.500
570.355	12961.500
570.549	13007.500
570.743	13164.500
570.937	13217.500
571.132	13071.500
571.326	13075.500
571.520	13018.500
571.715	13013.500
571.909	13193.500
572.103	13223.500
572.297	13250.500
572.492	13201.500
572.686	13100.500
572.880	13141.500
573.074	13202.500
573.269	13041.500
573.463	13051.500
573.657	13113.500
573.852	13097.500
574.046	13052.500
574.240	13060.500
574.434	12914.500
574.629	12899.500
574.823	12899.500
575.017	12828.500
575.212	12911.500
575.406	12877.500
575.600	12727.500
575.794	12719.500
575.989	12681.500
576.183	12670.500
576.377	12685.500
576.571	12733.500
576.766	12704.500
576.960	12679.500
577.159	12618.500
577.357	12471.500
577.556	12455.500
577.755	12412.500
577.953	12344.500
578.152	12442.500
578.350	12356.500
578.549	12343.500
578.748	12294.500
578.946	12223.500
579.145	12363.500
579.344	12424.500
579.542	12388.500
579.741	12536.500
579.940	12497.500
580.138	12452.500
580.337	12521.500
580.535	12654.500
580.734	12674.500
580.933	12666.500
581.131	12746.500
581.330	12839.500
581.529	12993.500
581.727	13163.500
581.926	13126.500
582.125	13105.500
582.323	13164.500
582.522	13299.500
582.721	13404.500
582.919	13349.500
583.118	13245.500
583.316	13340.500
583.515	13488.500
583.714	13636.500
583.912	13584.500
584.111	13482.500
584.310	13403.500
584.508	13400.500
584.707	13375.500
584.906	13465.500
585.104	13332.500
585.303	13221.500
585.501	13394.500
585.700	13393.500
585.899	13406.500
586.097	13385.500
586.296	13408.500
586.495	13517.500
586.693	13441.500
586.892	13538.500
587.091	13484.500
587.289	13386.500
587.488	13222.500
587.686	12946.500
587.885	12868.500
588.084	12682.500
588.282	12415.500
588.481	12128.500
588.680	11982.500
588.878	11962.500
589.077	11986.500
589.276	12041.500
589.474	11878.500
589.673	11859.500
589.871	12202.500
590.070	12372.500
590.269	12221.500
590.467	12266.500
590.666	12311.500
590.865	12283.500
591.063	12266.500
591.262	12351.500
591.461	12435.500
591.659	12330.500
591.858	12557.500
592.056	12623.500
592.255	12527.500
592.454	12663.500
592.652	12485.500
592.851	12491.500
593.050	12679.500
593.248	12640.500
593.447	12662.500
593.646	12694.500
593.844	12450.500
594.043	12303.500
594.241	12332.500
594.440	12493.500
594.639	12307.500
594.837	12282.500
595.036	12437.500
595.235	12357.500
595.433	12364.500
595.632	12423.500
595.831	12476.500
596.029	12685.500
596.228	12697.500
596.427	12630.500
596.625	12602.500
596.824	12535.500
597.022	12609.500
597.221	12669.500
597.420	12618.500
597.618	12667.500
597.817	12647.500
598.016	12478.500
598.214	12354.500
598.413	12338.500
598.612	12452.500
598.810	12532.500
599.009	12591.500
599.207	12579.500
599.406	12531.500
599.605	12444.500
599.803	12385.500
600.002	12460.500
600.201	12438.500
600.399	12412.500
600.598	12469.500
600.797	12494.500
600.995	12311.500
601.194	12271.500
601.392	12347.500
601.591	12424.500
601.790	12313.500
601.988	12373.500
602.187	12406.500
602.386	12428.500
602.584	12502.500
602.783	12538.500
602.982	12645.500
603.180	12679.500
603.379	12602.500
603.577	12445.500
603.776	12662.500
603.975	12603.500
604.173	12586.500
604.372	12506.500
604.571	12641.500
604.769	12558.500
604.968	12544.500
605.167	12544.500
605.365	12562.500
605.564	12589.500
605.762	12663.500
605.961	12537.500
606.160	12548.500
606.358	12739.500
606.557	12613.500
606.756	12460.500
606.954	12469.500
607.153	12413.500
607.352	12454.500
607.550	12544.500
607.749	12535.500
607.948	12429.500
608.146	12472.500
608.345	12431.500
608.543	12348.500
608.742	12384.500
608.941	12370.500
609.139	12321.500
609.338	12348.500
609.537	12310.500
609.735	12321.500
609.934	12292.500
610.133	12205.500
610.331	12163.500
610.530	12263.500
610.728	12268.500
610.927	12349.500
611.126	12412.500
611.324	12256.500
611.523	12273.500
611.722	12278.500
611.920	12122.500
612.119	12205.500
612.318	12249.500
612.516	12078.500
612.715	12164.500
612.913	12124.500
613.112	12013.500
613.311	12084.500
613.509	12039.500
613.708	11901.500
613.907	11904.500
614.105	11901.500
614.304	12015.500
614.503	12072.500
614.701	11871.500
614.900	11860.500
615.098	11874.500
615.297	11948.500
615.496	11852.500
615.694	11826.500
615.893	11608.500
616.092	11651.500
616.290	11771.500
616.489	11595.500
616.688	11514.500
616.886	11543.500
617.085	11556.500
617.283	11706.500
617.482	11863.500
617.681	11860.500
617.879	11810.500
618.078	11812.500
618.277	11783.500
618.475	11743.500
618.674	11869.500
618.873	11930.500
619.071	11805.500
619.270	11758.500
619.468	11854.500
619.667	11808.500
619.866	11833.500
620.064	11757.500
620.263	11856.500
620.462	11941.500
620.660	11937.500
620.859	11824.500
621.058	11734.500
621.256	11715.500
621.455	11703.500
621.654	11667.500
621.852	11649.500
622.051	11702.500
622.249	11591.500
622.448	11512.500
622.647	11481.500
622.845	11524.500
623.044	11616.500
623.243	11665.500
623.441	11645.500
623.640	11379.500
623.839	11463.500
624.037	11489.500
624.236	11408.500
624.434	11394.500
624.633	11283.500
624.832	11183.500
625.030	11238.500
625.229	11204.500
625.428	11253.500
625.626	11327.500
625.825	11271.500
626.024	11257.500
626.222	11383.500
626.421	11390.500
626.619	11377.500
626.818	11201.500
627.017	11229.500
627.215	11217.500
627.414	11195.500
627.613	11191.500
627.811	11023.500
628.010	11009.500
628.209	11079.500
628.407	11055.500
628.606	10962.500
628.804	11020.500
629.003	11068.500
629.202	10950.500
629.400	10863.500
629.599	10926.500
629.798	10958.500
629.996	10815.500
630.195	10889.500
630.394	11043.500
630.592	11092.500
630.791	10993.500
630.990	11002.500
631.188	10866.500
631.387	10772.500
631.585	10831.500
631.784	10807.500
631.983	10911.500
632.181	11091.500
632.380	11188.500
632.579	11071.500
632.777	11099.500
632.976	11078.500
633.175	11023.500
633.373	11034.500
633.572	11002.500
633.770	10934.500
633.969	11030.500
634.168	11084.500
634.366	11032.500
634.565	10970.500
634.764	11056.500
634.962	11131.500
635.161	10956.500
635.360	10985.500
635.558	11039.500
635.757	11053.500
635.955	10978.500
636.154	10919.500
636.353	10958.500
636.551	11006.500
636.750	11044.500
636.949	11043.500
637.147	11067.500
637.346	11087.500
637.545	11062.500
637.743	11031.500
637.942	11097.500
638.140	11155.500
638.339	11159.500
638.538	11153.500
638.736	11159.500
638.935	11099.500
639.134	11071.500
639.332	11038.500
639.531	11088.500
639.730	11033.500
639.928	10962.500
640.127	10981.500
640.325	10923.500
640.524	10928.500
640.723	10903.500
640.921	10908.500
641.120	10884.500
641.319	10921.500
641.517	10928.500
641.716	10956.500
641.915	10850.500
642.113	10770.500
642.312	10925.500
642.510	10920.500
642.709	10895.500
642.908	11006.500
643.106	10977.500
643.305	10943.500
643.504	10984.500
643.702	10870.500
643.901	10879.500
644.100	10997.500
644.298	11065.500
644.497	11025.500
644.696	10838.500
644.894	10804.500
645.093	10875.500
645.291	10875.500
645.490	10915.500
645.689	10924.500
645.887	10910.500
646.086	10800.500
646.285	10667.500
646.483	10605.500
646.682	10764.500
646.881	10854.500
647.079	10799.500
647.278	10808.500
647.476	10681.500
647.675	10703.500
647.874	10761.500
648.072	10671.500
648.271	10633.500
648.470	10540.500
648.668	10467.500
648.867	10545.500
649.066	10478.500
649.264	10358.500
649.463	10462.500
649.661	10495.500
649.860	10557.500
650.059	10636.500
650.257	10686.500
650.456	10629.500
650.655	10775.500
650.853	10739.500
651.052	10822.500
651.251	10756.500
651.449	10719.500
651.648	10776.500
651.846	10776.500
652.045	10774.500
652.244	10843.500
652.442	10851.500
652.641	11005.500
652.840	10934.500
653.038	10810.500
653.237	10870.500
653.436	10906.500
653.634	10862.500
653.833	10856.500
654.032	10757.500
654.230	10621.500
654.429	10593.500
654.627	10613.500
654.826	10604.500
655.025	10425.500
655.223	10401.500
655.422	10233.500
655.621	9913.500
655.819	9689.500
656.018	9641.500
656.217	9619.500
656.415	9593.500
656.614	9630.500
656.812	9799.500
657.011	10010.500
657.210	10077.500
657.408	10186.500
657.607	10228.500
657.806	10254.500
658.004	10489.500
658.203	10448.500
658.402	10405.500
658.600	10512.500
658.799	10653.500
658.997	10681.500
659.196	10761.500
659.395	10719.500
659.593	10715.500
659.792	10750.500
659.991	10793.500
660.189	10794.500
660.388	10908.500
660.587	10827.500
660.785	10737.500
660.984	10876.500
661.182	10861.500
661.381	10936.500
661.580	11037.500
661.778	11061.500
661.977	10905.500
662.176	10920.500
662.374	10983.500
662.573	10989.500
662.772	10875.500
662.970	10869.500
663.169	10936.500
663.367	10848.500
663.566	10930.500
663.765	10979.500
663.963	10916.500
664.162	10885.500
664.361	10878.500
664.559	10826.500
664.758	10949.500
664.957	10960.500
665.155	10877.500
665.354	10789.500
665.552	10774.500
665.751	10799.500
665.950	10832.500
666.148	10762.500
666.347	10879.500
666.546	10817.500
666.744	10673.500
666.943	10650.500
667.142	10682.500
667.340	10747.500
667.539	10884.500
667.738	10721.500
667.936	10728.500
668.135	10690.500
668.333	10722.500
668.532	10960.500
668.731	10812.500
668.929	10766.500
669.128	10752.500
669.327	10637.500
669.525	10717.500
669.724	10803.500
669.923	10759.500
670.121	10684.500
670.320	10746.500
670.518	10671.500
670.717	10625.500
670.916	10511.500
671.114	10555.500
671.313	10573.500
671.512	10629.500
671.710	10609.500
671.909	10585.500
672.108	10561.500
672.306	10597.500
672.505	10642.500
672.703	10600.500
672.902	10511.500
673.101	10542.500
673.299	10448.500
673.498	10393.500
673.697	10356.500
673.895	10314.500
674.094	10360.500
674.293	10566.500
674.491	10582.500
674.690	10424.500
674.888	10391.500
675.087	10340.500
675.286	10258.500
675.484	10406.500
675.683	10436.500
675.882	10435.500
676.080	10468.500
676.279	10348.500
676.478	10258.500
676.676	10204.500
676.875	10276.500
677.073	10319.500
677.272	10123.500
677.471	10144.500
677.669	10220.500
677.868	10166.500
678.067	10219.500
678.265	10324.500
678.464	10292.500
678.663	10294.500
678.861	10268.500
679.060	10224.500
679.259	10101.500
679.457	10048.500
679.656	10199.500
679.854	10196.500
680.053	10140.500
680.252	10121.500
680.450	10137.500
680.649	10174.500
680.848	10100.500
681.046	9997.500
681.245	10066.500
681.444	10092.500
681.642	10046.500
681.841	10038.500
682.039	10088.500
682.238	10020.500
682.437	9951.500
682.635	9963.500
682.834	9930.500
683.033	9917.500
683.231	9887.500
683.430	9828.500
683.629	9776.500
683.827	9880.500
684.026	9782.500
684.224	9796.500
684.423	9755.500
684.622	9741.500
684.820	9681.500
685.019	9639.500
685.218	9727.500
685.416	9719.500
685.615	9514.500
685.814	9270.500
686.012	8918.500
686.211	8630.500
686.409	8383.500
686.608	8159.500
686.807	8108.500
687.005	8250.500
687.204	8281.500
687.403	8229.500
687.601	8167.500
687.800	8133.500
687.999	8103.500
688.197	8101.500
688.396	8184.500
688.594	8100.500
688.793	8075.500
688.992	8176.500
689.190	8217.500
689.389	8323.500
689.588	8526.500
689.786	8464.500
689.985	8397.500
690.184	8515.500
690.382	8578.500
690.581	8525.500
690.779	8490.500
690.978	8505.500
691.177	8529.500
691.375	8687.500
691.574	8765.500
691.773	8676.500
691.971	8626.500
692.170	8713.500
692.369	8764.500
692.567	8689.500
692.766	8653.500
692.965	8683.500
693.163	8547.500
693.362	8524.500
693.560	8563.500
693.759	8537.500
693.958	8616.500
694.156	8693.500
694.355	8526.500
694.554	8522.500
694.752	8633.500
694.951	8656.500
695.150	8603.500
695.348	8620.500
695.547	8757.500
695.745	8798.500
695.944	8782.500
696.143	8787.500
696.341	8934.500
696.540	8853.500
696.743	8838.500
696.946	8796.500
697.149	8854.500
697.352	8941.500
697.555	8878.500
697.757	8763.500
697.960	8796.500
698.163	8843.500
698.366	8804.500
698.569	8698.500
698.772	8678.500
698.975	8664.500
699.178	8692.500
699.381	8649.500
699.584	8597.500
699.787	8562.500
699.989	8669.500
700.192	8565.500
700.395	8501.500
700.598	8427.500
700.801	8523.500
701.004	8502.500
701.207	8507.500
701.410	8438.500
701.613	8444.500
701.816	8533.500
702.019	8494.500
702.221	8434.500
702.424	8464.500
702.627	8567.500
702.830	8477.500
703.033	8485.500
703.236	8548.500
703.439	8666.500
703.642	8747.500
703.845	8632.500
704.048	8508.500
704.251	8677.500
704.453	8704.500
704.656	8624.500
704.859	8549.500
705.062	8484.500
705.265	8625.500
705.468	8728.500
705.671	8700.500
705.874	8497.500
706.077	8474.500
706.280	8562.500
706.483	8587.500
706.685	8598.500
706.888	8659.500
707.091	8640.500
707.294	8673.500
707.497	8663.500
707.700	8631.500
707.903	8692.500
708.106	8661.500
708.309	8654.500
708.512	8553.500
708.715	8495.500
708.917	8461.500
709.120	8452.500
709.323	8564.500
709.526	8675.500
709.729	8624.500
709.932	8507.500
710.135	8502.500
710.338	8576.500
710.541	8575.500
710.744	8467.500
710.947	8495.500
711.149	8561.500
711.352	8456.500
711.555	8374.500
711.758	8412.500
711.961	8473.500
712.164	8473.500
712.367	8439.500
712.570	8426.500
712.773	8455.500
712.976	8462.500
713.179	8345.500
713.381	8313.500
713.584	8312.500
713.787	8278.500
713.990	8290.500
714.193	8210.500
714.396	8222.500
714.599	8160.500
714.802	8097.500
715.005	8050.500
715.208	8073.500
715.411	7988.500
715.613	7872.500
715.816	7736.500
716.019	7491.500
716.222	7339.500
716.425	7227.500
716.628	7060.500
716.831	6927.500
717.034	6776.500
717.237	6640.500
717.440	6548.500
717.643	6529.500
717.845	6465.500
718.048	6275.500
718.251	6165.500
718.454	6191.500
718.657	6142.500
718.860	6019.500
719.063	6004.500
719.266	5944.500
719.469	5913.500
719.672	6012.500
719.875	6092.500
720.077	6199.500
720.280	6228.500
720.483	6539.500
720.686	6696.500
720.889	6690.500
721.092	6720.500
721.295	6729.500
721.498	6857.500
721.701	6877.500
721.904	6772.500
722.107	6619.500
722.309	6705.500
722.512	6773.500
722.715	6696.500
722.918	6629.500
723.121	6543.500
723.324	6382.500
723.527	6364.500
723.730	6387.500
723.933	6347.500
724.136	6301.500
724.339	6384.500
724.541	6221.500
724.744	6217.500
724.947	6247.500
725.150	6163.500
725.353	6161.500
725.556	6118.500
725.759	6135.500
725.962	6121.500
726.165	6205.500
726.368	6199.500
726.571	6147.500
726.773	6153.500
726.976	6093.500
727.179	6182.500
727.382	6179.500
727.585	6094.500
727.788	6104.500
727.991	6018.500
728.194	6061.500
728.397	6054.500
728.600	6001.500
728.803	6032.500
729.005	6162.500
729.208	6003.500
729.411	5988.500
729.614	6001.500
729.817	5976.500
730.020	6074.500
730.223	6153.500
730.426	6128.500
730.629	6105.500
730.832	6150.500
731.035	6166.500
731.237	6203.500
731.440	6239.500
731.643	6403.500
731.846	6297.500
732.049	6349.500
732.252	6366.500
732.455	6474.500
732.658	6561.500
732.861	6607.500
733.064	6538.500
733.267	6504.500
733.469	6665.500
733.672	6593.500
733.875	6472.500
734.078	6627.500
734.281	6712.500
734.484	6632.500
734.687	6566.500
734.890	6567.500
735.093	6572.500
735.296	6536.500
735.499	6533.500
735.701	6469.500
735.904	6491.500
736.107	6496.500
736.310	6461.500
736.513	6480.500
736.716	6437.500
736.919	6417.500
737.122	6362.500
737.325	6412.500
737.528	6436.500
737.731	6452.500
737.933	6513.500
738.136	6541.500
738.339	6471.500
738.542	6381.500
738.745	6283.500
738.948	6306.500
739.151	6370.500
739.354	6412.500
739.557	6367.500
739.760	6390.500
739.963	6413.500
740.165	6365.500
740.368	6385.500
740.571	6298.500
740.774	6257.500
740.977	6333.500
741.180	6296.500
741.383	6300.500
741.586	6366.500
741.789	6270.500
741.992	6299.500
742.195	6371.500
742.397	6359.500
742.600	6373.500
742.803	6338.500
743.006	6365.500
743.209	6316.500
743.412	6381.500
743.615	6235.500
743.818	6242.500
744.021	6287.500
744.224	6296.500
744.427	6248.500
744.629	6303.500
744.832	6285.500
745.035	6235.500
745.238	6251.500
745.441	6202.500
745.644	6119.500
745.847	6103.500
746.050	6217.500
746.253	6296.500
746.456	6283.500
746.659	6205.500
746.861	6137.500
747.064	6085.500
747.267	6152.500
747.470	6110.500
747.673	6130.500
747.876	6193.500
748.079	6059.500
748.282	6019.500
748.485	6127.500
748.688	6129.500
748.891	6075.500
749.093	6044.500
749.296	6007.500
749.499	5972.500
749.702	5937.500
749.905	5889.500
750.108	5821.500
750.311	5777.500
750.514	5871.500
750.717	5962.500
750.920	5819.500
751.123	5822.500
751.325	5880.500
751.528	5835.500
751.731	5782.500
751.934	5857.500
752.137	5895.500
752.340	5845.500
752.543	5773.500
752.746	5752.500
752.949	5779.500
753.152	5742.500
753.355	5732.500
753.557	5796.500
753.760	5757.500
753.963	5735.500
754.166	5661.500
754.369	5677.500
754.572	5656.500
754.775	5671.500
754.978	5730.500
755.181	5734.500
755.384	5690.500
755.587	5670.500
755.789	5723.500
755.992	5711.500
756.195	5674.500
756.398	5648.500
756.601	5612.500
756.804	5632.500
757.007	5681.500
757.210	5586.500
757.413	5570.500
757.616	5515.500
757.819	5394.500
758.021	5113.500
758.224	5008.500
758.427	4727.500
758.630	4266.500
758.833	3882.500
759.036	3559.500
759.239	3195.500
759.442	2942.500
759.645	2771.500
759.848	2601.500
760.051	2476.500
760.253	2483.500
760.456	2596.500
760.659	2690.500
760.862	2665.500
761.065	2513.500
761.268	2506.500
761.471	2381.500
761.674	2353.500
761.877	2360.500
762.080	2354.500
762.283	2376.500
762.485	2373.500
762.688	2404.500
762.891	2510.500
763.094	2713.500
763.297	2791.500
763.500	2719.500
763.706	2813.500
763.912	2890.500
764.118	3034.500
764.325	3031.500
764.531	3090.500
764.737	3217.500
764.943	3341.500
765.149	3429.500
765.355	3570.500
765.561	3798.500
765.768	3862.500
765.974	3894.500
766.180	3923.500
766.386	4037.500
766.592	4116.500
766.798	4213.500
767.004	4401.500
767.210	4377.500
767.417	4331.500
767.623	4518.500
767.829	4515.500
768.035	4464.500
768.241	4584.500
768.447	4713.500
768.653	4701.500
768.860	4765.500
769.066	4758.500
769.272	4622.500
769.478	4666.500
769.684	4852.500
769.890	4823.500
770.096	4718.500
770.303	4804.500
770.509	4837.500
770.715	4796.500
770.921	4848.500
771.127	4923.500
771.333	4793.500
771.539	4793.500
771.745	4843.500
771.952	4797.500
772.158	4804.500
772.364	4890.500
772.570	4860.500
772.776	4813.500
772.982	4878.500
773.188	4794.500
773.395	4755.500
773.601	4743.500
773.807	4697.500
774.013	4765.500
774.219	4796.500
774.425	4707.500
774.631	4641.500
774.838	4644.500
775.044	4635.500
775.250	4673.500
775.456	4717.500
775.662	4677.500
775.868	4680.500
776.074	4640.500
776.281	4627.500
776.487	4601.500
776.693	4550.500
776.899	4562.500
777.105	4560.500
777.311	4616.500
777.517	4595.500
777.723	4552.500
777.930	4536.500
778.136	4558.500
778.342	4544.500
778.548	4549.500
778.754	4541.500
778.960	4490.500
779.166	4546.500
779.373	4503.500
779.579	4398.500
779.785	4424.500
779.991	4477.500
780.197	4441.500
780.403	4463.500
780.609	4402.500
780.816	4418.500
781.022	4394.500
781.228	4380.500
781.434	4374.500
781.640	4332.500
781.846	4379.500
782.052	4351.500
782.259	4313.500
782.465	4336.500
782.671	4355.500
782.877	4391.500
783.083	4323.500
783.289	4293.500
783.495	4172.500
783.701	4225.500
783.908	4353.500
784.114	4335.500
784.320	4357.500
784.526	4319.500
784.732	4284.500
784.938	4238.500
785.144	4151.500
785.351	4157.500
785.557	4206.500
785.763	4223.500
785.969	4109.500
786.175	4109.500
786.381	4090.500
786.587	4093.500
786.794	4091.500
787.000	4077.500
787.206	4082.500
787.412	4100.500
787.618	4135.500
787.824	4078.500
788.030	3990.500
788.236	3947.500
788.443	3988.500
788.649	4025.500
788.855	3956.500
789.061	3891.500
789.267	3884.500
789.473	3865.500
789.679	3889.500
789.886	3902.500
790.092	3812.500
790.298	3921.500
790.504	3816.500
790.710	3807.500
790.916	3800.500
791.122	3745.500
791.329	3810.500
791.535	3770.500
791.741	3775.500
791.947	3829.500
792.153	3732.500
792.359	3676.500
792.565	3716.500
792.771	3734.500
792.978	3670.500
793.184	3629.500
793.390	3631.500
793.596	3615.500
793.802	3621.500
794.008	3637.500
794.214	3638.500
794.421	3666.500
794.627	3634.500
794.833	3646.500
795.039	3653.500
795.245	3647.500
795.451	3625.500
795.657	3594.500
795.864	3628.500
796.070	3557.500
796.276	3566.500
796.482	3564.500
796.688	3591.500
796.894	3569.500
797.100	3518.500
797.307	3465.500
797.513	3587.500
797.719	3574.500
797.925	3554.500
798.131	3549.500
798.337	3442.500
798.543	3424.500
798.749	3459.500
798.956	3455.500
799.162	3361.500
799.368	3368.500
799.574	3422.500
799.780	3394.500
799.986	3393.500
800.192	3391.500
800.399	3361.500
800.605	3339.500
800.811	3376.500
801.017	3344.500
801.223	3296.500
801.429	3324.500
801.635	3267.500
801.842	3323.500
802.048	3323.500
802.254	3328.500
802.460	3252.500
802.666	3207.500
802.872	3225.500
803.078	3240.500
803.285	3218.500
803.491	3338.500
803.697	3318.500
803.903	3209.500
804.109	3242.500
804.315	3298.500
804.521	3335.500
804.727	3305.500
804.934	3266.500
805.140	3219.500
805.346	3226.500
805.552	3178.500
805.758	3170.500
805.964	3243.500
806.170	3242.500
806.377	3174.500
806.583	3121.500
806.789	3138.500
806.995	3212.500
807.201	3159.500
807.407	3187.500
807.613	3196.500
807.820	3108.500
808.026	3124.500
808.232	3139.500
808.438	3050.500
808.644	3035.500
808.850	3027.500
809.056	2957.500
809.262	2920.500
809.469	3014.500
809.675	3040.500
809.881	2974.500
810.087	2889.500
810.293	2954.500
810.499	2956.500
810.705	2938.500
810.912	2902.500
811.118	2893.500
811.324	2894.500
811.530	2844.500
811.739	2752.500
811.947	2798.500
812.156	2833.500
812.365	2692.500
812.573	2632.500
812.782	2610.500
812.990	2617.500
813.199	2632.500
813.408	2587.500
813.616	2527.500
813.825	2498.500
814.034	2471.500
814.242	2393.500
814.451	2368.500
814.659	2368.500
814.868	2367.500
815.077	2276.500
815.285	2261.500
815.494	2247.500
815.703	2244.500
815.911	2241.500
816.120	2257.500
816.329	2285.500
816.537	2270.500
816.746	2213.500
816.954	2161.500
817.163	2213.500
817.372	2207.500
817.580	2214.500
817.789	2248.500
817.998	2210.500
818.206	2145.500
818.415	2108.500
818.624	2156.500
818.832	2229.500
819.041	2197.500
819.249	2186.500
819.458	2211.500
819.667	2306.500
819.875	2337.500
820.084	2361.500
820.293	2360.500
820.501	2393.500
820.710	2378.500
820.919	2265.500
821.127	2277.500
821.336	2233.500
821.544	2188.500
821.753	2146.500
821.962	2029.500
822.170	2037.500
822.379	2089.500
822.588	2087.500
822.796	2108.500
823.005	2082.500
823.213	2134.500
823.422	2161.500
823.631	2156.500
823.839	2170.500
824.048	2143.500
824.257	2140.500
824.465	2205.500
824.674	2230.500
824.883	2218.500
825.091	2206.500
825.300	2234.500
825.508	2273.500
825.717	2330.500
825.926	2273.500
826.134	2192.500
826.343	2193.500
826.552	2234.500
826.760	2175.500
826.969	2126.500
827.178	2167.500
827.386	2169.500
827.595	2122.500
827.803	2161.500
828.012	2109.500
828.221	2076.500
828.429	2088.500
828.638	2061.500
828.847	2082.500
829.055	2106.500
829.264	2079.500
829.472	2063.500
829.681	2072.500
829.890	2042.500
830.098	2090.500
830.307	2105.500
830.516	2094.500
830.724	2122.500
830.933	2099.500
831.142	2080.500
831.350	2100.500
831.559	2068.500
831.767	2110.500
831.976	2098.500
832.185	2081.500
832.393	2053.500
832.602	2048.500
832.811	2067.500
833.019	2075.500
833.228	2036.500
833.437	2045.500
833.645	2052.500
833.854	2074.500
834.062	2102.500
834.271	2015.500
834.480	2029.500
834.688	2090.500
834.897	2130.500
835.106	2037.500
835.314	2036.500
835.523	2071.500
835.731	2107.500
835.940	2131.500
836.149	2067.500
836.357	2074.500
836.566	2110.500
836.775	2050.500
836.983	2040.500
837.192	2094.500
837.401	2129.500
837.609	2071.500
837.818	2091.500
838.026	2118.500
838.235	2137.500
838.444	2167.500
838.652	2130.500
838.861	2072.500
839.070	2089.500
839.278	2043.500
839.487	2040.500
839.696	2050.500
839.904	2066.500
840.113	2067.500
840.321	2033.500
840.530	2011.500
840.739	2076.500
840.947	2075.500
841.156	2041.500
841.365	2032.500
841.573	2029.500
841.782	2021.500
841.991	2060.500
842.199	2064.500
842.408	2024.500
842.616	1986.500
842.825	2060.500
843.034	2057.500
843.242	2039.500
843.451	1988.500
843.660	2001.500
843.868	2057.500
844.077	2025.500
844.285	2016.500
844.494	1968.500
844.703	1995.500
844.911	2016.500
845.120	1971.500
845.329	1933.500
845.537	1939.500
845.746	1943.500
845.955	2007.500
846.163	1977.500
846.372	1953.500
846.580	1947.500
846.789	1962.500
846.998	1919.500
847.206	1891.500
847.415	1950.500
847.624	1931.500
847.832	1952.500
848.041	1943.500
848.250	1943.500
848.458	1906.500
848.667	1905.500
848.875	1854.500
849.084	1791.500
849.293	1807.500
849.501	1763.500
849.710	1768.500
849.919	1813.500
850.127	1847.500
850.336	1804.500
850.544	1780.500
850.753	1757.500
850.962	1750.500
851.170	1754.500
851.379	1768.500
851.588	1773.500
851.796	1826.500
852.005	1750.500
852.214	1699.500
852.422	1757.500
852.631	1724.500
852.839	1632.500
853.048	1605.500
853.257	1589.500
853.465	1609.500
853.674	1575.500
853.883	1603.500
854.091	1629.500
854.300	1611.500
854.509	1645.500
854.717	1658.500
854.926	1625.500
855.134	1650.500
855.343	1643.500
855.552	1612.500
855.760	1582.500
855.969	1609.500
856.178	1654.500
856.386	1713.500
856.595	1688.500
856.803	1689.500
857.012	1709.500
857.221	1655.500
857.429	1549.500
857.638	1625.500
857.847	1753.500
858.055	1741.500
858.264	1664.500
858.473	1666.500
858.681	1625.500
858.890	1606.500
859.098	1620.500
859.307	1615.500
859.516	1586.500
859.724	1589.500
859.933	1616.500
860.142	1638.500
860.350	1577.500
860.559	1563.500
860.768	1623.500
860.976	1593.500
861.185	1537.500
861.393	1541.500
861.602	1583.500
861.811	1569.500
862.019	1591.500
862.228	1650.500
862.437	1604.500
862.645	1578.500
862.854	1562.500
863.062	1575.500
863.271	1591.500
863.480	1589.500
863.688	1544.500
863.897	1556.500
864.106	1590.500
864.314	1545.500
864.523	1442.500
864.732	1440.500
864.940	1440.500
865.149	1401.500
865.357	1378.500
865.566	1316.500
865.775	1313.500
865.983	1358.500
866.192	1360.500
866.401	1361.500
866.609	1394.500
866.818	1371.500
867.027	1343.500
867.235	1303.500
867.444	1342.500
867.652	1347.500
867.861	1339.500
868.070	1353.500
868.278	1369.500
868.487	1342.500
868.696	1382.500
868.904	1392.500
869.113	1395.500
869.321	1351.500
869.530	1359.500
869.739	1376.500
869.947	1419.500
870.156	1434.500
870.365	1363.500
870.573	1297.500
870.782	1347.500
870.991	1332.500
871.199	1265.500
871.408	1287.500
871.616	1305.500
871.825	1280.500
872.034	1293.500
872.242	1321.500
872.451	1305.500
872.660	1290.500
872.868	1319.500
873.077	1261.500
873.286	1215.500
873.494	1185.500
873.703	1201.500
873.911	1237.500
874.120	1231.500
874.329	1224.500
874.537	1229.500
874.746	1245.500
874.955	1212.500
875.163	1223.500
875.372	1232.500
875.581	1241.500
875.789	1164.500
875.998	1135.500
876.206	1205.500
876.415	1174.500
876.624	1154.500
876.832	1189.500
877.041	1200.500
877.250	1211.500
877.458	1187.500
877.667	1175.500
877.875	1131.500
878.084	1155.500
878.293	1140.500
878.501	1129.500
878.710	1152.500
878.919	1161.500
879.127	1188.500
879.336	1135.500
879.545	1127.500
879.753	1122.500
879.962	1089.500
880.170	1104.500
880.379	1145.500
880.588	1093.500
880.796	1126.500
881.005	1144.500
881.214	1170.500
881.422	1128.500
881.631	1100.500
881.840	1107.500
882.048	1099.500
882.257	1098.500
882.465	1098.500
882.674	1116.500
882.883	1108.500
883.091	1101.500
883.300	1080.500
883.509	1077.500
883.717	1065.500
883.926	1063.500
884.134	1100.500
884.343	1094.500
884.552	1058.500
884.760	1056.500
884.969	1122.500
885.178	1051.500
885.386	989.500
885.595	1054.500
885.804	1063.500
886.012	993.500
886.221	1030.500
886.429	1050.500
886.638	1036.500
886.847	1044.500
887.055	1038.500
887.264	1013.500
887.473	1020.500
887.681	1059.500
887.890	1035.500
888.099	1017.500
888.307	1050.500
888.516	1021.500
888.724	992.500
888.933	982.500
889.142	954.500
889.350	963.500
889.559	965.500
889.768	916.500
889.976	944.500
890.185	984.500
890.393	985.500
890.602	939.500
890.811	934.500
891.019	946.500
891.228	939.500
891.437	941.500
891.645	914.500
891.854	911.500
892.063	952.500
892.271	972.500
892.480	926.500
892.688	883.500
892.897	886.500
893.106	847.500
893.314	809.500
893.523	810.500
893.732	800.500
893.940	833.500
894.149	889.500
894.358	839.500
894.566	801.500
894.775	820.500
894.983	819.500
895.192	825.500
895.401	781.500
895.609	765.500
895.818	759.500
896.027	706.500
896.235	745.500
896.444	738.500
896.652	710.500
896.861	746.500
897.070	770.500
897.278	735.500
897.487	702.500
897.696	666.500
897.904	628.500
898.113	641.500
898.322	751.500
898.530	707.500
898.739	691.500
898.947	684.500
899.156	682.500
899.365	707.500
899.573	686.500
899.782	624.500
899.991	657.500
900.199	623.500
900.408	682.500
900.617	671.500
900.825	646.500
901.034	642.500
901.242	621.500
901.451	671.500
901.660	682.500
901.868	611.500
902.077	663.500
902.286	721.500
902.494	709.500
902.703	706.500
902.911	695.500
903.120	736.500
903.329	741.500
903.537	728.500
903.746	688.500
903.955	686.500
904.163	727.500
904.372	753.500
904.581	758.500
904.789	778.500
904.998	762.500
905.206	714.500
905.415	749.500
905.624	768.500
905.832	746.500
906.041	687.500
906.250	646.500
906.458	662.500
906.667	653.500
906.876	633.500
907.084	669.500
907.293	686.500
907.501	616.500
907.710	590.500
907.919	602.500
908.127	592.500
908.336	596.500
908.545	622.500
908.753	616.500
908.962	599.500
909.170	610.500
909.379	612.500
909.588	604.500
909.796	566.500
910.005	576.500
910.214	583.500
910.422	641.500
910.631	639.500
910.840	596.500
911.048	624.500
911.257	608.500
911.465	593.500
911.674	587.500
911.883	561.500
912.091	567.500
912.300	563.500
912.508	585.500
912.716	575.500
912.924	553.500
913.132	570.500
913.340	550.500
913.549	585.500
913.757	571.500
913.965	561.500
914.173	535.500
914.381	518.500
914.589	544.500
914.797	504.500
915.005	517.500
915.213	526.500
915.421	503.500
915.629	490.500
915.838	535.500
916.046	551.500
916.254	521.500
916.462	515.500
916.670	448.500
916.878	492.500
917.086	507.500
917.294	527.500
917.502	496.500
917.710	484.500
917.919	498.500
918.127	512.500
918.335	524.500
918.543	576.500
918.751	563.500
918.959	521.500
919.167	531.500
919.375	517.500
919.583	524.500
919.791	556.500
919.999	564.500
920.208	553.500
920.416	556.500
920.624	586.500
920.832	564.500
921.040	510.500
921.248	523.500
921.456	555.500
921.664	613.500
921.872	579.500
922.080	516.500
922.288	499.500
922.497	554.500
922.705	542.500
922.913	534.500
923.121	514.500
923.329	475.500
923.537	493.500
923.745	508.500
923.953	478.500
924.161	459.500
924.369	482.500
924.578	490.500
924.786	506.500
924.994	572.500
925.202	526.500
925.410	481.500
925.618	501.500
925.826	477.500
926.034	462.500
926.242	453.500
926.450	449.500
926.658	439.500
926.867	494.500
927.075	444.500
927.283	422.500
927.491	446.500
927.699	412.500
927.907	387.500
928.115	372.500
928.323	351.500
928.531	373.500
928.739	384.500
928.947	382.500
929.156	357.500
929.364	373.500
929.572	378.500
929.780	315.500
929.988	258.500
930.196	261.500
930.404	253.500
930.612	261.500
930.820	237.500
931.028	232.500
931.236	193.500
931.445	187.500
931.653	201.500
931.861	229.500
932.069	225.500
932.277	181.500
932.485	153.500
932.693	174.500
932.901	182.500
933.109	177.500
933.317	194.500
933.526	154.500
933.734	169.500
933.942	171.500
934.150	167.500
934.358	131.500
934.566	145.500
934.774	167.500
934.982	170.500
935.190	150.500
935.398	124.500
935.606	144.500
935.815	144.500
936.023	121.500
936.231	98.500
936.439	117.500
936.647	155.500
936.855	117.500
937.063	121.500
937.271	140.500
937.479	177.500
937.687	167.500
937.895	155.500
938.104	159.500
938.312	152.500
938.520	160.500
938.728	200.500
938.936	195.500
939.144	200.500
939.352	201.500
939.560	149.500
939.768	135.500
939.976	141.500
940.185	156.500
940.393	213.500
940.601	222.500
940.809	188.500
941.017	210.500
941.225	182.500
941.433	179.500
941.641	154.500
941.849	154.500
942.057	186.500
942.265	146.500
942.474	131.500
942.682	114.500
942.890	122.500
943.098	158.500
943.306	157.500
943.514	176.500
943.722	150.500
943.930	134.500
944.138	177.500
944.346	162.500
944.554	160.500
944.763	127.500
944.971	124.500
945.179	144.500
945.387	151.500
945.595	145.500
945.803	135.500
946.011	123.500
946.219	140.500
946.427	106.500
946.635	129.500
946.843	146.500
947.052	146.500
947.260	142.500
947.468	127.500
947.676	106.500
947.884	151.500
948.092	161.500
948.300	151.500
948.508	133.500
948.716	166.500
948.924	146.500
949.133	160.500
949.341	161.500
949.549	161.500
949.757	178.500
949.965	157.500
950.173	142.500
950.381	144.500
950.589	118.500
950.797	139.500
951.005	144.500
951.213	120.500
951.422	103.500
951.630	115.500
951.838	98.500
952.046	120.500
952.254	132.500
952.462	149.500
952.670	140.500
952.878	133.500
953.086	134.500
953.294	158.500
953.502	159.500
953.711	141.500
953.919	140.500
954.127	142.500
954.335	140.500
954.543	130.500
954.751	144.500
954.959	149.500
955.167	140.500
955.375	123.500
955.583	144.500
955.792	156.500
956.000	122.500
956.208	123.500
956.416	126.500
956.624	112.500
956.832	167.500
957.040	219.500
957.248	163.500
957.456	102.500
957.664	117.500
957.872	153.500
958.081	163.500
958.289	162.500
958.497	137.500
958.705	170.500
958.913	204.500
959.121	194.500
959.329	157.500
959.537	157.500
959.745	157.500
959.953	183.500
960.161	146.500
960.370	133.500
960.578	102.500
960.786	159.500
960.994	160.500
961.202	114.500
961.410	138.500
961.618	151.500
961.826	161.500
962.034	165.500
962.242	161.500
962.451	154.500
962.659	121.500
962.867	143.500
963.075	174.500
963.283	168.500
963.491	167.500
963.699	129.500
963.907	121.500
964.115	149.500
964.323	155.500
964.531	111.500
964.740	124.500
964.948	164.500
965.156	126.500
965.364	142.500
965.572	189.500
965.780	172.500
965.999	185.500
966.218	186.500
966.438	152.500
966.657	152.500
966.876	188.500
967.095	185.500
967.315	175.500
967.534	163.500
967.753	164.500
967.972	185.500
968.192	158.500
968.411	148.500
968.630	177.500
968.849	175.500
969.068	191.500
969.288	193.500
969.507	189.500
969.726	183.500
969.945	149.500
970.165	166.500
970.384	152.500
970.603	158.500
970.822	164.500
971.042	207.500
971.261	209.500
971.480	229.500
971.699	206.500
971.919	181.500
972.138	152.500
972.357	142.500
972.576	145.500
972.795	154.500
973.015	138.500
973.234	137.500
973.453	148.500
973.672	129.500
973.892	163.500
974.111	165.500
974.330	143.500
974.549	180.500
974.769	185.500
974.988	153.500
975.207	106.500
975.426	131.500
975.646	138.500
975.865	146.500
976.084	123.500
976.303	155.500
976.522	189.500
976.742	167.500
976.961	105.500
977.180	136.500
977.399	204.500
977.619	166.500
977.838	164.500
978.057	176.500
978.276	127.500
978.496	139.500
978.715	167.500
978.934	141.500
979.153	124.500
979.372	109.500
979.592	132.500
979.811	188.500
980.030	175.500
980.249	162.500
980.469	193.500
980.688	167.500
980.907	134.500
981.126	117.500
981.346	143.500
981.565	144.500
981.784	152.500
982.003	126.500
982.223	103.500
982.442	133.500
982.661	123.500
982.880	112.500
983.099	97.500
983.319	139.500
983.538	125.500
983.757	118.500
983.976	147.500
984.196	186.500
984.415	189.500
984.634	132.500
984.853	121.500
985.073	145.500
985.292	142.500
985.511	135.500
985.730	138.500
985.949	154.500
986.169	170.500
986.388	146.500
986.607	102.500
986.826	75.500
987.046	34.500
987.265	112.500
987.484	122.500
987.703	137.500
987.923	114.500
988.142	129.500
988.361	124.500
988.580	113.500
988.800	116.500
989.019	155.500
989.238	118.500
989.457	72.500
989.676	63.500
989.896	93.500
990.115	105.500
990.334	122.500
990.553	116.500
990.773	91.500
990.992	130.500
991.211	102.500
991.430	102.500
991.650	95.500
991.869	106.500
992.088	83.500
992.307	125.500
992.527	139.500
992.746	90.500
992.965	97.500
993.184	121.500
993.403	92.500
993.623	63.500
993.842	41.500
994.061	55.500
994.280	93.500
994.500	145.500
994.719	142.500
994.938	130.500
995.157	104.500
995.377	99.500
995.596	76.500
995.815	70.500
996.034	66.500
996.253	84.500
996.473	106.500
996.692	109.500
996.911	102.500
997.130	98.500
997.350	121.500
997.569	99.500
997.788	86.500
998.007	124.500
998.227	123.500
998.446	123.500
998.665	108.500
998.884	89.500
999.104	73.500
999.323	55.500
999.542	87.500
999.761	113.500
999.980	128.500
1000.200	92.500
1000.419	61.500
1000.638	93.500
1000.857	117.500
1001.077	90.500
1001.296	90.500
1001.515	89.500
1001.734	109.500
1001.954	66.500
1002.173	89.500
1002.392	99.500
1002.611	52.500
1002.830	38.500
1003.050	48.500
1003.269	57.500
1003.488	117.500
1003.707	131.500
1003.927	97.500
1004.146	92.500
1004.365	86.500
1004.584	93.500
1004.804	103.500
1005.023	103.500
1005.242	90.500
1005.461	64.500
1005.681	74.500
1005.900	119.500
1006.119	99.500
1006.338	107.500
1006.557	89.500
1006.777	35.500
1006.996	67.500
1007.215	79.500
1007.434	77.500
1007.654	96.500
1007.873	67.500
1008.092	55.500
1008.311	75.500
1008.531	69.500
1008.750	102.500
1008.969	66.500
1009.188	63.500
1009.407	73.500
1009.627	60.500
1009.846	74.500
1010.065	44.500
1010.284	25.500
1010.504	69.500
1010.723	64.500
1010.942	47.500
1011.161	47.500
1011.381	64.500
1011.600	37.500
1011.819	31.500
1012.038	59.500
1012.258	89.500
1012.477	66.500
1012.696	64.500
1012.915	72.500
1013.134	88.500
1013.354	86.500
1013.573	88.500
1013.792	89.500
1014.011	112.500
1014.231	77.500
1014.450	75.500
1014.669	59.500
1014.888	13.500
1015.108	49.500
1015.327	84.500
1015.546	65.500
1015.765	79.500
1015.984	93.500
1016.204	92.500
1016.423	67.500
1016.642	86.500
1016.861	69.500
1017.081	77.500
1017.300	55.500
1017.519	61.500
