296.912	202.500
297.101	188.500
297.290	159.500
297.479	186.500
297.668	135.500
297.858	145.500
298.047	218.500
298.236	210.500
298.425	161.500
298.614	170.500
298.803	173.500
298.992	178.500
299.181	157.500
299.370	140.500
299.559	159.500
299.748	199.500
299.937	229.500
300.126	225.500
300.315	136.500
300.504	165.500
300.693	196.500
300.882	139.500
301.071	102.500
301.260	139.500
301.449	148.500
301.638	169.500
301.827	114.500
302.016	97.500
302.205	165.500
302.395	152.500
302.584	176.500
302.773	215.500
302.962	167.500
303.151	117.500
303.340	76.500
303.529	33.500
303.718	109.500
303.907	165.500
304.096	198.500
304.285	184.500
304.474	144.500
304.663	161.500
304.852	153.500
305.041	157.500
305.230	194.500
305.419	126.500
305.608	161.500
305.797	144.500
305.986	138.500
306.175	69.500
306.364	57.500
306.553	102.500
306.743	131.500
306.932	133.500
307.121	179.500
307.310	195.500
307.499	182.500
307.688	138.500
307.877	159.500
308.066	138.500
308.255	175.500
308.444	237.500
308.633	168.500
308.822	96.500
309.011	84.500
309.200	160.500
309.389	161.500
309.578	75.500
309.767	150.500
309.956	209.500
310.145	135.500
310.334	81.500
310.523	149.500
310.712	133.500
310.901	104.500
311.091	182.500
311.280	194.500
311.469	136.500
311.658	207.500
311.847	157.500
312.036	129.500
312.225	114.500
312.414	65.500
312.603	92.500
312.792	165.500
312.981	107.500
313.170	102.500
313.349	119.500
313.527	201.500
313.706	215.500
313.884	99.500
314.063	96.500
314.241	174.500
314.420	244.500
314.598	213.500
314.777	200.500
314.955	137.500
315.134	184.500
315.312	173.500
315.491	108.500
315.669	168.500
315.848	150.500
316.027	119.500
316.205	147.500
316.384	101.500
316.562	167.500
316.741	156.500
316.919	140.500
317.098	145.500
317.276	115.500
317.455	113.500
317.633	168.500
317.812	184.500
317.990	131.500
318.169	165.500
318.347	172.500
318.526	230.500
318.705	124.500
318.883	133.500
319.062	170.500
319.240	212.500
319.419	117.500
319.597	180.500
319.776	232.500
319.954	148.500
320.133	140.500
320.311	163.500
320.490	198.500
320.668	222.500
320.847	105.500
321.025	93.500
321.204	219.500
321.382	206.500
321.561	130.500
321.740	177.500
321.918	219.500
322.097	198.500
322.275	115.500
322.454	98.500
322.632	128.500
322.811	87.500
322.989	62.500
323.168	115.500
323.346	92.500
323.525	81.500
323.703	92.500
323.882	123.500
324.060	149.500
324.239	182.500
324.418	200.500
324.596	204.500
324.775	168.500
324.953	63.500
325.132	102.500
325.310	165.500
325.489	139.500
325.667	138.500
325.846	121.500
326.024	202.500
326.203	211.500
326.381	170.500
326.560	237.500
326.738	180.500
326.917	118.500
327.096	125.500
327.274	153.500
327.453	154.500
327.631	131.500
327.810	160.500
327.988	132.500
328.167	133.500
328.345	123.500
328.524	136.500
328.702	133.500
328.881	143.500
329.059	136.500
329.238	126.500
329.416	117.500
329.595	108.500
329.774	127.500
329.952	145.500
330.131	146.500
330.309	146.500
330.488	169.500
330.666	110.500
330.845	129.500
331.023	136.500
331.202	123.500
331.380	120.500
331.559	157.500
331.737	136.500
331.916	53.500
332.094	115.500
332.273	193.500
332.452	106.500
332.630	151.500
332.809	168.500
332.987	178.500
333.166	209.500
333.344	204.500
333.523	210.500
333.701	156.500
333.880	166.500
334.058	184.500
334.237	237.500
334.415	286.500
334.594	213.500
334.772	83.500
334.951	114.500
335.129	120.500
335.308	234.500
335.487	232.500
335.665	163.500
335.844	238.500
336.022	292.500
336.201	192.500
336.379	183.500
336.558	204.500
336.736	181.500
336.915	188.500
337.093	199.500
337.272	140.500
337.450	123.500
337.629	120.500
337.807	135.500
337.986	186.500
338.165	146.500
338.343	118.500
338.522	158.500
338.700	159.500
338.879	100.500
339.057	155.500
339.236	231.500
339.414	163.500
339.593	130.500
339.771	181.500
339.950	234.500
340.128	197.500
340.307	152.500
340.485	154.500
340.664	206.500
340.843	150.500
341.021	182.500
341.200	180.500
341.378	161.500
341.557	225.500
341.735	211.500
341.914	121.500
342.092	158.500
342.271	210.500
342.449	156.500
342.628	108.500
342.806	131.500
342.985	249.500
343.163	218.500
343.342	188.500
343.521	168.500
343.699	68.500
343.878	52.500
344.056	122.500
344.235	164.500
344.413	195.500
344.592	227.500
344.770	137.500
344.949	167.500
345.127	207.500
345.306	193.500
345.484	102.500
345.663	104.500
345.841	197.500
346.020	197.500
346.199	145.500
346.377	139.500
346.556	222.500
346.734	225.500
346.913	113.500
347.091	119.500
347.270	154.500
347.448	155.500
347.627	176.500
347.805	191.500
347.984	155.500
348.162	136.500
348.341	177.500
348.519	194.500
348.698	136.500
348.876	97.500
349.055	102.500
349.234	170.500
349.412	198.500
349.591	129.500
349.769	69.500
349.948	187.500
350.126	265.500
350.305	241.500
350.483	133.500
350.662	105.500
350.840	165.500
351.019	127.500
351.197	131.500
351.376	147.500
351.554	132.500
351.733	130.500
351.912	158.500
352.090	201.500
352.269	194.500
352.447	218.500
352.626	197.500
352.804	201.500
352.983	96.500
353.161	127.500
353.340	154.500
353.518	165.500
353.697	244.500
353.875	241.500
354.054	237.500
354.232	205.500
354.411	179.500
354.590	170.500
354.768	194.500
354.947	147.500
355.125	134.500
355.304	155.500
355.482	139.500
355.661	178.500
355.839	135.500
356.018	118.500
356.196	142.500
356.375	103.500
356.553	148.500
356.732	105.500
356.910	131.500
357.089	191.500
357.268	188.500
357.446	166.500
357.625	171.500
357.803	158.500
357.982	105.500
358.160	101.500
358.339	192.500
358.517	183.500
358.696	173.500
358.874	161.500
359.053	154.500
359.231	134.500
359.410	120.500
359.588	125.500
359.767	160.500
359.945	224.500
360.124	197.500
360.303	159.500
360.481	137.500
360.660	114.500
360.838	146.500
361.017	149.500
361.195	114.500
361.374	120.500
361.552	138.500
361.731	174.500
361.909	245.500
362.088	178.500
362.266	218.500
362.445	116.500
362.623	106.500
362.802	167.500
362.981	172.500
363.159	222.500
363.338	176.500
363.516	229.500
363.695	235.500
363.873	193.500
364.052	147.500
364.230	185.500
364.409	165.500
364.587	159.500
364.766	143.500
364.944	162.500
365.123	207.500
365.301	188.500
365.480	198.500
365.660	156.500
365.839	230.500
366.019	265.500
366.199	208.500
366.379	152.500
366.558	136.500
366.738	213.500
366.918	173.500
367.098	92.500
367.277	118.500
367.457	157.500
367.637	133.500
367.816	148.500
367.996	220.500
368.176	166.500
368.356	158.500
368.535	95.500
368.715	170.500
368.895	192.500
369.075	114.500
369.254	59.500
369.434	167.500
369.614	241.500
369.793	187.500
369.973	237.500
370.153	160.500
370.333	95.500
370.512	150.500
370.692	188.500
370.872	186.500
371.051	225.500
371.231	292.500
371.411	232.500
371.591	165.500
371.770	136.500
371.950	175.500
372.130	175.500
372.310	112.500
372.489	154.500
372.669	189.500
372.849	184.500
373.028	232.500
373.208	250.500
373.388	160.500
373.568	143.500
373.747	143.500
373.927	186.500
374.107	155.500
374.287	200.500
374.466	197.500
374.646	169.500
374.826	176.500
375.005	158.500
375.185	186.500
375.365	236.500
375.545	263.500
375.724	279.500
375.904	215.500
376.084	159.500
376.263	162.500
376.443	209.500
376.623	183.500
376.803	228.500
376.982	247.500
377.162	138.500
377.342	135.500
377.522	225.500
377.701	212.500
377.881	210.500
378.061	275.500
378.240	161.500
378.420	76.500
378.600	156.500
378.780	220.500
378.959	152.500
379.139	230.500
379.319	298.500
379.499	329.500
379.678	288.500
379.858	276.500
380.038	174.500
380.217	202.500
380.397	203.500
380.577	187.500
380.757	159.500
380.936	249.500
381.116	248.500
381.296	183.500
381.476	217.500
381.655	232.500
381.835	214.500
382.015	145.500
382.194	182.500
382.374	264.500
382.554	299.500
382.734	304.500
382.913	291.500
383.093	297.500
383.273	245.500
383.452	211.500
383.632	160.500
383.812	198.500
383.992	230.500
384.171	228.500
384.351	192.500
384.531	199.500
384.711	192.500
384.890	184.500
385.070	194.500
385.250	199.500
385.429	218.500
385.609	147.500
385.789	138.500
385.969	150.500
386.148	179.500
386.328	205.500
386.508	182.500
386.688	183.500
386.867	186.500
387.047	196.500
387.227	207.500
387.406	204.500
387.586	196.500
387.766	223.500
387.946	202.500
388.125	182.500
388.305	188.500
388.485	167.500
388.664	189.500
388.844	227.500
389.024	252.500
389.204	250.500
389.383	181.500
389.563	127.500
389.743	164.500
389.923	184.500
390.102	169.500
390.282	140.500
390.462	192.500
390.641	156.500
390.821	69.500
391.001	125.500
391.181	163.500
391.360	192.500
391.540	231.500
391.720	300.500
391.900	288.500
392.079	166.500
392.259	186.500
392.439	218.500
392.618	237.500
392.798	180.500
392.978	199.500
393.158	205.500
393.337	195.500
393.517	231.500
393.697	248.500
393.877	259.500
394.056	239.500
394.236	320.500
394.416	244.500
394.595	181.500
394.775	246.500
394.955	260.500
395.135	226.500
395.314	215.500
395.494	272.500
395.674	254.500
395.853	182.500
396.033	229.500
396.213	254.500
396.393	179.500
396.572	260.500
396.752	251.500
396.932	291.500
397.112	325.500
397.291	358.500
397.471	317.500
397.651	213.500
397.830	148.500
398.010	237.500
398.190	269.500
398.370	236.500
398.549	279.500
398.729	295.500
398.909	252.500
399.089	244.500
399.268	312.500
399.448	378.500
399.628	337.500
399.807	310.500
399.987	299.500
400.167	315.500
400.347	409.500
400.526	475.500
400.706	336.500
400.886	304.500
401.065	300.500
401.245	328.500
401.425	376.500
401.605	342.500
401.784	378.500
401.964	384.500
402.144	410.500
402.324	436.500
402.503	431.500
402.683	387.500
402.863	308.500
403.042	300.500
403.222	324.500
403.402	429.500
403.582	441.500
403.761	423.500
403.941	538.500
404.121	420.500
404.301	341.500
404.480	454.500
404.660	576.500
404.844	635.500
405.029	578.500
405.213	557.500
405.398	546.500
405.582	482.500
405.767	502.500
405.951	558.500
406.136	638.500
406.320	679.500
406.505	709.500
406.689	771.500
406.874	745.500
407.058	825.500
407.243	791.500
407.427	790.500
407.612	841.500
407.796	890.500
407.981	968.500
408.165	1008.500
408.350	1104.500
408.534	1117.500
408.719	1102.500
408.903	1199.500
409.088	1292.500
409.272	1275.500
409.457	1414.500
409.641	1508.500
409.826	1548.500
410.010	1733.500
410.195	1774.500
410.379	1837.500
410.564	2027.500
410.748	2130.500
410.933	2233.500
411.117	2480.500
411.302	2634.500
411.486	2751.500
411.671	2839.500
411.855	2974.500
412.040	3077.500
412.224	3131.500
412.409	3216.500
412.593	3377.500
412.778	3552.500
412.962	3695.500
413.147	4000.500
413.331	4226.500
413.516	4367.500
413.700	4470.500
413.885	4688.500
414.069	4798.500
414.254	4977.500
414.438	5138.500
414.623	5247.500
414.807	5379.500
414.992	5579.500
415.176	5669.500
415.361	5936.500
415.545	6127.500
415.730	6244.500
415.914	6400.500
416.099	6667.500
416.283	6752.500
416.468	6786.500
416.652	6923.500
416.837	7146.500
417.021	7239.500
417.206	7277.500
417.390	7254.500
417.575	7421.500
417.759	7646.500
417.944	7782.500
418.128	7891.500
418.313	8085.500
418.497	8274.500
418.682	8409.500
418.866	8440.500
419.051	8360.500
419.235	8598.500
419.420	8785.500
419.604	8898.500
419.789	9013.500
419.973	9167.500
420.158	9416.500
420.342	9764.500
420.527	9951.500
420.711	10069.500
420.896	10259.500
421.080	10354.500
421.265	10397.500
421.449	10441.500
421.634	10385.500
421.818	10377.500
422.003	10237.500
422.187	10256.500
422.372	10149.500
422.556	10400.500
422.741	10686.500
422.925	10741.500
423.110	10738.500
423.294	10834.500
423.479	10998.500
423.663	11201.500
423.848	11239.500
424.032	11309.500
424.217	11337.500
424.401	11496.500
424.586	11599.500
424.770	11367.500
424.955	11539.500
425.139	11683.500
425.324	11834.500
425.508	11939.500
425.693	11855.500
425.877	11865.500
426.062	11848.500
426.246	11913.500
426.431	11826.500
426.615	11706.500
426.800	11719.500
426.984	11712.500
427.169	11806.500
427.353	11965.500
427.538	12010.500
427.722	11957.500
427.907	11906.500
428.091	11893.500
428.276	11875.500
428.460	11839.500
428.645	11847.500
428.829	11673.500
429.014	11439.500
429.198	11189.500
429.383	10957.500
429.567	10556.500
429.752	10244.500
429.936	9971.500
430.121	9791.500
430.305	9814.500
430.490	10117.500
430.674	10555.500
430.859	11134.500
431.043	11576.500
431.228	11947.500
431.412	12279.500
431.597	12402.500
431.781	12659.500
431.966	12716.500
432.150	12930.500
432.335	13166.500
432.519	13328.500
432.704	13363.500
432.888	13250.500
433.073	13062.500
433.257	13007.500
433.442	12984.500
433.626	12829.500
433.811	13006.500
433.995	13227.500
434.180	13185.500
434.364	13454.500
434.549	13776.500
434.733	13697.500
434.918	13686.500
435.102	13772.500
435.287	14059.500
435.471	14424.500
435.656	14546.500
435.840	14672.500
436.030	14766.500
436.219	14745.500
436.409	14727.500
436.599	14589.500
436.789	14552.500
436.978	14506.500
437.168	14370.500
437.358	14152.500
437.548	14070.500
437.737	13690.500
437.927	13680.500
438.117	13824.500
438.306	13886.500
438.496	13957.500
438.686	14055.500
438.876	14197.500
439.065	14349.500
439.255	14304.500
439.445	14334.500
439.634	14453.500
439.824	14563.500
440.014	14757.500
440.204	14758.500
440.393	14807.500
440.583	15206.500
440.773	15359.500
440.963	15604.500
441.152	15702.500
441.342	15946.500
441.532	16087.500
441.721	16112.500
441.911	16266.500
442.101	16318.500
442.291	16379.500
442.480	16570.500
442.670	16677.500
442.860	16530.500
443.050	16630.500
443.239	16735.500
443.429	16910.500
443.619	16985.500
443.808	16941.500
443.998	17007.500
444.188	16961.500
444.378	17157.500
444.567	17250.500
444.757	16861.500
444.947	16806.500
445.137	16716.500
445.326	16602.500
445.516	16638.500
445.706	16669.500
445.895	16740.500
446.085	16902.500
446.275	17163.500
446.465	17301.500
446.654	17360.500
446.844	17619.500
447.034	17820.500
447.223	18046.500
447.413	18156.500
447.603	18100.500
447.793	18132.500
447.982	18228.500
448.172	18177.500
448.362	18312.500
448.552	18174.500
448.741	18299.500
448.931	18575.500
449.121	18585.500
449.310	18677.500
449.500	18940.500
449.690	19110.500
449.880	19190.500
450.069	19170.500
450.259	19413.500
450.449	19552.500
450.639	19702.500
450.828	19571.500
451.018	19443.500
451.208	19567.500
451.397	19449.500
451.587	19391.500
451.777	19152.500
451.967	18835.500
452.156	18895.500
452.346	18861.500
452.536	18520.500
452.725	18218.500
452.915	18213.500
453.105	18129.500
453.295	18117.500
453.484	18217.500
453.674	18412.500
453.864	18617.500
454.054	18712.500
454.243	18593.500
454.433	18390.500
454.623	18433.500
454.812	18234.500
455.002	18387.500
455.192	18448.500
455.382	18507.500
455.571	18711.500
455.761	18724.500
455.951	18944.500
456.141	18987.500
456.330	19030.500
456.520	18928.500
456.710	19211.500
456.899	19203.500
457.089	19179.500
457.279	19051.500
457.469	19007.500
457.658	18804.500
457.848	18701.500
458.038	18575.500
458.228	18460.500
458.417	18564.500
458.607	18610.500
458.797	18520.500
458.986	18467.500
459.176	18416.500
459.366	18433.500
459.556	18349.500
459.745	18394.500
459.935	18308.500
460.125	18384.500
460.314	18416.500
460.504	18590.500
460.694	18780.500
460.884	18842.500
461.073	18635.500
461.263	18766.500
461.453	18778.500
461.643	18683.500
461.832	18913.500
462.022	18964.500
462.212	18852.500
462.401	19004.500
462.591	18923.500
462.781	18765.500
462.971	18716.500
463.160	18791.500
463.350	18806.500
463.540	18812.500
463.730	18816.500
463.919	18649.500
464.109	18487.500
464.299	18359.500
464.488	18334.500
464.678	18330.500
464.868	18204.500
465.058	18293.500
465.247	18282.500
465.437	18272.500
465.627	18378.500
465.816	18363.500
466.006	18146.500
466.196	18187.500
466.386	18171.500
466.575	17980.500
466.765	17867.500
466.955	17884.500
467.145	17878.500
467.334	18164.500
467.524	18198.500
467.714	17994.500
467.903	18149.500
468.093	18146.500
468.283	18314.500
468.473	18392.500
468.662	18262.500
468.852	18366.500
469.042	18381.500
469.232	18373.500
469.421	18431.500
469.611	18320.500
469.801	18345.500
469.990	18210.500
470.180	18008.500
470.370	18025.500
470.560	17885.500
470.749	17878.500
470.939	17957.500
471.129	18250.500
471.318	18367.500
471.508	18349.500
471.698	18803.500
471.888	18728.500
472.077	18700.500
472.267	18955.500
472.457	18872.500
472.647	18684.500
472.836	18439.500
473.026	18425.500
473.216	18642.500
473.405	18699.500
473.595	18724.500
473.785	18721.500
473.975	18747.500
474.164	18712.500
474.354	18876.500
474.544	19059.500
474.734	19101.500
474.923	18884.500
475.113	18909.500
475.303	18835.500
475.492	18805.500
475.682	18823.500
475.872	18626.500
476.062	18539.500
476.251	18462.500
476.441	18478.500
476.631	18479.500
476.821	18415.500
477.010	18427.500
477.200	18489.500
477.390	18657.500
477.579	18947.500
477.769	18898.500
477.959	18794.500
478.149	18982.500
478.338	18988.500
478.528	18788.500
478.718	18765.500
478.907	18785.500
479.097	18726.500
479.287	18757.500
479.477	18953.500
479.666	18908.500
479.856	18951.500
480.046	18861.500
480.236	18856.500
480.425	19006.500
480.615	19082.500
480.805	18904.500
480.994	18799.500
481.184	18899.500
481.374	18932.500
481.564	18847.500
481.753	18857.500
481.943	18849.500
482.133	18788.500
482.323	18681.500
482.512	18532.500
482.702	18565.500
482.892	18503.500
483.081	18333.500
483.271	18255.500
483.461	18185.500
483.651	18195.500
483.840	18194.500
484.030	18104.500
484.220	17904.500
484.409	17927.500
484.599	17853.500
484.789	17655.500
484.979	17578.500
485.168	17531.500
485.358	16950.500
485.548	16602.500
485.738	16367.500
485.927	15896.500
486.117	15518.500
486.307	15330.500
486.496	15418.500
486.686	15370.500
486.876	15449.500
487.066	15586.500
487.255	15907.500
487.445	16119.500
487.635	16388.500
487.825	16471.500
488.014	16413.500
488.204	16580.500
488.394	16660.500
488.583	16665.500
488.773	16670.500
488.963	16713.500
489.153	16735.500
489.342	16795.500
489.532	17054.500
489.722	17174.500
489.912	17324.500
490.101	17504.500
490.291	17647.500
490.481	17363.500
490.670	17255.500
490.860	17309.500
491.050	17321.500
491.240	17192.500
491.429	16978.500
491.619	16838.500
491.809	16681.500
491.998	16602.500
492.188	16638.500
492.378	16708.500
492.568	16627.500
492.757	16888.500
492.947	16927.500
493.137	16905.500
493.327	17021.500
493.516	16868.500
493.706	16844.500
493.896	16859.500
494.085	17142.500
494.275	17139.500
494.465	17240.500
494.655	17496.500
494.844	17622.500
495.034	17643.500
495.224	17570.500
495.414	17457.500
495.603	17465.500
495.793	17331.500
495.983	17292.500
496.172	17123.500
496.362	17213.500
496.552	17338.500
496.742	17323.500
496.931	17411.500
497.121	17405.500
497.311	17323.500
497.500	17362.500
497.690	17258.500
497.880	16956.500
498.070	16895.500
498.259	16750.500
498.449	16814.500
498.639	16870.500
498.829	16804.500
499.018	16894.500
499.208	16837.500
499.398	16789.500
499.587	17065.500
499.777	16979.500
499.967	16614.500
500.157	16723.500
500.346	16552.500
500.536	16446.500
500.726	16356.500
500.916	16184.500
501.105	16157.500
501.295	16068.500
501.485	16173.500
501.674	15941.500
501.864	15953.500
502.054	16157.500
502.244	16044.500
502.433	16066.500
502.623	16220.500
502.813	16315.500
503.003	16321.500
503.192	16380.500
503.382	16281.500
503.572	16287.500
503.761	16068.500
503.951	16029.500
504.141	15948.500
504.331	15818.500
504.520	15844.500
504.710	15995.500
504.900	16040.500
505.089	16043.500
505.279	16322.500
505.469	16412.500
505.659	16537.500
505.848	16548.500
506.038	16505.500
506.228	16514.500
506.418	16389.500
506.607	16388.500
506.797	16368.500
506.987	16281.500
507.176	16222.500
507.366	16167.500
507.556	16118.500
507.746	15886.500
507.935	15760.500
508.125	15910.500
508.315	15645.500
508.505	15630.500
508.694	15861.500
508.884	16035.500
509.074	16183.500
509.263	16089.500
509.453	15957.500
509.643	16017.500
509.833	15832.500
510.022	15803.500
510.212	15900.500
510.402	15807.500
510.592	15753.500
510.781	15774.500
510.971	15872.500
511.161	15931.500
511.350	15935.500
511.540	15869.500
511.730	15834.500
511.920	15756.500
512.109	15652.500
512.299	15506.500
512.489	15379.500
512.678	15255.500
512.868	15256.500
513.058	15283.500
513.248	15262.500
513.437	15279.500
513.627	15119.500
513.817	15099.500
514.007	15088.500
514.196	14959.500
514.386	14955.500
514.576	14900.500
514.765	14802.500
514.955	14912.500
515.145	14964.500
515.335	14904.500
515.524	14840.500
515.714	14816.500
515.904	14709.500
516.094	14525.500
516.283	14314.500
516.473	13920.500
516.663	13537.500
516.852	13508.500
517.042	13445.500
517.232	13307.500
517.422	13262.500
517.611	13289.500
517.801	13438.500
517.991	13496.500
518.180	13418.500
518.370	13407.500
518.560	13489.500
518.750	13520.500
518.939	13635.500
519.129	13914.500
519.319	14099.500
519.509	14114.500
519.698	14244.500
519.888	14272.500
520.078	14242.500
520.267	14316.500
520.457	14444.500
520.647	14467.500
520.837	14566.500
521.026	14570.500
521.216	14616.500
521.406	14797.500
521.596	14862.500
521.785	14837.500
521.975	14715.500
522.165	14572.500
522.354	14610.500
522.544	14458.500
522.734	14588.500
522.924	14633.500
523.113	14500.500
523.303	14561.500
523.493	14665.500
523.683	14623.500
523.872	14751.500
524.062	14911.500
524.252	14809.500
524.441	14829.500
524.631	14928.500
524.821	15030.500
525.011	14961.500
525.200	14930.500
525.390	14998.500
525.580	14853.500
525.769	14789.500
525.959	14562.500
526.149	14130.500
526.339	14073.500
526.528	13959.500
526.718	13884.500
526.908	13778.500
527.098	13899.500
527.287	14009.500
527.477	13999.500
527.667	14218.500
527.856	14320.500
528.046	14427.500
528.236	14595.500
528.426	14701.500
528.615	14788.500
528.805	14819.500
528.995	14844.500
529.185	14902.500
529.374	14859.500
529.564	14870.500
529.754	14818.500
529.943	14830.500
530.133	14753.500
530.323	14954.500
530.513	15033.500
530.702	14828.500
530.892	14827.500
531.082	14951.500
531.271	14807.500
531.461	14582.500
531.651	14569.500
531.841	14570.500
532.030	14445.500
532.220	14117.500
532.410	13980.500
532.600	13869.500
532.789	13867.500
532.979	13792.500
533.169	13942.500
533.358	13989.500
533.548	13904.500
533.738	13735.500
533.928	13816.500
534.117	13760.500
534.307	13719.500
534.497	13834.500
534.687	13890.500
534.876	13976.500
535.066	14027.500
535.256	13917.500
535.445	13974.500
535.635	13950.500
535.825	13688.500
536.015	13606.500
536.204	13530.500
536.394	13385.500
536.584	13255.500
536.773	13399.500
536.963	13439.500
537.153	13514.500
537.343	13339.500
537.532	13362.500
537.722	13446.500
537.912	13411.500
538.102	13397.500
538.291	13213.500
538.481	13212.500
538.671	13303.500
538.860	13196.500
539.050	13003.500
539.240	12994.500
539.430	12869.500
539.619	12884.500
539.809	12776.500
539.999	12648.500
540.189	12598.500
540.378	12529.500
540.568	12651.500
540.758	12776.500
540.947	12858.500
541.137	12744.500
541.327	12870.500
541.517	12921.500
541.706	12736.500
541.896	12632.500
542.086	12695.500
542.276	12830.500
542.465	12685.500
542.655	12591.500
542.845	12556.500
543.034	12754.500
543.224	12783.500
543.414	12831.500
543.604	12870.500
543.793	12728.500
543.983	12713.500
544.173	12659.500
544.362	12625.500
544.552	12720.500
544.742	12872.500
544.932	12659.500
545.121	12522.500
545.311	12460.500
545.501	12413.500
545.691	12462.500
545.880	12489.500
546.070	12498.500
546.264	12446.500
546.459	12395.500
546.653	12383.500
546.847	12304.500
547.041	12370.500
547.236	12418.500
547.430	12422.500
547.624	12348.500
547.818	12212.500
548.013	12365.500
548.207	12478.500
548.401	12309.500
548.596	12231.500
548.790	12219.500
548.984	12266.500
549.178	12357.500
549.373	12438.500
549.567	12418.500
549.761	12311.500
549.956	12234.500
550.150	12255.500
550.344	12228.500
550.538	12178.500
550.733	12064.500
550.927	12134.500
551.121	12293.500
551.315	12208.500
551.510	11937.500
551.704	12089.500
551.898	12203.500
552.093	12287.500
552.287	12060.500
552.481	11970.500
552.675	11950.500
552.870	11951.500
553.064	11982.500
553.258	12108.500
553.453	12090.500
553.647	12022.500
553.841	12080.500
554.035	12061.500
554.230	12102.500
554.424	12088.500
554.618	12059.500
554.812	11993.500
555.007	11970.500
555.201	11998.500
555.395	11887.500
555.590	11902.500
555.784	11849.500
555.978	11770.500
556.172	11784.500
556.367	11640.500
556.561	11536.500
556.755	11575.500
556.949	11443.500
557.144	11537.500
557.338	11589.500
557.532	11465.500
557.727	11378.500
557.921	11535.500
558.115	11341.500
558.309	11231.500
558.504	11297.500
558.698	11262.500
558.892	11165.500
559.087	11151.500
559.281	11165.500
559.475	11244.500
559.669	11238.500
559.864	11161.500
560.058	11313.500
560.252	11432.500
560.446	11394.500
560.641	11411.500
560.835	11453.500
561.029	11351.500
561.224	11296.500
561.418	11174.500
561.612	11248.500
561.806	11188.500
562.001	11239.500
562.195	11284.500
562.389	11222.500
562.584	11309.500
562.778	11336.500
562.972	11260.500
563.166	11280.500
563.361	11057.500
563.555	11064.500
563.749	11226.500
563.943	11189.500
564.138	11146.500
564.332	11136.500
564.526	11090.500
564.721	11047.500
564.915	10953.500
565.109	11035.500
565.303	10898.500
565.498	10735.500
565.692	10742.500
565.886	10748.500
566.081	10806.500
566.275	10765.500
566.469	10743.500
566.663	10734.500
566.858	10838.500
567.052	10941.500
567.246	10774.500
567.440	10510.500
567.635	10637.500
567.829	10676.500
568.023	10434.500
568.218	10392.500
568.412	10477.500
568.606	10475.500
568.800	10505.500
568.995	10442.500
569.189	10329.500
569.383	10262.500
569.577	10347.500
569.772	10273.500
569.966	10081.500
570.160	10097.500
570.355	9992.500
570.549	10003.500
570.743	10104.500
570.937	10031.500
571.132	10042.500
571.326	10110.500
571.520	10080.500
571.715	10020.500
571.909	10064.500
572.103	10062.500
572.297	10109.500
572.492	10002.500
572.686	10032.500
572.880	10043.500
573.074	10136.500
573.269	10047.500
573.463	10054.500
573.657	9894.500
573.852	9801.500
574.046	9715.500
574.240	9722.500
574.434	9777.500
574.629	9860.500
574.823	9836.500
575.017	9760.500
575.212	9645.500
575.406	9740.500
575.600	9663.500
575.794	9617.500
575.989	9642.500
576.183	9562.500
576.377	9579.500
576.571	9593.500
576.766	9584.500
576.960	9533.500
577.159	9407.500
577.357	9353.500
577.556	9276.500
577.755	9283.500
577.953	9186.500
578.152	9105.500
578.350	9218.500
578.549	9169.500
578.748	9209.500
578.946	9205.500
579.145	9199.500
579.344	9275.500
579.542	9412.500
579.741	9383.500
579.940	9293.500
580.138	9345.500
580.337	9326.500
580.535	9450.500
580.734	9543.500
580.933	9465.500
581.131	9461.500
581.330	9479.500
581.529	9451.500
581.727	9686.500
581.926	9839.500
582.125	9893.500
582.323	9878.500
582.522	9773.500
582.721	9848.500
582.919	9882.500
583.118	9854.500
583.316	9982.500
583.515	10050.500
583.714	10071.500
583.912	10132.500
584.111	10196.500
584.310	9985.500
584.508	9710.500
584.707	9706.500
584.906	9839.500
585.104	9860.500
585.303	9928.500
585.501	9864.500
585.700	9877.500
585.899	9911.500
586.097	9827.500
586.296	9894.500
586.495	9896.500
586.693	9922.500
586.892	9933.500
587.091	9758.500
587.289	9678.500
587.488	9607.500
587.686	9408.500
587.885	9315.500
588.084	9231.500
588.282	9071.500
588.481	8862.500
588.680	8689.500
588.878	8496.500
589.077	8437.500
589.276	8488.500
589.474	8465.500
589.673	8554.500
589.871	8641.500
590.070	8746.500
590.269	8763.500
590.467	8761.500
590.666	8707.500
590.865	8670.500
591.063	8795.500
591.262	8740.500
591.461	8711.500
591.659	8808.500
591.858	8830.500
592.056	8807.500
592.255	8809.500
592.454	8903.500
592.652	8979.500
592.851	9036.500
593.050	9014.500
593.248	9006.500
593.447	8998.500
593.646	8826.500
593.844	8802.500
594.043	8804.500
594.241	8836.500
594.440	8734.500
594.639	8769.500
594.837	8644.500
595.036	8716.500
595.235	8766.500
595.433	8812.500
595.632	8827.500
595.831	8802.500
596.029	8832.500
596.228	8760.500
596.427	8814.500
596.625	8906.500
596.824	8931.500
597.022	8994.500
597.221	8795.500
597.420	8839.500
597.618	8853.500
597.817	8834.500
598.016	8849.500
598.214	8770.500
598.413	8777.500
598.612	8746.500
598.810	8802.500
599.009	8804.500
599.207	8875.500
599.406	8801.500
599.605	8770.500
599.803	8773.500
600.002	8862.500
600.201	8852.500
600.399	8855.500
600.598	8866.500
600.797	8817.500
600.995	8716.500
601.194	8645.500
601.392	8703.500
601.591	8613.500
601.790	8723.500
601.988	8770.500
602.187	8844.500
602.386	8689.500
602.584	8815.500
602.783	8814.500
602.982	8852.500
603.180	8854.500
603.379	9002.500
603.577	8887.500
603.776	8701.500
603.975	8866.500
604.173	8913.500
604.372	8874.500
604.571	8766.500
604.769	8813.500
604.968	8927.500
605.167	8810.500
605.365	8763.500
605.564	8851.500
605.762	8797.500
605.961	8692.500
606.160	8665.500
606.358	8756.500
606.557	8915.500
606.756	8775.500
606.954	8727.500
607.153	8807.500
607.352	8886.500
607.550	8953.500
607.749	8678.500
607.948	8584.500
608.146	8570.500
608.345	8609.500
608.543	8504.500
608.742	8528.500
608.941	8604.500
609.139	8550.500
609.338	8470.500
609.537	8591.500
609.735	8536.500
609.934	8358.500
610.133	8395.500
610.331	8540.500
610.530	8537.500
610.728	8505.500
610.927	8399.500
611.126	8368.500
611.324	8417.500
611.523	8372.500
611.722	8417.500
611.920	8419.500
612.119	8337.500
612.318	8306.500
612.516	8257.500
612.715	8230.500
612.913	8233.500
613.112	8186.500
613.311	8167.500
613.509	8081.500
613.708	8180.500
613.907	8128.500
614.105	8162.500
614.304	8121.500
614.503	8100.500
614.701	8082.500
614.900	8055.500
615.098	8033.500
615.297	7900.500
615.496	7852.500
615.694	7911.500
615.893	7808.500
616.092	7836.500
616.290	7840.500
616.489	7852.500
616.688	7789.500
616.886	7831.500
617.085	7862.500
617.283	7821.500
617.482	7720.500
617.681	7804.500
617.879	7894.500
618.078	7929.500
618.277	7911.500
618.475	7764.500
618.674	7883.500
618.873	7991.500
619.071	7922.500
619.270	7915.500
619.468	7925.500
619.667	7962.500
619.866	7944.500
620.064	7795.500
620.263	7828.500
620.462	7848.500
620.660	7754.500
620.859	7684.500
621.058	7798.500
621.256	7755.500
621.455	7578.500
621.654	7591.500
621.852	7760.500
622.051	7786.500
622.249	7657.500
622.448	7564.500
622.647	7545.500
622.845	7625.500
623.044	7600.500
623.243	7553.500
623.441	7590.500
623.640	7412.500
623.839	7342.500
624.037	7371.500
624.236	7482.500
624.434	7434.500
624.633	7479.500
624.832	7383.500
625.030	7302.500
625.229	7363.500
625.428	7325.500
625.626	7349.500
625.825	7317.500
626.024	7361.500
626.222	7293.500
626.421	7362.500
626.619	7381.500
626.818	7304.500
627.017	7281.500
627.215	7137.500
627.414	7048.500
627.613	7162.500
627.811	7047.500
628.010	6953.500
628.209	7012.500
628.407	7225.500
628.606	7137.500
628.804	7112.500
629.003	7048.500
629.202	7031.500
629.400	6937.500
629.599	6976.500
629.798	6967.500
629.996	6897.500
630.195	6862.500
630.394	7020.500
630.592	7017.500
630.791	6989.500
630.990	7017.500
631.188	6940.500
631.387	6814.500
631.585	6722.500
631.784	6766.500
631.983	6803.500
632.181	6982.500
632.380	6984.500
632.579	6972.500
632.777	6983.500
632.976	6957.500
633.175	6892.500
633.373	6916.500
633.572	7029.500
633.770	6962.500
633.969	6988.500
634.168	6849.500
634.366	6773.500
634.565	6909.500
634.764	7002.500
634.962	7007.500
635.161	7097.500
635.360	6969.500
635.558	6964.500
635.757	7057.500
635.955	7015.500
636.154	6981.500
636.353	6948.500
636.551	6957.500
636.750	6902.500
636.949	6922.500
637.147	6933.500
637.346	6798.500
637.545	6862.500
637.743	6938.500
637.942	7077.500
638.140	6991.500
638.339	6996.500
638.538	7058.500
638.736	7055.500
638.935	6959.500
639.134	6806.500
639.332	6818.500
639.531	6809.500
639.730	6812.500
639.928	6894.500
640.127	6812.500
640.325	6859.500
640.524	6886.500
640.723	6819.500
640.921	6900.500
641.120	6754.500
641.319	6653.500
641.517	6646.500
641.716	6695.500
641.915	6786.500
642.113	6866.500
642.312	6786.500
642.510	6600.500
642.709	6699.500
642.908	6858.500
643.106	6774.500
643.305	6736.500
643.504	6753.500
643.702	6744.500
643.901	6745.500
644.100	6680.500
644.298	6778.500
644.497	6862.500
644.696	6799.500
644.894	6619.500
645.093	6706.500
645.291	6633.500
645.490	6634.500
645.689	6619.500
645.887	6635.500
646.086	6600.500
646.285	6445.500
646.483	6353.500
646.682	6378.500
646.881	6341.500
647.079	6276.500
647.278	6302.500
647.476	6231.500
647.675	6268.500
647.874	6369.500
648.072	6221.500
648.271	6045.500
648.470	6092.500
648.668	6233.500
648.867	6180.500
649.066	5989.500
649.264	6198.500
649.463	6238.500
649.661	6141.500
649.860	6230.500
650.059	6235.500
650.257	6214.500
650.456	6366.500
650.655	6450.500
650.853	6405.500
651.052	6340.500
651.251	6222.500
651.449	6196.500
651.648	6258.500
651.846	6259.500
652.045	6175.500
652.244	6352.500
652.442	6383.500
652.641	6265.500
652.840	6271.500
653.038	6277.500
653.237	6216.500
653.436	6339.500
653.634	6297.500
653.833	6411.500
654.032	6359.500
654.230	6281.500
654.429	6091.500
654.627	6101.500
654.826	6191.500
655.025	6053.500
655.223	6005.500
655.422	5893.500
655.621	5795.500
655.819	5713.500
656.018	5558.500
656.217	5541.500
656.415	5543.500
656.614	5687.500
656.812	5833.500
657.011	5815.500
657.210	5817.500
657.408	5878.500
657.607	5916.500
657.806	5960.500
658.004	5993.500
658.203	5987.500
658.402	6008.500
658.600	6121.500
658.799	6190.500
658.997	6147.500
659.196	6107.500
659.395	6184.500
659.593	6165.500
659.792	6185.500
659.991	6307.500
660.189	6272.500
660.388	6197.500
660.587	6247.500
660.785	6338.500
660.984	6305.500
661.182	6253.500
661.381	6254.500
661.580	6391.500
661.778	6288.500
661.977	6439.500
662.176	6449.500
662.374	6297.500
662.573	6227.500
662.772	6243.500
662.970	6283.500
663.169	6209.500
663.367	6153.500
663.566	6133.500
663.765	6267.500
663.963	6250.500
664.162	6287.500
664.361	6311.500
664.559	6242.500
664.758	6250.500
664.957	6176.500
665.155	6216.500
665.354	6158.500
665.552	6136.500
665.751	6175.500
665.950	6083.500
666.148	6048.500
666.347	6174.500
666.546	6055.500
666.744	6113.500
666.943	6129.500
667.142	6074.500
667.340	6086.500
667.539	6157.500
667.738	6086.500
667.936	6062.500
668.135	5914.500
668.333	5927.500
668.532	6051.500
668.731	5950.500
668.929	5971.500
669.128	6015.500
669.327	6073.500
669.525	6103.500
669.724	6065.500
669.923	5893.500
670.121	5845.500
670.320	5906.500
670.518	5896.500
670.717	5887.500
670.916	5899.500
671.114	5939.500
671.313	5903.500
671.512	5865.500
671.710	5852.500
671.909	5886.500
672.108	5938.500
672.306	5974.500
672.505	5954.500
672.703	5824.500
672.902	5865.500
673.101	5878.500
673.299	5906.500
673.498	6002.500
673.697	5926.500
673.895	5638.500
674.094	5547.500
674.293	5670.500
674.491	5808.500
674.690	5794.500
674.888	5644.500
675.087	5688.500
675.286	5799.500
675.484	5742.500
675.683	5693.500
675.882	5622.500
676.080	5689.500
676.279	5638.500
676.478	5605.500
676.676	5679.500
676.875	5670.500
677.073	5672.500
677.272	5605.500
677.471	5579.500
677.669	5613.500
677.868	5644.500
678.067	5530.500
678.265	5641.500
678.464	5681.500
678.663	5461.500
678.861	5453.500
679.060	5622.500
679.259	5526.500
679.457	5613.500
679.656	5486.500
679.854	5465.500
680.053	5463.500
680.252	5474.500
680.450	5511.500
680.649	5541.500
680.848	5628.500
681.046	5494.500
681.245	5405.500
681.444	5445.500
681.642	5488.500
681.841	5471.500
682.039	5476.500
682.238	5476.500
682.437	5413.500
682.635	5399.500
682.834	5407.500
683.033	5446.500
683.231	5333.500
683.430	5240.500
683.629	5237.500
683.827	5295.500
684.026	5375.500
684.224	5365.500
684.423	5189.500
684.622	5144.500
684.820	5203.500
685.019	5341.500
685.218	5300.500
685.416	5086.500
685.615	4931.500
685.814	4831.500
686.012	4714.500
686.211	4548.500
686.409	4370.500
686.608	4241.500
686.807	4223.500
687.005	4258.500
687.204	4336.500
687.403	4254.500
687.601	4283.500
687.800	4279.500
687.999	4223.500
688.197	4291.500
688.396	4246.500
688.594	4245.500
688.793	4261.500
688.992	4287.500
689.190	4347.500
689.389	4412.500
689.588	4425.500
689.786	4520.500
689.985	4527.500
690.184	4643.500
690.382	4643.500
690.581	4627.500
690.779	4730.500
690.978	4647.500
691.177	4721.500
691.375	4709.500
691.574	4781.500
691.773	4756.500
691.971	4677.500
692.170	4721.500
692.369	4680.500
692.567	4613.500
692.766	4728.500
692.965	4755.500
693.163	4721.500
693.362	4806.500
693.560	4749.500
693.759	4765.500
693.958	4780.500
694.156	4791.500
694.355	4680.500
694.554	4752.500
694.752	4822.500
694.951	4801.500
695.150	4787.500
695.348	4811.500
695.547	4842.500
695.745	4885.500
695.944	5085.500
696.143	5113.500
696.341	5044.500
696.540	5019.500
696.743	5094.500
696.946	5132.500
697.149	5094.500
697.352	5062.500
697.555	5115.500
697.757	5098.500
697.960	5105.500
698.163	5083.500
698.366	5169.500
698.569	5183.500
698.772	5104.500
698.975	5215.500
699.178	5121.500
699.381	5064.500
699.584	5066.500
699.787	5109.500
699.989	5114.500
700.192	5180.500
700.395	5127.500
700.598	5199.500
700.801	5151.500
701.004	5103.500
701.207	5103.500
701.410	5174.500
701.613	5265.500
701.816	5301.500
702.019	5254.500
702.221	5331.500
702.424	5278.500
702.627	5304.500
702.830	5319.500
703.033	5358.500
703.236	5258.500
703.439	5407.500
703.642	5457.500
703.845	5510.500
704.048	5574.500
704.251	5527.500
704.453	5430.500
704.656	5543.500
704.859	5652.500
705.062	5577.500
705.265	5695.500
705.468	5611.500
705.671	5653.500
705.874	5712.500
706.077	5710.500
706.280	5760.500
706.483	5791.500
706.685	5737.500
706.888	5719.500
707.091	5732.500
707.294	5768.500
707.497	5799.500
707.700	5905.500
707.903	5861.500
708.106	5785.500
708.309	5838.500
708.512	5982.500
708.715	5938.500
708.917	5880.500
709.120	5890.500
709.323	5974.500
709.526	6007.500
709.729	5974.500
709.932	5912.500
710.135	5987.500
710.338	6125.500
710.541	6119.500
710.744	6074.500
710.947	6106.500
711.149	6138.500
711.352	6201.500
711.555	6310.500
711.758	6255.500
711.961	6188.500
712.164	6186.500
712.367	6178.500
712.570	6156.500
712.773	6174.500
712.976	6178.500
713.179	6228.500
713.381	6214.500
713.584	6232.500
713.787	6220.500
713.990	6180.500
714.193	6142.500
714.396	6252.500
714.599	6399.500
714.802	6333.500
715.005	6151.500
715.208	6073.500
715.411	6034.500
715.613	5981.500
715.816	5861.500
716.019	5660.500
716.222	5629.500
716.425	5540.500
716.628	5382.500
716.831	5222.500
717.034	5157.500
717.237	5056.500
717.440	4992.500
717.643	4943.500
717.845	4845.500
718.048	4775.500
718.251	4662.500
718.454	4693.500
718.657	4673.500
718.860	4656.500
719.063	4708.500
719.266	4622.500
719.469	4542.500
719.672	4655.500
719.875	4841.500
720.077	4953.500
720.280	5101.500
720.483	5277.500
720.686	5316.500
720.889	5379.500
721.092	5405.500
721.295	5544.500
721.498	5615.500
721.701	5702.500
721.904	5696.500
722.107	5551.500
722.309	5558.500
722.512	5566.500
722.715	5500.500
722.918	5411.500
723.121	5386.500
723.324	5525.500
723.527	5497.500
723.730	5420.500
723.933	5440.500
724.136	5340.500
724.339	5302.500
724.541	5405.500
724.744	5387.500
724.947	5360.500
725.150	5379.500
725.353	5358.500
725.556	5419.500
725.759	5447.500
725.962	5515.500
726.165	5494.500
726.368	5482.500
726.571	5444.500
726.773	5481.500
726.976	5444.500
727.179	5537.500
727.382	5585.500
727.585	5760.500
727.788	5682.500
727.991	5557.500
728.194	5532.500
728.397	5551.500
728.600	5650.500
728.803	5633.500
729.005	5645.500
729.208	5791.500
729.411	5808.500
729.614	5816.500
729.817	5826.500
730.020	5873.500
730.223	5858.500
730.426	5757.500
730.629	5846.500
730.832	5847.500
731.035	5977.500
731.237	6070.500
731.440	6179.500
731.643	6258.500
731.846	6331.500
732.049	6431.500
732.252	6620.500
732.455	6723.500
732.658	6672.500
732.861	6738.500
733.064	6686.500
733.267	6824.500
733.469	6984.500
733.672	7014.500
733.875	6953.500
734.078	7021.500
734.281	7034.500
734.484	7039.500
734.687	6965.500
734.890	6991.500
735.093	6997.500
735.296	7113.500
735.499	7220.500
735.701	7223.500
735.904	7244.500
736.107	7044.500
736.310	7002.500
736.513	7110.500
736.716	7239.500
736.919	7252.500
737.122	7127.500
737.325	7221.500
737.528	7253.500
737.731	7169.500
737.933	7274.500
738.136	7425.500
738.339	7411.500
738.542	7301.500
738.745	7238.500
738.948	7255.500
739.151	7371.500
739.354	7334.500
739.557	7241.500
739.760	7265.500
739.963	7420.500
740.165	7536.500
740.368	7367.500
740.571	7337.500
740.774	7316.500
740.977	7343.500
741.180	7470.500
741.383	7526.500
741.586	7554.500
741.789	7625.500
741.992	7586.500
742.195	7588.500
742.397	7704.500
742.600	7729.500
742.803	7746.500
743.006	7767.500
743.209	7744.500
743.412	7631.500
743.615	7523.500
743.818	7626.500
744.021	7644.500
744.224	7751.500
744.427	7788.500
744.629	7781.500
744.832	7768.500
745.035	7757.500
745.238	7725.500
745.441	7788.500
745.644	7778.500
745.847	7697.500
746.050	7868.500
746.253	7750.500
746.456	7715.500
746.659	7835.500
746.861	7828.500
747.064	7808.500
747.267	7726.500
747.470	7636.500
747.673	7870.500
747.876	7901.500
748.079	7756.500
748.282	7758.500
748.485	7683.500
748.688	7599.500
748.891	7626.500
749.093	7625.500
749.296	7670.500
749.499	7698.500
749.702	7607.500
749.905	7599.500
750.108	7570.500
750.311	7665.500
750.514	7645.500
750.717	7613.500
750.920	7596.500
751.123	7604.500
751.325	7616.500
751.528	7541.500
751.731	7576.500
751.934	7643.500
752.137	7674.500
752.340	7575.500
752.543	7530.500
752.746	7605.500
752.949	7517.500
753.152	7658.500
753.355	7653.500
753.557	7599.500
753.760	7612.500
753.963	7631.500
754.166	7568.500
754.369	7484.500
754.572	7523.500
754.775	7542.500
754.978	7637.500
755.181	7551.500
755.384	7469.500
755.587	7489.500
755.789	7396.500
755.992	7514.500
756.195	7680.500
756.398	7521.500
756.601	7428.500
756.804	7479.500
757.007	7393.500
757.210	7349.500
757.413	7298.500
757.616	7139.500
757.819	7136.500
758.021	6977.500
758.224	6527.500
758.427	6124.500
758.630	5491.500
758.833	5052.500
759.036	4561.500
759.239	4135.500
759.442	3805.500
759.645	3455.500
759.848	3333.500
760.051	3158.500
760.253	3124.500
760.456	3292.500
760.659	3243.500
760.862	3277.500
761.065	3184.500
761.268	3082.500
761.471	3081.500
761.674	2940.500
761.877	2776.500
762.080	2855.500
762.283	2929.500
762.485	2870.500
762.688	2950.500
762.891	3053.500
763.094	3176.500
763.297	3363.500
763.500	3447.500
763.706	3413.500
763.912	3548.500
764.118	3728.500
764.325	3867.500
764.531	3896.500
764.737	4021.500
764.943	4102.500
765.149	4305.500
765.355	4543.500
765.561	4795.500
765.768	4870.500
765.974	4949.500
766.180	5191.500
766.386	5364.500
766.592	5572.500
766.798	5690.500
767.004	5756.500
767.210	5944.500
767.417	6081.500
767.623	5978.500
767.829	6120.500
768.035	6203.500
768.241	6261.500
768.447	6375.500
768.653	6215.500
768.860	6356.500
769.066	6291.500
769.272	6328.500
769.478	6488.500
769.684	6566.500
769.890	6558.500
770.096	6513.500
770.303	6479.500
770.509	6462.500
770.715	6539.500
770.921	6589.500
771.127	6663.500
771.333	6663.500
771.539	6718.500
771.745	6513.500
771.952	6453.500
772.158	6573.500
772.364	6492.500
772.570	6624.500
772.776	6612.500
772.982	6458.500
773.188	6519.500
773.395	6456.500
773.601	6476.500
773.807	6492.500
774.013	6441.500
774.219	6464.500
774.425	6436.500
774.631	6442.500
774.838	6305.500
775.044	6352.500
775.250	6479.500
775.456	6395.500
775.662	6377.500
775.868	6491.500
776.074	6414.500
776.281	6407.500
776.487	6274.500
776.693	6262.500
776.899	6287.500
777.105	6330.500
777.311	6314.500
777.517	6357.500
777.723	6482.500
777.930	6438.500
778.136	6254.500
778.342	6254.500
778.548	6339.500
778.754	6254.500
778.960	6356.500
779.166	6306.500
779.373	6332.500
779.579	6206.500
779.785	6132.500
779.991	6209.500
780.197	6146.500
780.403	6086.500
780.609	6060.500
780.816	6045.500
781.022	6173.500
781.228	6204.500
781.434	6245.500
781.640	6272.500
781.846	6145.500
782.052	5976.500
782.259	6011.500
782.465	6039.500
782.671	6002.500
782.877	5936.500
783.083	6018.500
783.289	6076.500
783.495	6066.500
783.701	5973.500
783.908	5936.500
784.114	5922.500
784.320	5903.500
784.526	5877.500
784.732	5863.500
784.938	5873.500
785.144	5844.500
785.351	5773.500
785.557	5907.500
785.763	5927.500
785.969	5798.500
786.175	5729.500
786.381	5653.500
786.587	5648.500
786.794	5738.500
787.000	5758.500
787.206	5664.500
787.412	5538.500
787.618	5556.500
787.824	5502.500
788.030	5496.500
788.236	5488.500
788.443	5377.500
788.649	5236.500
788.855	5229.500
789.061	5358.500
789.267	5482.500
789.473	5339.500
789.679	5331.500
789.886	5321.500
790.092	5185.500
790.298	5091.500
790.504	5189.500
790.710	5160.500
790.916	5138.500
791.122	5167.500
791.329	5104.500
791.535	5161.500
791.741	5173.500
791.947	5110.500
792.153	5066.500
792.359	5135.500
792.565	5222.500
792.771	5182.500
792.978	5099.500
793.184	5149.500
793.390	5094.500
793.596	5097.500
793.802	5077.500
794.008	5104.500
794.214	5148.500
794.421	5023.500
794.627	4965.500
794.833	4934.500
795.039	5001.500
795.245	4933.500
795.451	4932.500
795.657	4932.500
795.864	4832.500
796.070	4942.500
796.276	5162.500
796.482	5019.500
796.688	4938.500
796.894	4918.500
797.100	4908.500
797.307	4922.500
797.513	4951.500
797.719	4878.500
797.925	4828.500
798.131	4744.500
798.337	4710.500
798.543	4740.500
798.749	4924.500
798.956	4966.500
799.162	4952.500
799.368	4751.500
799.574	4785.500
799.780	4807.500
799.986	4693.500
800.192	4700.500
800.399	4733.500
800.605	4642.500
800.811	4594.500
801.017	4735.500
801.223	4636.500
801.429	4554.500
801.635	4590.500
801.842	4598.500
802.048	4601.500
802.254	4442.500
802.460	4473.500
802.666	4535.500
802.872	4533.500
803.078	4579.500
803.285	4567.500
803.491	4423.500
803.697	4439.500
803.903	4463.500
804.109	4427.500
804.315	4668.500
804.521	4591.500
804.727	4509.500
804.934	4510.500
805.140	4589.500
805.346	4635.500
805.552	4633.500
805.758	4502.500
805.964	4546.500
806.170	4544.500
806.377	4434.500
806.583	4361.500
806.789	4339.500
806.995	4316.500
807.201	4327.500
807.407	4331.500
807.613	4370.500
807.820	4366.500
808.026	4300.500
808.232	4271.500
808.438	4242.500
808.644	4232.500
808.850	4174.500
809.056	4146.500
809.262	4100.500
809.469	4155.500
809.675	4075.500
809.881	4125.500
810.087	4105.500
810.293	4034.500
810.499	4062.500
810.705	4103.500
810.912	3941.500
811.118	3882.500
811.324	3971.500
811.530	3953.500
811.739	3782.500
811.947	3803.500
812.156	3674.500
812.365	3557.500
812.573	3590.500
812.782	3487.500
812.990	3438.500
813.199	3491.500
813.408	3503.500
813.616	3409.500
813.825	3262.500
814.034	3259.500
814.242	3352.500
814.451	3290.500
814.659	3166.500
814.868	3151.500
815.077	3158.500
815.285	3058.500
815.494	2945.500
815.703	2922.500
815.911	2990.500
816.120	3085.500
816.329	2988.500
816.537	2884.500
816.746	2955.500
816.954	2917.500
817.163	2850.500
817.372	2743.500
817.580	2786.500
817.789	2981.500
817.998	2949.500
818.206	2882.500
818.415	2993.500
818.624	2800.500
818.832	2789.500
819.041	2828.500
819.249	2961.500
819.458	3118.500
819.667	3073.500
819.875	3150.500
820.084	3147.500
820.293	3097.500
820.501	3090.500
820.710	3121.500
820.919	3193.500
821.127	3101.500
821.336	2948.500
821.544	2790.500
821.753	2827.500
821.962	2780.500
822.170	2680.500
822.379	2654.500
822.588	2673.500
822.796	2679.500
823.005	2694.500
823.213	2816.500
823.422	2945.500
823.631	2960.500
823.839	2930.500
824.048	2941.500
824.257	3006.500
824.465	3020.500
824.674	3016.500
824.883	2981.500
825.091	2931.500
825.300	3031.500
825.508	3182.500
825.717	3141.500
825.926	3045.500
826.134	2998.500
826.343	2992.500
826.552	2991.500
826.760	2976.500
826.969	2989.500
827.178	2939.500
827.386	2946.500
827.595	3000.500
827.803	2871.500
828.012	2883.500
828.221	2839.500
828.429	2927.500
828.638	2991.500
828.847	2955.500
829.055	2868.500
829.264	2851.500
829.472	2908.500
829.681	2872.500
829.890	2839.500
830.098	2806.500
830.307	2905.500
830.516	2854.500
830.724	2742.500
830.933	2850.500
831.142	2923.500
831.350	2897.500
831.559	2861.500
831.767	2747.500
831.976	2871.500
832.185	2917.500
832.393	2806.500
832.602	2793.500
832.811	2835.500
833.019	2812.500
833.228	2887.500
833.437	2948.500
833.645	2948.500
833.854	2882.500
834.062	2891.500
834.271	2973.500
834.480	2901.500
834.688	2887.500
834.897	2909.500
835.106	2924.500
835.314	2900.500
835.523	2890.500
835.731	3039.500
835.940	3044.500
836.149	2980.500
836.357	2944.500
836.566	2922.500
836.775	2946.500
836.983	2939.500
837.192	2998.500
837.401	2925.500
837.609	2874.500
837.818	3044.500
838.026	3045.500
838.235	3043.500
838.444	2974.500
838.652	2903.500
838.861	2939.500
839.070	2988.500
839.278	2976.500
839.487	2975.500
839.696	3043.500
839.904	2934.500
840.113	2931.500
840.321	2927.500
840.530	2869.500
840.739	2867.500
840.947	2923.500
841.156	2944.500
841.365	2869.500
841.573	2998.500
841.782	3064.500
841.991	2960.500
842.199	2894.500
842.408	2901.500
842.616	2826.500
842.825	2785.500
843.034	2964.500
843.242	2892.500
843.451	2885.500
843.660	2839.500
843.868	2761.500
844.077	2737.500
844.285	2883.500
844.494	2977.500
844.703	2839.500
844.911	2730.500
845.120	2797.500
845.329	2867.500
845.537	2839.500
845.746	2794.500
845.955	2866.500
846.163	2848.500
846.372	2775.500
846.580	2626.500
846.789	2633.500
846.998	2739.500
847.206	2865.500
847.415	2808.500
847.624	2748.500
847.832	2841.500
848.041	2832.500
848.250	2741.500
848.458	2676.500
848.667	2657.500
848.875	2743.500
849.084	2694.500
849.293	2649.500
849.501	2568.500
849.710	2503.500
849.919	2535.500
850.127	2558.500
850.336	2617.500
850.544	2559.500
850.753	2594.500
850.962	2598.500
851.170	2619.500
851.379	2674.500
851.588	2579.500
851.796	2531.500
852.005	2557.500
852.214	2579.500
852.422	2654.500
852.631	2560.500
852.839	2349.500
853.048	2328.500
853.257	2344.500
853.465	2162.500
853.674	2225.500
853.883	2295.500
854.091	2246.500
854.300	2263.500
854.509	2275.500
854.717	2426.500
854.926	2419.500
855.134	2419.500
855.343	2337.500
855.552	2284.500
855.760	2376.500
855.969	2452.500
856.178	2334.500
856.386	2326.500
856.595	2380.500
856.803	2384.500
857.012	2365.500
857.221	2337.500
857.429	2371.500
857.638	2343.500
857.847	2400.500
858.055	2320.500
858.264	2318.500
858.473	2384.500
858.681	2416.500
858.890	2372.500
859.098	2443.500
859.307	2370.500
859.516	2320.500
859.724	2335.500
859.933	2371.500
860.142	2388.500
860.350	2283.500
860.559	2165.500
860.768	2210.500
860.976	2268.500
861.185	2234.500
861.393	2137.500
861.602	2149.500
861.811	2282.500
862.019	2352.500
862.228	2270.500
862.437	2186.500
862.645	2216.500
862.854	2291.500
863.062	2265.500
863.271	2253.500
863.480	2347.500
863.688	2265.500
863.897	2183.500
864.106	2079.500
864.314	2118.500
864.523	2179.500
864.732	2212.500
864.940	2102.500
865.149	2059.500
865.357	2049.500
865.566	1967.500
865.775	1968.500
865.983	2011.500
866.192	1935.500
866.401	1961.500
866.609	1992.500
866.818	2004.500
867.027	2004.500
867.235	2014.500
867.444	1946.500
867.652	1886.500
867.861	1937.500
868.070	1889.500
868.278	1883.500
868.487	1939.500
868.696	1963.500
868.904	1925.500
869.113	1855.500
869.321	1955.500
869.530	1979.500
869.739	1991.500
869.947	1961.500
870.156	1917.500
870.365	1842.500
870.573	1852.500
870.782	1912.500
870.991	1931.500
871.199	1807.500
871.408	1770.500
871.616	1806.500
871.825	1840.500
872.034	1947.500
872.242	1882.500
872.451	1869.500
872.660	1853.500
872.868	1918.500
873.077	1897.500
873.286	1798.500
873.494	1814.500
873.703	1795.500
873.911	1795.500
874.120	1702.500
874.329	1734.500
874.537	1843.500
874.746	1790.500
874.955	1779.500
875.163	1681.500
875.372	1664.500
875.581	1742.500
875.789	1753.500
875.998	1762.500
876.206	1750.500
876.415	1725.500
876.624	1676.500
876.832	1637.500
877.041	1709.500
877.250	1729.500
877.458	1675.500
877.667	1769.500
877.875	1761.500
878.084	1664.500
878.293	1596.500
878.501	1574.500
878.710	1565.500
878.919	1526.500
879.127	1523.500
879.336	1492.500
879.545	1516.500
879.753	1529.500
879.962	1473.500
880.170	1515.500
880.379	1623.500
880.588	1602.500
880.796	1683.500
881.005	1682.500
881.214	1668.500
881.422	1590.500
881.631	1582.500
881.840	1583.500
882.048	1570.500
882.257	1663.500
882.465	1578.500
882.674	1543.500
882.883	1613.500
883.091	1583.500
883.300	1504.500
883.509	1496.500
883.717	1618.500
883.926	1600.500
884.134	1516.500
884.343	1438.500
884.552	1513.500
884.760	1490.500
884.969	1538.500
885.178	1504.500
885.386	1423.500
885.595	1452.500
885.804	1480.500
886.012	1453.500
886.221	1461.500
886.429	1394.500
886.638	1350.500
886.847	1367.500
887.055	1406.500
887.264	1406.500
887.473	1394.500
887.681	1433.500
887.890	1345.500
888.099	1340.500
888.307	1359.500
888.516	1407.500
888.724	1428.500
888.933	1419.500
889.142	1443.500
889.350	1414.500
889.559	1391.500
889.768	1330.500
889.976	1286.500
890.185	1324.500
890.393	1349.500
890.602	1396.500
890.811	1358.500
891.019	1384.500
891.228	1457.500
891.437	1363.500
891.645	1272.500
891.854	1291.500
892.063	1249.500
892.271	1248.500
892.480	1221.500
892.688	1220.500
892.897	1214.500
893.106	1238.500
893.314	1202.500
893.523	1113.500
893.732	1232.500
893.940	1226.500
894.149	1081.500
894.358	1195.500
894.566	1215.500
894.775	1166.500
894.983	1099.500
895.192	1051.500
895.401	1085.500
895.609	1028.500
895.818	1031.500
896.027	1036.500
896.235	1034.500
896.444	1003.500
896.652	989.500
896.861	941.500
897.070	1028.500
897.278	1090.500
897.487	1065.500
897.696	1002.500
897.904	933.500
898.113	971.500
898.322	911.500
898.530	858.500
898.739	895.500
898.947	825.500
899.156	798.500
899.365	884.500
899.573	927.500
899.782	842.500
899.991	801.500
900.199	742.500
900.408	844.500
900.617	856.500
900.825	872.500
901.034	918.500
901.242	762.500
901.451	730.500
901.660	827.500
901.868	903.500
902.077	900.500
902.286	840.500
902.494	906.500
902.703	1027.500
902.911	956.500
903.120	962.500
903.329	966.500
903.537	918.500
903.746	931.500
903.955	998.500
904.163	992.500
904.372	970.500
904.581	1007.500
904.789	1010.500
904.998	999.500
905.206	993.500
905.415	970.500
905.624	917.500
905.832	878.500
906.041	861.500
906.250	837.500
906.458	824.500
906.667	862.500
906.876	772.500
907.084	732.500
907.293	791.500
907.501	869.500
907.710	790.500
907.919	863.500
908.127	931.500
908.336	784.500
908.545	819.500
908.753	840.500
908.962	818.500
909.170	791.500
909.379	728.500
909.588	783.500
909.796	762.500
910.005	745.500
910.214	748.500
910.422	751.500
910.631	757.500
910.840	833.500
911.048	815.500
911.257	749.500
911.465	735.500
911.674	813.500
911.883	858.500
912.091	761.500
912.300	771.500
912.508	703.500
912.716	773.500
912.924	802.500
913.132	767.500
913.340	799.500
913.549	774.500
913.757	714.500
913.965	735.500
914.173	763.500
914.381	694.500
914.589	682.500
914.797	711.500
915.005	682.500
915.213	702.500
915.421	755.500
915.629	674.500
915.838	600.500
916.046	623.500
916.254	650.500
916.462	681.500
916.670	697.500
916.878	746.500
917.086	805.500
917.294	700.500
917.502	670.500
917.710	705.500
917.919	748.500
918.127	744.500
918.335	698.500
918.543	714.500
918.751	789.500
918.959	796.500
919.167	768.500
919.375	733.500
919.583	803.500
919.791	778.500
919.999	772.500
920.208	799.500
920.416	705.500
920.624	734.500
920.832	788.500
921.040	726.500
921.248	754.500
921.456	707.500
921.664	616.500
921.872	633.500
922.080	688.500
922.288	650.500
922.497	659.500
922.705	747.500
922.913	774.500
923.121	699.500
923.329	639.500
923.537	614.500
923.745	680.500
923.953	616.500
924.161	609.500
924.369	664.500
924.578	660.500
924.786	703.500
924.994	731.500
925.202	642.500
925.410	643.500
925.618	620.500
925.826	616.500
926.034	680.500
926.242	653.500
926.450	618.500
926.658	657.500
926.867	607.500
927.075	551.500
927.283	511.500
927.491	514.500
927.699	581.500
927.907	576.500
928.115	591.500
928.323	439.500
928.531	431.500
928.739	420.500
928.947	461.500
929.156	441.500
929.364	449.500
929.572	497.500
929.780	375.500
929.988	311.500
930.196	367.500
930.404	406.500
930.612	330.500
930.820	312.500
931.028	346.500
931.236	345.500
931.445	292.500
931.653	270.500
931.861	307.500
932.069	226.500
932.277	288.500
932.485	407.500
932.693	270.500
932.901	152.500
933.109	163.500
933.317	215.500
933.526	226.500
933.734	161.500
933.942	197.500
934.150	250.500
934.358	218.500
934.566	205.500
934.774	180.500
934.982	171.500
935.190	205.500
935.398	273.500
935.606	258.500
935.815	219.500
936.023	266.500
936.231	304.500
936.439	231.500
936.647	205.500
936.855	199.500
937.063	202.500
937.271	209.500
937.479	243.500
937.687	187.500
937.895	240.500
938.104	322.500
938.312	269.500
938.520	241.500
938.728	238.500
938.936	225.500
939.144	239.500
939.352	257.500
939.560	279.500
939.768	255.500
939.976	238.500
940.185	235.500
940.393	264.500
940.601	269.500
940.809	217.500
941.017	296.500
941.225	227.500
941.433	182.500
941.641	197.500
941.849	114.500
942.057	191.500
942.265	236.500
942.474	247.500
942.682	207.500
942.890	165.500
943.098	220.500
943.306	204.500
943.514	138.500
943.722	145.500
943.930	196.500
944.138	197.500
944.346	214.500
944.554	256.500
944.763	185.500
944.971	141.500
945.179	135.500
945.387	213.500
945.595	204.500
945.803	230.500
946.011	222.500
946.219	258.500
946.427	205.500
946.635	191.500
946.843	306.500
947.052	318.500
947.260	209.500
947.468	196.500
947.676	204.500
947.884	231.500
948.092	248.500
948.300	316.500
948.508	305.500
948.716	218.500
948.924	225.500
949.133	324.500
949.341	296.500
949.549	189.500
949.757	273.500
949.965	252.500
950.173	116.500
950.381	236.500
950.589	302.500
950.797	266.500
951.005	228.500
951.213	164.500
951.422	168.500
951.630	173.500
951.838	200.500
952.046	263.500
952.254	257.500
952.462	225.500
952.670	311.500
952.878	297.500
953.086	269.500
953.294	259.500
953.502	232.500
953.711	225.500
953.919	236.500
954.127	180.500
954.335	167.500
954.543	173.500
954.751	236.500
954.959	244.500
955.167	249.500
955.375	222.500
955.583	213.500
955.792	232.500
956.000	265.500
956.208	236.500
956.416	223.500
956.624	200.500
956.832	252.500
957.040	231.500
957.248	212.500
957.456	202.500
957.664	175.500
957.872	66.500
958.081	86.500
958.289	148.500
958.497	204.500
958.705	222.500
958.913	189.500
959.121	134.500
959.329	198.500
959.537	134.500
959.745	171.500
959.953	167.500
960.161	157.500
960.370	195.500
960.578	223.500
960.786	313.500
960.994	305.500
961.202	246.500
961.410	253.500
961.618	191.500
961.826	178.500
962.034	241.500
962.242	159.500
962.451	123.500
962.659	166.500
962.867	172.500
963.075	197.500
963.283	229.500
963.491	268.500
963.699	280.500
963.907	222.500
964.115	191.500
964.323	294.500
964.531	304.500
964.740	182.500
964.948	255.500
965.156	151.500
965.364	220.500
965.572	357.500
965.780	315.500
965.999	236.500
966.218	196.500
966.438	191.500
966.657	174.500
966.876	222.500
967.095	281.500
967.315	229.500
967.534	194.500
967.753	298.500
967.972	315.500
968.192	276.500
968.411	220.500
968.630	211.500
968.849	201.500
969.068	277.500
969.288	284.500
969.507	290.500
969.726	283.500
969.945	293.500
970.165	215.500
970.384	269.500
970.603	220.500
970.822	165.500
971.042	146.500
971.261	216.500
971.480	354.500
971.699	273.500
971.919	194.500
972.138	281.500
972.357	258.500
972.576	211.500
972.795	269.500
973.015	270.500
973.234	266.500
973.453	195.500
973.672	144.500
973.892	144.500
974.111	171.500
974.330	221.500
974.549	202.500
974.769	192.500
974.988	273.500
975.207	194.500
975.426	167.500
975.646	198.500
975.865	207.500
976.084	215.500
976.303	174.500
976.522	152.500
976.742	133.500
976.961	117.500
977.180	213.500
977.399	237.500
977.619	247.500
977.838	238.500
978.057	192.500
978.276	234.500
978.496	223.500
978.715	225.500
978.934	159.500
979.153	71.500
979.372	146.500
979.592	224.500
979.811	249.500
980.030	225.500
980.249	170.500
980.469	222.500
980.688	229.500
980.907	171.500
981.126	199.500
981.346	252.500
981.565	232.500
981.784	174.500
982.003	250.500
982.223	303.500
982.442	319.500
982.661	189.500
982.880	195.500
983.099	200.500
983.319	185.500
983.538	232.500
983.757	228.500
983.976	274.500
984.196	306.500
984.415	339.500
984.634	261.500
984.853	184.500
985.073	269.500
985.292	227.500
985.511	184.500
985.730	170.500
985.949	216.500
986.169	275.500
986.388	349.500
986.607	170.500
986.826	162.500
987.046	122.500
987.265	140.500
987.484	178.500
987.703	249.500
987.923	204.500
988.142	279.500
988.361	332.500
988.580	308.500
988.800	148.500
989.019	184.500
989.238	204.500
989.457	156.500
989.676	211.500
989.896	229.500
990.115	150.500
990.334	199.500
990.553	159.500
990.773	124.500
990.992	151.500
991.211	143.500
991.430	188.500
991.650	128.500
991.869	152.500
992.088	133.500
992.307	207.500
992.527	245.500
992.746	180.500
992.965	204.500
993.184	226.500
993.403	202.500
993.623	223.500
993.842	191.500
994.061	102.500
994.280	160.500
994.500	182.500
994.719	133.500
994.938	161.500
995.157	94.500
995.377	140.500
995.596	174.500
995.815	164.500
996.034	116.500
996.253	155.500
996.473	178.500
996.692	258.500
996.911	188.500
997.130	195.500
997.350	189.500
997.569	194.500
997.788	197.500
998.007	112.500
998.227	43.500
998.446	140.500
998.665	151.500
998.884	147.500
999.104	105.500
999.323	109.500
999.542	98.500
999.761	103.500
999.980	103.500
1000.200	172.500
1000.419	232.500
1000.638	219.500
1000.857	192.500
1001.077	192.500
1001.296	158.500
1001.515	89.500
1001.734	133.500
1001.954	178.500
1002.173	205.500
1002.392	196.500
1002.611	201.500
1002.830	141.500
1003.050	73.500
1003.269	131.500
1003.488	185.500
1003.707	133.500
1003.927	109.500
1004.146	193.500
1004.365	177.500
1004.584	190.500
1004.804	238.500
1005.023	190.500
1005.242	133.500
1005.461	148.500
1005.681	209.500
1005.900	158.500
1006.119	148.500
1006.338	119.500
1006.557	133.500
1006.777	212.500
1006.996	253.500
1007.215	140.500
1007.434	154.500
1007.654	214.500
1007.873	176.500
1008.092	126.500
1008.311	103.500
1008.531	56.500
1008.750	113.500
1008.969	171.500
1009.188	50.500
1009.407	71.500
1009.627	91.500
1009.846	93.500
1010.065	175.500
1010.284	126.500
1010.504	13.500
1010.723	67.500
1010.942	75.500
1011.161	115.500
1011.381	74.500
1011.600	51.500
1011.819	144.500
1012.038	124.500
1012.258	134.500
1012.477	217.500
1012.696	117.500
1012.915	83.500
1013.134	112.500
1013.354	165.500
1013.573	198.500
1013.792	137.500
1014.011	107.500
1014.231	117.500
1014.450	161.500
1014.669	115.500
1014.888	48.500
1015.108	112.500
1015.327	131.500
1015.546	171.500
1015.765	192.500
1015.984	127.500
1016.204	150.500
1016.423	146.500
1016.642	165.500
1016.861	71.500
1017.081	38.500
1017.300	86.500
1017.519	94.500
