296.912	316.000
297.101	199.000
297.290	149.000
297.479	176.000
297.668	44.000
297.858	175.000
298.047	307.000
298.236	207.000
298.425	131.000
298.614	81.000
298.803	17.000
298.992	130.000
299.181	171.000
299.370	130.000
299.559	162.000
299.748	208.000
299.937	248.000
300.126	349.000
300.315	154.000
300.504	42.000
300.693	133.000
300.882	114.000
301.071	169.000
301.260	121.000
301.449	105.000
301.638	150.000
301.827	116.000
302.016	105.000
302.205	148.000
302.395	83.000
302.584	97.000
302.773	179.000
302.962	219.000
303.151	104.000
303.340	35.000
303.529	12.000
303.718	103.000
303.907	173.000
304.096	196.000
304.285	149.000
304.474	193.000
304.663	198.000
304.852	141.000
305.041	170.000
305.230	225.000
305.419	252.000
305.608	255.000
305.797	134.000
305.986	47.000
306.175	2.000
306.364	-4.000
306.553	82.000
306.743	187.000
306.932	239.000
307.121	242.000
307.310	169.000
307.499	135.000
307.688	59.000
307.877	134.000
308.066	81.000
308.255	141.000
308.444	268.000
308.633	205.000
308.822	76.000
309.011	31.000
309.200	162.000
309.389	177.000
309.578	67.000
309.767	123.000
309.956	174.000
310.145	115.000
310.334	14.000
310.523	131.000
310.712	143.000
310.901	25.000
311.091	134.000
311.280	242.000
311.469	201.000
311.658	337.000
311.847	190.000
312.036	60.000
312.225	76.000
312.414	2.000
312.603	35.000
312.792	172.000
312.981	146.000
313.170	94.000
313.349	29.000
313.527	92.000
313.706	160.000
313.884	181.000
314.063	141.000
314.241	194.000
314.420	304.000
314.598	210.000
314.777	216.000
314.955	130.000
315.134	122.000
315.312	101.000
315.491	88.000
315.669	149.000
315.848	127.000
316.027	116.000
316.205	192.000
316.384	94.000
316.562	142.000
316.741	68.000
316.919	71.000
317.098	100.000
317.276	44.000
317.455	114.000
317.633	197.000
317.812	240.000
317.990	152.000
318.169	207.000
318.347	229.000
318.526	252.000
318.705	88.000
318.883	114.000
319.062	117.000
319.240	139.000
319.419	46.000
319.597	176.000
319.776	284.000
319.954	154.000
320.133	106.000
320.311	139.000
320.490	249.000
320.668	167.000
320.847	109.000
321.025	147.000
321.204	233.000
321.382	191.000
321.561	99.000
321.740	104.000
321.918	188.000
322.097	223.000
322.275	123.000
322.454	148.000
322.632	134.000
322.811	112.000
322.989	60.000
323.168	90.000
323.346	105.000
323.525	57.000
323.703	30.000
323.882	44.000
324.060	89.000
324.239	181.000
324.418	203.000
324.596	231.000
324.775	176.000
324.953	29.000
325.132	72.000
325.310	209.000
325.489	122.000
325.667	156.000
325.846	142.000
326.024	158.000
326.203	291.000
326.381	216.000
326.560	234.000
326.738	104.000
326.917	45.000
327.096	128.000
327.274	255.000
327.453	221.000
327.631	100.000
327.810	143.000
327.988	71.000
328.167	84.000
328.345	71.000
328.524	66.000
328.702	40.000
328.881	54.000
329.059	76.000
329.238	104.000
329.416	131.000
329.595	96.000
329.774	134.000
329.952	178.000
330.131	213.000
330.309	245.000
330.488	232.000
330.666	117.000
330.845	101.000
331.023	99.000
331.202	41.000
331.380	34.000
331.559	151.000
331.737	152.000
331.916	58.000
332.094	155.000
332.273	235.000
332.452	60.000
332.630	97.000
332.809	166.000
332.987	169.000
333.166	158.000
333.344	186.000
333.523	179.000
333.701	93.000
333.880	147.000
334.058	158.000
334.237	236.000
334.415	252.000
334.594	221.000
334.772	40.000
334.951	38.000
335.129	60.000
335.308	237.000
335.487	278.000
335.665	230.000
335.844	311.000
336.022	322.000
336.201	184.000
336.379	143.000
336.558	180.000
336.736	205.000
336.915	151.000
337.093	267.000
337.272	219.000
337.450	168.000
337.629	140.000
337.807	84.000
337.986	145.000
338.165	143.000
338.343	134.000
338.522	214.000
338.700	230.000
338.879	102.000
339.057	160.000
339.236	244.000
339.414	187.000
339.593	141.000
339.771	236.000
339.950	264.000
340.128	225.000
340.307	201.000
340.485	130.000
340.664	229.000
340.843	185.000
341.021	145.000
341.200	150.000
341.378	190.000
341.557	262.000
341.735	191.000
341.914	102.000
342.092	141.000
342.271	241.000
342.449	155.000
342.628	84.000
342.806	143.000
342.985	310.000
343.163	286.000
343.342	184.000
343.521	45.000
343.699	36.000
343.878	91.000
344.056	142.000
344.235	130.000
344.413	228.000
344.592	305.000
344.770	118.000
344.949	186.000
345.127	164.000
345.306	178.000
345.484	45.000
345.663	112.000
345.841	225.000
346.020	213.000
346.199	135.000
346.377	82.000
346.556	250.000
346.734	286.000
346.913	68.000
347.091	156.000
347.270	269.000
347.448	151.000
347.627	73.000
347.805	101.000
347.984	76.000
348.162	94.000
348.341	241.000
348.519	246.000
348.698	78.000
348.876	83.000
349.055	68.000
349.234	164.000
349.412	213.000
349.591	81.000
349.769	75.000
349.948	244.000
350.126	280.000
350.305	308.000
350.483	220.000
350.662	94.000
350.840	141.000
351.019	86.000
351.197	177.000
351.376	181.000
351.554	152.000
351.733	172.000
351.912	234.000
352.090	220.000
352.269	182.000
352.447	151.000
352.626	173.000
352.804	218.000
352.983	137.000
353.161	120.000
353.340	117.000
353.518	101.000
353.697	214.000
353.875	204.000
354.054	227.000
354.232	266.000
354.411	195.000
354.590	136.000
354.768	243.000
354.947	134.000
355.125	56.000
355.304	93.000
355.482	103.000
355.661	149.000
355.839	172.000
356.018	108.000
356.196	38.000
356.375	43.000
356.553	152.000
356.732	53.000
356.910	44.000
357.089	142.000
357.268	187.000
357.446	260.000
357.625	157.000
357.803	152.000
357.982	169.000
358.160	101.000
358.339	168.000
358.517	208.000
358.696	201.000
358.874	126.000
359.053	104.000
359.231	32.000
359.410	136.000
359.588	203.000
359.767	207.000
359.945	269.000
360.124	206.000
360.303	80.000
360.481	41.000
360.660	74.000
360.838	123.000
361.017	128.000
361.195	95.000
361.374	103.000
361.552	89.000
361.731	165.000
361.909	191.000
362.088	94.000
362.266	111.000
362.445	80.000
362.623	94.000
362.802	168.000
362.981	200.000
363.159	284.000
363.338	228.000
363.516	221.000
363.695	149.000
363.873	128.000
364.052	80.000
364.230	180.000
364.409	128.000
364.587	171.000
364.766	151.000
364.944	140.000
365.123	194.000
365.301	171.000
365.480	167.000
365.660	139.000
365.839	200.000
366.019	290.000
366.199	248.000
366.379	136.000
366.558	134.000
366.738	244.000
366.918	150.000
367.098	5.000
367.277	67.000
367.457	110.000
367.637	82.000
367.816	153.000
367.996	210.000
368.176	183.000
368.356	253.000
368.535	148.000
368.715	221.000
368.895	207.000
369.075	65.000
369.254	76.000
369.434	249.000
369.614	329.000
369.793	227.000
369.973	236.000
370.153	150.000
370.333	149.000
370.512	124.000
370.692	196.000
370.872	151.000
371.051	157.000
371.231	309.000
371.411	260.000
371.591	156.000
371.770	252.000
371.950	255.000
372.130	155.000
372.310	79.000
372.489	141.000
372.669	141.000
372.849	101.000
373.028	160.000
373.208	220.000
373.388	134.000
373.568	112.000
373.747	130.000
373.927	180.000
374.107	132.000
374.287	198.000
374.466	162.000
374.646	192.000
374.826	180.000
375.005	73.000
375.185	217.000
375.365	413.000
375.545	311.000
375.724	264.000
375.904	280.000
376.084	189.000
376.263	81.000
376.443	146.000
376.623	209.000
376.803	256.000
376.982	227.000
377.162	128.000
377.342	137.000
377.522	299.000
377.701	274.000
377.881	151.000
378.061	276.000
378.240	168.000
378.420	78.000
378.600	170.000
378.780	288.000
378.959	140.000
379.139	140.000
379.319	245.000
379.499	279.000
379.678	257.000
379.858	303.000
380.038	176.000
380.217	222.000
380.397	201.000
380.577	224.000
380.757	166.000
380.936	262.000
381.116	221.000
381.296	120.000
381.476	216.000
381.655	176.000
381.835	183.000
382.015	132.000
382.194	195.000
382.374	284.000
382.554	298.000
382.734	233.000
382.913	249.000
383.093	314.000
383.273	234.000
383.452	234.000
383.632	170.000
383.812	239.000
383.992	206.000
384.171	259.000
384.351	219.000
384.531	202.000
384.711	169.000
384.890	37.000
385.070	100.000
385.250	158.000
385.429	228.000
385.609	148.000
385.789	166.000
385.969	169.000
386.148	110.000
386.328	176.000
386.508	214.000
386.688	201.000
386.867	195.000
387.047	254.000
387.227	180.000
387.406	124.000
387.586	132.000
387.766	260.000
387.946	231.000
388.125	175.000
388.305	128.000
388.485	159.000
388.664	274.000
388.844	215.000
389.024	188.000
389.204	212.000
389.383	201.000
389.563	143.000
389.743	114.000
389.923	155.000
390.102	139.000
390.282	166.000
390.462	215.000
390.641	200.000
390.821	98.000
391.001	159.000
391.181	164.000
391.360	207.000
391.540	272.000
391.720	300.000
391.900	235.000
392.079	120.000
392.259	201.000
392.439	292.000
392.618	288.000
392.798	255.000
392.978	192.000
393.158	96.000
393.337	213.000
393.517	314.000
393.697	335.000
393.877	366.000
394.056	272.000
394.236	314.000
394.416	263.000
394.595	109.000
394.775	171.000
394.955	245.000
395.135	255.000
395.314	258.000
395.494	417.000
395.674	340.000
395.853	186.000
396.033	299.000
396.213	275.000
396.393	159.000
396.572	221.000
396.752	237.000
396.932	293.000
397.112	337.000
397.291	355.000
397.471	292.000
397.651	209.000
397.830	147.000
398.010	281.000
398.190	336.000
398.370	314.000
398.549	392.000
398.729	313.000
398.909	260.000
399.089	248.000
399.268	396.000
399.448	496.000
399.628	446.000
399.807	397.000
399.987	390.000
400.167	397.000
400.347	469.000
400.526	536.000
400.706	334.000
400.886	308.000
401.065	320.000
401.245	358.000
401.425	447.000
401.605	416.000
401.784	427.000
401.964	473.000
402.144	525.000
402.324	510.000
402.503	501.000
402.683	520.000
402.863	490.000
403.042	495.000
403.222	510.000
403.402	619.000
403.582	587.000
403.761	453.000
403.941	582.000
404.121	541.000
404.301	534.000
404.480	663.000
404.660	762.000
404.844	870.000
405.029	795.000
405.213	692.000
405.398	703.000
405.582	691.000
405.767	734.000
405.951	730.000
406.136	727.000
406.320	801.000
406.505	918.000
406.689	976.000
406.874	983.000
407.058	1137.000
407.243	1081.000
407.427	1024.000
407.612	1042.000
407.796	1098.000
407.981	1190.000
408.165	1285.000
408.350	1388.000
408.534	1268.000
408.719	1276.000
408.903	1459.000
409.088	1571.000
409.272	1419.000
409.457	1560.000
409.641	1669.000
409.826	1731.000
410.010	1871.000
410.195	1899.000
410.379	2026.000
410.564	2263.000
410.748	2363.000
410.933	2524.000
411.117	2697.000
411.302	2888.000
411.486	3004.000
411.671	3155.000
411.855	3110.000
412.040	3111.000
412.224	3244.000
412.409	3369.000
412.593	3583.000
412.778	3727.000
412.962	3757.000
413.147	4031.000
413.331	4218.000
413.516	4327.000
413.700	4472.000
413.885	4724.000
414.069	4770.000
414.254	4932.000
414.438	5112.000
414.623	5176.000
414.807	5378.000
414.992	5451.000
415.176	5512.000
415.361	5835.000
415.545	6112.000
415.730	6272.000
415.914	6279.000
416.099	6539.000
416.283	6751.000
416.468	6727.000
416.652	6640.000
416.837	6744.000
417.021	7008.000
417.206	7168.000
417.390	7069.000
417.575	7200.000
417.759	7381.000
417.944	7548.000
418.128	7763.000
418.313	7865.000
418.497	8017.000
418.682	8183.000
418.866	8317.000
419.051	8178.000
419.235	8287.000
419.420	8539.000
419.604	8703.000
419.789	8838.000
419.973	9016.000
420.158	9105.000
420.342	9305.000
420.527	9567.000
420.711	9822.000
420.896	9960.000
421.080	9996.000
421.265	10080.000
421.449	9960.000
421.634	9884.000
421.818	9935.000
422.003	9799.000
422.187	9817.000
422.372	10075.000
422.556	10056.000
422.741	10175.000
422.925	10390.000
423.110	10333.000
423.294	10421.000
423.479	10667.000
423.663	10801.000
423.848	10765.000
424.032	10845.000
424.217	10905.000
424.401	11152.000
424.586	11091.000
424.770	10954.000
424.955	11060.000
425.139	11188.000
425.324	11267.000
425.508	11299.000
425.693	11370.000
425.877	11526.000
426.062	11613.000
426.246	11632.000
426.431	11470.000
426.615	11445.000
426.800	11380.000
426.984	11193.000
427.169	11361.000
427.353	11548.000
427.538	11518.000
427.722	11500.000
427.907	11506.000
428.091	11582.000
428.276	11584.000
428.460	11541.000
428.645	11496.000
428.829	11107.000
429.014	10844.000
429.198	10788.000
429.383	10603.000
429.567	10128.000
429.752	9754.000
429.936	9688.000
430.121	9553.000
430.305	9753.000
430.490	9798.000
430.674	10209.000
430.859	10855.000
431.043	11251.000
431.228	11568.000
431.412	11905.000
431.597	11980.000
431.781	12304.000
431.966	12471.000
432.150	12498.000
432.335	12660.000
432.519	12898.000
432.704	13024.000
432.888	12930.000
433.073	12750.000
433.257	12656.000
433.442	12651.000
433.626	12517.000
433.811	12561.000
433.995	12711.000
434.180	12841.000
434.364	13101.000
434.549	13321.000
434.733	13388.000
434.918	13524.000
435.102	13663.000
435.287	13821.000
435.471	14000.000
435.656	14223.000
435.840	14525.000
436.030	14436.000
436.219	14375.000
436.409	14556.000
436.599	14359.000
436.789	14344.000
436.978	14178.000
437.168	14045.000
437.358	13946.000
437.548	13764.000
437.737	13579.000
437.927	13605.000
438.117	13585.000
438.306	13587.000
438.496	13646.000
438.686	13867.000
438.876	13921.000
439.065	14067.000
439.255	14252.000
439.445	14232.000
439.634	14339.000
439.824	14384.000
440.014	14395.000
440.204	14584.000
440.393	14717.000
440.583	15055.000
440.773	15146.000
440.963	15243.000
441.152	15492.000
441.342	15490.000
441.532	15720.000
441.721	15944.000
441.911	16043.000
442.101	15982.000
442.291	16218.000
442.480	16279.000
442.670	16408.000
442.860	16322.000
443.050	16277.000
443.239	16527.000
443.429	16652.000
443.619	16596.000
443.808	16637.000
443.998	16799.000
444.188	16879.000
444.378	17034.000
444.567	17038.000
444.757	16781.000
444.947	16733.000
445.137	16823.000
445.326	16622.000
445.516	16381.000
445.706	16555.000
445.895	16791.000
446.085	17013.000
446.275	16975.000
446.465	17138.000
446.654	17386.000
446.844	17633.000
447.034	17791.000
447.223	18029.000
447.413	18086.000
447.603	18258.000
447.793	18286.000
447.982	18305.000
448.172	18141.000
448.362	18214.000
448.552	18239.000
448.741	18317.000
448.931	18341.000
449.121	18549.000
449.310	18496.000
449.500	18584.000
449.690	18922.000
449.880	19158.000
450.069	19394.000
450.259	19612.000
450.449	19493.000
450.639	19601.000
450.828	19654.000
451.018	19684.000
451.208	19476.000
451.397	19330.000
451.587	19511.000
451.777	19312.000
451.967	19014.000
452.156	18881.000
452.346	18857.000
452.536	18616.000
452.725	18268.000
452.915	18188.000
453.105	18272.000
453.295	18391.000
453.484	18423.000
453.674	18497.000
453.864	18635.000
454.054	18718.000
454.243	18633.000
454.433	18515.000
454.623	18632.000
454.812	18592.000
455.002	18576.000
455.192	18670.000
455.382	18856.000
455.571	18849.000
455.761	18915.000
455.951	19167.000
456.141	19253.000
456.330	19239.000
456.520	19076.000
456.710	19231.000
456.899	19255.000
457.089	19183.000
457.279	19383.000
457.469	19395.000
457.658	19089.000
457.848	18880.000
458.038	18962.000
458.228	18950.000
458.417	18779.000
458.607	18881.000
458.797	18993.000
458.986	18873.000
459.176	18736.000
459.366	18656.000
459.556	18454.000
459.745	18677.000
459.935	18630.000
460.125	18684.000
460.314	18813.000
460.504	18766.000
460.694	18979.000
460.884	19318.000
461.073	19041.000
461.263	19155.000
461.453	19357.000
461.643	19282.000
461.832	19298.000
462.022	19213.000
462.212	19208.000
462.401	19523.000
462.591	19542.000
462.781	19302.000
462.971	19544.000
463.160	19386.000
463.350	19248.000
463.540	19155.000
463.730	19038.000
463.919	18824.000
464.109	18881.000
464.299	18951.000
464.488	19003.000
464.678	18849.000
464.868	18926.000
465.058	18894.000
465.247	18922.000
465.437	18816.000
465.627	18941.000
465.816	18809.000
466.006	18585.000
466.196	18519.000
466.386	18607.000
466.575	18457.000
466.765	18404.000
466.955	18447.000
467.145	18429.000
467.334	18554.000
467.524	18622.000
467.714	18733.000
467.903	18763.000
468.093	18602.000
468.283	18714.000
468.473	18829.000
468.662	18842.000
468.852	18991.000
469.042	19050.000
469.232	19066.000
469.421	19040.000
469.611	18863.000
469.801	18785.000
469.990	18701.000
470.180	18581.000
470.370	18580.000
470.560	18677.000
470.749	18602.000
470.939	18704.000
471.129	19029.000
471.318	19086.000
471.508	19121.000
471.698	19372.000
471.888	19385.000
472.077	19320.000
472.267	19722.000
472.457	19596.000
472.647	19535.000
472.836	19586.000
473.026	19373.000
473.216	19225.000
473.405	19298.000
473.595	19333.000
473.785	19348.000
473.975	19485.000
474.164	19658.000
474.354	19854.000
474.544	19873.000
474.734	20109.000
474.923	19746.000
475.113	19710.000
475.303	19495.000
475.492	19474.000
475.682	19584.000
475.872	19661.000
476.062	19672.000
476.251	19545.000
476.441	19326.000
476.631	19124.000
476.821	19312.000
477.010	19477.000
477.200	19393.000
477.390	19544.000
477.579	19771.000
477.769	19828.000
477.959	19818.000
478.149	19936.000
478.338	19823.000
478.528	19713.000
478.718	19761.000
478.907	19721.000
479.097	19684.000
479.287	19632.000
479.477	19739.000
479.666	19738.000
479.856	19864.000
480.046	19707.000
480.236	19698.000
480.425	19686.000
480.615	19676.000
480.805	19703.000
480.994	19873.000
481.184	20090.000
481.374	20128.000
481.564	19936.000
481.753	20026.000
481.943	19994.000
482.133	20052.000
482.323	19736.000
482.512	19677.000
482.702	19866.000
482.892	19702.000
483.081	19431.000
483.271	19610.000
483.461	19559.000
483.651	19428.000
483.840	19326.000
484.030	19381.000
484.220	19223.000
484.409	19244.000
484.599	19109.000
484.789	18707.000
484.979	18539.000
485.168	18462.000
485.358	17975.000
485.548	17696.000
485.738	17428.000
485.927	17003.000
486.117	16634.000
486.307	16468.000
486.496	16383.000
486.686	16546.000
486.876	16460.000
487.066	16664.000
487.255	16895.000
487.445	16989.000
487.635	17198.000
487.825	17381.000
488.014	17364.000
488.204	17732.000
488.394	17678.000
488.583	17713.000
488.773	17736.000
488.963	17766.000
489.153	17898.000
489.342	17932.000
489.532	18251.000
489.722	18512.000
489.912	18557.000
490.101	18602.000
490.291	18634.000
490.481	18565.000
490.670	18631.000
490.860	18601.000
491.050	18646.000
491.240	18488.000
491.429	18299.000
491.619	18220.000
491.809	18149.000
491.998	18011.000
492.188	17750.000
492.378	17979.000
492.568	17844.000
492.757	18074.000
492.947	18127.000
493.137	18154.000
493.327	18291.000
493.516	18262.000
493.706	18152.000
493.896	18174.000
494.085	18201.000
494.275	18341.000
494.465	18554.000
494.655	18749.000
494.844	18924.000
495.034	18800.000
495.224	18730.000
495.414	18792.000
495.603	18858.000
495.793	18842.000
495.983	18707.000
496.172	18587.000
496.362	18573.000
496.552	18884.000
496.742	18900.000
496.931	18932.000
497.121	18946.000
497.311	18818.000
497.500	18880.000
497.690	18894.000
497.880	18464.000
498.070	18233.000
498.259	18267.000
498.449	18223.000
498.639	18081.000
498.829	18119.000
499.018	18449.000
499.208	18351.000
499.398	18367.000
499.587	18504.000
499.777	18445.000
499.967	18396.000
500.157	18400.000
500.346	18348.000
500.536	18045.000
500.726	17878.000
500.916	17791.000
501.105	17735.000
501.295	17863.000
501.485	17780.000
501.674	17496.000
501.864	17477.000
502.054	17611.000
502.244	17849.000
502.433	17913.000
502.623	18010.000
502.813	18104.000
503.003	18095.000
503.192	18133.000
503.382	18027.000
503.572	17867.000
503.761	17779.000
503.951	17727.000
504.141	17677.000
504.331	17549.000
504.520	17584.000
504.710	17882.000
504.900	17848.000
505.089	18081.000
505.279	18260.000
505.469	18320.000
505.659	18423.000
505.848	18485.000
506.038	18477.000
506.228	18421.000
506.418	18259.000
506.607	18312.000
506.797	18168.000
506.987	18051.000
507.176	17987.000
507.366	18004.000
507.556	17915.000
507.746	17664.000
507.935	17638.000
508.125	17786.000
508.315	17754.000
508.505	17971.000
508.694	17914.000
508.884	17958.000
509.074	18184.000
509.263	18142.000
509.453	18120.000
509.643	18048.000
509.833	17746.000
510.022	17706.000
510.212	17775.000
510.402	17809.000
510.592	17825.000
510.781	17844.000
510.971	17932.000
511.161	18141.000
511.350	18055.000
511.540	18132.000
511.730	18268.000
511.920	18094.000
512.109	17943.000
512.299	18033.000
512.489	17815.000
512.678	17783.000
512.868	17757.000
513.058	17573.000
513.248	17555.000
513.437	17383.000
513.627	17283.000
513.817	17116.000
514.007	17115.000
514.196	17216.000
514.386	16956.000
514.576	17097.000
514.765	17030.000
514.955	17061.000
515.145	17088.000
515.335	17207.000
515.524	17223.000
515.714	17222.000
515.904	17072.000
516.094	16875.000
516.283	16595.000
516.473	16391.000
516.663	15985.000
516.852	15615.000
517.042	15463.000
517.232	15422.000
517.422	15516.000
517.611	15646.000
517.801	15840.000
517.991	15676.000
518.180	15685.000
518.370	15705.000
518.560	15750.000
518.750	15757.000
518.939	15981.000
519.129	16245.000
519.319	16461.000
519.509	16526.000
519.698	16631.000
519.888	16746.000
520.078	16716.000
520.267	16913.000
520.457	17025.000
520.647	16928.000
520.837	16949.000
521.026	17150.000
521.216	17287.000
521.406	17243.000
521.596	17330.000
521.785	17378.000
521.975	17301.000
522.165	17204.000
522.354	17404.000
522.544	17335.000
522.734	17055.000
522.924	17107.000
523.113	17294.000
523.303	17313.000
523.493	17453.000
523.683	17458.000
523.872	17608.000
524.062	17708.000
524.252	17725.000
524.441	17802.000
524.631	17963.000
524.821	17897.000
525.011	17819.000
525.200	17839.000
525.390	17684.000
525.580	17674.000
525.769	17674.000
525.959	17574.000
526.149	17128.000
526.339	16958.000
526.528	16831.000
526.718	16549.000
526.908	16435.000
527.098	16623.000
527.287	17076.000
527.477	17018.000
527.667	17171.000
527.856	17546.000
528.046	17673.000
528.236	17814.000
528.426	17957.000
528.615	17927.000
528.805	17900.000
528.995	17983.000
529.185	18097.000
529.374	18401.000
529.564	18285.000
529.754	18004.000
529.943	18087.000
530.133	18181.000
530.323	18488.000
530.513	18450.000
530.702	18351.000
530.892	18421.000
531.082	18275.000
531.271	18160.000
531.461	17969.000
531.651	17900.000
531.841	17846.000
532.030	17680.000
532.220	17195.000
532.410	17098.000
532.600	17108.000
532.789	17367.000
532.979	17187.000
533.169	17080.000
533.358	17273.000
533.548	17295.000
533.738	17019.000
533.928	17050.000
534.117	16906.000
534.307	16997.000
534.497	17136.000
534.687	17277.000
534.876	17488.000
535.066	17528.000
535.256	17164.000
535.445	17180.000
535.635	17115.000
535.825	17064.000
536.015	16977.000
536.204	16835.000
536.394	16676.000
536.584	16522.000
536.773	16763.000
536.963	16782.000
537.153	16582.000
537.343	16648.000
537.532	16763.000
537.722	16647.000
537.912	16737.000
538.102	16550.000
538.291	16521.000
538.481	16641.000
538.671	16646.000
538.860	16599.000
539.050	16335.000
539.240	16220.000
539.430	16086.000
539.619	16114.000
539.809	16103.000
539.999	15957.000
540.189	15848.000
540.378	15752.000
540.568	15792.000
540.758	15943.000
540.947	16074.000
541.137	16100.000
541.327	16321.000
541.517	16225.000
541.706	16018.000
541.896	15963.000
542.086	16016.000
542.276	16041.000
542.465	15814.000
542.655	15894.000
542.845	15830.000
543.034	15839.000
543.224	16111.000
543.414	16244.000
543.604	16257.000
543.793	16161.000
543.983	16189.000
544.173	16004.000
544.362	15972.000
544.552	16242.000
544.742	16216.000
544.932	15905.000
545.121	15865.000
545.311	15956.000
545.501	16108.000
545.691	15927.000
545.880	16006.000
546.070	16111.000
546.264	15944.000
546.459	15994.000
546.653	15838.000
546.847	15702.000
547.041	15786.000
547.236	15895.000
547.430	15919.000
547.624	15631.000
547.818	15626.000
548.013	15840.000
548.207	15890.000
548.401	15594.000
548.596	15685.000
548.790	15812.000
548.984	15756.000
549.178	15691.000
549.373	15742.000
549.567	15851.000
549.761	15668.000
549.956	15450.000
550.150	15526.000
550.344	15608.000
550.538	15691.000
550.733	15694.000
550.927	15520.000
551.121	15582.000
551.315	15632.000
551.510	15659.000
551.704	15648.000
551.898	15721.000
552.093	15782.000
552.287	15446.000
552.481	15574.000
552.675	15591.000
552.870	15527.000
553.064	15292.000
553.258	15480.000
553.453	15502.000
553.647	15439.000
553.841	15383.000
554.035	15499.000
554.230	15514.000
554.424	15565.000
554.618	15635.000
554.812	15580.000
555.007	15370.000
555.201	15392.000
555.395	15384.000
555.590	15458.000
555.784	15440.000
555.978	15265.000
556.172	15236.000
556.367	15269.000
556.561	15118.000
556.755	15112.000
556.949	14987.000
557.144	14980.000
557.338	14872.000
557.532	14738.000
557.727	14871.000
557.921	15020.000
558.115	14768.000
558.309	14730.000
558.504	14690.000
558.698	14695.000
558.892	14725.000
559.087	14512.000
559.281	14595.000
559.475	14589.000
559.669	14360.000
559.864	14417.000
560.058	14742.000
560.252	14859.000
560.446	14592.000
560.641	14758.000
560.835	14933.000
561.029	14579.000
561.224	14466.000
561.418	14563.000
561.612	14775.000
561.806	14835.000
562.001	14725.000
562.195	14610.000
562.389	14637.000
562.584	14601.000
562.778	14513.000
562.972	14505.000
563.166	14685.000
563.361	14701.000
563.555	14667.000
563.749	14534.000
563.943	14464.000
564.138	14530.000
564.332	14729.000
564.526	14419.000
564.721	14250.000
564.915	14425.000
565.109	14417.000
565.303	14289.000
565.498	14225.000
565.692	14143.000
565.886	13887.000
566.081	13958.000
566.275	14036.000
566.469	14164.000
566.663	14192.000
566.858	14160.000
567.052	14222.000
567.246	14087.000
567.440	13945.000
567.635	14064.000
567.829	13948.000
568.023	13902.000
568.218	13786.000
568.412	13659.000
568.606	13513.000
568.800	13639.000
568.995	13618.000
569.189	13621.000
569.383	13478.000
569.577	13545.000
569.772	13593.000
569.966	13361.000
570.160	13411.000
570.355	13226.000
570.549	13288.000
570.743	13147.000
570.937	13187.000
571.132	13140.000
571.326	13239.000
571.520	13123.000
571.715	13107.000
571.909	13089.000
572.103	13191.000
572.297	13342.000
572.492	13271.000
572.686	13143.000
572.880	13208.000
573.074	13187.000
573.269	13026.000
573.463	13225.000
573.657	13098.000
573.852	12986.000
574.046	12746.000
574.240	12885.000
574.434	12778.000
574.629	12588.000
574.823	12704.000
575.017	12724.000
575.212	12469.000
575.406	12473.000
575.600	12524.000
575.794	12516.000
575.989	12548.000
576.183	12617.000
576.377	12676.000
576.571	12645.000
576.766	12608.000
576.960	12560.000
577.159	12602.000
577.357	12392.000
577.556	12222.000
577.755	12142.000
577.953	12161.000
578.152	11983.000
578.350	11916.000
578.549	11919.000
578.748	12016.000
578.946	11979.000
579.145	11990.000
579.344	12113.000
579.542	12411.000
579.741	12432.000
579.940	12252.000
580.138	12085.000
580.337	12018.000
580.535	12118.000
580.734	12316.000
580.933	12398.000
581.131	12369.000
581.330	12434.000
581.529	12645.000
581.727	12729.000
581.926	12945.000
582.125	12923.000
582.323	12859.000
582.522	12850.000
582.721	12926.000
582.919	12929.000
583.118	12848.000
583.316	12923.000
583.515	13173.000
583.714	13175.000
583.912	13089.000
584.111	13248.000
584.310	13319.000
584.508	12963.000
584.707	13000.000
584.906	12949.000
585.104	12872.000
585.303	13084.000
585.501	12942.000
585.700	12739.000
585.899	12895.000
586.097	12971.000
586.296	12945.000
586.495	12911.000
586.693	12909.000
586.892	12882.000
587.091	12743.000
587.289	12705.000
587.488	12690.000
587.686	12208.000
587.885	12191.000
588.084	11903.000
588.282	11430.000
588.481	11331.000
588.680	11319.000
588.878	11186.000
589.077	11056.000
589.276	11228.000
589.474	11287.000
589.673	11249.000
589.871	11273.000
590.070	11322.000
590.269	11349.000
590.467	11359.000
590.666	11450.000
590.865	11341.000
591.063	11507.000
591.262	11691.000
591.461	11660.000
591.659	11460.000
591.858	11580.000
592.056	11622.000
592.255	11548.000
592.454	11541.000
592.652	11756.000
592.851	11838.000
593.050	11701.000
593.248	11772.000
593.447	11647.000
593.646	11432.000
593.844	11602.000
594.043	11652.000
594.241	11677.000
594.440	11488.000
594.639	11445.000
594.837	11457.000
595.036	11672.000
595.235	11581.000
595.433	11498.000
595.632	11478.000
595.831	11600.000
596.029	11612.000
596.228	11562.000
596.427	11495.000
596.625	11707.000
596.824	11577.000
597.022	11594.000
597.221	11503.000
597.420	11539.000
597.618	11476.000
597.817	11592.000
598.016	11571.000
598.214	11570.000
598.413	11585.000
598.612	11515.000
598.810	11690.000
599.009	11730.000
599.207	11790.000
599.406	11631.000
599.605	11601.000
599.803	11601.000
600.002	11754.000
600.201	11662.000
600.399	11654.000
600.598	11560.000
600.797	11383.000
600.995	11340.000
601.194	11408.000
601.392	11459.000
601.591	11341.000
601.790	11503.000
601.988	11531.000
602.187	11499.000
602.386	11451.000
602.584	11640.000
602.783	11655.000
602.982	11608.000
603.180	11735.000
603.379	11794.000
603.577	11680.000
603.776	11552.000
603.975	11608.000
604.173	11671.000
604.372	11605.000
604.571	11499.000
604.769	11350.000
604.968	11485.000
605.167	11436.000
605.365	11353.000
605.564	11507.000
605.762	11533.000
605.961	11458.000
606.160	11449.000
606.358	11652.000
606.557	11644.000
606.756	11593.000
606.954	11508.000
607.153	11329.000
607.352	11352.000
607.550	11453.000
607.749	11284.000
607.948	11291.000
608.146	11356.000
608.345	11262.000
608.543	11254.000
608.742	11224.000
608.941	11292.000
609.139	11215.000
609.338	11186.000
609.537	11144.000
609.735	11163.000
609.934	10943.000
610.133	10892.000
610.331	11100.000
610.530	11318.000
610.728	11254.000
610.927	11051.000
611.126	10940.000
611.324	11065.000
611.523	11163.000
611.722	10995.000
611.920	10936.000
612.119	10773.000
612.318	10727.000
612.516	10779.000
612.715	10797.000
612.913	10806.000
613.112	10719.000
613.311	10659.000
613.509	10456.000
613.708	10534.000
613.907	10634.000
614.105	10797.000
614.304	10587.000
614.503	10619.000
614.701	10563.000
614.900	10555.000
615.098	10660.000
615.297	10571.000
615.496	10399.000
615.694	10300.000
615.893	10364.000
616.092	10181.000
616.290	10236.000
616.489	10488.000
616.688	10351.000
616.886	10156.000
617.085	10030.000
617.283	10024.000
617.482	10095.000
617.681	10280.000
617.879	10289.000
618.078	10343.000
618.277	10498.000
618.475	10330.000
618.674	10262.000
618.873	10372.000
619.071	10398.000
619.270	10281.000
619.468	10171.000
619.667	10265.000
619.866	10417.000
620.064	10180.000
620.263	10142.000
620.462	10100.000
620.660	10047.000
620.859	10073.000
621.058	10186.000
621.256	10186.000
621.455	9980.000
621.654	10021.000
621.852	10204.000
622.051	10233.000
622.249	10008.000
622.448	9941.000
622.647	9876.000
622.845	9967.000
623.044	9876.000
623.243	9717.000
623.441	9872.000
623.640	9787.000
623.839	9624.000
624.037	9546.000
624.236	9570.000
624.434	9601.000
624.633	9658.000
624.832	9549.000
625.030	9549.000
625.229	9463.000
625.428	9350.000
625.626	9594.000
625.825	9590.000
626.024	9679.000
626.222	9685.000
626.421	9702.000
626.619	9705.000
626.818	9400.000
627.017	9371.000
627.215	9315.000
627.414	9043.000
627.613	9045.000
627.811	9074.000
628.010	8958.000
628.209	9115.000
628.407	9291.000
628.606	9213.000
628.804	9067.000
629.003	9171.000
629.202	9080.000
629.400	9072.000
629.599	8976.000
629.798	8892.000
629.996	9044.000
630.195	8996.000
630.394	9087.000
630.592	9203.000
630.791	9048.000
630.990	9068.000
631.188	9045.000
631.387	9008.000
631.585	8932.000
631.784	8907.000
631.983	8906.000
632.181	8976.000
632.380	9047.000
632.579	9181.000
632.777	9206.000
632.976	9047.000
633.175	8914.000
633.373	9118.000
633.572	9218.000
633.770	9139.000
633.969	9137.000
634.168	9073.000
634.366	8972.000
634.565	8950.000
634.764	8956.000
634.962	9065.000
635.161	9230.000
635.360	9014.000
635.558	9121.000
635.757	9270.000
635.955	9054.000
636.154	8879.000
636.353	8957.000
636.551	8976.000
636.750	8929.000
636.949	8895.000
637.147	8915.000
637.346	8883.000
637.545	9081.000
637.743	8926.000
637.942	8868.000
638.140	9104.000
638.339	9167.000
638.538	9114.000
638.736	9036.000
638.935	8985.000
639.134	8861.000
639.332	8933.000
639.531	8934.000
639.730	8889.000
639.928	8868.000
640.127	8753.000
640.325	8804.000
640.524	8902.000
640.723	8743.000
640.921	8852.000
641.120	8740.000
641.319	8763.000
641.517	8793.000
641.716	8778.000
641.915	8851.000
642.113	8821.000
642.312	8685.000
642.510	8615.000
642.709	8731.000
642.908	8765.000
643.106	8720.000
643.305	8620.000
643.504	8711.000
643.702	8829.000
643.901	8774.000
644.100	8661.000
644.298	8540.000
644.497	8655.000
644.696	8693.000
644.894	8596.000
645.093	8636.000
645.291	8632.000
645.490	8736.000
645.689	8682.000
645.887	8564.000
646.086	8576.000
646.285	8391.000
646.483	8112.000
646.682	8225.000
646.881	8223.000
647.079	8162.000
647.278	8213.000
647.476	8175.000
647.675	8100.000
647.874	8181.000
648.072	8134.000
648.271	7954.000
648.470	7964.000
648.668	8068.000
648.867	8033.000
649.066	7987.000
649.264	7980.000
649.463	7927.000
649.661	7921.000
649.860	7969.000
650.059	8003.000
650.257	7976.000
650.456	8185.000
650.655	8230.000
650.853	8054.000
651.052	7993.000
651.251	7951.000
651.449	7780.000
651.648	7788.000
651.846	7926.000
652.045	7914.000
652.244	8065.000
652.442	8193.000
652.641	8149.000
652.840	8234.000
653.038	8076.000
653.237	8193.000
653.436	8255.000
653.634	7998.000
653.833	7925.000
654.032	7987.000
654.230	7918.000
654.429	7890.000
654.627	7941.000
654.826	7905.000
655.025	7693.000
655.223	7638.000
655.422	7507.000
655.621	7361.000
655.819	7235.000
656.018	7153.000
656.217	7125.000
656.415	7019.000
656.614	7128.000
656.812	7430.000
657.011	7479.000
657.210	7415.000
657.408	7485.000
657.607	7653.000
657.806	7694.000
658.004	7661.000
658.203	7585.000
658.402	7642.000
658.600	7848.000
658.799	7832.000
658.997	7858.000
659.196	7734.000
659.395	7807.000
659.593	7899.000
659.792	7876.000
659.991	7953.000
660.189	7893.000
660.388	8033.000
660.587	7959.000
660.785	7894.000
660.984	7792.000
661.182	7784.000
661.381	7889.000
661.580	7935.000
661.778	7946.000
661.977	8073.000
662.176	8155.000
662.374	8019.000
662.573	7941.000
662.772	8034.000
662.970	7860.000
663.169	7702.000
663.367	7803.000
663.566	7771.000
663.765	7894.000
663.963	7822.000
664.162	7826.000
664.361	7868.000
664.559	7963.000
664.758	8081.000
664.957	8060.000
665.155	7838.000
665.354	7759.000
665.552	7803.000
665.751	7907.000
665.950	7664.000
666.148	7595.000
666.347	7743.000
666.546	7557.000
666.744	7648.000
666.943	7609.000
667.142	7420.000
667.340	7655.000
667.539	7853.000
667.738	7739.000
667.936	7699.000
668.135	7620.000
668.333	7658.000
668.532	7710.000
668.731	7581.000
668.929	7433.000
669.128	7401.000
669.327	7450.000
669.525	7598.000
669.724	7622.000
669.923	7519.000
670.121	7402.000
670.320	7424.000
670.518	7486.000
670.717	7291.000
670.916	7225.000
671.114	7261.000
671.313	7347.000
671.512	7280.000
671.710	7182.000
671.909	7424.000
672.108	7668.000
672.306	7552.000
672.505	7251.000
672.703	7174.000
672.902	7246.000
673.101	7244.000
673.299	7464.000
673.498	7512.000
673.697	7365.000
673.895	7141.000
674.094	7143.000
674.293	7195.000
674.491	7072.000
674.690	7103.000
674.888	7028.000
675.087	7102.000
675.286	7154.000
675.484	7084.000
675.683	7036.000
675.882	6927.000
676.080	7058.000
676.279	7129.000
676.478	7216.000
676.676	7111.000
676.875	6949.000
677.073	6976.000
677.272	6988.000
677.471	7023.000
677.669	7074.000
677.868	7129.000
678.067	7057.000
678.265	7019.000
678.464	7027.000
678.663	6878.000
678.861	6921.000
679.060	6968.000
679.259	6895.000
679.457	6985.000
679.656	6857.000
679.854	6782.000
680.053	6712.000
680.252	6830.000
680.450	6800.000
680.649	6857.000
680.848	6823.000
681.046	6693.000
681.245	6661.000
681.444	6734.000
681.642	6817.000
681.841	6902.000
682.039	6822.000
682.238	6852.000
682.437	6690.000
682.635	6739.000
682.834	6614.000
683.033	6612.000
683.231	6692.000
683.430	6629.000
683.629	6604.000
683.827	6725.000
684.026	6753.000
684.224	6648.000
684.423	6503.000
684.622	6556.000
684.820	6545.000
685.019	6628.000
685.218	6704.000
685.416	6483.000
685.615	6217.000
685.814	6114.000
686.012	6033.000
686.211	5868.000
686.409	5652.000
686.608	5464.000
686.807	5296.000
687.005	5335.000
687.204	5458.000
687.403	5267.000
687.601	5551.000
687.800	5469.000
687.999	5334.000
688.197	5409.000
688.396	5327.000
688.594	5334.000
688.793	5294.000
688.992	5492.000
689.190	5568.000
689.389	5624.000
689.588	5705.000
689.786	5814.000
689.985	5814.000
690.184	5948.000
690.382	6052.000
690.581	5829.000
690.779	5881.000
690.978	5894.000
691.177	6046.000
691.375	6042.000
691.574	6292.000
691.773	6290.000
691.971	6093.000
692.170	6084.000
692.369	6111.000
692.567	6019.000
692.766	6044.000
692.965	6266.000
693.163	6236.000
693.362	6310.000
693.560	6360.000
693.759	6289.000
693.958	6289.000
694.156	6304.000
694.355	6095.000
694.554	6225.000
694.752	6248.000
694.951	6230.000
695.150	6191.000
695.348	6394.000
695.547	6445.000
695.745	6536.000
695.944	6569.000
696.143	6624.000
696.341	6795.000
696.540	6981.000
696.743	6958.000
696.946	7030.000
697.149	7020.000
697.352	7059.000
697.555	7085.000
697.757	7070.000
697.960	7005.000
698.163	6995.000
698.366	7090.000
698.569	7060.000
698.772	7079.000
698.975	7121.000
699.178	7127.000
699.381	7140.000
699.584	7268.000
699.787	7209.000
699.989	7126.000
700.192	7126.000
700.395	7126.000
700.598	7355.000
700.801	7334.000
701.004	7257.000
701.207	7365.000
701.410	7399.000
701.613	7456.000
701.816	7461.000
702.019	7376.000
702.221	7681.000
702.424	7575.000
702.627	7561.000
702.830	7671.000
703.033	7815.000
703.236	7876.000
703.439	7854.000
703.642	7882.000
703.845	7989.000
704.048	8055.000
704.251	7929.000
704.453	7846.000
704.656	8191.000
704.859	8329.000
705.062	8246.000
705.265	8345.000
705.468	8160.000
705.671	8161.000
705.874	8411.000
706.077	8348.000
706.280	8408.000
706.483	8452.000
706.685	8562.000
706.888	8715.000
707.091	8933.000
707.294	8822.000
707.497	8792.000
707.700	8894.000
707.903	8943.000
708.106	8878.000
708.309	8869.000
708.512	8957.000
708.715	9113.000
708.917	9139.000
709.120	9174.000
709.323	9258.000
709.526	9119.000
709.729	9036.000
709.932	9149.000
710.135	9142.000
710.338	9312.000
710.541	9531.000
710.744	9462.000
710.947	9464.000
711.149	9521.000
711.352	9591.000
711.555	9568.000
711.758	9505.000
711.961	9523.000
712.164	9580.000
712.367	9710.000
712.570	9624.000
712.773	9716.000
712.976	9759.000
713.179	9635.000
713.381	9820.000
713.584	9926.000
713.787	9779.000
713.990	9792.000
714.193	9823.000
714.396	9912.000
714.599	10233.000
714.802	10079.000
715.005	9837.000
715.208	9666.000
715.411	9708.000
715.613	9600.000
715.816	9516.000
716.019	9249.000
716.222	9038.000
716.425	8992.000
716.628	8845.000
716.831	8549.000
717.034	8415.000
717.237	8359.000
717.440	8205.000
717.643	8166.000
717.845	8097.000
718.048	7926.000
718.251	7754.000
718.454	7830.000
718.657	7858.000
718.860	7852.000
719.063	7824.000
719.266	7722.000
719.469	7727.000
719.672	7841.000
719.875	8097.000
720.077	8400.000
720.280	8679.000
720.483	8940.000
720.686	9038.000
720.889	9384.000
721.092	9416.000
721.295	9513.000
721.498	9517.000
721.701	9611.000
721.904	9726.000
722.107	9812.000
722.309	9730.000
722.512	9519.000
722.715	9528.000
722.918	9413.000
723.121	9395.000
723.324	9528.000
723.527	9542.000
723.730	9563.000
723.933	9622.000
724.136	9493.000
724.339	9421.000
724.541	9446.000
724.744	9554.000
724.947	9454.000
725.150	9557.000
725.353	9603.000
725.556	9584.000
725.759	9893.000
725.962	9879.000
726.165	9648.000
726.368	9787.000
726.571	9862.000
726.773	10018.000
726.976	10097.000
727.179	10190.000
727.382	10253.000
727.585	10403.000
727.788	10159.000
727.991	9984.000
728.194	9991.000
728.397	9928.000
728.600	10134.000
728.803	10249.000
729.005	10453.000
729.208	10621.000
729.411	10630.000
729.614	10611.000
729.817	10689.000
730.020	10770.000
730.223	10814.000
730.426	10755.000
730.629	10860.000
730.832	10991.000
731.035	11114.000
731.237	11347.000
731.440	11367.000
731.643	11621.000
731.846	11837.000
732.049	11864.000
732.252	12247.000
732.455	12312.000
732.658	12359.000
732.861	12439.000
733.064	12477.000
733.267	12769.000
733.469	12880.000
733.672	12782.000
733.875	12797.000
734.078	13029.000
734.281	13183.000
734.484	13240.000
734.687	13108.000
734.890	13071.000
735.093	13398.000
735.296	13484.000
735.499	13333.000
735.701	13288.000
735.904	13663.000
736.107	13557.000
736.310	13509.000
736.513	13705.000
736.716	13683.000
736.919	13641.000
737.122	13714.000
737.325	13649.000
737.528	13609.000
737.731	13573.000
737.933	13762.000
738.136	13998.000
738.339	14072.000
738.542	14080.000
738.745	13902.000
738.948	13913.000
739.151	14043.000
739.354	13984.000
739.557	14053.000
739.760	14212.000
739.963	14290.000
740.165	14261.000
740.368	14213.000
740.571	14096.000
740.774	14279.000
740.977	14332.000
741.180	14227.000
741.383	14343.000
741.586	14573.000
741.789	14562.000
741.992	14654.000
742.195	14656.000
742.397	14593.000
742.600	14787.000
742.803	14729.000
743.006	14880.000
743.209	14900.000
743.412	14732.000
743.615	14611.000
743.818	14771.000
744.021	14835.000
744.224	14863.000
744.427	14973.000
744.629	15046.000
744.832	14992.000
745.035	14950.000
745.238	14964.000
745.441	15188.000
745.644	15088.000
745.847	15100.000
746.050	15135.000
746.253	15218.000
746.456	15276.000
746.659	15292.000
746.861	14985.000
747.064	15100.000
747.267	15299.000
747.470	15169.000
747.673	15259.000
747.876	15171.000
748.079	15077.000
748.282	15016.000
748.485	15106.000
748.688	15112.000
748.891	14962.000
749.093	15082.000
749.296	15271.000
749.499	15146.000
749.702	15063.000
749.905	14948.000
750.108	15067.000
750.311	15123.000
750.514	15011.000
750.717	15009.000
750.920	15106.000
751.123	15176.000
751.325	14967.000
751.528	14846.000
751.731	14822.000
751.934	14859.000
752.137	15029.000
752.340	14945.000
752.543	15061.000
752.746	15068.000
752.949	14815.000
753.152	14933.000
753.355	15006.000
753.557	15092.000
753.760	14994.000
753.963	15114.000
754.166	14984.000
754.369	14734.000
754.572	14740.000
754.775	14860.000
754.978	14981.000
755.181	15079.000
755.384	14958.000
755.587	14956.000
755.789	14662.000
755.992	14809.000
756.195	14916.000
756.398	14783.000
756.601	14765.000
756.804	14710.000
757.007	14725.000
757.210	14770.000
757.413	14631.000
757.616	14547.000
757.819	14284.000
758.021	13821.000
758.224	13171.000
758.427	12360.000
758.630	11324.000
758.833	10333.000
759.036	9283.000
759.239	8493.000
759.442	7685.000
759.645	6923.000
759.848	6596.000
760.051	6595.000
760.253	6640.000
760.456	6688.000
760.659	6643.000
760.862	6655.000
761.065	6352.000
761.268	6288.000
761.471	6363.000
761.674	6147.000
761.877	5856.000
762.080	5924.000
762.283	5948.000
762.485	5972.000
762.688	6175.000
762.891	6443.000
763.094	6438.000
763.297	6742.000
763.500	7079.000
763.706	7334.000
763.912	7460.000
764.118	7591.000
764.325	7756.000
764.531	8073.000
764.737	8350.000
764.943	8557.000
765.149	8929.000
765.355	9205.000
765.561	9703.000
765.768	9974.000
765.974	10080.000
766.180	10413.000
766.386	10994.000
766.592	11322.000
766.798	11423.000
767.004	11644.000
767.210	11927.000
767.417	12119.000
767.623	12196.000
767.829	12222.000
768.035	12356.000
768.241	12617.000
768.447	12850.000
768.653	12701.000
768.860	12770.000
769.066	12805.000
769.272	12844.000
769.478	12985.000
769.684	13159.000
769.890	13294.000
770.096	13195.000
770.303	13161.000
770.509	13121.000
770.715	13223.000
770.921	13416.000
771.127	13526.000
771.333	13525.000
771.539	13368.000
771.745	13339.000
771.952	13296.000
772.158	13302.000
772.364	13155.000
772.570	13200.000
772.776	13141.000
772.982	12966.000
773.188	12945.000
773.395	13109.000
773.601	13239.000
773.807	13152.000
774.013	12965.000
774.219	13040.000
774.425	13116.000
774.631	13110.000
774.838	12941.000
775.044	12961.000
775.250	12868.000
775.456	12953.000
775.662	13106.000
775.868	13144.000
776.074	12941.000
776.281	12881.000
776.487	12844.000
776.693	12749.000
776.899	12648.000
777.105	12814.000
777.311	13013.000
777.517	13094.000
777.723	12919.000
777.930	12739.000
778.136	12655.000
778.342	12656.000
778.548	12680.000
778.754	12565.000
778.960	12706.000
779.166	12795.000
779.373	12663.000
779.579	12533.000
779.785	12417.000
779.991	12321.000
780.197	12290.000
780.403	12238.000
780.609	12458.000
780.816	12432.000
781.022	12397.000
781.228	12530.000
781.434	12374.000
781.640	12336.000
781.846	12406.000
782.052	12296.000
782.259	12278.000
782.465	12227.000
782.671	12278.000
782.877	12105.000
783.083	12072.000
783.289	12152.000
783.495	12108.000
783.701	12167.000
783.908	12065.000
784.114	12089.000
784.320	12024.000
784.526	11936.000
784.732	11835.000
784.938	11926.000
785.144	11740.000
785.351	11647.000
785.557	12019.000
785.763	11946.000
785.969	11746.000
786.175	11676.000
786.381	11650.000
786.587	11519.000
786.794	11511.000
787.000	11501.000
787.206	11568.000
787.412	11556.000
787.618	11297.000
787.824	11297.000
788.030	11353.000
788.236	11228.000
788.443	11196.000
788.649	11091.000
788.855	10889.000
789.061	10777.000
789.267	10892.000
789.473	10832.000
789.679	10879.000
789.886	10831.000
790.092	10689.000
790.298	10624.000
790.504	10679.000
790.710	10630.000
790.916	10607.000
791.122	10489.000
791.329	10512.000
791.535	10724.000
791.741	10676.000
791.947	10610.000
792.153	10540.000
792.359	10464.000
792.565	10535.000
792.771	10610.000
792.978	10392.000
793.184	10510.000
793.390	10370.000
793.596	10269.000
793.802	10326.000
794.008	10479.000
794.214	10568.000
794.421	10487.000
794.627	10232.000
794.833	10209.000
795.039	10337.000
795.245	10282.000
795.451	10067.000
795.657	10050.000
795.864	9937.000
796.070	10107.000
796.276	10308.000
796.482	10117.000
796.688	10019.000
796.894	10091.000
797.100	10055.000
797.307	10119.000
797.513	10110.000
797.719	9965.000
797.925	10049.000
798.131	9951.000
798.337	9802.000
798.543	9832.000
798.749	9831.000
798.956	10024.000
799.162	9874.000
799.368	9664.000
799.574	9737.000
799.780	9696.000
799.986	9517.000
800.192	9449.000
800.399	9479.000
800.605	9648.000
800.811	9713.000
801.017	9704.000
801.223	9345.000
801.429	9387.000
801.635	9538.000
801.842	9482.000
802.048	9373.000
802.254	9378.000
802.460	9458.000
802.666	9258.000
802.872	9307.000
803.078	9570.000
803.285	9354.000
803.491	9126.000
803.697	9180.000
803.903	9216.000
804.109	9199.000
804.315	9441.000
804.521	9389.000
804.727	9375.000
804.934	9357.000
805.140	9229.000
805.346	9314.000
805.552	9445.000
805.758	9397.000
805.964	9134.000
806.170	9206.000
806.377	9307.000
806.583	9071.000
806.789	9093.000
806.995	9092.000
807.201	9029.000
807.407	9025.000
807.613	8988.000
807.820	8915.000
808.026	9020.000
808.232	9068.000
808.438	8945.000
808.644	8789.000
808.850	8639.000
809.056	8663.000
809.262	8604.000
809.469	8671.000
809.675	8531.000
809.881	8539.000
810.087	8566.000
810.293	8597.000
810.499	8465.000
810.705	8317.000
810.912	8248.000
811.118	8283.000
811.324	8137.000
811.530	8070.000
811.739	7943.000
811.947	7946.000
812.156	7884.000
812.365	7732.000
812.573	7701.000
812.782	7442.000
812.990	7429.000
813.199	7336.000
813.408	7339.000
813.616	7204.000
813.825	6881.000
814.034	6765.000
814.242	6816.000
814.451	6766.000
814.659	6671.000
814.868	6668.000
815.077	6601.000
815.285	6408.000
815.494	6205.000
815.703	6222.000
815.911	6304.000
816.120	6319.000
816.329	6288.000
816.537	6264.000
816.746	6127.000
816.954	6118.000
817.163	6012.000
817.372	6024.000
817.580	5997.000
817.789	6071.000
817.998	6112.000
818.206	6146.000
818.415	6116.000
818.624	6005.000
818.832	6002.000
819.041	6182.000
819.249	6445.000
819.458	6566.000
819.667	6518.000
819.875	6534.000
820.084	6584.000
820.293	6663.000
820.501	6542.000
820.710	6589.000
820.919	6793.000
821.127	6555.000
821.336	6304.000
821.544	6058.000
821.753	5929.000
821.962	5793.000
822.170	5753.000
822.379	5747.000
822.588	5735.000
822.796	5848.000
823.005	5953.000
823.213	5928.000
823.422	6079.000
823.631	6289.000
823.839	6211.000
824.048	6244.000
824.257	6354.000
824.465	6321.000
824.674	6256.000
824.883	6176.000
825.091	6188.000
825.300	6323.000
825.508	6614.000
825.717	6582.000
825.926	6549.000
826.134	6362.000
826.343	6407.000
826.552	6262.000
826.760	6177.000
826.969	6195.000
827.178	6140.000
827.386	6126.000
827.595	6200.000
827.803	6084.000
828.012	6143.000
828.221	5930.000
828.429	6129.000
828.638	6303.000
828.847	6264.000
829.055	6038.000
829.264	5981.000
829.472	6056.000
829.681	5970.000
829.890	6017.000
830.098	5982.000
830.307	6099.000
830.516	6051.000
830.724	5930.000
830.933	5911.000
831.142	5944.000
831.350	6010.000
831.559	6031.000
831.767	5912.000
831.976	6012.000
832.185	5979.000
832.393	6067.000
832.602	5842.000
832.811	5846.000
833.019	5887.000
833.228	5973.000
833.437	6083.000
833.645	6152.000
833.854	6000.000
834.062	5983.000
834.271	6043.000
834.480	6006.000
834.688	6009.000
834.897	5948.000
835.106	5949.000
835.314	6072.000
835.523	6223.000
835.731	6223.000
835.940	6257.000
836.149	6293.000
836.357	6191.000
836.566	6218.000
836.775	6314.000
836.983	6280.000
837.192	6127.000
837.401	6036.000
837.609	6124.000
837.818	6275.000
838.026	6105.000
838.235	6174.000
838.444	6247.000
838.652	6314.000
838.861	6321.000
839.070	6279.000
839.278	6220.000
839.487	6106.000
839.696	6245.000
839.904	6069.000
840.113	6037.000
840.321	6089.000
840.530	6172.000
840.739	6159.000
840.947	6201.000
841.156	5962.000
841.365	5964.000
841.573	6154.000
841.782	6260.000
841.991	6108.000
842.199	5974.000
842.408	5980.000
842.616	6168.000
842.825	6053.000
843.034	6003.000
843.242	5904.000
843.451	5992.000
843.660	5946.000
843.868	5787.000
844.077	5784.000
844.285	6068.000
844.494	6172.000
844.703	6007.000
844.911	5808.000
845.120	5747.000
845.329	5831.000
845.537	5976.000
845.746	5960.000
845.955	5844.000
846.163	5933.000
846.372	5979.000
846.580	5815.000
846.789	5733.000
846.998	5776.000
847.206	5815.000
847.415	5877.000
847.624	5766.000
847.832	5822.000
848.041	5775.000
848.250	5654.000
848.458	5606.000
848.667	5561.000
848.875	5658.000
849.084	5424.000
849.293	5375.000
849.501	5397.000
849.710	5284.000
849.919	5329.000
850.127	5226.000
850.336	5371.000
850.544	5247.000
850.753	5324.000
850.962	5319.000
851.170	5381.000
851.379	5632.000
851.588	5485.000
851.796	5446.000
852.005	5260.000
852.214	5272.000
852.422	5369.000
852.631	5210.000
852.839	4942.000
853.048	4974.000
853.257	4929.000
853.465	4642.000
853.674	4634.000
853.883	4754.000
854.091	4610.000
854.300	4640.000
854.509	4760.000
854.717	5065.000
854.926	5044.000
855.134	5007.000
855.343	4936.000
855.552	4870.000
855.760	5059.000
855.969	5061.000
856.178	4813.000
856.386	4817.000
856.595	5024.000
856.803	5045.000
857.012	5068.000
857.221	4962.000
857.429	4985.000
857.638	4974.000
857.847	5062.000
858.055	4998.000
858.264	4925.000
858.473	4987.000
858.681	5089.000
858.890	5015.000
859.098	5001.000
859.307	4923.000
859.516	4852.000
859.724	4961.000
859.933	4917.000
860.142	4859.000
860.350	4868.000
860.559	4816.000
860.768	4681.000
860.976	4649.000
861.185	4641.000
861.393	4662.000
861.602	4700.000
861.811	4674.000
862.019	4688.000
862.228	4717.000
862.437	4711.000
862.645	4658.000
862.854	4799.000
863.062	4839.000
863.271	4689.000
863.480	4860.000
863.688	4872.000
863.897	4596.000
864.106	4422.000
864.314	4466.000
864.523	4507.000
864.732	4445.000
864.940	4223.000
865.149	4166.000
865.357	4178.000
865.566	4018.000
865.775	4051.000
865.983	4096.000
866.192	4005.000
866.401	3886.000
866.609	3950.000
866.818	4116.000
867.027	4189.000
867.235	4256.000
867.444	4235.000
867.652	4033.000
867.861	4131.000
868.070	4021.000
868.278	4050.000
868.487	4162.000
868.696	4205.000
868.904	4114.000
869.113	3972.000
869.321	4087.000
869.530	4158.000
869.739	4047.000
869.947	4191.000
870.156	4047.000
870.365	3895.000
870.573	3908.000
870.782	3988.000
870.991	4024.000
871.199	3927.000
871.408	3826.000
871.616	3862.000
871.825	3827.000
872.034	4024.000
872.242	4053.000
872.451	3988.000
872.660	3914.000
872.868	4015.000
873.077	3968.000
873.286	3738.000
873.494	3802.000
873.703	3775.000
873.911	3718.000
874.120	3613.000
874.329	3664.000
874.537	3874.000
874.746	3764.000
874.955	3669.000
875.163	3478.000
875.372	3434.000
875.581	3577.000
875.789	3623.000
875.998	3634.000
876.206	3598.000
876.415	3599.000
876.624	3495.000
876.832	3436.000
877.041	3521.000
877.250	3600.000
877.458	3481.000
877.667	3609.000
877.875	3646.000
878.084	3576.000
878.293	3436.000
878.501	3356.000
878.710	3450.000
878.919	3435.000
879.127	3235.000
879.336	3201.000
879.545	3337.000
879.753	3252.000
879.962	3240.000
880.170	3216.000
880.379	3270.000
880.588	3354.000
880.796	3410.000
881.005	3421.000
881.214	3450.000
881.422	3330.000
881.631	3296.000
881.840	3428.000
882.048	3425.000
882.257	3380.000
882.465	3231.000
882.674	3264.000
882.883	3321.000
883.091	3287.000
883.300	3271.000
883.509	3139.000
883.717	3211.000
883.926	3327.000
884.134	3265.000
884.343	3192.000
884.552	3146.000
884.760	3054.000
884.969	3199.000
885.178	3074.000
885.386	3024.000
885.595	2929.000
885.804	3041.000
886.012	3067.000
886.221	2925.000
886.429	2951.000
886.638	2893.000
886.847	2852.000
887.055	2990.000
887.264	3009.000
887.473	2998.000
887.681	2990.000
887.890	2883.000
888.099	2888.000
888.307	2859.000
888.516	2815.000
888.724	2903.000
888.933	2986.000
889.142	3017.000
889.350	2900.000
889.559	3012.000
889.768	2857.000
889.976	2872.000
890.185	2900.000
890.393	2760.000
890.602	2776.000
890.811	2799.000
891.019	2801.000
891.228	2938.000
891.437	2767.000
891.645	2666.000
891.854	2687.000
892.063	2693.000
892.271	2731.000
892.480	2592.000
892.688	2628.000
892.897	2683.000
893.106	2604.000
893.314	2514.000
893.523	2362.000
893.732	2495.000
893.940	2532.000
894.149	2302.000
894.358	2361.000
894.566	2394.000
894.775	2456.000
894.983	2347.000
895.192	2249.000
895.401	2490.000
895.609	2313.000
895.818	2074.000
896.027	1935.000
896.235	2003.000
896.444	2052.000
896.652	1968.000
896.861	1889.000
897.070	2192.000
897.278	2264.000
897.487	2146.000
897.696	1973.000
897.904	1792.000
898.113	1826.000
898.322	1769.000
898.530	1677.000
898.739	1840.000
898.947	1875.000
899.156	1774.000
899.365	1897.000
899.573	1903.000
899.782	1708.000
899.991	1631.000
900.199	1646.000
900.408	1750.000
900.617	1758.000
900.825	1764.000
901.034	1911.000
901.242	1777.000
901.451	1643.000
901.660	1679.000
901.868	1834.000
902.077	1781.000
902.286	1773.000
902.494	1869.000
902.703	2077.000
902.911	2140.000
903.120	2164.000
903.329	2113.000
903.537	2118.000
903.746	2042.000
903.955	2034.000
904.163	2014.000
904.372	1977.000
904.581	1988.000
904.789	2108.000
904.998	2099.000
905.206	1996.000
905.415	2064.000
905.624	1986.000
905.832	1877.000
906.041	1851.000
906.250	1852.000
906.458	1790.000
906.667	1748.000
906.876	1588.000
907.084	1649.000
907.293	1746.000
907.501	1752.000
907.710	1609.000
907.919	1671.000
908.127	1826.000
908.336	1651.000
908.545	1769.000
908.753	1776.000
908.962	1731.000
909.170	1677.000
909.379	1622.000
909.588	1777.000
909.796	1676.000
910.005	1497.000
910.214	1510.000
910.422	1585.000
910.631	1436.000
910.840	1629.000
911.048	1697.000
911.257	1538.000
911.465	1595.000
911.674	1704.000
911.883	1616.000
912.091	1585.000
912.300	1523.000
912.508	1380.000
912.716	1367.000
912.924	1482.000
913.132	1515.000
913.340	1536.000
913.549	1553.000
913.757	1478.000
913.965	1376.000
914.173	1378.000
914.381	1367.000
914.589	1360.000
914.797	1378.000
915.005	1417.000
915.213	1476.000
915.421	1518.000
915.629	1445.000
915.838	1317.000
916.046	1233.000
916.254	1330.000
916.462	1357.000
916.670	1348.000
916.878	1380.000
917.086	1492.000
917.294	1426.000
917.502	1368.000
917.710	1473.000
917.919	1494.000
918.127	1402.000
918.335	1443.000
918.543	1484.000
918.751	1577.000
918.959	1579.000
919.167	1539.000
919.375	1458.000
919.583	1580.000
919.791	1504.000
919.999	1472.000
920.208	1556.000
920.416	1446.000
920.624	1534.000
920.832	1561.000
921.040	1491.000
921.248	1538.000
921.456	1444.000
921.664	1338.000
921.872	1342.000
922.080	1353.000
922.288	1304.000
922.497	1390.000
922.705	1411.000
922.913	1387.000
923.121	1389.000
923.329	1304.000
923.537	1247.000
923.745	1369.000
923.953	1254.000
924.161	1275.000
924.369	1297.000
924.578	1300.000
924.786	1317.000
924.994	1317.000
925.202	1337.000
925.410	1316.000
925.618	1328.000
925.826	1276.000
926.034	1338.000
926.242	1403.000
926.450	1256.000
926.658	1171.000
926.867	1153.000
927.075	1076.000
927.283	1091.000
927.491	1090.000
927.699	1049.000
927.907	1222.000
928.115	1259.000
928.323	971.000
928.531	864.000
928.739	874.000
928.947	878.000
929.156	859.000
929.364	879.000
929.572	906.000
929.780	754.000
929.988	675.000
930.196	716.000
930.404	697.000
930.612	567.000
930.820	591.000
931.028	582.000
931.236	592.000
931.445	532.000
931.653	474.000
931.861	530.000
932.069	368.000
932.277	477.000
932.485	644.000
932.693	434.000
932.901	327.000
933.109	389.000
933.317	437.000
933.526	437.000
933.734	347.000
933.942	322.000
934.150	376.000
934.358	357.000
934.566	349.000
934.774	328.000
934.982	308.000
935.190	427.000
935.398	411.000
935.606	337.000
935.815	322.000
936.023	414.000
936.231	400.000
936.439	366.000
936.647	352.000
936.855	288.000
937.063	315.000
937.271	407.000
937.479	508.000
937.687	448.000
937.895	414.000
938.104	519.000
938.312	452.000
938.520	372.000
938.728	400.000
938.936	374.000
939.144	356.000
939.352	492.000
939.560	497.000
939.768	461.000
939.976	423.000
940.185	404.000
940.393	445.000
940.601	373.000
940.809	322.000
941.017	417.000
941.225	394.000
941.433	416.000
941.641	393.000
941.849	210.000
942.057	369.000
942.265	375.000
942.474	333.000
942.682	336.000
942.890	212.000
943.098	270.000
943.306	296.000
943.514	315.000
943.722	296.000
943.930	324.000
944.138	440.000
944.346	415.000
944.554	412.000
944.763	275.000
944.971	199.000
945.179	203.000
945.387	319.000
945.595	373.000
945.803	492.000
946.011	406.000
946.219	398.000
946.427	354.000
946.635	270.000
946.843	444.000
947.052	516.000
947.260	356.000
947.468	298.000
947.676	332.000
947.884	348.000
948.092	387.000
948.300	413.000
948.508	360.000
948.716	306.000
948.924	349.000
949.133	489.000
949.341	467.000
949.549	306.000
949.757	462.000
949.965	398.000
950.173	225.000
950.381	337.000
950.589	414.000
950.797	413.000
951.005	275.000
951.213	173.000
951.422	287.000
951.630	352.000
951.838	337.000
952.046	539.000
952.254	482.000
952.462	336.000
952.670	452.000
952.878	428.000
953.086	416.000
953.294	433.000
953.502	374.000
953.711	375.000
953.919	369.000
954.127	275.000
954.335	254.000
954.543	327.000
954.751	360.000
954.959	312.000
955.167	416.000
955.375	456.000
955.583	310.000
955.792	376.000
956.000	437.000
956.208	446.000
956.416	395.000
956.624	394.000
956.832	394.000
957.040	361.000
957.248	303.000
957.456	343.000
957.664	298.000
957.872	148.000
958.081	179.000
958.289	316.000
958.497	381.000
958.705	349.000
958.913	279.000
959.121	249.000
959.329	279.000
959.537	207.000
959.745	289.000
959.953	295.000
960.161	297.000
960.370	233.000
960.578	288.000
960.786	479.000
960.994	449.000
961.202	395.000
961.410	409.000
961.618	331.000
961.826	333.000
962.034	464.000
962.242	356.000
962.451	215.000
962.659	258.000
962.867	247.000
963.075	350.000
963.283	404.000
963.491	394.000
963.699	353.000
963.907	362.000
964.115	456.000
964.323	592.000
964.531	519.000
964.740	305.000
964.948	443.000
965.156	325.000
965.364	440.000
965.572	638.000
965.780	488.000
965.999	385.000
966.218	356.000
966.438	256.000
966.657	232.000
966.876	350.000
967.095	392.000
967.315	404.000
967.534	355.000
967.753	512.000
967.972	532.000
968.192	537.000
968.411	478.000
968.630	357.000
968.849	368.000
969.068	489.000
969.288	463.000
969.507	543.000
969.726	648.000
969.945	554.000
970.165	387.000
970.384	478.000
970.603	352.000
970.822	325.000
971.042	320.000
971.261	383.000
971.480	532.000
971.699	464.000
971.919	377.000
972.138	456.000
972.357	436.000
972.576	380.000
972.795	433.000
973.015	447.000
973.234	430.000
973.453	337.000
973.672	292.000
973.892	280.000
974.111	322.000
974.330	408.000
974.549	437.000
974.769	310.000
974.988	449.000
975.207	311.000
975.426	213.000
975.646	275.000
975.865	321.000
976.084	379.000
976.303	413.000
976.522	435.000
976.742	339.000
976.961	299.000
977.180	396.000
977.399	376.000
977.619	299.000
977.838	357.000
978.057	373.000
978.276	480.000
978.496	397.000
978.715	383.000
978.934	337.000
979.153	169.000
979.372	175.000
979.592	266.000
979.811	317.000
980.030	345.000
980.249	303.000
980.469	372.000
980.688	385.000
980.907	260.000
981.126	267.000
981.346	393.000
981.565	325.000
981.784	205.000
982.003	358.000
982.223	451.000
982.442	550.000
982.661	357.000
982.880	390.000
983.099	416.000
983.319	368.000
983.538	339.000
983.757	303.000
983.976	439.000
984.196	418.000
984.415	467.000
984.634	452.000
984.853	453.000
985.073	481.000
985.292	375.000
985.511	358.000
985.730	305.000
985.949	370.000
986.169	475.000
986.388	477.000
986.607	167.000
986.826	202.000
987.046	194.000
987.265	295.000
987.484	318.000
987.703	363.000
987.923	305.000
988.142	390.000
988.361	479.000
988.580	470.000
988.800	300.000
989.019	363.000
989.238	322.000
989.457	245.000
989.676	350.000
989.896	327.000
990.115	191.000
990.334	178.000
990.553	186.000
990.773	196.000
990.992	243.000
991.211	310.000
991.430	376.000
991.650	331.000
991.869	291.000
992.088	161.000
992.307	250.000
992.527	288.000
992.746	244.000
992.965	266.000
993.184	342.000
993.403	335.000
993.623	347.000
993.842	253.000
994.061	176.000
994.280	268.000
994.500	266.000
994.719	189.000
994.938	160.000
995.157	131.000
995.377	168.000
995.596	257.000
995.815	306.000
996.034	228.000
996.253	164.000
996.473	149.000
996.692	282.000
996.911	241.000
997.130	247.000
997.350	264.000
997.569	335.000
997.788	280.000
998.007	135.000
998.227	156.000
998.446	239.000
998.665	212.000
998.884	232.000
999.104	215.000
999.323	272.000
999.542	233.000
999.761	235.000
999.980	148.000
1000.200	292.000
1000.419	344.000
1000.638	382.000
1000.857	329.000
1001.077	188.000
1001.296	246.000
1001.515	164.000
1001.734	183.000
1001.954	252.000
1002.173	335.000
1002.392	348.000
1002.611	332.000
1002.830	197.000
1003.050	103.000
1003.269	233.000
1003.488	253.000
1003.707	233.000
1003.927	215.000
1004.146	280.000
1004.365	202.000
1004.584	192.000
1004.804	252.000
1005.023	284.000
1005.242	201.000
1005.461	214.000
1005.681	274.000
1005.900	204.000
1006.119	173.000
1006.338	171.000
1006.557	157.000
1006.777	315.000
1006.996	372.000
1007.215	153.000
1007.434	139.000
1007.654	240.000
1007.873	224.000
1008.092	214.000
1008.311	257.000
1008.531	129.000
1008.750	201.000
1008.969	255.000
1009.188	97.000
1009.407	116.000
1009.627	139.000
1009.846	141.000
1010.065	278.000
1010.284	204.000
1010.504	35.000
1010.723	66.000
1010.942	110.000
1011.161	147.000
1011.381	71.000
1011.600	78.000
1011.819	268.000
1012.038	240.000
1012.258	220.000
1012.477	281.000
1012.696	255.000
1012.915	225.000
1013.134	140.000
1013.354	126.000
1013.573	239.000
1013.792	208.000
1014.011	144.000
1014.231	137.000
1014.450	206.000
1014.669	160.000
1014.888	45.000
1015.108	186.000
1015.327	252.000
1015.546	251.000
1015.765	300.000
1015.984	201.000
1016.204	273.000
1016.423	226.000
1016.642	287.000
1016.861	209.000
1017.081	52.000
1017.300	135.000
1017.519	128.000
