296.912	6.500
297.101	14.500
297.290	24.500
297.479	5.500
297.668	9.500
297.858	-8.500
298.047	15.500
298.236	-33.500
298.425	16.500
298.614	-34.500
298.803	3.500
298.992	9.500
299.181	-20.500
299.370	-18.500
299.559	-3.500
299.748	19.500
299.937	-1.500
300.126	-2.500
300.315	29.500
300.504	13.500
300.693	-1.500
300.882	13.500
301.071	38.500
301.260	67.500
301.449	13.500
301.638	12.500
301.827	75.500
302.016	33.500
302.205	26.500
302.395	-12.500
302.584	-31.500
302.773	-16.500
302.962	-10.500
303.151	16.500
303.340	33.500
303.529	-0.500
303.718	23.500
303.907	47.500
304.096	20.500
304.285	-39.500
304.474	-39.500
304.663	-39.500
304.852	-11.500
305.041	12.500
305.230	8.500
305.419	17.500
305.608	28.500
305.797	-21.500
305.986	17.500
306.175	-26.500
306.364	6.500
306.553	-14.500
306.743	63.500
306.932	99.500
307.121	83.500
307.310	42.500
307.499	-15.500
307.688	15.500
307.877	9.500
308.066	11.500
308.255	36.500
308.444	12.500
308.633	22.500
308.822	-1.500
309.011	40.500
309.200	28.500
309.389	30.500
309.578	-9.500
309.767	56.500
309.956	30.500
310.145	16.500
310.334	-24.500
310.523	20.500
310.712	-23.500
310.901	1.500
311.091	11.500
311.280	6.500
311.469	12.500
311.658	107.500
311.847	38.500
312.036	-26.500
312.225	8.500
312.414	-10.500
312.603	-7.500
312.792	53.500
312.981	-27.500
313.170	-23.500
313.349	-1.500
313.527	-13.500
313.706	21.500
313.884	1.500
314.063	-16.500
314.241	-20.500
314.420	32.500
314.598	36.500
314.777	6.500
314.955	3.500
315.134	6.500
315.312	-30.500
315.491	-7.500
315.669	-26.500
315.848	-21.500
316.027	-13.500
316.205	43.500
316.384	-17.500
316.562	36.500
316.741	26.500
316.919	-13.500
317.098	35.500
317.276	24.500
317.455	6.500
317.633	36.500
317.812	-36.500
317.990	9.500
318.169	7.500
318.347	-11.500
318.526	10.500
318.705	-13.500
318.883	-15.500
319.062	-20.500
319.240	-5.500
319.419	-27.500
319.597	13.500
319.776	4.500
319.954	12.500
320.133	-17.500
320.311	7.500
320.490	-21.500
320.668	7.500
320.847	4.500
321.025	-11.500
321.204	-10.500
321.382	28.500
321.561	31.500
321.740	0.500
321.918	-31.500
322.097	-29.500
322.275	37.500
322.454	-6.500
322.632	23.500
322.811	-3.500
322.989	65.500
323.168	19.500
323.346	1.500
323.525	-7.500
323.703	-2.500
323.882	22.500
324.060	73.500
324.239	-17.500
324.418	-27.500
324.596	36.500
324.775	-5.500
324.953	3.500
325.132	74.500
325.310	-19.500
325.489	-21.500
325.667	-21.500
325.846	-52.500
326.024	-60.500
326.203	25.500
326.381	16.500
326.560	-14.500
326.738	26.500
326.917	36.500
327.096	-0.500
327.274	-23.500
327.453	42.500
327.631	2.500
327.810	18.500
327.988	69.500
328.167	47.500
328.345	-28.500
328.524	35.500
328.702	14.500
328.881	15.500
329.059	-9.500
329.238	-7.500
329.416	-20.500
329.595	-10.500
329.774	-18.500
329.952	22.500
330.131	28.500
330.309	5.500
330.488	8.500
330.666	27.500
330.845	47.500
331.023	-56.500
331.202	-19.500
331.380	51.500
331.559	1.500
331.737	16.500
331.916	-38.500
332.094	-1.500
332.273	0.500
332.452	9.500
332.630	36.500
332.809	9.500
332.987	40.500
333.166	43.500
333.344	37.500
333.523	16.500
333.701	-2.500
333.880	22.500
334.058	15.500
334.237	-20.500
334.415	11.500
334.594	-42.500
334.772	-13.500
334.951	-19.500
335.129	30.500
335.308	102.500
335.487	53.500
335.665	-10.500
335.844	-44.500
336.022	-12.500
336.201	3.500
336.379	-41.500
336.558	33.500
336.736	32.500
336.915	54.500
337.093	40.500
337.272	58.500
337.450	35.500
337.629	24.500
337.807	15.500
337.986	6.500
338.165	-7.500
338.343	-59.500
338.522	36.500
338.700	6.500
338.879	-1.500
339.057	3.500
339.236	31.500
339.414	23.500
339.593	-17.500
339.771	7.500
339.950	21.500
340.128	23.500
340.307	-30.500
340.485	11.500
340.664	40.500
340.843	-53.500
341.021	2.500
341.200	-10.500
341.378	-1.500
341.557	45.500
341.735	49.500
341.914	-16.500
342.092	4.500
342.271	-13.500
342.449	52.500
342.628	-1.500
342.806	9.500
342.985	-7.500
343.163	59.500
343.342	8.500
343.521	24.500
343.699	7.500
343.878	-9.500
344.056	-24.500
344.235	45.500
344.413	4.500
344.592	45.500
344.770	-42.500
344.949	-11.500
345.127	63.500
345.306	67.500
345.484	30.500
345.663	50.500
345.841	52.500
346.020	2.500
346.199	-19.500
346.377	22.500
346.556	33.500
346.734	-26.500
346.913	-9.500
347.091	19.500
347.270	41.500
347.448	41.500
347.627	43.500
347.805	36.500
347.984	17.500
348.162	-1.500
348.341	4.500
348.519	-8.500
348.698	-2.500
348.876	35.500
349.055	24.500
349.234	3.500
349.412	-7.500
349.591	-12.500
349.769	-10.500
349.948	-50.500
350.126	1.500
350.305	20.500
350.483	22.500
350.662	-0.500
350.840	-27.500
351.019	-20.500
351.197	42.500
351.376	29.500
351.554	26.500
351.733	-2.500
351.912	-24.500
352.090	5.500
352.269	50.500
352.447	17.500
352.626	32.500
352.804	46.500
352.983	-1.500
353.161	14.500
353.340	73.500
353.518	-8.500
353.697	40.500
353.875	62.500
354.054	44.500
354.232	-12.500
354.411	18.500
354.590	21.500
354.768	49.500
354.947	57.500
355.125	62.500
355.304	4.500
355.482	14.500
355.661	-1.500
355.839	62.500
356.018	27.500
356.196	46.500
356.375	25.500
356.553	44.500
356.732	53.500
356.910	8.500
357.089	-17.500
357.268	50.500
357.446	69.500
357.625	15.500
357.803	53.500
357.982	21.500
358.160	-5.500
358.339	19.500
358.517	-9.500
358.696	20.500
358.874	-2.500
359.053	41.500
359.231	65.500
359.410	72.500
359.588	35.500
359.767	33.500
359.945	52.500
360.124	5.500
360.303	2.500
360.481	13.500
360.660	-13.500
360.838	59.500
361.017	69.500
361.195	19.500
361.374	11.500
361.552	36.500
361.731	-17.500
361.909	8.500
362.088	21.500
362.266	5.500
362.445	-3.500
362.623	43.500
362.802	90.500
362.981	18.500
363.159	40.500
363.338	-2.500
363.516	5.500
363.695	53.500
363.873	-14.500
364.052	-10.500
364.230	32.500
364.409	-9.500
364.587	-31.500
364.766	73.500
364.944	37.500
365.123	28.500
365.301	-5.500
365.480	4.500
365.660	3.500
365.839	5.500
366.019	30.500
366.199	75.500
366.379	48.500
366.558	41.500
366.738	-51.500
366.918	39.500
367.098	49.500
367.277	1.500
367.457	32.500
367.637	98.500
367.816	39.500
367.996	62.500
368.176	-10.500
368.356	47.500
368.535	50.500
368.715	8.500
368.895	12.500
369.075	-11.500
369.254	17.500
369.434	-1.500
369.614	41.500
369.793	13.500
369.973	60.500
370.153	49.500
370.333	12.500
370.512	-18.500
370.692	-17.500
370.872	18.500
371.051	11.500
371.231	-3.500
371.411	74.500
371.591	99.500
371.770	27.500
371.950	107.500
372.130	53.500
372.310	-14.500
372.489	-64.500
372.669	-28.500
372.849	40.500
373.028	2.500
373.208	69.500
373.388	49.500
373.568	13.500
373.747	21.500
373.927	92.500
374.107	34.500
374.287	51.500
374.466	-3.500
374.646	60.500
374.826	19.500
375.005	12.500
375.185	43.500
375.365	8.500
375.545	-18.500
375.724	30.500
375.904	-13.500
376.084	24.500
376.263	19.500
376.443	9.500
376.623	21.500
376.803	6.500
376.982	51.500
377.162	79.500
377.342	46.500
377.522	36.500
377.701	-1.500
377.881	-31.500
378.061	16.500
378.240	-10.500
378.420	80.500
378.600	81.500
378.780	11.500
378.959	-2.500
379.139	44.500
379.319	40.500
379.499	12.500
379.678	26.500
379.858	55.500
380.038	19.500
380.217	8.500
380.397	76.500
380.577	61.500
380.757	-7.500
380.936	53.500
381.116	24.500
381.296	10.500
381.476	15.500
381.655	28.500
381.835	65.500
382.015	32.500
382.194	5.500
382.374	40.500
382.554	48.500
382.734	45.500
382.913	20.500
383.093	44.500
383.273	41.500
383.452	58.500
383.632	-11.500
383.812	56.500
383.992	43.500
384.171	40.500
384.351	39.500
384.531	9.500
384.711	-16.500
384.890	13.500
385.070	1.500
385.250	14.500
385.429	45.500
385.609	66.500
385.789	56.500
385.969	39.500
386.148	8.500
386.328	49.500
386.508	28.500
386.688	14.500
386.867	39.500
387.047	40.500
387.227	54.500
387.406	-22.500
387.586	24.500
387.766	15.500
387.946	-4.500
388.125	9.500
388.305	43.500
388.485	26.500
388.664	71.500
388.844	40.500
389.024	-25.500
389.204	-13.500
389.383	34.500
389.563	20.500
389.743	51.500
389.923	23.500
390.102	7.500
390.282	45.500
390.462	50.500
390.641	9.500
390.821	12.500
391.001	34.500
391.181	19.500
391.360	-4.500
391.540	-6.500
391.720	-13.500
391.900	-40.500
392.079	12.500
392.259	14.500
392.439	17.500
392.618	32.500
392.798	1.500
392.978	16.500
393.158	46.500
393.337	20.500
393.517	2.500
393.697	2.500
393.877	18.500
394.056	57.500
394.236	30.500
394.416	18.500
394.595	31.500
394.775	41.500
394.955	27.500
395.135	3.500
395.314	32.500
395.494	5.500
395.674	16.500
395.853	72.500
396.033	60.500
396.213	32.500
396.393	36.500
396.572	12.500
396.752	41.500
396.932	43.500
397.112	17.500
397.291	42.500
397.471	39.500
397.651	63.500
397.830	59.500
398.010	93.500
398.190	24.500
398.370	43.500
398.549	17.500
398.729	31.500
398.909	35.500
399.089	43.500
399.268	10.500
399.448	68.500
399.628	79.500
399.807	11.500
399.987	-15.500
400.167	12.500
400.347	12.500
400.526	51.500
400.706	50.500
400.886	23.500
401.065	-17.500
401.245	5.500
401.425	13.500
401.605	60.500
401.784	8.500
401.964	25.500
402.144	66.500
402.324	35.500
402.503	34.500
402.683	51.500
402.863	32.500
403.042	13.500
403.222	67.500
403.402	50.500
403.582	57.500
403.761	48.500
403.941	74.500
404.121	34.500
404.301	34.500
404.480	41.500
404.660	40.500
404.844	31.500
405.029	59.500
405.213	51.500
405.398	-7.500
405.582	9.500
405.767	5.500
405.951	79.500
406.136	12.500
406.320	61.500
406.505	66.500
406.689	31.500
406.874	93.500
407.058	28.500
407.243	63.500
407.427	9.500
407.612	25.500
407.796	85.500
407.981	55.500
408.165	45.500
408.350	45.500
408.534	83.500
408.719	77.500
408.903	67.500
409.088	37.500
409.272	37.500
409.457	49.500
409.641	51.500
409.826	62.500
410.010	46.500
410.195	86.500
410.379	53.500
410.564	61.500
410.748	67.500
410.933	61.500
411.117	21.500
411.302	71.500
411.486	77.500
411.671	57.500
411.855	41.500
412.040	72.500
412.224	61.500
412.409	50.500
412.593	35.500
412.778	32.500
412.962	68.500
413.147	78.500
413.331	64.500
413.516	115.500
413.700	102.500
413.885	89.500
414.069	117.500
414.254	33.500
414.438	94.500
414.623	53.500
414.807	70.500
414.992	69.500
415.176	62.500
415.361	128.500
415.545	135.500
415.730	81.500
415.914	89.500
416.099	105.500
416.283	139.500
416.468	120.500
416.652	116.500
416.837	147.500
417.021	167.500
417.206	114.500
417.390	145.500
417.575	129.500
417.759	113.500
417.944	144.500
418.128	179.500
418.313	150.500
418.497	197.500
418.682	218.500
418.866	185.500
419.051	209.500
419.235	208.500
419.420	185.500
419.604	200.500
419.789	243.500
419.973	190.500
420.158	230.500
420.342	236.500
420.527	305.500
420.711	245.500
420.896	296.500
421.080	349.500
421.265	323.500
421.449	348.500
421.634	342.500
421.818	355.500
422.003	368.500
422.187	365.500
422.372	420.500
422.556	414.500
422.741	465.500
422.925	448.500
423.110	453.500
423.294	420.500
423.479	412.500
423.663	473.500
423.848	521.500
424.032	546.500
424.217	578.500
424.401	602.500
424.586	608.500
424.770	648.500
424.955	587.500
425.139	616.500
425.324	600.500
425.508	653.500
425.693	654.500
425.877	740.500
426.062	735.500
426.246	784.500
426.431	818.500
426.615	801.500
426.800	777.500
426.984	785.500
427.169	889.500
427.353	905.500
427.538	946.500
427.722	1011.500
427.907	1017.500
428.091	1053.500
428.276	983.500
428.460	1037.500
428.645	1058.500
428.829	1094.500
429.014	1136.500
429.198	1206.500
429.383	1227.500
429.567	1275.500
429.752	1314.500
429.936	1356.500
430.121	1340.500
430.305	1311.500
430.490	1382.500
430.674	1509.500
430.859	1553.500
431.043	1619.500
431.228	1646.500
431.412	1615.500
431.597	1676.500
431.781	1672.500
431.966	1777.500
432.150	1711.500
432.335	1718.500
432.519	1796.500
432.704	1931.500
432.888	1978.500
433.073	2034.500
433.257	1968.500
433.442	2057.500
433.626	2096.500
433.811	2179.500
433.995	2190.500
434.180	2247.500
434.364	2288.500
434.549	2312.500
434.733	2332.500
434.918	2389.500
435.102	2545.500
435.287	2647.500
435.471	2585.500
435.656	2636.500
435.840	2755.500
436.030	2758.500
436.219	2748.500
436.409	2907.500
436.599	2975.500
436.789	3057.500
436.978	3101.500
437.168	3053.500
437.358	3114.500
437.548	3173.500
437.737	3151.500
437.927	3351.500
438.117	3450.500
438.306	3548.500
438.496	3620.500
438.686	3764.500
438.876	3919.500
439.065	3888.500
439.255	3990.500
439.445	4032.500
439.634	4213.500
439.824	4244.500
440.014	4424.500
440.204	4417.500
440.393	4503.500
440.583	4639.500
440.773	4707.500
440.963	4944.500
441.152	5135.500
441.342	5178.500
441.532	5289.500
441.721	5533.500
441.911	5566.500
442.101	5701.500
442.291	5940.500
442.480	5956.500
442.670	6384.500
442.860	6471.500
443.050	6729.500
443.239	6832.500
443.429	7014.500
443.619	7276.500
443.808	7366.500
443.998	7642.500
444.188	7826.500
444.378	8194.500
444.567	8377.500
444.757	8366.500
444.947	8639.500
445.137	8837.500
445.326	9042.500
445.516	9346.500
445.706	9406.500
445.895	9803.500
446.085	9992.500
446.275	10195.500
446.465	10386.500
446.654	10781.500
446.844	10866.500
447.034	11045.500
447.223	11272.500
447.413	11428.500
447.603	11822.500
447.793	11730.500
447.982	12082.500
448.172	12212.500
448.362	12372.500
448.552	12494.500
448.741	12828.500
448.931	12805.500
449.121	12959.500
449.310	13054.500
449.500	13158.500
449.690	13100.500
449.880	13270.500
450.069	13438.500
450.259	13553.500
450.449	13360.500
450.639	13591.500
450.828	13626.500
451.018	13495.500
451.208	13458.500
451.397	13527.500
451.587	13353.500
451.777	13524.500
451.967	13391.500
452.156	13249.500
452.346	13066.500
452.536	13065.500
452.725	13020.500
452.915	12697.500
453.105	12535.500
453.295	12328.500
453.484	12284.500
453.674	11856.500
453.864	11779.500
454.054	11497.500
454.243	11381.500
454.433	11014.500
454.623	10817.500
454.812	10560.500
455.002	10474.500
455.192	10233.500
455.382	10058.500
455.571	9627.500
455.761	9358.500
455.951	9203.500
456.141	9121.500
456.330	8957.500
456.520	8765.500
456.710	8351.500
456.899	8216.500
457.089	7999.500
457.279	7838.500
457.469	7580.500
457.658	7468.500
457.848	7357.500
458.038	7150.500
458.228	6915.500
458.417	6820.500
458.607	6672.500
458.797	6550.500
458.986	6454.500
459.176	6236.500
459.366	6113.500
459.556	5858.500
459.745	5874.500
459.935	5668.500
460.125	5590.500
460.314	5551.500
460.504	5328.500
460.694	5441.500
460.884	5243.500
461.073	5148.500
461.263	5026.500
461.453	5014.500
461.643	4898.500
461.832	4864.500
462.022	4778.500
462.212	4827.500
462.401	4783.500
462.591	4609.500
462.781	4653.500
462.971	4525.500
463.160	4619.500
463.350	4545.500
463.540	4420.500
463.730	4325.500
463.919	4217.500
464.109	4297.500
464.299	4300.500
464.488	4239.500
464.678	4243.500
464.868	4150.500
465.058	4091.500
465.247	4047.500
465.437	3974.500
465.627	3965.500
465.816	3948.500
466.006	3933.500
466.196	3848.500
466.386	3877.500
466.575	3795.500
466.765	3681.500
466.955	3789.500
467.145	3840.500
467.334	3489.500
467.524	3515.500
467.714	3579.500
467.903	3514.500
468.093	3496.500
468.283	3382.500
468.473	3362.500
468.662	3351.500
468.852	3197.500
469.042	3234.500
469.232	3095.500
469.421	3130.500
469.611	3029.500
469.801	3107.500
469.990	2957.500
470.180	2900.500
470.370	2844.500
470.560	2812.500
470.749	2741.500
470.939	2686.500
471.129	2618.500
471.318	2621.500
471.508	2541.500
471.698	2500.500
471.888	2432.500
472.077	2399.500
472.267	2407.500
472.457	2391.500
472.647	2221.500
472.836	2154.500
473.026	2116.500
473.216	2131.500
473.405	2114.500
473.595	2137.500
473.785	2053.500
473.975	2013.500
474.164	1964.500
474.354	1882.500
474.544	1895.500
474.734	1838.500
474.923	1787.500
475.113	1829.500
475.303	1770.500
475.492	1758.500
475.682	1754.500
475.872	1649.500
476.062	1598.500
476.251	1690.500
476.441	1684.500
476.631	1667.500
476.821	1617.500
477.010	1569.500
477.200	1631.500
477.390	1549.500
477.579	1593.500
477.769	1547.500
477.959	1469.500
478.149	1516.500
478.338	1490.500
478.528	1480.500
478.718	1443.500
478.907	1455.500
479.097	1432.500
479.287	1429.500
479.477	1338.500
479.666	1369.500
479.856	1427.500
480.046	1319.500
480.236	1329.500
480.425	1351.500
480.615	1301.500
480.805	1325.500
480.994	1277.500
481.184	1394.500
481.374	1421.500
481.564	1380.500
481.753	1302.500
481.943	1268.500
482.133	1307.500
482.323	1323.500
482.512	1337.500
482.702	1306.500
482.892	1261.500
483.081	1334.500
483.271	1310.500
483.461	1338.500
483.651	1302.500
483.840	1387.500
484.030	1269.500
484.220	1321.500
484.409	1221.500
484.599	1195.500
484.789	1227.500
484.979	1229.500
485.168	1251.500
485.358	1236.500
485.548	1226.500
485.738	1264.500
485.927	1178.500
486.117	1221.500
486.307	1190.500
486.496	1242.500
486.686	1244.500
486.876	1189.500
487.066	1211.500
487.255	1229.500
487.445	1208.500
487.635	1309.500
487.825	1233.500
488.014	1215.500
488.204	1209.500
488.394	1200.500
488.583	1263.500
488.773	1251.500
488.963	1222.500
489.153	1277.500
489.342	1214.500
489.532	1277.500
489.722	1235.500
489.912	1264.500
490.101	1286.500
490.291	1364.500
490.481	1310.500
490.670	1311.500
490.860	1353.500
491.050	1336.500
491.240	1347.500
491.429	1298.500
491.619	1314.500
491.809	1327.500
491.998	1386.500
492.188	1402.500
492.378	1393.500
492.568	1369.500
492.757	1399.500
492.947	1402.500
493.137	1392.500
493.327	1431.500
493.516	1461.500
493.706	1515.500
493.896	1510.500
494.085	1567.500
494.275	1561.500
494.465	1457.500
494.655	1557.500
494.844	1568.500
495.034	1533.500
495.224	1622.500
495.414	1675.500
495.603	1670.500
495.793	1653.500
495.983	1779.500
496.172	1713.500
496.362	1684.500
496.552	1821.500
496.742	1834.500
496.931	1822.500
497.121	1898.500
497.311	1877.500
497.500	1879.500
497.690	1929.500
497.880	1886.500
498.070	2015.500
498.259	2030.500
498.449	2042.500
498.639	1969.500
498.829	2109.500
499.018	2234.500
499.208	2179.500
499.398	2170.500
499.587	2149.500
499.777	2224.500
499.967	2235.500
500.157	2193.500
500.346	2389.500
500.536	2382.500
500.726	2382.500
500.916	2475.500
501.105	2482.500
501.295	2523.500
501.485	2478.500
501.674	2632.500
501.864	2547.500
502.054	2662.500
502.244	2661.500
502.433	2788.500
502.623	2780.500
502.813	2888.500
503.003	2867.500
503.192	2840.500
503.382	2827.500
503.572	2879.500
503.761	2991.500
503.951	3052.500
504.141	3068.500
504.331	3160.500
504.520	3137.500
504.710	3152.500
504.900	3297.500
505.089	3283.500
505.279	3294.500
505.469	3330.500
505.659	3334.500
505.848	3279.500
506.038	3324.500
506.228	3434.500
506.418	3564.500
506.607	3537.500
506.797	3567.500
506.987	3601.500
507.176	3565.500
507.366	3760.500
507.556	3726.500
507.746	3781.500
507.935	3714.500
508.125	3876.500
508.315	3905.500
508.505	3870.500
508.694	3910.500
508.884	4023.500
509.074	3968.500
509.263	4014.500
509.453	4091.500
509.643	4149.500
509.833	4180.500
510.022	4073.500
510.212	4256.500
510.402	4310.500
510.592	4285.500
510.781	4355.500
510.971	4371.500
511.161	4455.500
511.350	4438.500
511.540	4385.500
511.730	4511.500
511.920	4548.500
512.109	4526.500
512.299	4484.500
512.489	4735.500
512.678	4524.500
512.868	4693.500
513.058	4619.500
513.248	4767.500
513.437	4709.500
513.627	4786.500
513.817	4734.500
514.007	4823.500
514.196	4829.500
514.386	4969.500
514.576	5001.500
514.765	4841.500
514.955	4850.500
515.145	5007.500
515.335	4925.500
515.524	5027.500
515.714	5139.500
515.904	5100.500
516.094	5061.500
516.283	5140.500
516.473	5194.500
516.663	5181.500
516.852	5123.500
517.042	5206.500
517.232	5232.500
517.422	5343.500
517.611	5328.500
517.801	5404.500
517.991	5284.500
518.180	5369.500
518.370	5408.500
518.560	5350.500
518.750	5445.500
518.939	5548.500
519.129	5511.500
519.319	5710.500
519.509	5621.500
519.698	5652.500
519.888	5701.500
520.078	5694.500
520.267	5792.500
520.457	5716.500
520.647	5649.500
520.837	5707.500
521.026	5857.500
521.216	5831.500
521.406	5961.500
521.596	5947.500
521.785	5797.500
521.975	5852.500
522.165	6032.500
522.354	5888.500
522.544	5930.500
522.734	6056.500
522.924	6137.500
523.113	6144.500
523.303	5989.500
523.493	6078.500
523.683	6056.500
523.872	6180.500
524.062	6059.500
524.252	6244.500
524.441	6190.500
524.631	6362.500
524.821	6242.500
525.011	6189.500
525.200	6263.500
525.390	6288.500
525.580	6340.500
525.769	6257.500
525.959	6457.500
526.149	6352.500
526.339	6346.500
526.528	6454.500
526.718	6503.500
526.908	6497.500
527.098	6487.500
527.287	6422.500
527.477	6530.500
527.667	6483.500
527.856	6472.500
528.046	6611.500
528.236	6620.500
528.426	6655.500
528.615	6459.500
528.805	6487.500
528.995	6618.500
529.185	6599.500
529.374	6646.500
529.564	6600.500
529.754	6619.500
529.943	6580.500
530.133	6580.500
530.323	6585.500
530.513	6624.500
530.702	6533.500
530.892	6541.500
531.082	6532.500
531.271	6507.500
531.461	6550.500
531.651	6525.500
531.841	6537.500
532.030	6437.500
532.220	6652.500
532.410	6542.500
532.600	6543.500
532.789	6498.500
532.979	6577.500
533.169	6565.500
533.358	6491.500
533.548	6418.500
533.738	6422.500
533.928	6328.500
534.117	6502.500
534.307	6544.500
534.497	6507.500
534.687	6514.500
534.876	6558.500
535.066	6387.500
535.256	6384.500
535.445	6415.500
535.635	6472.500
535.825	6376.500
536.015	6377.500
536.204	6330.500
536.394	6411.500
536.584	6476.500
536.773	6426.500
536.963	6456.500
537.153	6306.500
537.343	6439.500
537.532	6322.500
537.722	6401.500
537.912	6447.500
538.102	6352.500
538.291	6358.500
538.481	6436.500
538.671	6442.500
538.860	6488.500
539.050	6279.500
539.240	6317.500
539.430	6324.500
539.619	6393.500
539.809	6440.500
539.999	6422.500
540.189	6447.500
540.378	6437.500
540.568	6387.500
540.758	6463.500
540.947	6426.500
541.137	6390.500
541.327	6416.500
541.517	6473.500
541.706	6422.500
541.896	6464.500
542.086	6514.500
542.276	6418.500
542.465	6462.500
542.655	6425.500
542.845	6334.500
543.034	6326.500
543.224	6274.500
543.414	6440.500
543.604	6364.500
543.793	6267.500
543.983	6265.500
544.173	6254.500
544.362	6235.500
544.552	6358.500
544.742	6371.500
544.932	6347.500
545.121	6307.500
545.311	6332.500
545.501	6556.500
545.691	6309.500
545.880	6238.500
546.070	6148.500
546.264	6315.500
546.459	6382.500
546.653	6296.500
546.847	6245.500
547.041	6306.500
547.236	6319.500
547.430	6365.500
547.624	6294.500
547.818	6279.500
548.013	6339.500
548.207	6336.500
548.401	6246.500
548.596	6191.500
548.790	6135.500
548.984	6286.500
549.178	6236.500
549.373	6241.500
549.567	6204.500
549.761	6202.500
549.956	6287.500
550.150	6303.500
550.344	6341.500
550.538	6301.500
550.733	6162.500
550.927	6227.500
551.121	6082.500
551.315	6191.500
551.510	6212.500
551.704	6307.500
551.898	6159.500
552.093	6231.500
552.287	6171.500
552.481	6043.500
552.675	6081.500
552.870	6229.500
553.064	6234.500
553.258	6193.500
553.453	6313.500
553.647	6041.500
553.841	6132.500
554.035	6134.500
554.230	6110.500
554.424	6155.500
554.618	6098.500
554.812	6119.500
555.007	6094.500
555.201	6080.500
555.395	6015.500
555.590	6160.500
555.784	6114.500
555.978	6053.500
556.172	6037.500
556.367	6120.500
556.561	6046.500
556.755	6084.500
556.949	6037.500
557.144	6001.500
557.338	6109.500
557.532	6175.500
557.727	6151.500
557.921	6155.500
558.115	6062.500
558.309	6172.500
558.504	6063.500
558.698	6049.500
558.892	6182.500
559.087	6072.500
559.281	6099.500
559.475	6095.500
559.669	6068.500
559.864	6070.500
560.058	6122.500
560.252	6130.500
560.446	6066.500
560.641	6173.500
560.835	6061.500
561.029	6051.500
561.224	6153.500
561.418	6215.500
561.612	6275.500
561.806	6199.500
562.001	6229.500
562.195	6095.500
562.389	6176.500
562.584	6092.500
562.778	6034.500
562.972	6054.500
563.166	6085.500
563.361	6211.500
563.555	6218.500
563.749	5994.500
563.943	6037.500
564.138	6136.500
564.332	6007.500
564.526	6141.500
564.721	6033.500
564.915	6020.500
565.109	6045.500
565.303	6034.500
565.498	6059.500
565.692	6012.500
565.886	6018.500
566.081	6040.500
566.275	6212.500
566.469	5943.500
566.663	5959.500
566.858	6034.500
567.052	6069.500
567.246	5994.500
567.440	6049.500
567.635	6081.500
567.829	6003.500
568.023	6020.500
568.218	5901.500
568.412	5759.500
568.606	5934.500
568.800	6078.500
568.995	5872.500
569.189	5881.500
569.383	6033.500
569.577	6017.500
569.772	5817.500
569.966	5910.500
570.160	5943.500
570.355	5701.500
570.549	5812.500
570.743	5949.500
570.937	6011.500
571.132	5922.500
571.326	5906.500
571.520	5947.500
571.715	5786.500
571.909	5758.500
572.103	5733.500
572.297	5810.500
572.492	5957.500
572.686	5732.500
572.880	5881.500
573.074	5924.500
573.269	5875.500
573.463	5848.500
573.657	5762.500
573.852	5707.500
574.046	5627.500
574.240	5650.500
574.434	5681.500
574.629	5685.500
574.823	5698.500
575.017	5629.500
575.212	5644.500
575.406	5653.500
575.600	5648.500
575.794	5708.500
575.989	5597.500
576.183	5674.500
576.377	5609.500
576.571	5626.500
576.766	5653.500
576.960	5546.500
577.159	5636.500
577.357	5463.500
577.556	5502.500
577.755	5631.500
577.953	5542.500
578.152	5433.500
578.350	5544.500
578.549	5417.500
578.748	5500.500
578.946	5501.500
579.145	5419.500
579.344	5427.500
579.542	5465.500
579.741	5489.500
579.940	5540.500
580.138	5373.500
580.337	5372.500
580.535	5561.500
580.734	5686.500
580.933	5652.500
581.131	5587.500
581.330	5630.500
581.529	5694.500
581.727	5715.500
581.926	5688.500
582.125	5711.500
582.323	5743.500
582.522	5728.500
582.721	5862.500
582.919	5839.500
583.118	5961.500
583.316	6004.500
583.515	5916.500
583.714	5917.500
583.912	5924.500
584.111	5893.500
584.310	5836.500
584.508	5967.500
584.707	5926.500
584.906	5899.500
585.104	5848.500
585.303	5879.500
585.501	5920.500
585.700	5901.500
585.899	5961.500
586.097	5982.500
586.296	6207.500
586.495	5963.500
586.693	5917.500
586.892	5980.500
587.091	5922.500
587.289	5943.500
587.488	5948.500
587.686	6001.500
587.885	5994.500
588.084	5929.500
588.282	6086.500
588.481	6095.500
588.680	5923.500
588.878	5997.500
589.077	6059.500
589.276	6024.500
589.474	6014.500
589.673	5924.500
589.871	6014.500
590.070	6062.500
590.269	6047.500
590.467	6004.500
590.666	6042.500
590.865	6058.500
591.063	6187.500
591.262	6104.500
591.461	6065.500
591.659	6123.500
591.858	5949.500
592.056	5929.500
592.255	5976.500
592.454	6141.500
592.652	6157.500
592.851	6086.500
593.050	6165.500
593.248	6079.500
593.447	5996.500
593.646	6121.500
593.844	6212.500
594.043	6256.500
594.241	6132.500
594.440	6165.500
594.639	6357.500
594.837	6304.500
595.036	6344.500
595.235	6299.500
595.433	6315.500
595.632	6256.500
595.831	6414.500
596.029	6518.500
596.228	6462.500
596.427	6376.500
596.625	6327.500
596.824	6345.500
597.022	6429.500
597.221	6581.500
597.420	6517.500
597.618	6593.500
597.817	6640.500
598.016	6586.500
598.214	6561.500
598.413	6520.500
598.612	6718.500
598.810	6796.500
599.009	6727.500
599.207	6692.500
599.406	6718.500
599.605	6762.500
599.803	6910.500
600.002	6918.500
600.201	7038.500
600.399	6996.500
600.598	6913.500
600.797	7130.500
600.995	7162.500
601.194	7128.500
601.392	7054.500
601.591	7227.500
601.790	7244.500
601.988	7338.500
602.187	7327.500
602.386	7360.500
602.584	7598.500
602.783	7608.500
602.982	7604.500
603.180	7597.500
603.379	7718.500
603.577	7797.500
603.776	7884.500
603.975	8001.500
604.173	8003.500
604.372	8054.500
604.571	8074.500
604.769	8063.500
604.968	8145.500
605.167	8279.500
605.365	8328.500
605.564	8504.500
605.762	8550.500
605.961	8696.500
606.160	8770.500
606.358	8857.500
606.557	8951.500
606.756	9031.500
606.954	9004.500
607.153	9154.500
607.352	9366.500
607.550	9482.500
607.749	9478.500
607.948	9560.500
608.146	9608.500
608.345	9965.500
608.543	10041.500
608.742	10049.500
608.941	10133.500
609.139	10197.500
609.338	10300.500
609.537	10422.500
609.735	10597.500
609.934	10743.500
610.133	10917.500
610.331	10933.500
610.530	11014.500
610.728	11319.500
610.927	11374.500
611.126	11612.500
611.324	11844.500
611.523	11944.500
611.722	11994.500
611.920	12075.500
612.119	12281.500
612.318	12205.500
612.516	12401.500
612.715	12762.500
612.913	12914.500
613.112	13094.500
613.311	13192.500
613.509	13305.500
613.708	13462.500
613.907	13836.500
614.105	13960.500
614.304	14172.500
614.503	14272.500
614.701	14527.500
614.900	14552.500
615.098	14806.500
615.297	15004.500
615.496	15417.500
615.694	15486.500
615.893	15678.500
616.092	15860.500
616.290	16057.500
616.489	16364.500
616.688	16414.500
616.886	16748.500
617.085	16948.500
617.283	17137.500
617.482	17578.500
617.681	17633.500
617.879	17769.500
618.078	17949.500
618.277	18166.500
618.475	18476.500
618.674	18449.500
618.873	18820.500
619.071	18980.500
619.270	19216.500
619.468	19413.500
619.667	19489.500
619.866	19455.500
620.064	19644.500
620.263	19642.500
620.462	19649.500
620.660	19912.500
620.859	19880.500
621.058	19843.500
621.256	19697.500
621.455	19838.500
621.654	19664.500
621.852	19610.500
622.051	19439.500
622.249	19405.500
622.448	19107.500
622.647	19095.500
622.845	18659.500
623.044	18544.500
623.243	18567.500
623.441	18093.500
623.640	17732.500
623.839	17377.500
624.037	17120.500
624.236	16758.500
624.434	16330.500
624.633	15939.500
624.832	15551.500
625.030	14957.500
625.229	14605.500
625.428	14383.500
625.626	13714.500
625.825	13408.500
626.024	13144.500
626.222	12666.500
626.421	12202.500
626.619	11960.500
626.818	11452.500
627.017	11093.500
627.215	10861.500
627.414	10413.500
627.613	10078.500
627.811	9846.500
628.010	9553.500
628.209	9286.500
628.407	8940.500
628.606	8670.500
628.804	8333.500
629.003	8260.500
629.202	8001.500
629.400	7692.500
629.599	7383.500
629.798	7224.500
629.996	6992.500
630.195	6874.500
630.394	6653.500
630.592	6612.500
630.791	6395.500
630.990	6166.500
631.188	5959.500
631.387	5902.500
631.585	5767.500
631.784	5567.500
631.983	5465.500
632.181	5350.500
632.380	5210.500
632.579	5152.500
632.777	4973.500
632.976	4806.500
633.175	4763.500
633.373	4696.500
633.572	4426.500
633.770	4445.500
633.969	4336.500
634.168	4162.500
634.366	4149.500
634.565	4069.500
634.764	3965.500
634.962	3880.500
635.161	3835.500
635.360	3785.500
635.558	3696.500
635.757	3608.500
635.955	3527.500
636.154	3399.500
636.353	3364.500
636.551	3439.500
636.750	3310.500
636.949	3091.500
637.147	3093.500
637.346	3109.500
637.545	2923.500
637.743	2877.500
637.942	2918.500
638.140	2851.500
638.339	2777.500
638.538	2746.500
638.736	2724.500
638.935	2648.500
639.134	2628.500
639.332	2608.500
639.531	2528.500
639.730	2446.500
639.928	2475.500
640.127	2432.500
640.325	2446.500
640.524	2356.500
640.723	2368.500
640.921	2375.500
641.120	2308.500
641.319	2234.500
641.517	2201.500
641.716	2155.500
641.915	2118.500
642.113	2129.500
642.312	2151.500
642.510	2054.500
642.709	2134.500
642.908	2051.500
643.106	1975.500
643.305	2037.500
643.504	1963.500
643.702	1981.500
643.901	1886.500
644.100	1958.500
644.298	1820.500
644.497	1860.500
644.696	1903.500
644.894	1751.500
645.093	1888.500
645.291	1752.500
645.490	1698.500
645.689	1654.500
645.887	1677.500
646.086	1613.500
646.285	1560.500
646.483	1569.500
646.682	1512.500
646.881	1481.500
647.079	1471.500
647.278	1449.500
647.476	1382.500
647.675	1405.500
647.874	1457.500
648.072	1352.500
648.271	1339.500
648.470	1219.500
648.668	1289.500
648.867	1155.500
649.066	1163.500
649.264	1150.500
649.463	1081.500
649.661	1020.500
649.860	997.500
650.059	924.500
650.257	897.500
650.456	845.500
650.655	852.500
650.853	809.500
651.052	769.500
651.251	717.500
651.449	700.500
651.648	644.500
651.846	635.500
652.045	667.500
652.244	543.500
652.442	486.500
652.641	504.500
652.840	463.500
653.038	422.500
653.237	340.500
653.436	377.500
653.634	428.500
653.833	341.500
654.032	396.500
654.230	356.500
654.429	330.500
654.627	243.500
654.826	234.500
655.025	190.500
655.223	230.500
655.422	223.500
655.621	205.500
655.819	230.500
656.018	198.500
656.217	178.500
656.415	151.500
656.614	155.500
656.812	125.500
657.011	129.500
657.210	132.500
657.408	199.500
657.607	228.500
657.806	156.500
658.004	131.500
658.203	165.500
658.402	212.500
658.600	174.500
658.799	115.500
658.997	110.500
659.196	84.500
659.395	93.500
659.593	123.500
659.792	125.500
659.991	110.500
660.189	115.500
660.388	51.500
660.587	139.500
660.785	94.500
660.984	48.500
661.182	72.500
661.381	112.500
661.580	57.500
661.778	87.500
661.977	37.500
662.176	68.500
662.374	102.500
662.573	125.500
662.772	154.500
662.970	126.500
663.169	121.500
663.367	63.500
663.566	72.500
663.765	23.500
663.963	8.500
664.162	35.500
664.361	66.500
664.559	69.500
664.758	69.500
664.957	49.500
665.155	93.500
665.354	47.500
665.552	65.500
665.751	53.500
665.950	30.500
666.148	77.500
666.347	75.500
666.546	53.500
666.744	105.500
666.943	51.500
667.142	65.500
667.340	68.500
667.539	61.500
667.738	53.500
667.936	58.500
668.135	16.500
668.333	85.500
668.532	14.500
668.731	2.500
668.929	48.500
669.128	47.500
669.327	52.500
669.525	75.500
669.724	33.500
669.923	47.500
670.121	43.500
670.320	34.500
670.518	2.500
670.717	49.500
670.916	73.500
671.114	92.500
671.313	30.500
671.512	43.500
671.710	33.500
671.909	69.500
672.108	81.500
672.306	38.500
672.505	69.500
672.703	10.500
672.902	72.500
673.101	45.500
673.299	53.500
673.498	3.500
673.697	64.500
673.895	7.500
674.094	29.500
674.293	30.500
674.491	20.500
674.690	31.500
674.888	79.500
675.087	6.500
675.286	80.500
675.484	85.500
675.683	62.500
675.882	1.500
676.080	1.500
676.279	-14.500
676.478	58.500
676.676	75.500
676.875	37.500
677.073	87.500
677.272	56.500
677.471	50.500
677.669	52.500
677.868	50.500
678.067	42.500
678.265	82.500
678.464	46.500
678.663	80.500
678.861	11.500
679.060	45.500
679.259	49.500
679.457	39.500
679.656	46.500
679.854	45.500
680.053	24.500
680.252	-1.500
680.450	42.500
680.649	42.500
680.848	43.500
681.046	58.500
681.245	-29.500
681.444	-12.500
681.642	-23.500
681.841	49.500
682.039	69.500
682.238	72.500
682.437	5.500
682.635	38.500
682.834	51.500
683.033	45.500
683.231	9.500
683.430	21.500
683.629	33.500
683.827	38.500
684.026	35.500
684.224	3.500
684.423	63.500
684.622	63.500
684.820	40.500
685.019	62.500
685.218	65.500
685.416	-17.500
685.615	18.500
685.814	61.500
686.012	7.500
686.211	7.500
686.409	73.500
686.608	67.500
686.807	-3.500
687.005	16.500
687.204	8.500
687.403	66.500
687.601	33.500
687.800	8.500
687.999	27.500
688.197	32.500
688.396	66.500
688.594	32.500
688.793	55.500
688.992	54.500
689.190	127.500
689.389	71.500
689.588	56.500
689.786	14.500
689.985	97.500
690.184	84.500
690.382	45.500
690.581	39.500
690.779	95.500
690.978	78.500
691.177	44.500
691.375	64.500
691.574	31.500
691.773	43.500
691.971	-6.500
692.170	72.500
692.369	52.500
692.567	81.500
692.766	16.500
692.965	25.500
693.163	46.500
693.362	19.500
693.560	15.500
693.759	32.500
693.958	16.500
694.156	43.500
694.355	63.500
694.554	66.500
694.752	97.500
694.951	51.500
695.150	22.500
695.348	69.500
695.547	35.500
695.745	71.500
695.944	69.500
696.143	68.500
696.341	60.500
696.540	91.500
696.743	51.500
696.946	59.500
697.149	66.500
697.352	73.500
697.555	88.500
697.757	7.500
697.960	31.500
698.163	91.500
698.366	55.500
698.569	78.500
698.772	100.500
698.975	107.500
699.178	110.500
699.381	166.500
699.584	51.500
699.787	64.500
699.989	48.500
700.192	31.500
700.395	80.500
700.598	41.500
700.801	75.500
701.004	85.500
701.207	76.500
701.410	114.500
701.613	64.500
701.816	96.500
702.019	88.500
702.221	64.500
702.424	106.500
702.627	123.500
702.830	51.500
703.033	49.500
703.236	58.500
703.439	71.500
703.642	49.500
703.845	114.500
704.048	196.500
704.251	123.500
704.453	128.500
704.656	137.500
704.859	143.500
705.062	191.500
705.265	126.500
705.468	70.500
705.671	79.500
705.874	107.500
706.077	85.500
706.280	59.500
706.483	116.500
706.685	169.500
706.888	157.500
707.091	134.500
707.294	117.500
707.497	123.500
707.700	130.500
707.903	135.500
708.106	149.500
708.309	104.500
708.512	146.500
708.715	110.500
708.917	139.500
709.120	110.500
709.323	92.500
709.526	139.500
709.729	132.500
709.932	155.500
710.135	146.500
710.338	169.500
710.541	173.500
710.744	150.500
710.947	157.500
711.149	170.500
711.352	136.500
711.555	144.500
711.758	166.500
711.961	150.500
712.164	194.500
712.367	198.500
712.570	179.500
712.773	135.500
712.976	172.500
713.179	191.500
713.381	170.500
713.584	223.500
713.787	230.500
713.990	192.500
714.193	208.500
714.396	188.500
714.599	162.500
714.802	204.500
715.005	206.500
715.208	185.500
715.411	189.500
715.613	208.500
715.816	228.500
716.019	214.500
716.222	225.500
716.425	260.500
716.628	217.500
716.831	151.500
717.034	181.500
717.237	202.500
717.440	202.500
717.643	204.500
717.845	208.500
718.048	248.500
718.251	195.500
718.454	226.500
718.657	255.500
718.860	207.500
719.063	249.500
719.266	225.500
719.469	198.500
719.672	246.500
719.875	202.500
720.077	214.500
720.280	239.500
720.483	227.500
720.686	167.500
720.889	230.500
721.092	290.500
721.295	261.500
721.498	226.500
721.701	248.500
721.904	248.500
722.107	249.500
722.309	278.500
722.512	264.500
722.715	282.500
722.918	260.500
723.121	277.500
723.324	224.500
723.527	277.500
723.730	280.500
723.933	327.500
724.136	292.500
724.339	236.500
724.541	284.500
724.744	289.500
724.947	290.500
725.150	308.500
725.353	365.500
725.556	313.500
725.759	307.500
725.962	269.500
726.165	265.500
726.368	271.500
726.571	347.500
726.773	354.500
726.976	291.500
727.179	272.500
727.382	283.500
727.585	295.500
727.788	300.500
727.991	341.500
728.194	325.500
728.397	280.500
728.600	239.500
728.803	283.500
729.005	287.500
729.208	236.500
729.411	285.500
729.614	336.500
729.817	275.500
730.020	240.500
730.223	252.500
730.426	182.500
730.629	190.500
730.832	275.500
731.035	253.500
731.237	227.500
731.440	284.500
731.643	255.500
731.846	234.500
732.049	219.500
732.252	297.500
732.455	277.500
732.658	213.500
732.861	227.500
733.064	241.500
733.267	221.500
733.469	224.500
733.672	211.500
733.875	256.500
734.078	244.500
734.281	171.500
734.484	155.500
734.687	174.500
734.890	192.500
735.093	205.500
735.296	207.500
735.499	168.500
735.701	188.500
735.904	218.500
736.107	191.500
736.310	221.500
736.513	234.500
736.716	172.500
736.919	157.500
737.122	174.500
737.325	128.500
737.528	157.500
737.731	174.500
737.933	189.500
738.136	132.500
738.339	114.500
738.542	116.500
738.745	156.500
738.948	137.500
739.151	145.500
739.354	168.500
739.557	196.500
739.760	132.500
739.963	118.500
740.165	157.500
740.368	164.500
740.571	116.500
740.774	138.500
740.977	83.500
741.180	167.500
741.383	134.500
741.586	77.500
741.789	94.500
741.992	148.500
742.195	94.500
742.397	57.500
742.600	131.500
742.803	96.500
743.006	124.500
743.209	86.500
743.412	112.500
743.615	147.500
743.818	55.500
744.021	85.500
744.224	141.500
744.427	98.500
744.629	55.500
744.832	67.500
745.035	69.500
745.238	74.500
745.441	88.500
745.644	74.500
745.847	121.500
746.050	40.500
746.253	33.500
746.456	23.500
746.659	45.500
746.861	64.500
747.064	96.500
747.267	105.500
747.470	47.500
747.673	61.500
747.876	67.500
748.079	50.500
748.282	21.500
748.485	33.500
748.688	61.500
748.891	7.500
749.093	73.500
749.296	78.500
749.499	57.500
749.702	46.500
749.905	21.500
750.108	30.500
750.311	10.500
750.514	43.500
750.717	72.500
750.920	58.500
751.123	24.500
751.325	56.500
751.528	103.500
751.731	76.500
751.934	129.500
752.137	59.500
752.340	19.500
752.543	21.500
752.746	-23.500
752.949	28.500
753.152	70.500
753.355	-9.500
753.557	56.500
753.760	66.500
753.963	31.500
754.166	26.500
754.369	1.500
754.572	-6.500
754.775	59.500
754.978	22.500
755.181	44.500
755.384	-7.500
755.587	-36.500
755.789	-15.500
755.992	18.500
756.195	35.500
756.398	50.500
756.601	15.500
756.804	85.500
757.007	46.500
757.210	28.500
757.413	32.500
757.616	51.500
757.819	2.500
758.021	-29.500
758.224	29.500
758.427	8.500
758.630	3.500
758.833	25.500
759.036	14.500
759.239	49.500
759.442	4.500
759.645	10.500
759.848	13.500
760.051	67.500
760.253	-27.500
760.456	4.500
760.659	32.500
760.862	28.500
761.065	17.500
761.268	26.500
761.471	-6.500
761.674	-3.500
761.877	-9.500
762.080	105.500
762.283	-5.500
762.485	-2.500
762.688	8.500
762.891	68.500
763.094	2.500
763.297	18.500
763.500	13.500
763.706	-42.500
763.912	13.500
764.118	-5.500
764.325	-8.500
764.531	-16.500
764.737	-11.500
764.943	-4.500
765.149	92.500
765.355	5.500
765.561	38.500
765.768	25.500
765.974	51.500
766.180	22.500
766.386	16.500
766.592	-5.500
766.798	47.500
767.004	11.500
767.210	27.500
767.417	51.500
767.623	21.500
767.829	-25.500
768.035	-17.500
768.241	14.500
768.447	5.500
768.653	0.500
768.860	-15.500
769.066	-22.500
769.272	15.500
769.478	37.500
769.684	7.500
769.890	-1.500
770.096	-9.500
770.303	-33.500
770.509	9.500
770.715	10.500
770.921	-6.500
771.127	-8.500
771.333	24.500
771.539	32.500
771.745	7.500
771.952	-2.500
772.158	-35.500
772.364	-18.500
772.570	28.500
772.776	-0.500
772.982	-3.500
773.188	32.500
773.395	48.500
773.601	15.500
773.807	8.500
774.013	-64.500
774.219	-2.500
774.425	-22.500
774.631	-18.500
774.838	12.500
775.044	-11.500
775.250	23.500
775.456	-7.500
775.662	1.500
775.868	8.500
776.074	-54.500
776.281	-1.500
776.487	-16.500
776.693	-10.500
776.899	-11.500
777.105	4.500
777.311	91.500
777.517	-17.500
777.723	-8.500
777.930	-53.500
778.136	-11.500
778.342	41.500
778.548	10.500
778.754	47.500
778.960	39.500
779.166	22.500
779.373	10.500
779.579	14.500
779.785	-36.500
779.991	-7.500
780.197	-13.500
780.403	10.500
780.609	20.500
780.816	35.500
781.022	-2.500
781.228	44.500
781.434	35.500
781.640	20.500
781.846	-13.500
782.052	-1.500
782.259	-9.500
782.465	-11.500
782.671	32.500
782.877	41.500
783.083	68.500
783.289	-27.500
783.495	26.500
783.701	44.500
783.908	-17.500
784.114	-3.500
784.320	7.500
784.526	15.500
784.732	38.500
784.938	2.500
785.144	-1.500
785.351	23.500
785.557	25.500
785.763	-12.500
785.969	8.500
786.175	30.500
786.381	-10.500
786.587	9.500
786.794	12.500
787.000	44.500
787.206	10.500
787.412	24.500
787.618	58.500
787.824	40.500
788.030	-10.500
788.236	-34.500
788.443	-69.500
788.649	23.500
788.855	77.500
789.061	29.500
789.267	0.500
789.473	-20.500
789.679	16.500
789.886	2.500
790.092	9.500
790.298	-8.500
790.504	32.500
790.710	59.500
790.916	13.500
791.122	17.500
791.329	-12.500
791.535	24.500
791.741	23.500
791.947	2.500
792.153	-12.500
792.359	-6.500
792.565	-12.500
792.771	-32.500
792.978	22.500
793.184	2.500
793.390	14.500
793.596	-1.500
793.802	5.500
794.008	39.500
794.214	-10.500
794.421	19.500
794.627	-12.500
794.833	-9.500
795.039	-25.500
795.245	-7.500
795.451	2.500
795.657	-29.500
795.864	-42.500
796.070	-20.500
796.276	-28.500
796.482	-32.500
796.688	37.500
796.894	-16.500
797.100	23.500
797.307	65.500
797.513	12.500
797.719	19.500
797.925	-13.500
798.131	-41.500
798.337	-84.500
798.543	-25.500
798.749	28.500
798.956	24.500
799.162	45.500
799.368	31.500
799.574	18.500
799.780	-20.500
799.986	-49.500
800.192	-25.500
800.399	9.500
800.605	27.500
800.811	-2.500
801.017	32.500
801.223	-0.500
801.429	-8.500
801.635	39.500
801.842	25.500
802.048	-18.500
802.254	24.500
802.460	-3.500
802.666	37.500
802.872	-19.500
803.078	57.500
803.285	14.500
803.491	-31.500
803.697	-56.500
803.903	-11.500
804.109	53.500
804.315	-17.500
804.521	0.500
804.727	35.500
804.934	8.500
805.140	-4.500
805.346	-26.500
805.552	-22.500
805.758	-7.500
805.964	7.500
806.170	13.500
806.377	16.500
806.583	11.500
806.789	41.500
806.995	59.500
807.201	29.500
807.407	-14.500
807.613	-48.500
807.820	-37.500
808.026	-6.500
808.232	-15.500
808.438	4.500
808.644	31.500
808.850	-8.500
809.056	26.500
809.262	-21.500
809.469	-6.500
809.675	37.500
809.881	28.500
810.087	-0.500
810.293	31.500
810.499	-1.500
810.705	12.500
810.912	9.500
811.118	16.500
811.324	32.500
811.530	59.500
811.739	1.500
811.947	-5.500
812.156	13.500
812.365	-0.500
812.573	-8.500
812.782	-32.500
812.990	46.500
813.199	-19.500
813.408	7.500
813.616	-67.500
813.825	-34.500
814.034	-6.500
814.242	5.500
814.451	-23.500
814.659	-5.500
814.868	29.500
815.077	66.500
815.285	29.500
815.494	9.500
815.703	52.500
815.911	-16.500
816.120	0.500
816.329	-13.500
816.537	-0.500
816.746	2.500
816.954	16.500
817.163	49.500
817.372	-16.500
817.580	-4.500
817.789	-31.500
817.998	-27.500
818.206	28.500
818.415	27.500
818.624	8.500
818.832	-9.500
819.041	-2.500
819.249	-1.500
819.458	-26.500
819.667	-19.500
819.875	11.500
820.084	23.500
820.293	-10.500
820.501	21.500
820.710	5.500
820.919	49.500
821.127	22.500
821.336	96.500
821.544	22.500
821.753	19.500
821.962	-2.500
822.170	-37.500
822.379	-42.500
822.588	-27.500
822.796	-23.500
823.005	-0.500
823.213	-12.500
823.422	29.500
823.631	59.500
823.839	20.500
824.048	-6.500
824.257	14.500
824.465	36.500
824.674	2.500
824.883	-26.500
825.091	-19.500
825.300	-7.500
825.508	48.500
825.717	29.500
825.926	2.500
826.134	3.500
826.343	19.500
826.552	-10.500
826.760	29.500
826.969	43.500
827.178	40.500
827.386	20.500
827.595	-2.500
827.803	8.500
828.012	-30.500
828.221	-5.500
828.429	26.500
828.638	29.500
828.847	6.500
829.055	55.500
829.264	-1.500
829.472	0.500
829.681	11.500
829.890	0.500
830.098	-50.500
830.307	-17.500
830.516	-36.500
830.724	14.500
830.933	63.500
831.142	-6.500
831.350	10.500
831.559	35.500
831.767	1.500
831.976	-12.500
832.185	6.500
832.393	0.500
832.602	-7.500
832.811	41.500
833.019	47.500
833.228	41.500
833.437	-26.500
833.645	-2.500
833.854	-20.500
834.062	-12.500
834.271	-33.500
834.480	41.500
834.688	-9.500
834.897	20.500
835.106	-20.500
835.314	55.500
835.523	-25.500
835.731	15.500
835.940	18.500
836.149	0.500
836.357	24.500
836.566	-6.500
836.775	-18.500
836.983	-4.500
837.192	-1.500
837.401	13.500
837.609	-9.500
837.818	-24.500
838.026	-8.500
838.235	20.500
838.444	12.500
838.652	19.500
838.861	9.500
839.070	-20.500
839.278	34.500
839.487	-0.500
839.696	-2.500
839.904	-2.500
840.113	-31.500
840.321	-26.500
840.530	48.500
840.739	-24.500
840.947	-3.500
841.156	-47.500
841.365	-11.500
841.573	10.500
841.782	51.500
841.991	22.500
842.199	-33.500
842.408	-1.500
842.616	-22.500
842.825	11.500
843.034	28.500
843.242	37.500
843.451	-5.500
843.660	-28.500
843.868	-32.500
844.077	39.500
844.285	4.500
844.494	-8.500
844.703	1.500
844.911	21.500
845.120	-46.500
845.329	13.500
845.537	33.500
845.746	-29.500
845.955	-39.500
846.163	-7.500
846.372	7.500
846.580	-4.500
846.789	-57.500
846.998	5.500
847.206	2.500
847.415	-38.500
847.624	-53.500
847.832	24.500
848.041	-3.500
848.250	7.500
848.458	-15.500
848.667	-16.500
848.875	-19.500
849.084	-10.500
849.293	1.500
849.501	37.500
849.710	45.500
849.919	-36.500
850.127	-10.500
850.336	-22.500
850.544	-19.500
850.753	-1.500
850.962	-0.500
851.170	-42.500
851.379	-14.500
851.588	-19.500
851.796	8.500
852.005	16.500
852.214	32.500
852.422	14.500
852.631	-21.500
852.839	-49.500
853.048	59.500
853.257	27.500
853.465	1.500
853.674	-20.500
853.883	-5.500
854.091	4.500
854.300	-25.500
854.509	-6.500
854.717	6.500
854.926	26.500
855.134	45.500
855.343	14.500
855.552	-26.500
855.760	3.500
855.969	1.500
856.178	6.500
856.386	-36.500
856.595	1.500
856.803	-1.500
857.012	-20.500
857.221	-24.500
857.429	-20.500
857.638	-0.500
857.847	18.500
858.055	-8.500
858.264	-17.500
858.473	-31.500
858.681	-25.500
858.890	-5.500
859.098	-13.500
859.307	7.500
859.516	69.500
859.724	42.500
859.933	32.500
860.142	9.500
860.350	-7.500
860.559	-6.500
860.768	-19.500
860.976	-11.500
861.185	1.500
861.393	-1.500
861.602	-4.500
861.811	-31.500
862.019	16.500
862.228	32.500
862.437	29.500
862.645	-21.500
862.854	-9.500
863.062	-49.500
863.271	-9.500
863.480	12.500
863.688	18.500
863.897	-8.500
864.106	-1.500
864.314	-32.500
864.523	-26.500
864.732	-44.500
864.940	-69.500
865.149	32.500
865.357	18.500
865.566	4.500
865.775	-22.500
865.983	-31.500
866.192	-30.500
866.401	8.500
866.609	-27.500
866.818	-21.500
867.027	-13.500
867.235	62.500
867.444	10.500
867.652	-33.500
867.861	48.500
868.070	-18.500
868.278	11.500
868.487	6.500
868.696	-4.500
868.904	11.500
869.113	-2.500
869.321	-18.500
869.530	32.500
869.739	-25.500
869.947	-10.500
870.156	18.500
870.365	3.500
870.573	18.500
870.782	-34.500
870.991	38.500
871.199	68.500
871.408	2.500
871.616	-15.500
871.825	-19.500
872.034	-0.500
872.242	43.500
872.451	-3.500
872.660	19.500
872.868	-7.500
873.077	38.500
873.286	-1.500
873.494	-65.500
873.703	-1.500
873.911	-58.500
874.120	-54.500
874.329	48.500
874.537	3.500
874.746	-9.500
874.955	-31.500
875.163	-6.500
875.372	45.500
875.581	25.500
875.789	-15.500
875.998	12.500
876.206	-9.500
876.415	11.500
876.624	29.500
876.832	20.500
877.041	-0.500
877.250	-37.500
877.458	-11.500
877.667	27.500
877.875	11.500
878.084	-27.500
878.293	-26.500
878.501	0.500
878.710	-8.500
878.919	9.500
879.127	26.500
879.336	-2.500
879.545	8.500
879.753	-4.500
879.962	8.500
880.170	1.500
880.379	-5.500
880.588	-33.500
880.796	2.500
881.005	-4.500
881.214	-34.500
881.422	14.500
881.631	-29.500
881.840	-19.500
882.048	-49.500
882.257	-14.500
882.465	9.500
882.674	32.500
882.883	17.500
883.091	-11.500
883.300	-15.500
883.509	50.500
883.717	14.500
883.926	27.500
884.134	-32.500
884.343	-20.500
884.552	-27.500
884.760	-27.500
884.969	-9.500
885.178	-29.500
885.386	-22.500
885.595	-34.500
885.804	-36.500
886.012	9.500
886.221	28.500
886.429	40.500
886.638	-20.500
886.847	83.500
887.055	34.500
887.264	-33.500
887.473	-53.500
887.681	-23.500
887.890	27.500
888.099	39.500
888.307	-27.500
888.516	1.500
888.724	16.500
888.933	6.500
889.142	-33.500
889.350	6.500
889.559	-1.500
889.768	3.500
889.976	11.500
890.185	-8.500
890.393	2.500
890.602	23.500
890.811	-17.500
891.019	-42.500
891.228	-13.500
891.437	43.500
891.645	42.500
891.854	-79.500
892.063	-12.500
892.271	-5.500
892.480	-10.500
892.688	-1.500
892.897	-6.500
893.106	-4.500
893.314	-9.500
893.523	-7.500
893.732	-21.500
893.940	-12.500
894.149	22.500
894.358	46.500
894.566	1.500
894.775	-6.500
894.983	33.500
895.192	-10.500
895.401	-47.500
895.609	15.500
895.818	5.500
896.027	-11.500
896.235	10.500
896.444	-15.500
896.652	-17.500
896.861	-43.500
897.070	-37.500
897.278	7.500
897.487	-9.500
897.696	40.500
897.904	-29.500
898.113	0.500
898.322	11.500
898.530	-50.500
898.739	20.500
898.947	-11.500
899.156	-24.500
899.365	1.500
899.573	-6.500
899.782	32.500
899.991	15.500
900.199	-27.500
900.408	-1.500
900.617	8.500
900.825	-13.500
901.034	-38.500
901.242	17.500
901.451	-14.500
901.660	12.500
901.868	-3.500
902.077	-42.500
902.286	-27.500
902.494	11.500
902.703	-2.500
902.911	-14.500
903.120	-13.500
903.329	-15.500
903.537	35.500
903.746	-7.500
903.955	-20.500
904.163	-6.500
904.372	6.500
904.581	-34.500
904.789	-34.500
904.998	16.500
905.206	12.500
905.415	-35.500
905.624	11.500
905.832	16.500
906.041	-19.500
906.250	-4.500
906.458	-25.500
906.667	25.500
906.876	16.500
907.084	-22.500
907.293	-31.500
907.501	-30.500
907.710	43.500
907.919	1.500
908.127	10.500
908.336	62.500
908.545	30.500
908.753	-1.500
908.962	-28.500
909.170	-23.500
909.379	15.500
909.588	18.500
909.796	46.500
910.005	12.500
910.214	18.500
910.422	23.500
910.631	-3.500
910.840	-25.500
911.048	18.500
911.257	-24.500
911.465	-33.500
911.674	5.500
911.883	27.500
912.091	20.500
912.300	-12.500
912.508	2.500
912.716	-30.500
912.924	-8.500
913.132	40.500
913.340	61.500
913.549	9.500
913.757	24.500
913.965	47.500
914.173	54.500
914.381	-25.500
914.589	-5.500
914.797	-5.500
915.005	28.500
915.213	24.500
915.421	29.500
915.629	-8.500
915.838	-25.500
916.046	-36.500
916.254	0.500
916.462	12.500
916.670	-14.500
916.878	3.500
917.086	-82.500
917.294	-4.500
917.502	39.500
917.710	33.500
917.919	34.500
918.127	53.500
918.335	-10.500
918.543	73.500
918.751	55.500
918.959	34.500
919.167	12.500
919.375	-30.500
919.583	-7.500
919.791	7.500
919.999	34.500
920.208	-60.500
920.416	-16.500
920.624	-28.500
920.832	-53.500
921.040	-8.500
921.248	16.500
921.456	-2.500
921.664	18.500
921.872	-3.500
922.080	-0.500
922.288	40.500
922.497	22.500
922.705	-56.500
922.913	-31.500
923.121	-27.500
923.329	-11.500
923.537	16.500
923.745	4.500
923.953	-15.500
924.161	-32.500
924.369	-39.500
924.578	30.500
924.786	7.500
924.994	34.500
925.202	-16.500
925.410	-16.500
925.618	-18.500
925.826	27.500
926.034	0.500
926.242	5.500
926.450	-24.500
926.658	35.500
926.867	17.500
927.075	5.500
927.283	-39.500
927.491	-42.500
927.699	-23.500
927.907	27.500
928.115	3.500
928.323	-8.500
928.531	5.500
928.739	40.500
928.947	-23.500
929.156	22.500
929.364	-9.500
929.572	-25.500
929.780	2.500
929.988	-5.500
930.196	9.500
930.404	3.500
930.612	-63.500
930.820	-47.500
931.028	0.500
931.236	-21.500
931.445	10.500
931.653	9.500
931.861	0.500
932.069	22.500
932.277	59.500
932.485	-7.500
932.693	-7.500
932.901	4.500
933.109	3.500
933.317	-31.500
933.526	-17.500
933.734	45.500
933.942	5.500
934.150	-31.500
934.358	-6.500
934.566	-6.500
934.774	36.500
934.982	-35.500
935.190	-42.500
935.398	16.500
935.606	-21.500
935.815	15.500
936.023	-46.500
936.231	33.500
936.439	37.500
936.647	-24.500
936.855	11.500
937.063	-15.500
937.271	-57.500
937.479	-30.500
937.687	26.500
937.895	-25.500
938.104	12.500
938.312	50.500
938.520	29.500
938.728	42.500
938.936	29.500
939.144	-1.500
939.352	2.500
939.560	29.500
939.768	-5.500
939.976	6.500
940.185	17.500
940.393	23.500
940.601	-30.500
940.809	-0.500
941.017	-41.500
941.225	-49.500
941.433	-42.500
941.641	-58.500
941.849	-50.500
942.057	-6.500
942.265	27.500
942.474	56.500
942.682	-2.500
942.890	2.500
943.098	10.500
943.306	-5.500
943.514	-34.500
943.722	-10.500
943.930	26.500
944.138	4.500
944.346	10.500
944.554	19.500
944.763	43.500
944.971	4.500
945.179	-50.500
945.387	-0.500
945.595	-14.500
945.803	-11.500
946.011	39.500
946.219	-0.500
946.427	28.500
946.635	4.500
946.843	29.500
947.052	-27.500
947.260	7.500
947.468	-27.500
947.676	-23.500
947.884	-12.500
948.092	-20.500
948.300	-21.500
948.508	21.500
948.716	28.500
948.924	5.500
949.133	-8.500
949.341	-12.500
949.549	36.500
949.757	-57.500
949.965	-25.500
950.173	-7.500
950.381	6.500
950.589	-17.500
950.797	-10.500
951.005	-28.500
951.213	-26.500
951.422	14.500
951.630	-5.500
951.838	-31.500
952.046	23.500
952.254	79.500
952.462	36.500
952.670	19.500
952.878	34.500
953.086	3.500
953.294	31.500
953.502	15.500
953.711	-34.500
953.919	-10.500
954.127	33.500
954.335	-57.500
954.543	-10.500
954.751	-0.500
954.959	45.500
955.167	22.500
955.375	29.500
955.583	-36.500
955.792	-27.500
956.000	-1.500
956.208	-9.500
956.416	-9.500
956.624	33.500
956.832	-0.500
957.040	43.500
957.248	-0.500
957.456	33.500
957.664	5.500
957.872	-31.500
958.081	-49.500
958.289	-8.500
958.497	35.500
958.705	13.500
958.913	33.500
959.121	-12.500
959.329	-38.500
959.537	-27.500
959.745	-23.500
959.953	-4.500
960.161	2.500
960.370	-5.500
960.578	22.500
960.786	19.500
960.994	-2.500
961.202	-14.500
961.410	1.500
961.618	4.500
961.826	-29.500
962.034	32.500
962.242	2.500
962.451	-54.500
962.659	-42.500
962.867	-17.500
963.075	-56.500
963.283	-26.500
963.491	-7.500
963.699	-41.500
963.907	-28.500
964.115	-17.500
964.323	-18.500
964.531	49.500
964.740	6.500
964.948	-14.500
965.156	-46.500
965.364	5.500
965.572	-26.500
965.780	8.500
965.999	41.500
966.218	-63.500
966.438	-4.500
966.657	14.500
966.876	27.500
967.095	35.500
967.315	-5.500
967.534	-3.500
967.753	22.500
967.972	21.500
968.192	24.500
968.411	3.500
968.630	-24.500
968.849	-1.500
969.068	-4.500
969.288	-17.500
969.507	-17.500
969.726	45.500
969.945	26.500
970.165	0.500
970.384	8.500
970.603	-12.500
970.822	-15.500
971.042	4.500
971.261	-1.500
971.480	-14.500
971.699	-29.500
971.919	-47.500
972.138	4.500
972.357	43.500
972.576	1.500
972.795	-2.500
973.015	1.500
973.234	11.500
973.453	9.500
973.672	-37.500
973.892	7.500
974.111	-45.500
974.330	-48.500
974.549	57.500
974.769	16.500
974.988	-38.500
975.207	8.500
975.426	1.500
975.646	29.500
975.865	-7.500
976.084	-9.500
976.303	-6.500
976.522	-50.500
976.742	5.500
976.961	-26.500
977.180	-5.500
977.399	-16.500
977.619	-18.500
977.838	2.500
978.057	-34.500
978.276	-14.500
978.496	-35.500
978.715	53.500
978.934	18.500
979.153	5.500
979.372	34.500
979.592	-6.500
979.811	36.500
980.030	-5.500
980.249	-1.500
980.469	-60.500
980.688	-25.500
980.907	18.500
981.126	-26.500
981.346	25.500
981.565	13.500
981.784	21.500
982.003	-16.500
982.223	-48.500
982.442	-7.500
982.661	-49.500
982.880	-67.500
983.099	7.500
983.319	25.500
983.538	2.500
983.757	20.500
983.976	55.500
984.196	-66.500
984.415	-18.500
984.634	-9.500
984.853	-12.500
985.073	7.500
985.292	-68.500
985.511	-45.500
985.730	2.500
985.949	0.500
986.169	11.500
986.388	-35.500
986.607	-29.500
986.826	-25.500
987.046	-9.500
987.265	21.500
987.484	-26.500
987.703	-1.500
987.923	-32.500
988.142	-30.500
988.361	-48.500
988.580	-15.500
988.800	-15.500
989.019	-36.500
989.238	19.500
989.457	17.500
989.676	48.500
989.896	42.500
990.115	75.500
990.334	17.500
990.553	-56.500
990.773	-9.500
990.992	23.500
991.211	6.500
991.430	35.500
991.650	25.500
991.869	2.500
992.088	20.500
992.307	3.500
992.527	-20.500
992.746	-15.500
992.965	-56.500
993.184	23.500
993.403	-8.500
993.623	54.500
993.842	35.500
994.061	1.500
994.280	-29.500
994.500	-48.500
994.719	-26.500
994.938	35.500
995.157	8.500
995.377	-6.500
995.596	-15.500
995.815	-2.500
996.034	25.500
996.253	-10.500
996.473	16.500
996.692	-16.500
996.911	-38.500
997.130	-6.500
997.350	-22.500
997.569	-45.500
997.788	-60.500
998.007	-2.500
998.227	7.500
998.446	19.500
998.665	48.500
998.884	42.500
999.104	-21.500
999.323	56.500
999.542	12.500
999.761	-5.500
999.980	28.500
1000.200	93.500
1000.419	27.500
1000.638	-18.500
1000.857	-11.500
1001.077	-5.500
1001.296	-15.500
1001.515	3.500
1001.734	-41.500
1001.954	-6.500
1002.173	-2.500
1002.392	62.500
1002.611	-2.500
1002.830	30.500
1003.050	31.500
1003.269	1.500
1003.488	-17.500
1003.707	-53.500
1003.927	44.500
1004.146	-42.500
1004.365	44.500
1004.584	45.500
1004.804	36.500
1005.023	24.500
1005.242	-19.500
1005.461	-8.500
1005.681	12.500
1005.900	-23.500
1006.119	0.500
1006.338	0.500
1006.557	55.500
1006.777	36.500
1006.996	25.500
1007.215	7.500
1007.434	0.500
1007.654	23.500
1007.873	5.500
1008.092	13.500
1008.311	-2.500
1008.531	38.500
1008.750	-10.500
1008.969	-0.500
1009.188	-0.500
1009.407	-24.500
1009.627	6.500
1009.846	-21.500
1010.065	-23.500
1010.284	-14.500
1010.504	-53.500
1010.723	5.500
1010.942	37.500
1011.161	-7.500
1011.381	0.500
1011.600	-29.500
1011.819	0.500
1012.038	-10.500
1012.258	-72.500
1012.477	-36.500
1012.696	20.500
1012.915	43.500
1013.134	5.500
1013.354	14.500
1013.573	-17.500
1013.792	-3.500
1014.011	60.500
1014.231	30.500
1014.450	-23.500
1014.669	12.500
1014.888	-19.500
1015.108	16.500
1015.327	-1.500
1015.546	-34.500
1015.765	-45.500
1015.984	8.500
1016.204	22.500
1016.423	-21.500
1016.642	-53.500
1016.861	-24.500
1017.081	-3.500
1017.300	-15.500
1017.519	-16.500
