296.912	73.000
297.101	36.000
297.290	36.000
297.479	47.000
297.668	66.000
297.858	60.000
298.047	47.000
298.236	89.000
298.425	51.000
298.614	12.000
298.803	45.000
298.992	41.000
299.181	33.000
299.370	56.000
299.559	77.000
299.748	77.000
299.937	48.000
300.126	45.000
300.315	63.000
300.504	32.000
300.693	74.000
300.882	79.000
301.071	37.000
301.260	52.000
301.449	54.000
301.638	66.000
301.827	48.000
302.016	42.000
302.205	50.000
302.395	63.000
302.584	53.000
302.773	38.000
302.962	31.000
303.151	63.000
303.340	50.000
303.529	56.000
303.718	76.000
303.907	111.000
304.096	109.000
304.285	51.000
304.474	40.000
304.663	54.000
304.852	59.000
305.041	75.000
305.230	52.000
305.419	31.000
305.608	61.000
305.797	52.000
305.986	51.000
306.175	41.000
306.364	11.000
306.553	42.000
306.743	68.000
306.932	62.000
307.121	61.000
307.310	56.000
307.499	66.000
307.688	70.000
307.877	71.000
308.066	56.000
308.255	28.000
308.444	57.000
308.633	15.000
308.822	39.000
309.011	64.000
309.200	71.000
309.389	55.000
309.578	24.000
309.767	61.000
309.956	66.000
310.145	32.000
310.334	83.000
310.523	65.000
310.712	63.000
310.901	70.000
311.091	54.000
311.280	84.000
311.469	74.000
311.658	56.000
311.847	64.000
312.036	88.000
312.225	86.000
312.414	39.000
312.603	69.000
312.792	84.000
312.981	39.000
313.170	25.000
313.349	74.000
313.527	77.000
313.706	55.000
313.884	53.000
314.063	67.000
314.241	91.000
314.420	89.000
314.598	82.000
314.777	83.000
314.955	69.000
315.134	64.000
315.312	45.000
315.491	28.000
315.669	54.000
315.848	79.000
316.027	66.000
316.205	55.000
316.384	72.000
316.562	87.000
316.741	94.000
316.919	94.000
317.098	70.000
317.276	92.000
317.455	92.000
317.633	65.000
317.812	72.000
317.990	59.000
318.169	52.000
318.347	55.000
318.526	76.000
318.705	82.000
318.883	83.000
319.062	77.000
319.240	51.000
319.419	49.000
319.597	50.000
319.776	30.000
319.954	28.000
320.133	48.000
320.311	76.000
320.490	74.000
320.668	44.000
320.847	54.000
321.025	46.000
321.204	40.000
321.382	64.000
321.561	89.000
321.740	62.000
321.918	94.000
322.097	121.000
322.275	79.000
322.454	99.000
322.632	96.000
322.811	73.000
322.989	105.000
323.168	92.000
323.346	67.000
323.525	65.000
323.703	57.000
323.882	34.000
324.060	70.000
324.239	57.000
324.418	47.000
324.596	67.000
324.775	72.000
324.953	106.000
325.132	86.000
325.310	86.000
325.489	99.000
325.667	55.000
325.846	78.000
326.024	95.000
326.203	87.000
326.381	54.000
326.560	74.000
326.738	69.000
326.917	40.000
327.096	50.000
327.274	46.000
327.453	83.000
327.631	82.000
327.810	66.000
327.988	108.000
328.167	107.000
328.345	70.000
328.524	69.000
328.702	80.000
328.881	61.000
329.059	60.000
329.238	94.000
329.416	86.000
329.595	96.000
329.774	63.000
329.952	66.000
330.131	79.000
330.309	55.000
330.488	88.000
330.666	79.000
330.845	19.000
331.023	34.000
331.202	52.000
331.380	76.000
331.559	100.000
331.737	62.000
331.916	80.000
332.094	130.000
332.273	95.000
332.452	88.000
332.630	124.000
332.809	112.000
332.987	46.000
333.166	70.000
333.344	71.000
333.523	80.000
333.701	89.000
333.880	132.000
334.058	121.000
334.237	101.000
334.415	114.000
334.594	96.000
334.772	66.000
334.951	71.000
335.129	95.000
335.308	80.000
335.487	100.000
335.665	66.000
335.844	52.000
336.022	89.000
336.201	109.000
336.379	92.000
336.558	109.000
336.736	124.000
336.915	139.000
337.093	68.000
337.272	81.000
337.450	113.000
337.629	61.000
337.807	116.000
337.986	110.000
338.165	99.000
338.343	123.000
338.522	95.000
338.700	75.000
338.879	56.000
339.057	60.000
339.236	54.000
339.414	65.000
339.593	107.000
339.771	104.000
339.950	74.000
340.128	79.000
340.307	60.000
340.485	37.000
340.664	48.000
340.843	77.000
341.021	85.000
341.200	97.000
341.378	77.000
341.557	107.000
341.735	104.000
341.914	106.000
342.092	96.000
342.271	84.000
342.449	68.000
342.628	90.000
342.806	79.000
342.985	72.000
343.163	78.000
343.342	98.000
343.521	106.000
343.699	98.000
343.878	47.000
344.056	79.000
344.235	94.000
344.413	106.000
344.592	71.000
344.770	87.000
344.949	105.000
345.127	104.000
345.306	90.000
345.484	59.000
345.663	80.000
345.841	67.000
346.020	68.000
346.199	50.000
346.377	114.000
346.556	124.000
346.734	120.000
346.913	91.000
347.091	83.000
347.270	43.000
347.448	94.000
347.627	94.000
347.805	101.000
347.984	88.000
348.162	79.000
348.341	106.000
348.519	103.000
348.698	71.000
348.876	86.000
349.055	130.000
349.234	102.000
349.412	69.000
349.591	68.000
349.769	85.000
349.948	112.000
350.126	122.000
350.305	86.000
350.483	96.000
350.662	93.000
350.840	96.000
351.019	85.000
351.197	104.000
351.376	131.000
351.554	134.000
351.733	102.000
351.912	81.000
352.090	94.000
352.269	87.000
352.447	85.000
352.626	90.000
352.804	66.000
352.983	111.000
353.161	116.000
353.340	84.000
353.518	94.000
353.697	116.000
353.875	86.000
354.054	78.000
354.232	102.000
354.411	85.000
354.590	86.000
354.768	65.000
354.947	100.000
355.125	88.000
355.304	110.000
355.482	120.000
355.661	100.000
355.839	74.000
356.018	103.000
356.196	104.000
356.375	88.000
356.553	75.000
356.732	82.000
356.910	101.000
357.089	130.000
357.268	120.000
357.446	113.000
357.625	114.000
357.803	86.000
357.982	65.000
358.160	49.000
358.339	102.000
358.517	128.000
358.696	106.000
358.874	125.000
359.053	116.000
359.231	111.000
359.410	75.000
359.588	68.000
359.767	77.000
359.945	84.000
360.124	126.000
360.303	88.000
360.481	102.000
360.660	112.000
360.838	108.000
361.017	110.000
361.195	96.000
361.374	86.000
361.552	111.000
361.731	124.000
361.909	118.000
362.088	111.000
362.266	79.000
362.445	94.000
362.623	119.000
362.802	88.000
362.981	60.000
363.159	70.000
363.338	92.000
363.516	143.000
363.695	142.000
363.873	93.000
364.052	94.000
364.230	118.000
364.409	112.000
364.587	136.000
364.766	99.000
364.944	43.000
365.123	71.000
365.301	127.000
365.480	146.000
365.660	134.000
365.839	131.000
366.019	120.000
366.199	138.000
366.379	162.000
366.558	154.000
366.738	101.000
366.918	83.000
367.098	89.000
367.277	100.000
367.457	110.000
367.637	127.000
367.816	106.000
367.996	97.000
368.176	91.000
368.356	106.000
368.535	119.000
368.715	95.000
368.895	115.000
369.075	126.000
369.254	84.000
369.434	113.000
369.614	129.000
369.793	127.000
369.973	136.000
370.153	101.000
370.333	82.000
370.512	104.000
370.692	119.000
370.872	138.000
371.051	132.000
371.231	139.000
371.411	121.000
371.591	77.000
371.770	84.000
371.950	128.000
372.130	160.000
372.310	127.000
372.489	98.000
372.669	118.000
372.849	117.000
373.028	117.000
373.208	114.000
373.388	105.000
373.568	106.000
373.747	139.000
373.927	145.000
374.107	134.000
374.287	134.000
374.466	92.000
374.646	95.000
374.826	128.000
375.005	129.000
375.185	108.000
375.365	107.000
375.545	118.000
375.724	129.000
375.904	127.000
376.084	106.000
376.263	77.000
376.443	123.000
376.623	109.000
376.803	123.000
376.982	122.000
377.162	157.000
377.342	135.000
377.522	110.000
377.701	101.000
377.881	118.000
378.061	157.000
378.240	152.000
378.420	111.000
378.600	96.000
378.780	79.000
378.959	115.000
379.139	128.000
379.319	147.000
379.499	144.000
379.678	112.000
379.858	119.000
380.038	115.000
380.217	139.000
380.397	114.000
380.577	113.000
380.757	153.000
380.936	146.000
381.116	123.000
381.296	103.000
381.476	92.000
381.655	96.000
381.835	120.000
382.015	143.000
382.194	141.000
382.374	161.000
382.554	174.000
382.734	163.000
382.913	139.000
383.093	138.000
383.273	140.000
383.452	146.000
383.632	123.000
383.812	119.000
383.992	123.000
384.171	125.000
384.351	106.000
384.531	96.000
384.711	88.000
384.890	146.000
385.070	146.000
385.250	112.000
385.429	95.000
385.609	101.000
385.789	122.000
385.969	118.000
386.148	125.000
386.328	125.000
386.508	135.000
386.688	128.000
386.867	99.000
387.047	122.000
387.227	116.000
387.406	114.000
387.586	139.000
387.766	141.000
387.946	113.000
388.125	86.000
388.305	78.000
388.485	89.000
388.664	120.000
388.844	104.000
389.024	112.000
389.204	114.000
389.383	105.000
389.563	141.000
389.743	130.000
389.923	94.000
390.102	92.000
390.282	80.000
390.462	75.000
390.641	93.000
390.821	98.000
391.001	98.000
391.181	80.000
391.360	66.000
391.540	82.000
391.720	104.000
391.900	107.000
392.079	113.000
392.259	117.000
392.439	79.000
392.618	103.000
392.798	88.000
392.978	85.000
393.158	117.000
393.337	102.000
393.517	117.000
393.697	120.000
393.877	100.000
394.056	133.000
394.236	161.000
394.416	155.000
394.595	103.000
394.775	110.000
394.955	150.000
395.135	169.000
395.314	175.000
395.494	120.000
395.674	90.000
395.853	121.000
396.033	174.000
396.213	172.000
396.393	160.000
396.572	137.000
396.752	157.000
396.932	155.000
397.112	174.000
397.291	159.000
397.471	136.000
397.651	114.000
397.830	108.000
398.010	125.000
398.190	131.000
398.370	139.000
398.549	183.000
398.729	155.000
398.909	159.000
399.089	188.000
399.268	166.000
399.448	152.000
399.628	155.000
399.807	141.000
399.987	162.000
400.167	190.000
400.347	204.000
400.526	186.000
400.706	189.000
400.886	168.000
401.065	145.000
401.245	196.000
401.425	211.000
401.605	199.000
401.784	215.000
401.964	229.000
402.144	187.000
402.324	204.000
402.503	224.000
402.683	199.000
402.863	172.000
403.042	205.000
403.222	202.000
403.402	235.000
403.582	226.000
403.761	230.000
403.941	238.000
404.121	230.000
404.301	194.000
404.480	224.000
404.660	246.000
404.844	251.000
405.029	261.000
405.213	254.000
405.398	255.000
405.582	279.000
405.767	290.000
405.951	291.000
406.136	299.000
406.320	290.000
406.505	367.000
406.689	388.000
406.874	356.000
407.058	381.000
407.243	397.000
407.427	392.000
407.612	424.000
407.796	455.000
407.981	492.000
408.165	539.000
408.350	648.000
408.534	696.000
408.719	699.000
408.903	746.000
409.088	786.000
409.272	796.000
409.457	836.000
409.641	911.000
409.826	895.000
410.010	958.000
410.195	1079.000
410.379	1133.000
410.564	1236.000
410.748	1319.000
410.933	1384.000
411.117	1466.000
411.302	1576.000
411.486	1689.000
411.671	1859.000
411.855	1951.000
412.040	1984.000
412.224	2098.000
412.409	2150.000
412.593	2259.000
412.778	2422.000
412.962	2509.000
413.147	2615.000
413.331	2731.000
413.516	2835.000
413.700	2931.000
413.885	3110.000
414.069	3223.000
414.254	3343.000
414.438	3396.000
414.623	3507.000
414.807	3699.000
414.992	3833.000
415.176	3939.000
415.361	4104.000
415.545	4250.000
415.730	4441.000
415.914	4535.000
416.099	4639.000
416.283	4816.000
416.468	4786.000
416.652	4852.000
416.837	4943.000
417.021	5013.000
417.206	5137.000
417.390	5314.000
417.575	5423.000
417.759	5491.000
417.944	5620.000
418.128	5704.000
418.313	5786.000
418.497	5877.000
418.682	5932.000
418.866	6032.000
419.051	6221.000
419.235	6340.000
419.420	6326.000
419.604	6563.000
419.789	6664.000
419.973	6731.000
420.158	6947.000
420.342	7117.000
420.527	7327.000
420.711	7448.000
420.896	7531.000
421.080	7674.000
421.265	7710.000
421.449	7581.000
421.634	7636.000
421.818	7647.000
422.003	7658.000
422.187	7667.000
422.372	7689.000
422.556	7732.000
422.741	7923.000
422.925	8014.000
423.110	8139.000
423.294	8350.000
423.479	8387.000
423.663	8345.000
423.848	8406.000
424.032	8642.000
424.217	8700.000
424.401	8725.000
424.586	8739.000
424.770	8824.000
424.955	8934.000
425.139	8904.000
425.324	8985.000
425.508	9108.000
425.693	9019.000
425.877	9074.000
426.062	9099.000
426.246	9136.000
426.431	9070.000
426.615	9115.000
426.800	9126.000
426.984	9139.000
427.169	9166.000
427.353	9346.000
427.538	9367.000
427.722	9305.000
427.907	9258.000
428.091	9248.000
428.276	9371.000
428.460	9261.000
428.645	9101.000
428.829	8945.000
429.014	8889.000
429.198	8636.000
429.383	8331.000
429.567	8153.000
429.752	7922.000
429.936	7842.000
430.121	7745.000
430.305	7792.000
430.490	8057.000
430.674	8363.000
430.859	8777.000
431.043	9122.000
431.228	9440.000
431.412	9713.000
431.597	9915.000
431.781	10029.000
431.966	10171.000
432.150	10285.000
432.335	10509.000
432.519	10590.000
432.704	10598.000
432.888	10594.000
433.073	10571.000
433.257	10478.000
433.442	10479.000
433.626	10410.000
433.811	10439.000
433.995	10517.000
434.180	10722.000
434.364	10806.000
434.549	10909.000
434.733	11037.000
434.918	11115.000
435.102	11416.000
435.287	11688.000
435.471	11677.000
435.656	11723.000
435.840	11863.000
436.030	12111.000
436.219	12177.000
436.409	12085.000
436.599	12065.000
436.789	12065.000
436.978	11913.000
437.168	11766.000
437.358	11659.000
437.548	11460.000
437.737	11504.000
437.927	11439.000
438.117	11255.000
438.306	11424.000
438.496	11628.000
438.686	11708.000
438.876	11836.000
439.065	11939.000
439.255	11993.000
439.445	12181.000
439.634	12117.000
439.824	12071.000
440.014	12234.000
440.204	12345.000
440.393	12387.000
440.583	12621.000
440.773	12965.000
440.963	13152.000
441.152	13289.000
441.342	13472.000
441.532	13598.000
441.721	13708.000
441.911	13915.000
442.101	13952.000
442.291	13969.000
442.480	13993.000
442.670	14148.000
442.860	14087.000
443.050	14118.000
443.239	14269.000
443.429	14291.000
443.619	14453.000
443.808	14555.000
443.998	14618.000
444.188	14569.000
444.378	14703.000
444.567	14651.000
444.757	14683.000
444.947	14487.000
445.137	14486.000
445.326	14472.000
445.516	14373.000
445.706	14482.000
445.895	14473.000
446.085	14645.000
446.275	14996.000
446.465	15141.000
446.654	15256.000
446.844	15462.000
447.034	15706.000
447.223	15727.000
447.413	15826.000
447.603	15969.000
447.793	16117.000
447.982	16044.000
448.172	16095.000
448.362	16215.000
448.552	16329.000
448.741	16290.000
448.931	16254.000
449.121	16431.000
449.310	16743.000
449.500	16732.000
449.690	16867.000
449.880	16990.000
450.069	17079.000
450.259	17397.000
450.449	17530.000
450.639	17527.000
450.828	17586.000
451.018	17595.000
451.208	17410.000
451.397	17582.000
451.587	17448.000
451.777	17250.000
451.967	17157.000
452.156	16920.000
452.346	16867.000
452.536	16638.000
452.725	16361.000
452.915	16446.000
453.105	16394.000
453.295	16456.000
453.484	16635.000
453.674	16792.000
453.864	16823.000
454.054	16694.000
454.243	16762.000
454.433	16822.000
454.623	16985.000
454.812	17006.000
455.002	16837.000
455.192	16868.000
455.382	17090.000
455.571	17247.000
455.761	17337.000
455.951	17378.000
456.141	17226.000
456.330	17395.000
456.520	17437.000
456.710	17511.000
456.899	17646.000
457.089	17687.000
457.279	17780.000
457.469	17606.000
457.658	17481.000
457.848	17285.000
458.038	17349.000
458.228	17377.000
458.417	17352.000
458.607	17277.000
458.797	17340.000
458.986	17434.000
459.176	17321.000
459.366	17020.000
459.556	17131.000
459.745	17359.000
459.935	17338.000
460.125	17406.000
460.314	17488.000
460.504	17591.000
460.694	17533.000
460.884	17552.000
461.073	17719.000
461.263	17735.000
461.453	17669.000
461.643	17816.000
461.832	17938.000
462.022	18007.000
462.212	18075.000
462.401	18111.000
462.591	18131.000
462.781	18153.000
462.971	18141.000
463.160	17964.000
463.350	17755.000
463.540	17921.000
463.730	17973.000
463.919	17762.000
464.109	17710.000
464.299	17542.000
464.488	17627.000
464.678	17629.000
464.868	17502.000
465.058	17658.000
465.247	17830.000
465.437	17789.000
465.627	17939.000
465.816	17806.000
466.006	17816.000
466.196	17913.000
466.386	17826.000
466.575	17592.000
466.765	17382.000
466.955	17510.000
467.145	17598.000
467.334	17554.000
467.524	17580.000
467.714	17824.000
467.903	17977.000
468.093	18013.000
468.283	18035.000
468.473	18078.000
468.662	18047.000
468.852	18099.000
469.042	18258.000
469.232	18188.000
469.421	18227.000
469.611	18126.000
469.801	18134.000
469.990	17965.000
470.180	17810.000
470.370	17825.000
470.560	17845.000
470.749	17959.000
470.939	18057.000
471.129	18126.000
471.318	18159.000
471.508	18353.000
471.698	18676.000
471.888	18842.000
472.077	18885.000
472.267	18939.000
472.457	19012.000
472.647	18968.000
472.836	19062.000
473.026	18944.000
473.216	19011.000
473.405	18977.000
473.595	18974.000
473.785	19077.000
473.975	19207.000
474.164	19183.000
474.354	19281.000
474.544	19418.000
474.734	19470.000
474.923	19386.000
475.113	19314.000
475.303	19373.000
475.492	19587.000
475.682	19474.000
475.872	19254.000
476.062	19130.000
476.251	19085.000
476.441	19152.000
476.631	19088.000
476.821	19168.000
477.010	19318.000
477.200	19493.000
477.390	19540.000
477.579	19651.000
477.769	19778.000
477.959	19790.000
478.149	19949.000
478.338	19809.000
478.528	19637.000
478.718	19656.000
478.907	19828.000
479.097	19777.000
479.287	19801.000
479.477	19751.000
479.666	19696.000
479.856	19873.000
480.046	19968.000
480.236	19894.000
480.425	19823.000
480.615	19763.000
480.805	19528.000
480.994	19824.000
481.184	19884.000
481.374	19961.000
481.564	19989.000
481.753	19947.000
481.943	19975.000
482.133	19976.000
482.323	19856.000
482.512	19646.000
482.702	19694.000
482.892	19748.000
483.081	19747.000
483.271	19573.000
483.461	19450.000
483.651	19516.000
483.840	19464.000
484.030	19238.000
484.220	19304.000
484.409	19297.000
484.599	19087.000
484.789	18863.000
484.979	18706.000
485.168	18697.000
485.358	18283.000
485.548	17712.000
485.738	17377.000
485.927	17020.000
486.117	16615.000
486.307	16333.000
486.496	16388.000
486.686	16521.000
486.876	16548.000
487.066	16808.000
487.255	17102.000
487.445	17166.000
487.635	17258.000
487.825	17419.000
488.014	17793.000
488.204	18032.000
488.394	17955.000
488.583	17962.000
488.773	18193.000
488.963	18261.000
489.153	18271.000
489.342	18439.000
489.532	18509.000
489.722	18770.000
489.912	18869.000
490.101	19034.000
490.291	19166.000
490.481	18984.000
490.670	18937.000
490.860	19021.000
491.050	18970.000
491.240	18916.000
491.429	18657.000
491.619	18400.000
491.809	18391.000
491.998	18278.000
492.188	18148.000
492.378	18291.000
492.568	18569.000
492.757	18539.000
492.947	18580.000
493.137	18656.000
493.327	18599.000
493.516	18735.000
493.706	18914.000
493.896	18860.000
494.085	19005.000
494.275	19008.000
494.465	19161.000
494.655	19402.000
494.844	19551.000
495.034	19482.000
495.224	19418.000
495.414	19309.000
495.603	19352.000
495.793	19272.000
495.983	19269.000
496.172	19266.000
496.362	19336.000
496.552	19423.000
496.742	19485.000
496.931	19587.000
497.121	19502.000
497.311	19432.000
497.500	19446.000
497.690	19421.000
497.880	19207.000
498.070	19273.000
498.259	19128.000
498.449	18952.000
498.639	18946.000
498.829	19088.000
499.018	19161.000
499.208	19110.000
499.398	19129.000
499.587	19111.000
499.777	19174.000
499.967	19202.000
500.157	18989.000
500.346	18928.000
500.536	18720.000
500.726	18609.000
500.916	18565.000
501.105	18363.000
501.295	18189.000
501.485	18339.000
501.674	18358.000
501.864	18322.000
502.054	18345.000
502.244	18367.000
502.433	18594.000
502.623	18657.000
502.813	18831.000
503.003	18959.000
503.192	18945.000
503.382	18838.000
503.572	18724.000
503.761	18465.000
503.951	18497.000
504.141	18430.000
504.331	18357.000
504.520	18467.000
504.710	18587.000
504.900	18655.000
505.089	18872.000
505.279	18963.000
505.469	19061.000
505.659	19137.000
505.848	19312.000
506.038	19262.000
506.228	19095.000
506.418	19099.000
506.607	19172.000
506.797	19052.000
506.987	19006.000
507.176	18934.000
507.366	18747.000
507.556	18534.000
507.746	18389.000
507.935	18518.000
508.125	18510.000
508.315	18551.000
508.505	18428.000
508.694	18549.000
508.884	18793.000
509.074	18840.000
509.263	18807.000
509.453	18776.000
509.643	18689.000
509.833	18544.000
510.022	18577.000
510.212	18516.000
510.402	18419.000
510.592	18469.000
510.781	18489.000
510.971	18585.000
511.161	18556.000
511.350	18486.000
511.540	18582.000
511.730	18543.000
511.920	18583.000
512.109	18342.000
512.299	18207.000
512.489	18218.000
512.678	18172.000
512.868	17928.000
513.058	17917.000
513.248	18046.000
513.437	17787.000
513.627	17692.000
513.817	17671.000
514.007	17541.000
514.196	17375.000
514.386	17462.000
514.576	17286.000
514.765	17335.000
514.955	17455.000
515.145	17347.000
515.335	17461.000
515.524	17504.000
515.714	17465.000
515.904	17311.000
516.094	17152.000
516.283	16861.000
516.473	16502.000
516.663	16058.000
516.852	15818.000
517.042	15789.000
517.232	15674.000
517.422	15723.000
517.611	15873.000
517.801	15808.000
517.991	15743.000
518.180	15737.000
518.370	15791.000
518.560	15782.000
518.750	15859.000
518.939	15917.000
519.129	16179.000
519.319	16273.000
519.509	16410.000
519.698	16582.000
519.888	16582.000
520.078	16640.000
520.267	16696.000
520.457	16945.000
520.647	16885.000
520.837	16846.000
521.026	17045.000
521.216	17071.000
521.406	17083.000
521.596	17169.000
521.785	17122.000
521.975	17122.000
522.165	17123.000
522.354	17102.000
522.544	16971.000
522.734	16941.000
522.924	17024.000
523.113	16918.000
523.303	16977.000
523.493	17105.000
523.683	17415.000
523.872	17486.000
524.062	17457.000
524.252	17506.000
524.441	17499.000
524.631	17428.000
524.821	17478.000
525.011	17648.000
525.200	17689.000
525.390	17536.000
525.580	17407.000
525.769	17366.000
525.959	17157.000
526.149	16894.000
526.339	16674.000
526.528	16404.000
526.718	16314.000
526.908	16252.000
527.098	16317.000
527.287	16505.000
527.477	16566.000
527.667	16517.000
527.856	16611.000
528.046	16955.000
528.236	17143.000
528.426	17320.000
528.615	17507.000
528.805	17343.000
528.995	17351.000
529.185	17567.000
529.374	17409.000
529.564	17491.000
529.754	17582.000
529.943	17626.000
530.133	17547.000
530.323	17664.000
530.513	17695.000
530.702	17681.000
530.892	17653.000
531.082	17658.000
531.271	17655.000
531.461	17560.000
531.651	17357.000
531.841	17065.000
532.030	16863.000
532.220	16551.000
532.410	16428.000
532.600	16368.000
532.789	16466.000
532.979	16373.000
533.169	16334.000
533.358	16325.000
533.548	16380.000
533.738	16378.000
533.928	16347.000
534.117	16329.000
534.307	16367.000
534.497	16422.000
534.687	16648.000
534.876	16573.000
535.066	16512.000
535.256	16542.000
535.445	16505.000
535.635	16387.000
535.825	16338.000
536.015	16175.000
536.204	16026.000
536.394	15991.000
536.584	16028.000
536.773	15895.000
536.963	15794.000
537.153	15946.000
537.343	15897.000
537.532	15922.000
537.722	15998.000
537.912	15960.000
538.102	15967.000
538.291	15690.000
538.481	15717.000
538.671	15783.000
538.860	15495.000
539.050	15311.000
539.240	15372.000
539.430	15484.000
539.619	15449.000
539.809	15271.000
539.999	15106.000
540.189	15048.000
540.378	15003.000
540.568	15247.000
540.758	15244.000
540.947	15267.000
541.137	15146.000
541.327	15238.000
541.517	15322.000
541.706	15376.000
541.896	15398.000
542.086	15428.000
542.276	15257.000
542.465	15216.000
542.655	15250.000
542.845	15192.000
543.034	15252.000
543.224	15265.000
543.414	15127.000
543.604	15270.000
543.793	15336.000
543.983	15287.000
544.173	15390.000
544.362	15419.000
544.552	15333.000
544.742	15252.000
544.932	15054.000
545.121	15161.000
545.311	15360.000
545.501	15372.000
545.691	15157.000
545.880	15175.000
546.070	15072.000
546.264	15091.000
546.459	15013.000
546.653	14984.000
546.847	14946.000
547.041	14857.000
547.236	14884.000
547.430	14965.000
547.624	14884.000
547.818	14971.000
548.013	14928.000
548.207	14697.000
548.401	14942.000
548.596	14959.000
548.790	14869.000
548.984	14807.000
549.178	14862.000
549.373	14963.000
549.567	15036.000
549.761	15010.000
549.956	14995.000
550.150	14822.000
550.344	14812.000
550.538	14782.000
550.733	14795.000
550.927	14855.000
551.121	14814.000
551.315	14798.000
551.510	14705.000
551.704	14662.000
551.898	14643.000
552.093	14626.000
552.287	14552.000
552.481	14626.000
552.675	14533.000
552.870	14721.000
553.064	14725.000
553.258	14645.000
553.453	14659.000
553.647	14822.000
553.841	14809.000
554.035	14701.000
554.230	14657.000
554.424	14750.000
554.618	14735.000
554.812	14561.000
555.007	14511.000
555.201	14467.000
555.395	14468.000
555.590	14559.000
555.784	14437.000
555.978	14426.000
556.172	14510.000
556.367	14381.000
556.561	14285.000
556.755	14345.000
556.949	14354.000
557.144	14303.000
557.338	14147.000
557.532	14166.000
557.727	14155.000
557.921	13986.000
558.115	13982.000
558.309	14080.000
558.504	13986.000
558.698	13829.000
558.892	13737.000
559.087	13722.000
559.281	13729.000
559.475	13845.000
559.669	13871.000
559.864	13776.000
560.058	13859.000
560.252	14116.000
560.446	14125.000
560.641	14150.000
560.835	14170.000
561.029	14065.000
561.224	14039.000
561.418	14151.000
561.612	14177.000
561.806	14000.000
562.001	14051.000
562.195	14121.000
562.389	14240.000
562.584	14346.000
562.778	14245.000
562.972	14168.000
563.166	14180.000
563.361	14082.000
563.555	14017.000
563.749	14133.000
563.943	14186.000
564.138	13946.000
564.332	14049.000
564.526	14043.000
564.721	13980.000
564.915	14102.000
565.109	13994.000
565.303	13887.000
565.498	13844.000
565.692	13844.000
565.886	13841.000
566.081	13904.000
566.275	13870.000
566.469	13859.000
566.663	13941.000
566.858	14003.000
567.052	13962.000
567.246	13897.000
567.440	13892.000
567.635	13829.000
567.829	13681.000
568.023	13753.000
568.218	13643.000
568.412	13643.000
568.606	13709.000
568.800	13719.000
568.995	13657.000
569.189	13502.000
569.383	13475.000
569.577	13419.000
569.772	13470.000
569.966	13342.000
570.160	13283.000
570.355	13149.000
570.549	13138.000
570.743	13238.000
570.937	13367.000
571.132	13317.000
571.326	13318.000
571.520	13436.000
571.715	13431.000
571.909	13532.000
572.103	13647.000
572.297	13605.000
572.492	13432.000
572.686	13455.000
572.880	13365.000
573.074	13431.000
573.269	13490.000
573.463	13525.000
573.657	13367.000
573.852	13280.000
574.046	13168.000
574.240	13034.000
574.434	13054.000
574.629	13228.000
574.823	13181.000
575.017	12993.000
575.212	12970.000
575.406	12979.000
575.600	13135.000
575.794	13083.000
575.989	13081.000
576.183	13120.000
576.377	13140.000
576.571	12983.000
576.766	12930.000
576.960	12935.000
577.159	12769.000
577.357	12687.000
577.556	12586.000
577.755	12658.000
577.953	12609.000
578.152	12507.000
578.350	12558.000
578.549	12593.000
578.748	12500.000
578.946	12698.000
579.145	12739.000
579.344	12631.000
579.542	12468.000
579.741	12649.000
579.940	12601.000
580.138	12636.000
580.337	12744.000
580.535	12858.000
580.734	13050.000
580.933	13061.000
581.131	13023.000
581.330	13196.000
581.529	13369.000
581.727	13381.000
581.926	13404.000
582.125	13443.000
582.323	13343.000
582.522	13461.000
582.721	13488.000
582.919	13686.000
583.118	13653.000
583.316	13676.000
583.515	13706.000
583.714	13774.000
583.912	13867.000
584.111	13987.000
584.310	13819.000
584.508	13825.000
584.707	13747.000
584.906	13814.000
585.104	13703.000
585.303	13635.000
585.501	13634.000
585.700	13588.000
585.899	13706.000
586.097	13670.000
586.296	13616.000
586.495	13621.000
586.693	13666.000
586.892	13627.000
587.091	13486.000
587.289	13706.000
587.488	13497.000
587.686	13270.000
587.885	13191.000
588.084	12999.000
588.282	12785.000
588.481	12558.000
588.680	12347.000
588.878	12261.000
589.077	12083.000
589.276	12137.000
589.474	12274.000
589.673	12273.000
589.871	12249.000
590.070	12535.000
590.269	12642.000
590.467	12640.000
590.666	12610.000
590.865	12737.000
591.063	12746.000
591.262	12634.000
591.461	12589.000
591.659	12694.000
591.858	12765.000
592.056	12707.000
592.255	12831.000
592.454	12903.000
592.652	12945.000
592.851	12966.000
593.050	12869.000
593.248	12751.000
593.447	12728.000
593.646	12835.000
593.844	12706.000
594.043	12681.000
594.241	12724.000
594.440	12704.000
594.639	12663.000
594.837	12639.000
595.036	12812.000
595.235	12750.000
595.433	12782.000
595.632	12782.000
595.831	12786.000
596.029	12805.000
596.228	12775.000
596.427	12839.000
596.625	12862.000
596.824	12785.000
597.022	12825.000
597.221	12813.000
597.420	12772.000
597.618	12761.000
597.817	12742.000
598.016	12794.000
598.214	12676.000
598.413	12728.000
598.612	12860.000
598.810	12958.000
599.009	12835.000
599.207	12774.000
599.406	12809.000
599.605	12851.000
599.803	12777.000
600.002	12795.000
600.201	12806.000
600.399	12639.000
600.598	12721.000
600.797	12750.000
600.995	12696.000
601.194	12572.000
601.392	12497.000
601.591	12699.000
601.790	12769.000
601.988	12600.000
602.187	12585.000
602.386	12708.000
602.584	12840.000
602.783	12842.000
602.982	12787.000
603.180	12685.000
603.379	12727.000
603.577	12843.000
603.776	12880.000
603.975	12941.000
604.173	12832.000
604.372	12808.000
604.571	13048.000
604.769	13016.000
604.968	12995.000
605.167	12997.000
605.365	12968.000
605.564	12896.000
605.762	12867.000
605.961	12906.000
606.160	12869.000
606.358	12861.000
606.557	12906.000
606.756	12897.000
606.954	12843.000
607.153	12912.000
607.352	12933.000
607.550	12868.000
607.749	12888.000
607.948	12834.000
608.146	12698.000
608.345	12673.000
608.543	12605.000
608.742	12609.000
608.941	12645.000
609.139	12782.000
609.338	12790.000
609.537	12716.000
609.735	12649.000
609.934	12596.000
610.133	12674.000
610.331	12595.000
610.530	12615.000
610.728	12570.000
610.927	12539.000
611.126	12513.000
611.324	12438.000
611.523	12462.000
611.722	12450.000
611.920	12530.000
612.119	12604.000
612.318	12583.000
612.516	12453.000
612.715	12415.000
612.913	12468.000
613.112	12393.000
613.311	12504.000
613.509	12310.000
613.708	12272.000
613.907	12323.000
614.105	12340.000
614.304	12427.000
614.503	12335.000
614.701	12340.000
614.900	12426.000
615.098	12372.000
615.297	12183.000
615.496	12150.000
615.694	12197.000
615.893	12240.000
616.092	12069.000
616.290	11869.000
616.489	11938.000
616.688	12002.000
616.886	12033.000
617.085	12013.000
617.283	11970.000
617.482	11956.000
617.681	12170.000
617.879	12166.000
618.078	12151.000
618.277	12222.000
618.475	12046.000
618.674	12026.000
618.873	12080.000
619.071	12176.000
619.270	12171.000
619.468	12121.000
619.667	12192.000
619.866	12240.000
620.064	12357.000
620.263	12271.000
620.462	12060.000
620.660	12101.000
620.859	12319.000
621.058	12283.000
621.256	12145.000
621.455	12096.000
621.654	12116.000
621.852	12064.000
622.051	12001.000
622.249	11905.000
622.448	11968.000
622.647	11901.000
622.845	11962.000
623.044	11878.000
623.243	11907.000
623.441	11899.000
623.640	11754.000
623.839	11742.000
624.037	11846.000
624.236	11802.000
624.434	11746.000
624.633	11663.000
624.832	11589.000
625.030	11621.000
625.229	11519.000
625.428	11517.000
625.626	11647.000
625.825	11710.000
626.024	11638.000
626.222	11511.000
626.421	11635.000
626.619	11643.000
626.818	11612.000
627.017	11518.000
627.215	11463.000
627.414	11459.000
627.613	11274.000
627.811	11212.000
628.010	11307.000
628.209	11293.000
628.407	11317.000
628.606	11566.000
628.804	11427.000
629.003	11265.000
629.202	11436.000
629.400	11396.000
629.599	11237.000
629.798	11276.000
629.996	11417.000
630.195	11420.000
630.394	11448.000
630.592	11347.000
630.791	11268.000
630.990	11390.000
631.188	11397.000
631.387	11306.000
631.585	11241.000
631.784	11151.000
631.983	11300.000
632.181	11405.000
632.380	11360.000
632.579	11319.000
632.777	11397.000
632.976	11295.000
633.175	11237.000
633.373	11333.000
633.572	11347.000
633.770	11309.000
633.969	11359.000
634.168	11328.000
634.366	11297.000
634.565	11332.000
634.764	11308.000
634.962	11307.000
635.161	11398.000
635.360	11474.000
635.558	11362.000
635.757	11258.000
635.955	11337.000
636.154	11397.000
636.353	11403.000
636.551	11463.000
636.750	11398.000
636.949	11405.000
637.147	11373.000
637.346	11432.000
637.545	11471.000
637.743	11469.000
637.942	11453.000
638.140	11444.000
638.339	11528.000
638.538	11521.000
638.736	11536.000
638.935	11495.000
639.134	11479.000
639.332	11413.000
639.531	11220.000
639.730	11184.000
639.928	11343.000
640.127	11372.000
640.325	11343.000
640.524	11342.000
640.723	11313.000
640.921	11196.000
641.120	11226.000
641.319	11348.000
641.517	11382.000
641.716	11344.000
641.915	11358.000
642.113	11176.000
642.312	11124.000
642.510	11217.000
642.709	11183.000
642.908	11193.000
643.106	11309.000
643.305	11323.000
643.504	11291.000
643.702	11297.000
643.901	11334.000
644.100	11416.000
644.298	11379.000
644.497	11360.000
644.696	11403.000
644.894	11308.000
645.093	11267.000
645.291	11306.000
645.490	11260.000
645.689	11127.000
645.887	11038.000
646.086	11019.000
646.285	11050.000
646.483	11170.000
646.682	11143.000
646.881	11041.000
647.079	11013.000
647.278	11033.000
647.476	11104.000
647.675	11022.000
647.874	10980.000
648.072	10966.000
648.271	10972.000
648.470	10993.000
648.668	10902.000
648.867	10707.000
649.066	10776.000
649.264	10844.000
649.463	10755.000
649.661	10662.000
649.860	10778.000
650.059	10951.000
650.257	11094.000
650.456	11142.000
650.655	11039.000
650.853	11067.000
651.052	11017.000
651.251	10946.000
651.449	10877.000
651.648	10883.000
651.846	10992.000
652.045	11022.000
652.244	11065.000
652.442	11114.000
652.641	11142.000
652.840	11150.000
653.038	11258.000
653.237	11268.000
653.436	11129.000
653.634	11104.000
653.833	11235.000
654.032	11289.000
654.230	11244.000
654.429	11199.000
654.627	11181.000
654.826	11012.000
655.025	10724.000
655.223	10636.000
655.422	10512.000
655.621	10303.000
655.819	10119.000
656.018	9989.000
656.217	9929.000
656.415	9919.000
656.614	9927.000
656.812	9977.000
657.011	10215.000
657.210	10434.000
657.408	10360.000
657.607	10504.000
657.806	10468.000
658.004	10592.000
658.203	10762.000
658.402	10905.000
658.600	10871.000
658.799	10892.000
658.997	11023.000
659.196	10990.000
659.395	10999.000
659.593	11078.000
659.792	11085.000
659.991	11148.000
660.189	11232.000
660.388	11333.000
660.587	11246.000
660.785	11365.000
660.984	11427.000
661.182	11323.000
661.381	11176.000
661.580	11321.000
661.778	11353.000
661.977	11287.000
662.176	11435.000
662.374	11413.000
662.573	11392.000
662.772	11300.000
662.970	11094.000
663.169	11201.000
663.367	11212.000
663.566	11191.000
663.765	11291.000
663.963	11325.000
664.162	11211.000
664.361	11163.000
664.559	11249.000
664.758	11285.000
664.957	11410.000
665.155	11510.000
665.354	11330.000
665.552	11301.000
665.751	11274.000
665.950	11195.000
666.148	11252.000
666.347	11229.000
666.546	11254.000
666.744	11258.000
666.943	11208.000
667.142	11168.000
667.340	11146.000
667.539	10989.000
667.738	11107.000
667.936	11323.000
668.135	11248.000
668.333	11261.000
668.532	11257.000
668.731	11118.000
668.929	11223.000
669.128	11185.000
669.327	11167.000
669.525	11023.000
669.724	11004.000
669.923	11050.000
670.121	11169.000
670.320	11181.000
670.518	11088.000
670.717	10996.000
670.916	10906.000
671.114	11001.000
671.313	10984.000
671.512	10861.000
671.710	10905.000
671.909	10904.000
672.108	10927.000
672.306	10968.000
672.505	10833.000
672.703	10922.000
672.902	10922.000
673.101	10856.000
673.299	10866.000
673.498	10906.000
673.697	10898.000
673.895	10885.000
674.094	10845.000
674.293	10819.000
674.491	10771.000
674.690	10862.000
674.888	10875.000
675.087	10746.000
675.286	10762.000
675.484	10683.000
675.683	10597.000
675.882	10654.000
676.080	10820.000
676.279	10891.000
676.478	10840.000
676.676	10731.000
676.875	10752.000
677.073	10701.000
677.272	10677.000
677.471	10758.000
677.669	10649.000
677.868	10563.000
678.067	10511.000
678.265	10586.000
678.464	10625.000
678.663	10686.000
678.861	10526.000
679.060	10537.000
679.259	10599.000
679.457	10559.000
679.656	10418.000
679.854	10414.000
680.053	10541.000
680.252	10491.000
680.450	10539.000
680.649	10647.000
680.848	10601.000
681.046	10470.000
681.245	10368.000
681.444	10418.000
681.642	10323.000
681.841	10389.000
682.039	10439.000
682.238	10558.000
682.437	10499.000
682.635	10424.000
682.834	10387.000
683.033	10307.000
683.231	10290.000
683.430	10189.000
683.629	10260.000
683.827	10273.000
684.026	10114.000
684.224	10072.000
684.423	10165.000
684.622	10172.000
684.820	10182.000
685.019	10038.000
685.218	9986.000
685.416	9965.000
685.615	9911.000
685.814	9600.000
686.012	9299.000
686.211	9045.000
686.409	8766.000
686.608	8491.000
686.807	8318.000
687.005	8297.000
687.204	8387.000
687.403	8477.000
687.601	8486.000
687.800	8512.000
687.999	8349.000
688.197	8320.000
688.396	8408.000
688.594	8357.000
688.793	8397.000
688.992	8363.000
689.190	8449.000
689.389	8521.000
689.588	8568.000
689.786	8658.000
689.985	8657.000
690.184	8672.000
690.382	8749.000
690.581	8813.000
690.779	8864.000
690.978	8902.000
691.177	9011.000
691.375	9039.000
691.574	9004.000
691.773	9014.000
691.971	8987.000
692.170	8938.000
692.369	8893.000
692.567	8981.000
692.766	8967.000
692.965	8962.000
693.163	8987.000
693.362	8989.000
693.560	8907.000
693.759	8899.000
693.958	9056.000
694.156	8975.000
694.355	8910.000
694.554	8930.000
694.752	8976.000
694.951	8961.000
695.150	8982.000
695.348	9072.000
695.547	9065.000
695.745	9167.000
695.944	9197.000
696.143	9177.000
696.341	9123.000
696.540	9104.000
696.743	9281.000
696.946	9360.000
697.149	9235.000
697.352	9288.000
697.555	9226.000
697.757	9174.000
697.960	9165.000
698.163	9047.000
698.366	9147.000
698.569	9142.000
698.772	9005.000
698.975	9050.000
699.178	9044.000
699.381	9076.000
699.584	9056.000
699.787	9013.000
699.989	8906.000
700.192	8796.000
700.395	8858.000
700.598	8836.000
700.801	8754.000
701.004	8683.000
701.207	8628.000
701.410	8663.000
701.613	8679.000
701.816	8785.000
702.019	8665.000
702.221	8652.000
702.424	8823.000
702.627	8863.000
702.830	8941.000
703.033	8976.000
703.236	8922.000
703.439	9008.000
703.642	9020.000
703.845	8929.000
704.048	8952.000
704.251	9021.000
704.453	8960.000
704.656	8905.000
704.859	9018.000
705.062	9044.000
705.265	9014.000
705.468	9013.000
705.671	8968.000
705.874	8986.000
706.077	8917.000
706.280	8889.000
706.483	8861.000
706.685	8885.000
706.888	8938.000
707.091	9034.000
707.294	8947.000
707.497	8927.000
707.700	8909.000
707.903	8978.000
708.106	8963.000
708.309	8883.000
708.512	8928.000
708.715	8985.000
708.917	8983.000
709.120	8907.000
709.323	8909.000
709.526	8897.000
709.729	8847.000
709.932	8860.000
710.135	8873.000
710.338	8898.000
710.541	8951.000
710.744	8864.000
710.947	8795.000
711.149	8832.000
711.352	8799.000
711.555	8854.000
711.758	8773.000
711.961	8706.000
712.164	8675.000
712.367	8700.000
712.570	8701.000
712.773	8701.000
712.976	8747.000
713.179	8704.000
713.381	8698.000
713.584	8722.000
713.787	8630.000
713.990	8576.000
714.193	8551.000
714.396	8511.000
714.599	8494.000
714.802	8524.000
715.005	8482.000
715.208	8383.000
715.411	8345.000
715.613	8158.000
715.816	8040.000
716.019	7825.000
716.222	7625.000
716.425	7516.000
716.628	7496.000
716.831	7348.000
717.034	7151.000
717.237	6959.000
717.440	6828.000
717.643	6762.000
717.845	6660.000
718.048	6504.000
718.251	6427.000
718.454	6328.000
718.657	6284.000
718.860	6259.000
719.063	6234.000
719.266	6095.000
719.469	6109.000
719.672	6129.000
719.875	6238.000
720.077	6374.000
720.280	6392.000
720.483	6451.000
720.686	6720.000
720.889	6846.000
721.092	6887.000
721.295	6996.000
721.498	7064.000
721.701	7008.000
721.904	7086.000
722.107	7053.000
722.309	7038.000
722.512	6919.000
722.715	6849.000
722.918	6679.000
723.121	6682.000
723.324	6720.000
723.527	6676.000
723.730	6611.000
723.933	6620.000
724.136	6599.000
724.339	6489.000
724.541	6339.000
724.744	6395.000
724.947	6431.000
725.150	6456.000
725.353	6513.000
725.556	6463.000
725.759	6369.000
725.962	6375.000
726.165	6498.000
726.368	6469.000
726.571	6326.000
726.773	6285.000
726.976	6307.000
727.179	6438.000
727.382	6408.000
727.585	6471.000
727.788	6451.000
727.991	6294.000
728.194	6228.000
728.397	6235.000
728.600	6286.000
728.803	6344.000
729.005	6411.000
729.208	6426.000
729.411	6410.000
729.614	6346.000
729.817	6306.000
730.020	6243.000
730.223	6212.000
730.426	6235.000
730.629	6211.000
730.832	6278.000
731.035	6372.000
731.237	6368.000
731.440	6440.000
731.643	6555.000
731.846	6553.000
732.049	6557.000
732.252	6612.000
732.455	6677.000
732.658	6727.000
732.861	6752.000
733.064	6771.000
733.267	6841.000
733.469	6847.000
733.672	6837.000
733.875	6916.000
734.078	6955.000
734.281	6949.000
734.484	6974.000
734.687	6890.000
734.890	6815.000
735.093	6819.000
735.296	6764.000
735.499	6718.000
735.701	6755.000
735.904	6814.000
736.107	6727.000
736.310	6739.000
736.513	6859.000
736.716	6856.000
736.919	6789.000
737.122	6807.000
737.325	6773.000
737.528	6771.000
737.731	6744.000
737.933	6742.000
738.136	6751.000
738.339	6713.000
738.542	6669.000
738.745	6647.000
738.948	6725.000
739.151	6713.000
739.354	6615.000
739.557	6591.000
739.760	6620.000
739.963	6631.000
740.165	6583.000
740.368	6525.000
740.571	6591.000
740.774	6601.000
740.977	6629.000
741.180	6526.000
741.383	6484.000
741.586	6609.000
741.789	6515.000
741.992	6520.000
742.195	6537.000
742.397	6488.000
742.600	6592.000
742.803	6739.000
743.006	6628.000
743.209	6512.000
743.412	6469.000
743.615	6487.000
743.818	6602.000
744.021	6528.000
744.224	6468.000
744.427	6510.000
744.629	6420.000
744.832	6372.000
745.035	6454.000
745.238	6456.000
745.441	6565.000
745.644	6407.000
745.847	6387.000
746.050	6484.000
746.253	6412.000
746.456	6412.000
746.659	6454.000
746.861	6424.000
747.064	6349.000
747.267	6352.000
747.470	6481.000
747.673	6515.000
747.876	6435.000
748.079	6379.000
748.282	6372.000
748.485	6338.000
748.688	6315.000
748.891	6313.000
749.093	6249.000
749.296	6222.000
749.499	6239.000
749.702	6171.000
749.905	6087.000
750.108	6152.000
750.311	6125.000
750.514	6115.000
750.717	6121.000
750.920	6091.000
751.123	6002.000
751.325	6033.000
751.528	6046.000
751.731	6107.000
751.934	6054.000
752.137	6046.000
752.340	6014.000
752.543	6055.000
752.746	6113.000
752.949	6000.000
753.152	5996.000
753.355	6028.000
753.557	6015.000
753.760	5998.000
753.963	5953.000
754.166	5993.000
754.369	5877.000
754.572	5983.000
754.775	5958.000
754.978	5843.000
755.181	5878.000
755.384	5890.000
755.587	5923.000
755.789	5863.000
755.992	5810.000
756.195	5818.000
756.398	5745.000
756.601	5760.000
756.804	5879.000
757.007	5805.000
757.210	5805.000
757.413	5764.000
757.616	5695.000
757.819	5693.000
758.021	5559.000
758.224	5359.000
758.427	5015.000
758.630	4683.000
758.833	4347.000
759.036	3912.000
759.239	3515.000
759.442	3236.000
759.645	2948.000
759.848	2768.000
760.051	2656.000
760.253	2588.000
760.456	2631.000
760.659	2638.000
760.862	2650.000
761.065	2702.000
761.268	2662.000
761.471	2577.000
761.674	2592.000
761.877	2522.000
762.080	2413.000
762.283	2475.000
762.485	2473.000
762.688	2512.000
762.891	2609.000
763.094	2716.000
763.297	2738.000
763.500	2818.000
763.706	2921.000
763.912	2966.000
764.118	3098.000
764.325	3188.000
764.531	3207.000
764.737	3288.000
764.943	3398.000
765.149	3495.000
765.355	3553.000
765.561	3690.000
765.768	3925.000
765.974	3995.000
766.180	4075.000
766.386	4206.000
766.592	4265.000
766.798	4319.000
767.004	4410.000
767.210	4547.000
767.417	4565.000
767.623	4611.000
767.829	4677.000
768.035	4648.000
768.241	4728.000
768.447	4793.000
768.653	4802.000
768.860	4871.000
769.066	5001.000
769.272	4944.000
769.478	4983.000
769.684	5027.000
769.890	5028.000
770.096	5015.000
770.303	4935.000
770.509	4931.000
770.715	4954.000
770.921	4999.000
771.127	5015.000
771.333	5000.000
771.539	4892.000
771.745	4828.000
771.952	4851.000
772.158	4952.000
772.364	4900.000
772.570	4962.000
772.776	4919.000
772.982	4883.000
773.188	4881.000
773.395	4876.000
773.601	4885.000
773.807	4828.000
774.013	4827.000
774.219	4910.000
774.425	4928.000
774.631	4865.000
774.838	4844.000
775.044	4829.000
775.250	4797.000
775.456	4855.000
775.662	4806.000
775.868	4819.000
776.074	4794.000
776.281	4809.000
776.487	4786.000
776.693	4792.000
776.899	4852.000
777.105	4813.000
777.311	4752.000
777.517	4774.000
777.723	4764.000
777.930	4766.000
778.136	4804.000
778.342	4731.000
778.548	4700.000
778.754	4792.000
778.960	4758.000
779.166	4701.000
779.373	4690.000
779.579	4603.000
779.785	4628.000
779.991	4548.000
780.197	4597.000
780.403	4618.000
780.609	4567.000
780.816	4579.000
781.022	4540.000
781.228	4547.000
781.434	4645.000
781.640	4593.000
781.846	4584.000
782.052	4607.000
782.259	4531.000
782.465	4424.000
782.671	4474.000
782.877	4484.000
783.083	4468.000
783.289	4426.000
783.495	4405.000
783.701	4427.000
783.908	4553.000
784.114	4514.000
784.320	4451.000
784.526	4442.000
784.732	4474.000
784.938	4467.000
785.144	4445.000
785.351	4464.000
785.557	4466.000
785.763	4411.000
785.969	4425.000
786.175	4344.000
786.381	4312.000
786.587	4295.000
786.794	4189.000
787.000	4225.000
787.206	4228.000
787.412	4184.000
787.618	4244.000
787.824	4190.000
788.030	4126.000
788.236	4190.000
788.443	4123.000
788.649	4103.000
788.855	4068.000
789.061	4045.000
789.267	4073.000
789.473	4046.000
789.679	4052.000
789.886	4048.000
790.092	3940.000
790.298	3944.000
790.504	3931.000
790.710	3957.000
790.916	3956.000
791.122	3880.000
791.329	3851.000
791.535	3871.000
791.741	3979.000
791.947	3912.000
792.153	3845.000
792.359	3877.000
792.565	3919.000
792.771	3843.000
792.978	3796.000
793.184	3736.000
793.390	3756.000
793.596	3854.000
793.802	3798.000
794.008	3732.000
794.214	3821.000
794.421	3842.000
794.627	3815.000
794.833	3765.000
795.039	3701.000
795.245	3686.000
795.451	3716.000
795.657	3682.000
795.864	3659.000
796.070	3723.000
796.276	3708.000
796.482	3693.000
796.688	3692.000
796.894	3724.000
797.100	3762.000
797.307	3745.000
797.513	3681.000
797.719	3688.000
797.925	3691.000
798.131	3618.000
798.337	3606.000
798.543	3603.000
798.749	3643.000
798.956	3608.000
799.162	3563.000
799.368	3623.000
799.574	3524.000
799.780	3545.000
799.986	3635.000
800.192	3608.000
800.399	3571.000
800.605	3574.000
800.811	3602.000
801.017	3585.000
801.223	3546.000
801.429	3465.000
801.635	3432.000
801.842	3445.000
802.048	3366.000
802.254	3418.000
802.460	3445.000
802.666	3382.000
802.872	3391.000
803.078	3392.000
803.285	3374.000
803.491	3287.000
803.697	3249.000
803.903	3362.000
804.109	3468.000
804.315	3397.000
804.521	3378.000
804.727	3369.000
804.934	3423.000
805.140	3456.000
805.346	3337.000
805.552	3363.000
805.758	3336.000
805.964	3275.000
806.170	3267.000
806.377	3332.000
806.583	3392.000
806.789	3356.000
806.995	3269.000
807.201	3260.000
807.407	3267.000
807.613	3283.000
807.820	3180.000
808.026	3191.000
808.232	3188.000
808.438	3190.000
808.644	3226.000
808.850	3218.000
809.056	3262.000
809.262	3169.000
809.469	3131.000
809.675	3200.000
809.881	3117.000
810.087	3140.000
810.293	3061.000
810.499	3071.000
810.705	3045.000
810.912	3039.000
811.118	3030.000
811.324	3027.000
811.530	3019.000
811.739	2935.000
811.947	2900.000
812.156	2891.000
812.365	2882.000
812.573	2872.000
812.782	2799.000
812.990	2700.000
813.199	2699.000
813.408	2737.000
813.616	2668.000
813.825	2642.000
814.034	2569.000
814.242	2525.000
814.451	2512.000
814.659	2450.000
814.868	2466.000
815.077	2413.000
815.285	2380.000
815.494	2261.000
815.703	2231.000
815.911	2276.000
816.120	2311.000
816.329	2293.000
816.537	2309.000
816.746	2316.000
816.954	2350.000
817.163	2375.000
817.372	2337.000
817.580	2288.000
817.789	2301.000
817.998	2426.000
818.206	2363.000
818.415	2277.000
818.624	2292.000
818.832	2235.000
819.041	2318.000
819.249	2304.000
819.458	2363.000
819.667	2379.000
819.875	2383.000
820.084	2415.000
820.293	2453.000
820.501	2461.000
820.710	2459.000
820.919	2440.000
821.127	2422.000
821.336	2332.000
821.544	2220.000
821.753	2228.000
821.962	2146.000
822.170	2112.000
822.379	2099.000
822.588	2118.000
822.796	2197.000
823.005	2217.000
823.213	2195.000
823.422	2235.000
823.631	2251.000
823.839	2284.000
824.048	2254.000
824.257	2261.000
824.465	2336.000
824.674	2302.000
824.883	2279.000
825.091	2361.000
825.300	2372.000
825.508	2362.000
825.717	2376.000
825.926	2388.000
826.134	2414.000
826.343	2353.000
826.552	2317.000
826.760	2296.000
826.969	2278.000
827.178	2274.000
827.386	2288.000
827.595	2249.000
827.803	2236.000
828.012	2225.000
828.221	2174.000
828.429	2180.000
828.638	2177.000
828.847	2200.000
829.055	2162.000
829.264	2189.000
829.472	2171.000
829.681	2196.000
829.890	2187.000
830.098	2154.000
830.307	2183.000
830.516	2242.000
830.724	2228.000
830.933	2215.000
831.142	2250.000
831.350	2142.000
831.559	2089.000
831.767	2092.000
831.976	2131.000
832.185	2148.000
832.393	2194.000
832.602	2151.000
832.811	2130.000
833.019	2161.000
833.228	2161.000
833.437	2177.000
833.645	2213.000
833.854	2173.000
834.062	2130.000
834.271	2178.000
834.480	2210.000
834.688	2215.000
834.897	2187.000
835.106	2176.000
835.314	2181.000
835.523	2192.000
835.731	2158.000
835.940	2151.000
836.149	2219.000
836.357	2240.000
836.566	2214.000
836.775	2146.000
836.983	2194.000
837.192	2205.000
837.401	2136.000
837.609	2135.000
837.818	2167.000
838.026	2132.000
838.235	2146.000
838.444	2194.000
838.652	2217.000
838.861	2220.000
839.070	2161.000
839.278	2161.000
839.487	2158.000
839.696	2109.000
839.904	2097.000
840.113	2120.000
840.321	2161.000
840.530	2227.000
840.739	2208.000
840.947	2254.000
841.156	2236.000
841.365	2093.000
841.573	2102.000
841.782	2162.000
841.991	2082.000
842.199	2149.000
842.408	2175.000
842.616	2107.000
842.825	2002.000
843.034	2059.000
843.242	2094.000
843.451	2055.000
843.660	2089.000
843.868	2105.000
844.077	2053.000
844.285	2058.000
844.494	2066.000
844.703	2146.000
844.911	2162.000
845.120	2069.000
845.329	2059.000
845.537	2042.000
845.746	2048.000
845.955	2047.000
846.163	1963.000
846.372	2020.000
846.580	2075.000
846.789	2063.000
846.998	2033.000
847.206	2073.000
847.415	2045.000
847.624	1984.000
847.832	1980.000
848.041	1995.000
848.250	2036.000
848.458	2066.000
848.667	1989.000
848.875	1883.000
849.084	1913.000
849.293	1855.000
849.501	1865.000
849.710	1907.000
849.919	1910.000
850.127	1896.000
850.336	1920.000
850.544	1886.000
850.753	1875.000
850.962	1964.000
851.170	1954.000
851.379	1893.000
851.588	1840.000
851.796	1907.000
852.005	1921.000
852.214	1866.000
852.422	1830.000
852.631	1772.000
852.839	1753.000
853.048	1718.000
853.257	1743.000
853.465	1695.000
853.674	1680.000
853.883	1666.000
854.091	1678.000
854.300	1689.000
854.509	1657.000
854.717	1683.000
854.926	1684.000
855.134	1703.000
855.343	1735.000
855.552	1772.000
855.760	1739.000
855.969	1679.000
856.178	1686.000
856.386	1686.000
856.595	1729.000
856.803	1800.000
857.012	1795.000
857.221	1740.000
857.429	1692.000
857.638	1633.000
857.847	1672.000
858.055	1760.000
858.264	1761.000
858.473	1715.000
858.681	1753.000
858.890	1761.000
859.098	1720.000
859.307	1718.000
859.516	1700.000
859.724	1707.000
859.933	1645.000
860.142	1618.000
860.350	1656.000
860.559	1668.000
860.768	1668.000
860.976	1680.000
861.185	1678.000
861.393	1670.000
861.602	1637.000
861.811	1617.000
862.019	1602.000
862.228	1662.000
862.437	1660.000
862.645	1677.000
862.854	1652.000
863.062	1662.000
863.271	1624.000
863.480	1663.000
863.688	1591.000
863.897	1551.000
864.106	1576.000
864.314	1591.000
864.523	1571.000
864.732	1551.000
864.940	1537.000
865.149	1494.000
865.357	1478.000
865.566	1505.000
865.775	1433.000
865.983	1337.000
866.192	1447.000
866.401	1480.000
866.609	1434.000
866.818	1363.000
867.027	1392.000
867.235	1431.000
867.444	1439.000
867.652	1454.000
867.861	1417.000
868.070	1350.000
868.278	1395.000
868.487	1445.000
868.696	1501.000
868.904	1427.000
869.113	1416.000
869.321	1432.000
869.530	1391.000
869.739	1375.000
869.947	1422.000
870.156	1443.000
870.365	1405.000
870.573	1371.000
870.782	1392.000
870.991	1402.000
871.199	1412.000
871.408	1387.000
871.616	1393.000
871.825	1394.000
872.034	1358.000
872.242	1332.000
872.451	1360.000
872.660	1407.000
872.868	1337.000
873.077	1334.000
873.286	1329.000
873.494	1340.000
873.703	1419.000
873.911	1346.000
874.120	1252.000
874.329	1265.000
874.537	1216.000
874.746	1225.000
874.955	1274.000
875.163	1291.000
875.372	1244.000
875.581	1217.000
875.789	1188.000
875.998	1258.000
876.206	1328.000
876.415	1281.000
876.624	1200.000
876.832	1229.000
877.041	1256.000
877.250	1239.000
877.458	1253.000
877.667	1223.000
877.875	1203.000
878.084	1179.000
878.293	1228.000
878.501	1206.000
878.710	1224.000
878.919	1231.000
879.127	1150.000
879.336	1156.000
879.545	1190.000
879.753	1160.000
879.962	1121.000
880.170	1083.000
880.379	1112.000
880.588	1170.000
880.796	1174.000
881.005	1135.000
881.214	1121.000
881.422	1135.000
881.631	1141.000
881.840	1148.000
882.048	1187.000
882.257	1155.000
882.465	1074.000
882.674	1110.000
882.883	1104.000
883.091	1132.000
883.300	1148.000
883.509	1153.000
883.717	1172.000
883.926	1158.000
884.134	1136.000
884.343	1125.000
884.552	1075.000
884.760	1099.000
884.969	1114.000
885.178	1095.000
885.386	1094.000
885.595	1071.000
885.804	1047.000
886.012	1052.000
886.221	1043.000
886.429	993.000
886.638	1007.000
886.847	1034.000
887.055	1072.000
887.264	1107.000
887.473	1101.000
887.681	1091.000
887.890	1070.000
888.099	1041.000
888.307	1045.000
888.516	999.000
888.724	987.000
888.933	1031.000
889.142	1048.000
889.350	1036.000
889.559	1016.000
889.768	1040.000
889.976	1039.000
890.185	1033.000
890.393	1053.000
890.602	1022.000
890.811	967.000
891.019	983.000
891.228	998.000
891.437	988.000
891.645	950.000
891.854	935.000
892.063	984.000
892.271	959.000
892.480	900.000
892.688	943.000
892.897	990.000
893.106	953.000
893.314	911.000
893.523	912.000
893.732	898.000
893.940	895.000
894.149	876.000
894.358	855.000
894.566	856.000
894.775	822.000
894.983	821.000
895.192	839.000
895.401	793.000
895.609	755.000
895.818	755.000
896.027	783.000
896.235	781.000
896.444	769.000
896.652	802.000
896.861	761.000
897.070	742.000
897.278	705.000
897.487	742.000
897.696	721.000
897.904	677.000
898.113	659.000
898.322	682.000
898.530	701.000
898.739	676.000
898.947	654.000
899.156	677.000
899.365	709.000
899.573	671.000
899.782	650.000
899.991	685.000
900.199	709.000
900.408	678.000
900.617	677.000
900.825	638.000
901.034	663.000
901.242	663.000
901.451	663.000
901.660	658.000
901.868	668.000
902.077	640.000
902.286	670.000
902.494	714.000
902.703	762.000
902.911	740.000
903.120	740.000
903.329	793.000
903.537	756.000
903.746	733.000
903.955	788.000
904.163	790.000
904.372	745.000
904.581	775.000
904.789	804.000
904.998	788.000
905.206	799.000
905.415	772.000
905.624	744.000
905.832	705.000
906.041	712.000
906.250	737.000
906.458	710.000
906.667	696.000
906.876	700.000
907.084	676.000
907.293	675.000
907.501	669.000
907.710	628.000
907.919	627.000
908.127	630.000
908.336	648.000
908.545	656.000
908.753	626.000
908.962	576.000
909.170	619.000
909.379	618.000
909.588	591.000
909.796	572.000
910.005	559.000
910.214	580.000
910.422	573.000
910.631	627.000
910.840	656.000
911.048	669.000
911.257	634.000
911.465	598.000
911.674	596.000
911.883	553.000
912.091	555.000
912.300	545.000
912.508	546.000
912.716	558.000
912.924	552.000
913.132	557.000
913.340	583.000
913.549	607.000
913.757	622.000
913.965	573.000
914.173	535.000
914.381	567.000
914.589	540.000
914.797	543.000
915.005	532.000
915.213	536.000
915.421	551.000
915.629	576.000
915.838	575.000
916.046	582.000
916.254	543.000
916.462	564.000
916.670	534.000
916.878	497.000
917.086	538.000
917.294	530.000
917.502	500.000
917.710	504.000
917.919	535.000
918.127	536.000
918.335	543.000
918.543	566.000
918.751	561.000
918.959	555.000
919.167	586.000
919.375	602.000
919.583	571.000
919.791	583.000
919.999	574.000
920.208	599.000
920.416	604.000
920.624	609.000
920.832	582.000
921.040	558.000
921.248	586.000
921.456	598.000
921.664	555.000
921.872	548.000
922.080	545.000
922.288	571.000
922.497	578.000
922.705	590.000
922.913	567.000
923.121	538.000
923.329	519.000
923.537	497.000
923.745	517.000
923.953	486.000
924.161	497.000
924.369	522.000
924.578	491.000
924.786	510.000
924.994	505.000
925.202	463.000
925.410	468.000
925.618	519.000
925.826	535.000
926.034	521.000
926.242	532.000
926.450	505.000
926.658	514.000
926.867	502.000
927.075	459.000
927.283	434.000
927.491	405.000
927.699	355.000
927.907	390.000
928.115	431.000
928.323	437.000
928.531	392.000
928.739	338.000
928.947	378.000
929.156	343.000
929.364	324.000
929.572	365.000
929.780	318.000
929.988	268.000
930.196	305.000
930.404	319.000
930.612	299.000
930.820	263.000
931.028	263.000
931.236	258.000
931.445	231.000
931.653	226.000
931.861	245.000
932.069	234.000
932.277	233.000
932.485	216.000
932.693	213.000
932.901	205.000
933.109	175.000
933.317	150.000
933.526	135.000
933.734	131.000
933.942	117.000
934.150	129.000
934.358	160.000
934.566	180.000
934.774	155.000
934.982	155.000
935.190	163.000
935.398	140.000
935.606	136.000
935.815	155.000
936.023	127.000
936.231	137.000
936.439	134.000
936.647	166.000
936.855	161.000
937.063	187.000
937.271	132.000
937.479	130.000
937.687	170.000
937.895	188.000
938.104	199.000
938.312	181.000
938.520	187.000
938.728	228.000
938.936	238.000
939.144	170.000
939.352	143.000
939.560	162.000
939.768	134.000
939.976	160.000
940.185	183.000
940.393	194.000
940.601	208.000
940.809	201.000
941.017	201.000
941.225	195.000
941.433	165.000
941.641	133.000
941.849	143.000
942.057	158.000
942.265	188.000
942.474	198.000
942.682	164.000
942.890	162.000
943.098	172.000
943.306	126.000
943.514	116.000
943.722	124.000
943.930	108.000
944.138	109.000
944.346	119.000
944.554	117.000
944.763	150.000
944.971	152.000
945.179	122.000
945.387	88.000
945.595	181.000
945.803	169.000
946.011	102.000
946.219	130.000
946.427	160.000
946.635	156.000
946.843	109.000
947.052	113.000
947.260	127.000
947.468	141.000
947.676	138.000
947.884	149.000
948.092	163.000
948.300	142.000
948.508	181.000
948.716	173.000
948.924	134.000
949.133	107.000
949.341	100.000
949.549	91.000
949.757	109.000
949.965	136.000
950.173	158.000
950.381	134.000
950.589	123.000
950.797	122.000
951.005	128.000
951.213	156.000
951.422	150.000
951.630	123.000
951.838	115.000
952.046	124.000
952.254	130.000
952.462	130.000
952.670	161.000
952.878	142.000
953.086	145.000
953.294	122.000
953.502	98.000
953.711	108.000
953.919	143.000
954.127	121.000
954.335	108.000
954.543	135.000
954.751	152.000
954.959	161.000
955.167	159.000
955.375	121.000
955.583	126.000
955.792	106.000
956.000	129.000
956.208	162.000
956.416	166.000
956.624	206.000
956.832	158.000
957.040	134.000
957.248	139.000
957.456	130.000
957.664	105.000
957.872	107.000
958.081	112.000
958.289	160.000
958.497	166.000
958.705	148.000
958.913	158.000
959.121	143.000
959.329	148.000
959.537	109.000
959.745	109.000
959.953	117.000
960.161	133.000
960.370	159.000
960.578	168.000
960.786	187.000
960.994	174.000
961.202	134.000
961.410	143.000
961.618	146.000
961.826	153.000
962.034	159.000
962.242	132.000
962.451	161.000
962.659	156.000
962.867	152.000
963.075	128.000
963.283	166.000
963.491	177.000
963.699	151.000
963.907	133.000
964.115	133.000
964.323	162.000
964.531	131.000
964.740	131.000
964.948	169.000
965.156	136.000
965.364	104.000
965.572	115.000
965.780	138.000
965.999	180.000
966.218	200.000
966.438	165.000
966.657	171.000
966.876	190.000
967.095	172.000
967.315	134.000
967.534	135.000
967.753	137.000
967.972	191.000
968.192	219.000
968.411	193.000
968.630	168.000
968.849	145.000
969.068	175.000
969.288	193.000
969.507	199.000
969.726	192.000
969.945	152.000
970.165	136.000
970.384	155.000
970.603	178.000
970.822	157.000
971.042	171.000
971.261	190.000
971.480	156.000
971.699	142.000
971.919	148.000
972.138	141.000
972.357	139.000
972.576	148.000
972.795	186.000
973.015	185.000
973.234	139.000
973.453	174.000
973.672	165.000
973.892	134.000
974.111	118.000
974.330	109.000
974.549	148.000
974.769	139.000
974.988	131.000
975.207	144.000
975.426	164.000
975.646	131.000
975.865	140.000
976.084	129.000
976.303	112.000
976.522	169.000
976.742	187.000
976.961	207.000
977.180	187.000
977.399	159.000
977.619	126.000
977.838	132.000
978.057	119.000
978.276	136.000
978.496	127.000
978.715	158.000
978.934	188.000
979.153	147.000
979.372	139.000
979.592	103.000
979.811	115.000
980.030	140.000
980.249	139.000
980.469	127.000
980.688	161.000
980.907	200.000
981.126	196.000
981.346	157.000
981.565	164.000
981.784	125.000
982.003	119.000
982.223	139.000
982.442	162.000
982.661	104.000
982.880	109.000
983.099	116.000
983.319	101.000
983.538	115.000
983.757	136.000
983.976	141.000
984.196	157.000
984.415	137.000
984.634	109.000
984.853	128.000
985.073	146.000
985.292	96.000
985.511	81.000
985.730	123.000
985.949	123.000
986.169	161.000
986.388	197.000
986.607	169.000
986.826	123.000
987.046	118.000
987.265	130.000
987.484	132.000
987.703	132.000
987.923	90.000
988.142	116.000
988.361	151.000
988.580	103.000
988.800	71.000
989.019	100.000
989.238	180.000
989.457	133.000
989.676	134.000
989.896	123.000
990.115	121.000
990.334	123.000
990.553	101.000
990.773	80.000
990.992	139.000
991.211	185.000
991.430	171.000
991.650	112.000
991.869	139.000
992.088	166.000
992.307	124.000
992.527	123.000
992.746	93.000
992.965	53.000
993.184	50.000
993.403	102.000
993.623	152.000
993.842	157.000
994.061	120.000
994.280	121.000
994.500	108.000
994.719	121.000
994.938	95.000
995.157	83.000
995.377	88.000
995.596	81.000
995.815	92.000
996.034	123.000
996.253	99.000
996.473	63.000
996.692	81.000
996.911	77.000
997.130	64.000
997.350	52.000
997.569	75.000
997.788	104.000
998.007	76.000
998.227	54.000
998.446	105.000
998.665	86.000
998.884	57.000
999.104	47.000
999.323	89.000
999.542	125.000
999.761	119.000
999.980	74.000
1000.200	74.000
1000.419	93.000
1000.638	101.000
1000.857	104.000
1001.077	99.000
1001.296	95.000
1001.515	91.000
1001.734	82.000
1001.954	71.000
1002.173	95.000
1002.392	101.000
1002.611	98.000
1002.830	32.000
1003.050	30.000
1003.269	65.000
1003.488	57.000
1003.707	77.000
1003.927	89.000
1004.146	99.000
1004.365	99.000
1004.584	55.000
1004.804	86.000
1005.023	73.000
1005.242	82.000
1005.461	78.000
1005.681	93.000
1005.900	103.000
1006.119	68.000
1006.338	66.000
1006.557	76.000
1006.777	66.000
1006.996	62.000
1007.215	72.000
1007.434	84.000
1007.654	86.000
1007.873	84.000
1008.092	79.000
1008.311	65.000
1008.531	51.000
1008.750	48.000
1008.969	68.000
1009.188	83.000
1009.407	75.000
1009.627	56.000
1009.846	61.000
1010.065	93.000
1010.284	102.000
1010.504	72.000
1010.723	53.000
1010.942	78.000
1011.161	50.000
1011.381	47.000
1011.600	78.000
1011.819	93.000
1012.038	115.000
1012.258	93.000
1012.477	69.000
1012.696	83.000
1012.915	76.000
1013.134	86.000
1013.354	126.000
1013.573	120.000
1013.792	44.000
1014.011	24.000
1014.231	54.000
1014.450	60.000
1014.669	54.000
1014.888	96.000
1015.108	66.000
1015.327	35.000
1015.546	49.000
1015.765	93.000
1015.984	64.000
1016.204	68.000
1016.423	69.000
1016.642	66.000
1016.861	75.000
1017.081	57.000
1017.300	69.000
1017.519	59.000
