296.912	123.000
297.101	110.000
297.290	112.000
297.479	84.000
297.668	60.000
297.858	60.000
298.047	101.000
298.236	111.000
298.425	87.000
298.614	95.000
298.803	122.000
298.992	137.000
299.181	90.000
299.370	114.000
299.559	134.000
299.748	124.000
299.937	133.000
300.126	116.000
300.315	89.000
300.504	72.000
300.693	90.000
300.882	111.000
301.071	121.000
301.260	102.000
301.449	86.000
301.638	106.000
301.827	75.000
302.016	65.000
302.205	90.000
302.395	117.000
302.584	94.000
302.773	93.000
302.962	118.000
303.151	127.000
303.340	140.000
303.529	113.000
303.718	100.000
303.907	108.000
304.096	141.000
304.285	127.000
304.474	111.000
304.663	122.000
304.852	120.000
305.041	87.000
305.230	85.000
305.419	101.000
305.608	111.000
305.797	121.000
305.986	99.000
306.175	110.000
306.364	98.000
306.553	73.000
306.743	104.000
306.932	149.000
307.121	136.000
307.310	93.000
307.499	70.000
307.688	96.000
307.877	88.000
308.066	99.000
308.255	137.000
308.444	143.000
308.633	143.000
308.822	116.000
309.011	58.000
309.200	78.000
309.389	95.000
309.578	115.000
309.767	147.000
309.956	161.000
310.145	126.000
310.334	108.000
310.523	115.000
310.712	112.000
310.901	98.000
311.091	104.000
311.280	111.000
311.469	111.000
311.658	123.000
311.847	129.000
312.036	131.000
312.225	137.000
312.414	85.000
312.603	67.000
312.792	114.000
312.981	139.000
313.170	141.000
313.349	116.000
313.527	121.000
313.706	143.000
313.884	119.000
314.063	140.000
314.241	154.000
314.420	112.000
314.598	100.000
314.777	90.000
314.955	107.000
315.134	119.000
315.312	129.000
315.491	136.000
315.669	136.000
315.848	106.000
316.027	127.000
316.205	143.000
316.384	124.000
316.562	94.000
316.741	103.000
316.919	98.000
317.098	119.000
317.276	127.000
317.455	139.000
317.633	125.000
317.812	101.000
317.990	119.000
318.169	119.000
318.347	82.000
318.526	101.000
318.705	115.000
318.883	137.000
319.062	156.000
319.240	122.000
319.419	109.000
319.597	99.000
319.776	108.000
319.954	83.000
320.133	96.000
320.311	102.000
320.490	106.000
320.668	118.000
320.847	124.000
321.025	118.000
321.204	114.000
321.382	130.000
321.561	143.000
321.740	124.000
321.918	151.000
322.097	152.000
322.275	119.000
322.454	122.000
322.632	103.000
322.811	73.000
322.989	111.000
323.168	104.000
323.346	124.000
323.525	108.000
323.703	120.000
323.882	132.000
324.060	127.000
324.239	107.000
324.418	145.000
324.596	139.000
324.775	116.000
324.953	125.000
325.132	95.000
325.310	122.000
325.489	112.000
325.667	104.000
325.846	109.000
326.024	142.000
326.203	127.000
326.381	98.000
326.560	107.000
326.738	104.000
326.917	122.000
327.096	165.000
327.274	173.000
327.453	179.000
327.631	138.000
327.810	134.000
327.988	130.000
328.167	162.000
328.345	165.000
328.524	168.000
328.702	164.000
328.881	165.000
329.059	106.000
329.238	113.000
329.416	158.000
329.595	151.000
329.774	119.000
329.952	109.000
330.131	87.000
330.309	78.000
330.488	82.000
330.666	133.000
330.845	130.000
331.023	113.000
331.202	124.000
331.380	137.000
331.559	116.000
331.737	124.000
331.916	105.000
332.094	75.000
332.273	102.000
332.452	122.000
332.630	145.000
332.809	164.000
332.987	154.000
333.166	129.000
333.344	122.000
333.523	154.000
333.701	140.000
333.880	103.000
334.058	140.000
334.237	174.000
334.415	165.000
334.594	146.000
334.772	141.000
334.951	147.000
335.129	126.000
335.308	155.000
335.487	130.000
335.665	69.000
335.844	149.000
336.022	156.000
336.201	118.000
336.379	115.000
336.558	143.000
336.736	136.000
336.915	129.000
337.093	107.000
337.272	123.000
337.450	150.000
337.629	121.000
337.807	117.000
337.986	109.000
338.165	106.000
338.343	132.000
338.522	145.000
338.700	156.000
338.879	158.000
339.057	141.000
339.236	158.000
339.414	150.000
339.593	126.000
339.771	111.000
339.950	138.000
340.128	133.000
340.307	128.000
340.485	142.000
340.664	137.000
340.843	138.000
341.021	195.000
341.200	137.000
341.378	128.000
341.557	164.000
341.735	151.000
341.914	127.000
342.092	138.000
342.271	164.000
342.449	135.000
342.628	110.000
342.806	126.000
342.985	154.000
343.163	174.000
343.342	154.000
343.521	154.000
343.699	151.000
343.878	117.000
344.056	152.000
344.235	129.000
344.413	150.000
344.592	162.000
344.770	148.000
344.949	141.000
345.127	140.000
345.306	93.000
345.484	89.000
345.663	131.000
345.841	141.000
346.020	112.000
346.199	133.000
346.377	144.000
346.556	172.000
346.734	163.000
346.913	167.000
347.091	167.000
347.270	135.000
347.448	97.000
347.627	87.000
347.805	134.000
347.984	147.000
348.162	185.000
348.341	174.000
348.519	144.000
348.698	113.000
348.876	135.000
349.055	131.000
349.234	103.000
349.412	132.000
349.591	168.000
349.769	149.000
349.948	134.000
350.126	149.000
350.305	129.000
350.483	95.000
350.662	115.000
350.840	144.000
351.019	180.000
351.197	203.000
351.376	215.000
351.554	195.000
351.733	164.000
351.912	150.000
352.090	173.000
352.269	152.000
352.447	143.000
352.626	135.000
352.804	127.000
352.983	136.000
353.161	163.000
353.340	155.000
353.518	135.000
353.697	127.000
353.875	145.000
354.054	146.000
354.232	145.000
354.411	117.000
354.590	130.000
354.768	158.000
354.947	172.000
355.125	160.000
355.304	147.000
355.482	179.000
355.661	189.000
355.839	159.000
356.018	162.000
356.196	145.000
356.375	138.000
356.553	175.000
356.732	122.000
356.910	102.000
357.089	121.000
357.268	162.000
357.446	187.000
357.625	145.000
357.803	135.000
357.982	140.000
358.160	147.000
358.339	161.000
358.517	179.000
358.696	163.000
358.874	125.000
359.053	163.000
359.231	205.000
359.410	167.000
359.588	119.000
359.767	108.000
359.945	123.000
360.124	117.000
360.303	167.000
360.481	193.000
360.660	155.000
360.838	143.000
361.017	163.000
361.195	156.000
361.374	167.000
361.552	161.000
361.731	145.000
361.909	172.000
362.088	141.000
362.266	164.000
362.445	162.000
362.623	141.000
362.802	116.000
362.981	110.000
363.159	124.000
363.338	138.000
363.516	158.000
363.695	161.000
363.873	123.000
364.052	152.000
364.230	127.000
364.409	102.000
364.587	151.000
364.766	187.000
364.944	142.000
365.123	132.000
365.301	167.000
365.480	187.000
365.660	159.000
365.839	156.000
366.019	150.000
366.199	141.000
366.379	161.000
366.558	133.000
366.738	119.000
366.918	150.000
367.098	176.000
367.277	159.000
367.457	151.000
367.637	148.000
367.816	148.000
367.996	155.000
368.176	138.000
368.356	127.000
368.535	174.000
368.715	191.000
368.895	171.000
369.075	157.000
369.254	148.000
369.434	159.000
369.614	184.000
369.793	172.000
369.973	182.000
370.153	143.000
370.333	138.000
370.512	145.000
370.692	146.000
370.872	188.000
371.051	193.000
371.231	193.000
371.411	167.000
371.591	145.000
371.770	160.000
371.950	174.000
372.130	159.000
372.310	104.000
372.489	129.000
372.669	168.000
372.849	159.000
373.028	166.000
373.208	168.000
373.388	150.000
373.568	175.000
373.747	158.000
373.927	171.000
374.107	192.000
374.287	165.000
374.466	171.000
374.646	177.000
374.826	188.000
375.005	182.000
375.185	154.000
375.365	155.000
375.545	161.000
375.724	198.000
375.904	177.000
376.084	171.000
376.263	162.000
376.443	193.000
376.623	219.000
376.803	172.000
376.982	169.000
377.162	171.000
377.342	169.000
377.522	161.000
377.701	165.000
377.881	186.000
378.061	209.000
378.240	182.000
378.420	153.000
378.600	159.000
378.780	179.000
378.959	159.000
379.139	162.000
379.319	184.000
379.499	176.000
379.678	151.000
379.858	156.000
380.038	161.000
380.217	201.000
380.397	190.000
380.577	204.000
380.757	193.000
380.936	208.000
381.116	212.000
381.296	178.000
381.476	180.000
381.655	187.000
381.835	203.000
382.015	159.000
382.194	116.000
382.374	140.000
382.554	163.000
382.734	167.000
382.913	165.000
383.093	167.000
383.273	161.000
383.452	161.000
383.632	138.000
383.812	183.000
383.992	190.000
384.171	175.000
384.351	180.000
384.531	139.000
384.711	170.000
384.890	185.000
385.070	193.000
385.250	156.000
385.429	146.000
385.609	162.000
385.789	171.000
385.969	163.000
386.148	152.000
386.328	112.000
386.508	140.000
386.688	175.000
386.867	201.000
387.047	202.000
387.227	141.000
387.406	146.000
387.586	149.000
387.766	160.000
387.946	186.000
388.125	198.000
388.305	180.000
388.485	171.000
388.664	178.000
388.844	143.000
389.024	137.000
389.204	131.000
389.383	149.000
389.563	158.000
389.743	142.000
389.923	151.000
390.102	143.000
390.282	154.000
390.462	143.000
390.641	121.000
390.821	114.000
391.001	130.000
391.181	134.000
391.360	148.000
391.540	162.000
391.720	121.000
391.900	131.000
392.079	133.000
392.259	112.000
392.439	155.000
392.618	167.000
392.798	151.000
392.978	161.000
393.158	177.000
393.337	164.000
393.517	159.000
393.697	198.000
393.877	209.000
394.056	241.000
394.236	233.000
394.416	203.000
394.595	184.000
394.775	206.000
394.955	221.000
395.135	212.000
395.314	218.000
395.494	225.000
395.674	224.000
395.853	204.000
396.033	214.000
396.213	213.000
396.393	167.000
396.572	202.000
396.752	232.000
396.932	226.000
397.112	187.000
397.291	214.000
397.471	186.000
397.651	199.000
397.830	220.000
398.010	205.000
398.190	146.000
398.370	189.000
398.549	214.000
398.729	226.000
398.909	261.000
399.089	218.000
399.268	226.000
399.448	241.000
399.628	222.000
399.807	236.000
399.987	252.000
400.167	270.000
400.347	266.000
400.526	259.000
400.706	255.000
400.886	252.000
401.065	249.000
401.245	229.000
401.425	270.000
401.605	237.000
401.784	222.000
401.964	208.000
402.144	223.000
402.324	259.000
402.503	282.000
402.683	244.000
402.863	230.000
403.042	254.000
403.222	287.000
403.402	274.000
403.582	264.000
403.761	266.000
403.941	331.000
404.121	321.000
404.301	347.000
404.480	316.000
404.660	289.000
404.844	298.000
405.029	325.000
405.213	342.000
405.398	349.000
405.582	398.000
405.767	415.000
405.951	409.000
406.136	375.000
406.320	401.000
406.505	421.000
406.689	482.000
406.874	455.000
407.058	434.000
407.243	461.000
407.427	527.000
407.612	561.000
407.796	570.000
407.981	639.000
408.165	686.000
408.350	686.000
408.534	707.000
408.719	769.000
408.903	820.000
409.088	832.000
409.272	890.000
409.457	902.000
409.641	958.000
409.826	1043.000
410.010	1064.000
410.195	1118.000
410.379	1240.000
410.564	1318.000
410.748	1447.000
410.933	1521.000
411.117	1631.000
411.302	1746.000
411.486	1803.000
411.671	1896.000
411.855	2027.000
412.040	2082.000
412.224	2249.000
412.409	2372.000
412.593	2406.000
412.778	2549.000
412.962	2685.000
413.147	2807.000
413.331	2896.000
413.516	2940.000
413.700	3076.000
413.885	3246.000
414.069	3409.000
414.254	3505.000
414.438	3663.000
414.623	3796.000
414.807	3822.000
414.992	3963.000
415.176	4141.000
415.361	4360.000
415.545	4475.000
415.730	4553.000
415.914	4794.000
416.099	4956.000
416.283	4961.000
416.468	5002.000
416.652	5051.000
416.837	5200.000
417.021	5319.000
417.206	5423.000
417.390	5580.000
417.575	5723.000
417.759	5780.000
417.944	5811.000
418.128	6010.000
418.313	6152.000
418.497	6229.000
418.682	6374.000
418.866	6490.000
419.051	6526.000
419.235	6483.000
419.420	6549.000
419.604	6772.000
419.789	6932.000
419.973	7098.000
420.158	7332.000
420.342	7511.000
420.527	7635.000
420.711	7644.000
420.896	7778.000
421.080	7992.000
421.265	7961.000
421.449	7879.000
421.634	7989.000
421.818	8071.000
422.003	8060.000
422.187	8097.000
422.372	8137.000
422.556	8168.000
422.741	8226.000
422.925	8225.000
423.110	8383.000
423.294	8566.000
423.479	8632.000
423.663	8715.000
423.848	8894.000
424.032	8918.000
424.217	8860.000
424.401	9041.000
424.586	9132.000
424.770	9153.000
424.955	9167.000
425.139	9153.000
425.324	9172.000
425.508	9320.000
425.693	9433.000
425.877	9441.000
426.062	9459.000
426.246	9501.000
426.431	9499.000
426.615	9412.000
426.800	9465.000
426.984	9501.000
427.169	9544.000
427.353	9608.000
427.538	9698.000
427.722	9661.000
427.907	9674.000
428.091	9730.000
428.276	9817.000
428.460	9684.000
428.645	9491.000
428.829	9208.000
429.014	9123.000
429.198	8997.000
429.383	8741.000
429.567	8594.000
429.752	8311.000
429.936	8162.000
430.121	7973.000
430.305	8037.000
430.490	8303.000
430.674	8592.000
430.859	9003.000
431.043	9465.000
431.228	9736.000
431.412	10020.000
431.597	10340.000
431.781	10531.000
431.966	10592.000
432.150	10726.000
432.335	10789.000
432.519	11072.000
432.704	11261.000
432.888	11211.000
433.073	11113.000
433.257	10882.000
433.442	10779.000
433.626	10803.000
433.811	10929.000
433.995	10965.000
434.180	11086.000
434.364	11211.000
434.549	11386.000
434.733	11557.000
434.918	11607.000
435.102	11729.000
435.287	11994.000
435.471	12195.000
435.656	12294.000
435.840	12478.000
436.030	12595.000
436.219	12528.000
436.409	12605.000
436.599	12631.000
436.789	12570.000
436.978	12600.000
437.168	12478.000
437.358	12193.000
437.548	11991.000
437.737	11909.000
437.927	11829.000
438.117	11861.000
438.306	11916.000
438.496	11973.000
438.686	12095.000
438.876	12182.000
439.065	12356.000
439.255	12586.000
439.445	12576.000
439.634	12649.000
439.824	12538.000
440.014	12628.000
440.204	12880.000
440.393	13012.000
440.583	13097.000
440.773	13424.000
440.963	13656.000
441.152	13954.000
441.342	14048.000
441.532	14198.000
441.721	14486.000
441.911	14551.000
442.101	14573.000
442.291	14531.000
442.480	14545.000
442.670	14686.000
442.860	14732.000
443.050	14805.000
443.239	14890.000
443.429	15020.000
443.619	15035.000
443.808	15212.000
443.998	15290.000
444.188	15287.000
444.378	15254.000
444.567	15350.000
444.757	15122.000
444.947	15106.000
445.137	15119.000
445.326	14999.000
445.516	15113.000
445.706	15189.000
445.895	15194.000
446.085	15143.000
446.275	15352.000
446.465	15700.000
446.654	15925.000
446.844	15972.000
447.034	16236.000
447.223	16446.000
447.413	16606.000
447.603	16721.000
447.793	16654.000
447.982	16562.000
448.172	16708.000
448.362	16806.000
448.552	16848.000
448.741	16939.000
448.931	17063.000
449.121	17153.000
449.310	17138.000
449.500	17299.000
449.690	17583.000
449.880	17823.000
450.069	17952.000
450.259	18077.000
450.449	18218.000
450.639	18127.000
450.828	18264.000
451.018	18225.000
451.208	18193.000
451.397	18220.000
451.587	18135.000
451.777	17983.000
451.967	17971.000
452.156	17783.000
452.346	17465.000
452.536	17290.000
452.725	17196.000
452.915	17076.000
453.105	17015.000
453.295	17073.000
453.484	17200.000
453.674	17350.000
453.864	17280.000
454.054	17249.000
454.243	17408.000
454.433	17569.000
454.623	17483.000
454.812	17433.000
455.002	17459.000
455.192	17535.000
455.382	17631.000
455.571	17821.000
455.761	17866.000
455.951	18093.000
456.141	18061.000
456.330	18066.000
456.520	18217.000
456.710	18296.000
456.899	18366.000
457.089	18356.000
457.279	18287.000
457.469	18193.000
457.658	18140.000
457.848	18092.000
458.038	18155.000
458.228	17859.000
458.417	17905.000
458.607	17938.000
458.797	17918.000
458.986	17907.000
459.176	18014.000
459.366	18003.000
459.556	17847.000
459.745	17862.000
459.935	17867.000
460.125	17804.000
460.314	17986.000
460.504	18191.000
460.694	18290.000
460.884	18373.000
461.073	18361.000
461.263	18415.000
461.453	18510.000
461.643	18415.000
461.832	18340.000
462.022	18568.000
462.212	18713.000
462.401	18776.000
462.591	18722.000
462.781	18776.000
462.971	18643.000
463.160	18577.000
463.350	18628.000
463.540	18631.000
463.730	18498.000
463.919	18322.000
464.109	18317.000
464.299	18423.000
464.488	18263.000
464.678	18223.000
464.868	18031.000
465.058	18298.000
465.247	18465.000
465.437	18547.000
465.627	18569.000
465.816	18599.000
466.006	18504.000
466.196	18424.000
466.386	18368.000
466.575	18265.000
466.765	18138.000
466.955	18250.000
467.145	18269.000
467.334	18297.000
467.524	18527.000
467.714	18509.000
467.903	18466.000
468.093	18608.000
468.283	18530.000
468.473	18545.000
468.662	18780.000
468.852	18829.000
469.042	19006.000
469.232	19036.000
469.421	18742.000
469.611	18847.000
469.801	18885.000
469.990	18641.000
470.180	18617.000
470.370	18519.000
470.560	18423.000
470.749	18441.000
470.939	18650.000
471.129	18824.000
471.318	19000.000
471.508	19113.000
471.698	19408.000
471.888	19563.000
472.077	19645.000
472.267	19856.000
472.457	19914.000
472.647	19796.000
472.836	19729.000
473.026	19509.000
473.216	19448.000
473.405	19656.000
473.595	19550.000
473.785	19767.000
473.975	19896.000
474.164	19976.000
474.354	20039.000
474.544	19982.000
474.734	20121.000
474.923	20070.000
475.113	20069.000
475.303	19931.000
475.492	19912.000
475.682	20043.000
475.872	19963.000
476.062	19854.000
476.251	19802.000
476.441	19762.000
476.631	19843.000
476.821	19812.000
477.010	20017.000
477.200	20077.000
477.390	20173.000
477.579	20409.000
477.769	20433.000
477.959	20453.000
478.149	20422.000
478.338	20399.000
478.528	20298.000
478.718	20267.000
478.907	20293.000
479.097	20393.000
479.287	20526.000
479.477	20590.000
479.666	20539.000
479.856	20507.000
480.046	20441.000
480.236	20505.000
480.425	20531.000
480.615	20614.000
480.805	20583.000
480.994	20612.000
481.184	20522.000
481.374	20511.000
481.564	20616.000
481.753	20628.000
481.943	20633.000
482.133	20686.000
482.323	20571.000
482.512	20408.000
482.702	20298.000
482.892	20235.000
483.081	20189.000
483.271	20238.000
483.461	20120.000
483.651	19998.000
483.840	20018.000
484.030	20025.000
484.220	19708.000
484.409	19644.000
484.599	19840.000
484.789	19798.000
484.979	19432.000
485.168	19187.000
485.358	18910.000
485.548	18485.000
485.738	17937.000
485.927	17498.000
486.117	17134.000
486.307	16888.000
486.496	16876.000
486.686	16936.000
486.876	17063.000
487.066	17481.000
487.255	17602.000
487.445	17856.000
487.635	18018.000
487.825	18230.000
488.014	18476.000
488.204	18681.000
488.394	18595.000
488.583	18575.000
488.773	18690.000
488.963	18872.000
489.153	18851.000
489.342	19094.000
489.532	19282.000
489.722	19491.000
489.912	19660.000
490.101	19566.000
490.291	19587.000
490.481	19669.000
490.670	19577.000
490.860	19608.000
491.050	19530.000
491.240	19579.000
491.429	19380.000
491.619	19162.000
491.809	19160.000
491.998	18986.000
492.188	19008.000
492.378	18977.000
492.568	18949.000
492.757	19228.000
492.947	19354.000
493.137	19310.000
493.327	19354.000
493.516	19371.000
493.706	19434.000
493.896	19378.000
494.085	19469.000
494.275	19561.000
494.465	19681.000
494.655	20038.000
494.844	20072.000
495.034	20086.000
495.224	19866.000
495.414	19853.000
495.603	19769.000
495.793	19917.000
495.983	19915.000
496.172	19961.000
496.362	20090.000
496.552	20251.000
496.742	20206.000
496.931	20263.000
497.121	20220.000
497.311	20268.000
497.500	20143.000
497.690	19924.000
497.880	19782.000
498.070	19733.000
498.259	19584.000
498.449	19565.000
498.639	19689.000
498.829	19765.000
499.018	19933.000
499.208	19923.000
499.398	19887.000
499.587	19878.000
499.777	19767.000
499.967	19785.000
500.157	19573.000
500.346	19495.000
500.536	19478.000
500.726	19293.000
500.916	19211.000
501.105	19111.000
501.295	18829.000
501.485	18705.000
501.674	18966.000
501.864	18974.000
502.054	18906.000
502.244	18963.000
502.433	19091.000
502.623	19240.000
502.813	19358.000
503.003	19579.000
503.192	19313.000
503.382	19232.000
503.572	19282.000
503.761	19197.000
503.951	19227.000
504.141	19290.000
504.331	19137.000
504.520	19205.000
504.710	19323.000
504.900	19489.000
505.089	19553.000
505.279	19499.000
505.469	19724.000
505.659	19863.000
505.848	19731.000
506.038	19967.000
506.228	19955.000
506.418	19860.000
506.607	19875.000
506.797	19790.000
506.987	19613.000
507.176	19636.000
507.366	19392.000
507.556	19180.000
507.746	19132.000
507.935	19194.000
508.125	19188.000
508.315	19172.000
508.505	19167.000
508.694	19482.000
508.884	19357.000
509.074	19300.000
509.263	19373.000
509.453	19413.000
509.643	19245.000
509.833	19214.000
510.022	19193.000
510.212	19144.000
510.402	19081.000
510.592	19097.000
510.781	19080.000
510.971	19346.000
511.161	19335.000
511.350	19310.000
511.540	19274.000
511.730	19179.000
511.920	19101.000
512.109	19083.000
512.299	18869.000
512.489	18766.000
512.678	18735.000
512.868	18568.000
513.058	18557.000
513.248	18489.000
513.437	18508.000
513.627	18517.000
513.817	18320.000
514.007	17939.000
514.196	17942.000
514.386	18005.000
514.576	17970.000
514.765	18036.000
514.955	18099.000
515.145	17975.000
515.335	18110.000
515.524	18135.000
515.714	17991.000
515.904	17844.000
516.094	17592.000
516.283	17378.000
516.473	16969.000
516.663	16585.000
516.852	16269.000
517.042	16195.000
517.232	16216.000
517.422	16244.000
517.611	16358.000
517.801	16288.000
517.991	16430.000
518.180	16475.000
518.370	16214.000
518.560	16350.000
518.750	16478.000
518.939	16531.000
519.129	16772.000
519.319	17050.000
519.509	17164.000
519.698	17353.000
519.888	17344.000
520.078	17303.000
520.267	17460.000
520.457	17677.000
520.647	17688.000
520.837	17654.000
521.026	17813.000
521.216	17745.000
521.406	17763.000
521.596	17684.000
521.785	17902.000
521.975	17845.000
522.165	17820.000
522.354	17555.000
522.544	17612.000
522.734	17654.000
522.924	17629.000
523.113	17638.000
523.303	17667.000
523.493	17898.000
523.683	18039.000
523.872	18128.000
524.062	18229.000
524.252	18292.000
524.441	18318.000
524.631	18249.000
524.821	18189.000
525.011	18365.000
525.200	18276.000
525.390	18297.000
525.580	18207.000
525.769	18013.000
525.959	17673.000
526.149	17462.000
526.339	17137.000
526.528	17002.000
526.718	16991.000
526.908	16917.000
527.098	16842.000
527.287	16942.000
527.477	17074.000
527.667	17238.000
527.856	17506.000
528.046	17683.000
528.236	17658.000
528.426	17885.000
528.615	18324.000
528.805	18341.000
528.995	18386.000
529.185	18524.000
529.374	18258.000
529.564	18263.000
529.754	18257.000
529.943	18348.000
530.133	18395.000
530.323	18152.000
530.513	18371.000
530.702	18376.000
530.892	18445.000
531.082	18312.000
531.271	18179.000
531.461	17890.000
531.651	17807.000
531.841	17661.000
532.030	17653.000
532.220	17390.000
532.410	17137.000
532.600	17113.000
532.789	16827.000
532.979	16711.000
533.169	16881.000
533.358	17142.000
533.548	17075.000
533.738	16977.000
533.928	16859.000
534.117	16886.000
534.307	16953.000
534.497	16963.000
534.687	17183.000
534.876	17158.000
535.066	17201.000
535.256	17172.000
535.445	17270.000
535.635	17161.000
535.825	17002.000
536.015	16939.000
536.204	16747.000
536.394	16528.000
536.584	16770.000
536.773	16707.000
536.963	16499.000
537.153	16575.000
537.343	16633.000
537.532	16562.000
537.722	16705.000
537.912	16672.000
538.102	16553.000
538.291	16519.000
538.481	16434.000
538.671	16283.000
538.860	16232.000
539.050	16255.000
539.240	15969.000
539.430	15843.000
539.619	15784.000
539.809	15609.000
539.999	15603.000
540.189	15629.000
540.378	15534.000
540.568	15682.000
540.758	15728.000
540.947	15929.000
541.137	15972.000
541.327	15975.000
541.517	15910.000
541.706	15958.000
541.896	15782.000
542.086	15810.000
542.276	15924.000
542.465	15773.000
542.655	15603.000
542.845	15691.000
543.034	15823.000
543.224	15805.000
543.414	15849.000
543.604	15981.000
543.793	15923.000
543.983	15925.000
544.173	15844.000
544.362	15802.000
544.552	15795.000
544.742	15813.000
544.932	16004.000
545.121	15900.000
545.311	15644.000
545.501	15723.000
545.691	15710.000
545.880	15698.000
546.070	15804.000
546.264	15767.000
546.459	15659.000
546.653	15547.000
546.847	15439.000
547.041	15502.000
547.236	15470.000
547.430	15421.000
547.624	15438.000
547.818	15619.000
548.013	15566.000
548.207	15491.000
548.401	15503.000
548.596	15483.000
548.790	15584.000
548.984	15477.000
549.178	15442.000
549.373	15462.000
549.567	15413.000
549.761	15558.000
549.956	15523.000
550.150	15341.000
550.344	15398.000
550.538	15403.000
550.733	15333.000
550.927	15363.000
551.121	15426.000
551.315	15336.000
551.510	15338.000
551.704	15415.000
551.898	15467.000
552.093	15367.000
552.287	15350.000
552.481	15235.000
552.675	15131.000
552.870	15106.000
553.064	15144.000
553.258	15284.000
553.453	15278.000
553.647	15164.000
553.841	15146.000
554.035	15271.000
554.230	15293.000
554.424	15282.000
554.618	15471.000
554.812	15463.000
555.007	15337.000
555.201	15286.000
555.395	15153.000
555.590	15209.000
555.784	15203.000
555.978	15118.000
556.172	14993.000
556.367	14915.000
556.561	14909.000
556.755	14770.000
556.949	14681.000
557.144	14801.000
557.338	14848.000
557.532	14841.000
557.727	14788.000
557.921	14735.000
558.115	14628.000
558.309	14404.000
558.504	14349.000
558.698	14432.000
558.892	14423.000
559.087	14516.000
559.281	14460.000
559.475	14398.000
559.669	14303.000
559.864	14501.000
560.058	14687.000
560.252	14736.000
560.446	14673.000
560.641	14671.000
560.835	14792.000
561.029	14664.000
561.224	14617.000
561.418	14747.000
561.612	14805.000
561.806	14785.000
562.001	14738.000
562.195	14583.000
562.389	14561.000
562.584	14749.000
562.778	14717.000
562.972	14725.000
563.166	14829.000
563.361	14789.000
563.555	14833.000
563.749	14733.000
563.943	14761.000
564.138	14697.000
564.332	14548.000
564.526	14619.000
564.721	14541.000
564.915	14452.000
565.109	14393.000
565.303	14347.000
565.498	14380.000
565.692	14290.000
565.886	14284.000
566.081	14286.000
566.275	14376.000
566.469	14349.000
566.663	14466.000
566.858	14454.000
567.052	14409.000
567.246	14371.000
567.440	14351.000
567.635	14245.000
567.829	14259.000
568.023	14209.000
568.218	14298.000
568.412	14164.000
568.606	14089.000
568.800	14158.000
568.995	14049.000
569.189	14072.000
569.383	14173.000
569.577	14070.000
569.772	13856.000
569.966	13774.000
570.160	13833.000
570.355	13651.000
570.549	13666.000
570.743	13623.000
570.937	13694.000
571.132	13776.000
571.326	13677.000
571.520	13870.000
571.715	13935.000
571.909	13890.000
572.103	13937.000
572.297	13822.000
572.492	13849.000
572.686	13890.000
572.880	13957.000
573.074	14098.000
573.269	13918.000
573.463	13823.000
573.657	13871.000
573.852	13723.000
574.046	13732.000
574.240	13750.000
574.434	13727.000
574.629	13519.000
574.823	13492.000
575.017	13629.000
575.212	13602.000
575.406	13511.000
575.600	13428.000
575.794	13440.000
575.989	13343.000
576.183	13471.000
576.377	13445.000
576.571	13506.000
576.766	13475.000
576.960	13384.000
577.159	13334.000
577.357	13190.000
577.556	13031.000
577.755	13079.000
577.953	13104.000
578.152	13127.000
578.350	13199.000
578.549	13069.000
578.748	13037.000
578.946	12940.000
579.145	12988.000
579.344	12958.000
579.542	13061.000
579.741	13193.000
579.940	13187.000
580.138	13186.000
580.337	13173.000
580.535	13323.000
580.734	13385.000
580.933	13430.000
581.131	13456.000
581.330	13590.000
581.529	13820.000
581.727	13796.000
581.926	13841.000
582.125	13779.000
582.323	13872.000
582.522	14151.000
582.721	14267.000
582.919	14127.000
583.118	14067.000
583.316	14214.000
583.515	14161.000
583.714	14136.000
583.912	14237.000
584.111	14089.000
584.310	14111.000
584.508	14235.000
584.707	14245.000
584.906	14143.000
585.104	14159.000
585.303	14266.000
585.501	14117.000
585.700	14060.000
585.899	14228.000
586.097	14312.000
586.296	14231.000
586.495	14087.000
586.693	14023.000
586.892	14135.000
587.091	14169.000
587.289	14194.000
587.488	13969.000
587.686	13810.000
587.885	13757.000
588.084	13504.000
588.282	13045.000
588.481	12850.000
588.680	12722.000
588.878	12644.000
589.077	12629.000
589.276	12655.000
589.474	12606.000
589.673	12738.000
589.871	12899.000
590.070	12992.000
590.269	12961.000
590.467	12945.000
590.666	13111.000
590.865	13048.000
591.063	13037.000
591.262	13091.000
591.461	13190.000
591.659	13288.000
591.858	13233.000
592.056	13227.000
592.255	13287.000
592.454	13359.000
592.652	13365.000
592.851	13307.000
593.050	13239.000
593.248	13232.000
593.447	13180.000
593.646	13209.000
593.844	13290.000
594.043	13132.000
594.241	13110.000
594.440	13044.000
594.639	13024.000
594.837	13109.000
595.036	13073.000
595.235	13166.000
595.433	13272.000
595.632	13369.000
595.831	13287.000
596.029	13184.000
596.228	13285.000
596.427	13258.000
596.625	13268.000
596.824	13250.000
597.022	13354.000
597.221	13286.000
597.420	13246.000
597.618	13221.000
597.817	13234.000
598.016	13233.000
598.214	13193.000
598.413	13274.000
598.612	13310.000
598.810	13182.000
599.009	13257.000
599.207	13370.000
599.406	13286.000
599.605	13313.000
599.803	13262.000
600.002	13160.000
600.201	13217.000
600.399	13148.000
600.598	13058.000
600.797	13221.000
600.995	13202.000
601.194	13111.000
601.392	13124.000
601.591	12991.000
601.790	13101.000
601.988	13081.000
602.187	13023.000
602.386	13089.000
602.584	13149.000
602.783	13085.000
602.982	13099.000
603.180	13245.000
603.379	13200.000
603.577	13239.000
603.776	13317.000
603.975	13327.000
604.173	13301.000
604.372	13264.000
604.571	13347.000
604.769	13263.000
604.968	13417.000
605.167	13434.000
605.365	13403.000
605.564	13262.000
605.762	13297.000
605.961	13274.000
606.160	13274.000
606.358	13227.000
606.557	13220.000
606.756	13304.000
606.954	13357.000
607.153	13293.000
607.352	13155.000
607.550	13177.000
607.749	13311.000
607.948	13299.000
608.146	13165.000
608.345	13184.000
608.543	13147.000
608.742	12948.000
608.941	13028.000
609.139	13026.000
609.338	13076.000
609.537	13041.000
609.735	13122.000
609.934	12942.000
610.133	12865.000
610.331	12888.000
610.530	12838.000
610.728	13014.000
610.927	13015.000
611.126	12921.000
611.324	13079.000
611.523	13008.000
611.722	12984.000
611.920	12965.000
612.119	12961.000
612.318	13010.000
612.516	12906.000
612.715	12894.000
612.913	12882.000
613.112	12806.000
613.311	12819.000
613.509	12768.000
613.708	12654.000
613.907	12731.000
614.105	12770.000
614.304	12698.000
614.503	12783.000
614.701	12867.000
614.900	12786.000
615.098	12761.000
615.297	12613.000
615.496	12493.000
615.694	12476.000
615.893	12446.000
616.092	12427.000
616.290	12460.000
616.489	12520.000
616.688	12480.000
616.886	12393.000
617.085	12454.000
617.283	12401.000
617.482	12390.000
617.681	12455.000
617.879	12494.000
618.078	12616.000
618.277	12598.000
618.475	12534.000
618.674	12609.000
618.873	12603.000
619.071	12571.000
619.270	12565.000
619.468	12600.000
619.667	12526.000
619.866	12649.000
620.064	12676.000
620.263	12668.000
620.462	12686.000
620.660	12783.000
620.859	12653.000
621.058	12342.000
621.256	12333.000
621.455	12379.000
621.654	12324.000
621.852	12406.000
622.051	12343.000
622.249	12352.000
622.448	12397.000
622.647	12337.000
622.845	12198.000
623.044	12300.000
623.243	12177.000
623.441	12280.000
623.640	12198.000
623.839	12150.000
624.037	12148.000
624.236	12216.000
624.434	12075.000
624.633	11974.000
624.832	11963.000
625.030	12053.000
625.229	12097.000
625.428	12059.000
625.626	11900.000
625.825	11957.000
626.024	11876.000
626.222	11912.000
626.421	12014.000
626.619	11976.000
626.818	12087.000
627.017	12008.000
627.215	11930.000
627.414	11868.000
627.613	11774.000
627.811	11818.000
628.010	11761.000
628.209	11776.000
628.407	11895.000
628.606	11843.000
628.804	11801.000
629.003	11771.000
629.202	11706.000
629.400	11772.000
629.599	11601.000
629.798	11559.000
629.996	11585.000
630.195	11755.000
630.394	11739.000
630.592	11621.000
630.791	11586.000
630.990	11625.000
631.188	11599.000
631.387	11601.000
631.585	11559.000
631.784	11409.000
631.983	11534.000
632.181	11729.000
632.380	11635.000
632.579	11690.000
632.777	11667.000
632.976	11668.000
633.175	11749.000
633.373	11611.000
633.572	11564.000
633.770	11537.000
633.969	11522.000
634.168	11694.000
634.366	11717.000
634.565	11667.000
634.764	11627.000
634.962	11649.000
635.161	11680.000
635.360	11732.000
635.558	11705.000
635.757	11643.000
635.955	11648.000
636.154	11708.000
636.353	11730.000
636.551	11711.000
636.750	11754.000
636.949	11791.000
637.147	11723.000
637.346	11753.000
637.545	11813.000
637.743	11810.000
637.942	11739.000
638.140	11740.000
638.339	11867.000
638.538	11826.000
638.736	11812.000
638.935	11757.000
639.134	11644.000
639.332	11774.000
639.531	11763.000
639.730	11700.000
639.928	11607.000
640.127	11459.000
640.325	11418.000
640.524	11524.000
640.723	11586.000
640.921	11580.000
641.120	11574.000
641.319	11611.000
641.517	11514.000
641.716	11574.000
641.915	11604.000
642.113	11589.000
642.312	11501.000
642.510	11613.000
642.709	11673.000
642.908	11622.000
643.106	11570.000
643.305	11682.000
643.504	11668.000
643.702	11678.000
643.901	11707.000
644.100	11659.000
644.298	11601.000
644.497	11693.000
644.696	11751.000
644.894	11664.000
645.093	11623.000
645.291	11507.000
645.490	11468.000
645.689	11493.000
645.887	11576.000
646.086	11526.000
646.285	11507.000
646.483	11541.000
646.682	11423.000
646.881	11335.000
647.079	11356.000
647.278	11245.000
647.476	11325.000
647.675	11231.000
647.874	11146.000
648.072	11266.000
648.271	11292.000
648.470	11058.000
648.668	11131.000
648.867	11187.000
649.066	11274.000
649.264	11231.000
649.463	11142.000
649.661	11138.000
649.860	11120.000
650.059	11156.000
650.257	11173.000
650.456	11270.000
650.655	11261.000
650.853	11198.000
651.052	11229.000
651.251	11126.000
651.449	11162.000
651.648	11197.000
651.846	11241.000
652.045	11350.000
652.244	11460.000
652.442	11576.000
652.641	11550.000
652.840	11494.000
653.038	11466.000
653.237	11438.000
653.436	11337.000
653.634	11392.000
653.833	11437.000
654.032	11370.000
654.230	11310.000
654.429	11202.000
654.627	11275.000
654.826	11263.000
655.025	11115.000
655.223	11039.000
655.422	10720.000
655.621	10446.000
655.819	10201.000
656.018	10049.000
656.217	10068.000
656.415	10275.000
656.614	10361.000
656.812	10289.000
657.011	10434.000
657.210	10528.000
657.408	10662.000
657.607	10755.000
657.806	10906.000
658.004	11037.000
658.203	11150.000
658.402	11068.000
658.600	11139.000
658.799	11132.000
658.997	11099.000
659.196	11248.000
659.395	11382.000
659.593	11480.000
659.792	11534.000
659.991	11565.000
660.189	11582.000
660.388	11534.000
660.587	11524.000
660.785	11622.000
660.984	11608.000
661.182	11618.000
661.381	11723.000
661.580	11649.000
661.778	11537.000
661.977	11735.000
662.176	11814.000
662.374	11704.000
662.573	11623.000
662.772	11637.000
662.970	11605.000
663.169	11498.000
663.367	11510.000
663.566	11583.000
663.765	11547.000
663.963	11467.000
664.162	11467.000
664.361	11536.000
664.559	11514.000
664.758	11559.000
664.957	11564.000
665.155	11605.000
665.354	11574.000
665.552	11568.000
665.751	11525.000
665.950	11510.000
666.148	11474.000
666.347	11569.000
666.546	11607.000
666.744	11489.000
666.943	11479.000
667.142	11409.000
667.340	11367.000
667.539	11486.000
667.738	11411.000
667.936	11441.000
668.135	11500.000
668.333	11501.000
668.532	11437.000
668.731	11428.000
668.929	11493.000
669.128	11587.000
669.327	11481.000
669.525	11391.000
669.724	11363.000
669.923	11288.000
670.121	11253.000
670.320	11231.000
670.518	11347.000
670.717	11311.000
670.916	11146.000
671.114	11084.000
671.313	11136.000
671.512	11132.000
671.710	11187.000
671.909	11239.000
672.108	11201.000
672.306	11139.000
672.505	11134.000
672.703	11111.000
672.902	11167.000
673.101	11171.000
673.299	11082.000
673.498	11042.000
673.697	11155.000
673.895	11170.000
674.094	11028.000
674.293	11037.000
674.491	11102.000
674.690	11111.000
674.888	11214.000
675.087	11241.000
675.286	11053.000
675.484	10920.000
675.683	10971.000
675.882	10973.000
676.080	11056.000
676.279	11036.000
676.478	11063.000
676.676	10999.000
676.875	11026.000
677.073	10860.000
677.272	10940.000
677.471	10994.000
677.669	10942.000
677.868	10930.000
678.067	10945.000
678.265	10908.000
678.464	10903.000
678.663	10874.000
678.861	10790.000
679.060	10877.000
679.259	10848.000
679.457	10792.000
679.656	10791.000
679.854	10791.000
680.053	10642.000
680.252	10764.000
680.450	10752.000
680.649	10636.000
680.848	10667.000
681.046	10605.000
681.245	10622.000
681.444	10606.000
681.642	10620.000
681.841	10716.000
682.039	10663.000
682.238	10696.000
682.437	10718.000
682.635	10681.000
682.834	10711.000
683.033	10681.000
683.231	10563.000
683.430	10469.000
683.629	10275.000
683.827	10297.000
684.026	10467.000
684.224	10547.000
684.423	10489.000
684.622	10317.000
684.820	10443.000
685.019	10438.000
685.218	10418.000
685.416	10294.000
685.615	9963.000
685.814	9738.000
686.012	9483.000
686.211	9203.000
686.409	8849.000
686.608	8559.000
686.807	8473.000
687.005	8566.000
687.204	8684.000
687.403	8675.000
687.601	8707.000
687.800	8691.000
687.999	8609.000
688.197	8665.000
688.396	8649.000
688.594	8586.000
688.793	8574.000
688.992	8595.000
689.190	8663.000
689.389	8838.000
689.588	8900.000
689.786	8907.000
689.985	8977.000
690.184	9067.000
690.382	9150.000
690.581	9130.000
690.779	9176.000
690.978	9171.000
691.177	9240.000
691.375	9261.000
691.574	9264.000
691.773	9333.000
691.971	9250.000
692.170	9178.000
692.369	9318.000
692.567	9236.000
692.766	9230.000
692.965	9182.000
693.163	9252.000
693.362	9187.000
693.560	9036.000
693.759	9190.000
693.958	9179.000
694.156	9238.000
694.355	9175.000
694.554	9214.000
694.752	9249.000
694.951	9224.000
695.150	9147.000
695.348	9231.000
695.547	9358.000
695.745	9397.000
695.944	9372.000
696.143	9451.000
696.341	9516.000
696.540	9404.000
696.743	9501.000
696.946	9456.000
697.149	9487.000
697.352	9535.000
697.555	9520.000
697.757	9484.000
697.960	9467.000
698.163	9381.000
698.366	9385.000
698.569	9337.000
698.772	9342.000
698.975	9343.000
699.178	9245.000
699.381	9236.000
699.584	9261.000
699.787	9314.000
699.989	9254.000
700.192	9209.000
700.395	9064.000
700.598	9178.000
700.801	9272.000
701.004	9085.000
701.207	8947.000
701.410	9029.000
701.613	9032.000
701.816	9063.000
702.019	9137.000
702.221	9051.000
702.424	9139.000
702.627	9142.000
702.830	9061.000
703.033	9190.000
703.236	9337.000
703.439	9247.000
703.642	9172.000
703.845	9266.000
704.048	9361.000
704.251	9148.000
704.453	9204.000
704.656	9341.000
704.859	9295.000
705.062	9275.000
705.265	9247.000
705.468	9253.000
705.671	9382.000
705.874	9335.000
706.077	9202.000
706.280	9314.000
706.483	9213.000
706.685	9267.000
706.888	9350.000
707.091	9324.000
707.294	9325.000
707.497	9367.000
707.700	9249.000
707.903	9284.000
708.106	9313.000
708.309	9267.000
708.512	9180.000
708.715	9226.000
708.917	9261.000
709.120	9272.000
709.323	9240.000
709.526	9211.000
709.729	9223.000
709.932	9208.000
710.135	9224.000
710.338	9116.000
710.541	9148.000
710.744	9214.000
710.947	9189.000
711.149	9158.000
711.352	9177.000
711.555	9109.000
711.758	9229.000
711.961	9163.000
712.164	8981.000
712.367	8991.000
712.570	9128.000
712.773	9117.000
712.976	9161.000
713.179	9137.000
713.381	9113.000
713.584	9220.000
713.787	9074.000
713.990	8940.000
714.193	8838.000
714.396	8831.000
714.599	8925.000
714.802	8895.000
715.005	8643.000
715.208	8566.000
715.411	8553.000
715.613	8446.000
715.816	8318.000
716.019	8169.000
716.222	7844.000
716.425	7849.000
716.628	7692.000
716.831	7592.000
717.034	7379.000
717.237	7181.000
717.440	7227.000
717.643	7147.000
717.845	6855.000
718.048	6743.000
718.251	6662.000
718.454	6673.000
718.657	6635.000
718.860	6572.000
719.063	6516.000
719.266	6459.000
719.469	6377.000
719.672	6425.000
719.875	6580.000
720.077	6700.000
720.280	6803.000
720.483	6934.000
720.686	7034.000
720.889	7088.000
721.092	7162.000
721.295	7299.000
721.498	7413.000
721.701	7378.000
721.904	7315.000
722.107	7252.000
722.309	7221.000
722.512	7270.000
722.715	7165.000
722.918	7046.000
723.121	7105.000
723.324	7094.000
723.527	7031.000
723.730	6984.000
723.933	6959.000
724.136	6971.000
724.339	6822.000
724.541	6773.000
724.744	6775.000
724.947	6721.000
725.150	6714.000
725.353	6690.000
725.556	6751.000
725.759	6775.000
725.962	6776.000
726.165	6766.000
726.368	6765.000
726.571	6731.000
726.773	6680.000
726.976	6638.000
727.179	6642.000
727.382	6555.000
727.585	6674.000
727.788	6768.000
727.991	6732.000
728.194	6676.000
728.397	6564.000
728.600	6477.000
728.803	6550.000
729.005	6630.000
729.208	6646.000
729.411	6664.000
729.614	6720.000
729.817	6639.000
730.020	6681.000
730.223	6655.000
730.426	6673.000
730.629	6688.000
730.832	6697.000
731.035	6734.000
731.237	6755.000
731.440	6846.000
731.643	6895.000
731.846	6895.000
732.049	6944.000
732.252	7041.000
732.455	7116.000
732.658	7103.000
732.861	7211.000
733.064	7272.000
733.267	7334.000
733.469	7285.000
733.672	7317.000
733.875	7294.000
734.078	7278.000
734.281	7309.000
734.484	7310.000
734.687	7352.000
734.890	7269.000
735.093	7149.000
735.296	7325.000
735.499	7435.000
735.701	7337.000
735.904	7202.000
736.107	7335.000
736.310	7290.000
736.513	7194.000
736.716	7133.000
736.919	7195.000
737.122	7305.000
737.325	7309.000
737.528	7196.000
737.731	7158.000
737.933	7109.000
738.136	7094.000
738.339	7101.000
738.542	7072.000
738.745	7145.000
738.948	7228.000
739.151	7093.000
739.354	7136.000
739.557	7022.000
739.760	6993.000
739.963	7163.000
740.165	7148.000
740.368	7043.000
740.571	7015.000
740.774	6976.000
740.977	7068.000
741.180	7127.000
741.383	7094.000
741.586	7105.000
741.789	7043.000
741.992	7012.000
742.195	7010.000
742.397	7045.000
742.600	7085.000
742.803	7119.000
743.006	7113.000
743.209	7098.000
743.412	7094.000
743.615	7024.000
743.818	7024.000
744.021	7069.000
744.224	7110.000
744.427	7120.000
744.629	7023.000
744.832	7023.000
745.035	6973.000
745.238	6906.000
745.441	6957.000
745.644	7006.000
745.847	7075.000
746.050	7093.000
746.253	6991.000
746.456	6925.000
746.659	6909.000
746.861	6863.000
747.064	6785.000
747.267	6925.000
747.470	6870.000
747.673	6747.000
747.876	6726.000
748.079	6705.000
748.282	6762.000
748.485	6805.000
748.688	6787.000
748.891	6728.000
749.093	6714.000
749.296	6791.000
749.499	6735.000
749.702	6747.000
749.905	6736.000
750.108	6679.000
750.311	6711.000
750.514	6657.000
750.717	6600.000
750.920	6646.000
751.123	6668.000
751.325	6626.000
751.528	6575.000
751.731	6597.000
751.934	6537.000
752.137	6500.000
752.340	6535.000
752.543	6529.000
752.746	6553.000
752.949	6532.000
753.152	6515.000
753.355	6512.000
753.557	6423.000
753.760	6428.000
753.963	6489.000
754.166	6519.000
754.369	6466.000
754.572	6472.000
754.775	6451.000
754.978	6481.000
755.181	6466.000
755.384	6486.000
755.587	6408.000
755.789	6325.000
755.992	6215.000
756.195	6277.000
756.398	6343.000
756.601	6328.000
756.804	6293.000
757.007	6232.000
757.210	6241.000
757.413	6233.000
757.616	6215.000
757.819	6042.000
758.021	5878.000
758.224	5475.000
758.427	5147.000
758.630	4822.000
758.833	4439.000
759.036	4016.000
759.239	3639.000
759.442	3382.000
759.645	3123.000
759.848	2892.000
760.051	2828.000
760.253	2869.000
760.456	2929.000
760.659	2909.000
760.862	2894.000
761.065	2875.000
761.268	2840.000
761.471	2803.000
761.674	2750.000
761.877	2681.000
762.080	2631.000
762.283	2658.000
762.485	2710.000
762.688	2790.000
762.891	2891.000
763.094	2967.000
763.297	3020.000
763.500	3119.000
763.706	3221.000
763.912	3275.000
764.118	3396.000
764.325	3506.000
764.531	3572.000
764.737	3593.000
764.943	3774.000
765.149	3981.000
765.355	3961.000
765.561	4051.000
765.768	4263.000
765.974	4419.000
766.180	4556.000
766.386	4704.000
766.592	4657.000
766.798	4704.000
767.004	4893.000
767.210	5001.000
767.417	5035.000
767.623	5043.000
767.829	5170.000
768.035	5180.000
768.241	5214.000
768.447	5249.000
768.653	5222.000
768.860	5299.000
769.066	5341.000
769.272	5408.000
769.478	5414.000
769.684	5425.000
769.890	5484.000
770.096	5377.000
770.303	5377.000
770.509	5434.000
770.715	5431.000
770.921	5397.000
771.127	5378.000
771.333	5480.000
771.539	5521.000
771.745	5423.000
771.952	5464.000
772.158	5530.000
772.364	5443.000
772.570	5386.000
772.776	5439.000
772.982	5454.000
773.188	5439.000
773.395	5416.000
773.601	5368.000
773.807	5425.000
774.013	5428.000
774.219	5281.000
774.425	5258.000
774.631	5347.000
774.838	5350.000
775.044	5338.000
775.250	5391.000
775.456	5327.000
775.662	5286.000
775.868	5230.000
776.074	5258.000
776.281	5211.000
776.487	5175.000
776.693	5215.000
776.899	5207.000
777.105	5191.000
777.311	5290.000
777.517	5277.000
777.723	5150.000
777.930	5118.000
778.136	5153.000
778.342	5186.000
778.548	5182.000
778.754	5177.000
778.960	5166.000
779.166	5201.000
779.373	5158.000
779.579	5041.000
779.785	5003.000
779.991	5007.000
780.197	4987.000
780.403	4966.000
780.609	5072.000
780.816	5114.000
781.022	5022.000
781.228	5014.000
781.434	4991.000
781.640	5083.000
781.846	5009.000
782.052	4965.000
782.259	5023.000
782.465	5007.000
782.671	4833.000
782.877	4901.000
783.083	5006.000
783.289	4949.000
783.495	4896.000
783.701	4859.000
783.908	4889.000
784.114	4941.000
784.320	4876.000
784.526	4892.000
784.732	4933.000
784.938	4956.000
785.144	4834.000
785.351	4772.000
785.557	4749.000
785.763	4771.000
785.969	4710.000
786.175	4636.000
786.381	4667.000
786.587	4639.000
786.794	4667.000
787.000	4680.000
787.206	4625.000
787.412	4606.000
787.618	4676.000
787.824	4538.000
788.030	4469.000
788.236	4512.000
788.443	4586.000
788.649	4528.000
788.855	4500.000
789.061	4432.000
789.267	4397.000
789.473	4388.000
789.679	4316.000
789.886	4349.000
790.092	4412.000
790.298	4355.000
790.504	4362.000
790.710	4267.000
790.916	4265.000
791.122	4224.000
791.329	4242.000
791.535	4224.000
791.741	4275.000
791.947	4323.000
792.153	4269.000
792.359	4285.000
792.565	4262.000
792.771	4156.000
792.978	4195.000
793.184	4200.000
793.390	4138.000
793.596	4169.000
793.802	4134.000
794.008	4171.000
794.214	4128.000
794.421	4164.000
794.627	4120.000
794.833	4066.000
795.039	4063.000
795.245	4002.000
795.451	3878.000
795.657	3936.000
795.864	4096.000
796.070	3987.000
796.276	3993.000
796.482	4087.000
796.688	4072.000
796.894	4071.000
797.100	4033.000
797.307	4042.000
797.513	4079.000
797.719	4120.000
797.925	4037.000
798.131	3977.000
798.337	3966.000
798.543	4011.000
798.749	3884.000
798.956	3863.000
799.162	3935.000
799.368	3907.000
799.574	3927.000
799.780	3872.000
799.986	3879.000
800.192	3878.000
800.399	3858.000
800.605	3870.000
800.811	3842.000
801.017	3849.000
801.223	3877.000
801.429	3803.000
801.635	3806.000
801.842	3750.000
802.048	3759.000
802.254	3785.000
802.460	3757.000
802.666	3771.000
802.872	3711.000
803.078	3705.000
803.285	3745.000
803.491	3713.000
803.697	3658.000
803.903	3615.000
804.109	3630.000
804.315	3637.000
804.521	3655.000
804.727	3771.000
804.934	3701.000
805.140	3595.000
805.346	3651.000
805.552	3691.000
805.758	3627.000
805.964	3630.000
806.170	3614.000
806.377	3626.000
806.583	3614.000
806.789	3610.000
806.995	3624.000
807.201	3580.000
807.407	3583.000
807.613	3597.000
807.820	3558.000
808.026	3515.000
808.232	3488.000
808.438	3510.000
808.644	3502.000
808.850	3461.000
809.056	3438.000
809.262	3477.000
809.469	3428.000
809.675	3489.000
809.881	3400.000
810.087	3418.000
810.293	3394.000
810.499	3394.000
810.705	3363.000
810.912	3337.000
811.118	3305.000
811.324	3287.000
811.530	3268.000
811.739	3177.000
811.947	3129.000
812.156	3065.000
812.365	3051.000
812.573	3077.000
812.782	3064.000
812.990	2985.000
813.199	2946.000
813.408	2861.000
813.616	2839.000
813.825	2830.000
814.034	2797.000
814.242	2743.000
814.451	2722.000
814.659	2717.000
814.868	2669.000
815.077	2584.000
815.285	2612.000
815.494	2661.000
815.703	2614.000
815.911	2567.000
816.120	2516.000
816.329	2495.000
816.537	2548.000
816.746	2502.000
816.954	2473.000
817.163	2468.000
817.372	2453.000
817.580	2448.000
817.789	2417.000
817.998	2409.000
818.206	2461.000
818.415	2496.000
818.624	2463.000
818.832	2438.000
819.041	2498.000
819.249	2539.000
819.458	2553.000
819.667	2575.000
819.875	2614.000
820.084	2588.000
820.293	2573.000
820.501	2630.000
820.710	2673.000
820.919	2628.000
821.127	2629.000
821.336	2530.000
821.544	2451.000
821.753	2389.000
821.962	2303.000
822.170	2337.000
822.379	2301.000
822.588	2296.000
822.796	2399.000
823.005	2437.000
823.213	2396.000
823.422	2423.000
823.631	2413.000
823.839	2468.000
824.048	2551.000
824.257	2507.000
824.465	2486.000
824.674	2486.000
824.883	2501.000
825.091	2515.000
825.300	2551.000
825.508	2622.000
825.717	2659.000
825.926	2631.000
826.134	2636.000
826.343	2580.000
826.552	2526.000
826.760	2430.000
826.969	2416.000
827.178	2466.000
827.386	2491.000
827.595	2470.000
827.803	2529.000
828.012	2441.000
828.221	2350.000
828.429	2368.000
828.638	2412.000
828.847	2448.000
829.055	2413.000
829.264	2381.000
829.472	2379.000
829.681	2439.000
829.890	2414.000
830.098	2368.000
830.307	2398.000
830.516	2361.000
830.724	2388.000
830.933	2362.000
831.142	2365.000
831.350	2401.000
831.559	2418.000
831.767	2385.000
831.976	2364.000
832.185	2362.000
832.393	2290.000
832.602	2335.000
832.811	2377.000
833.019	2355.000
833.228	2320.000
833.437	2359.000
833.645	2421.000
833.854	2381.000
834.062	2371.000
834.271	2334.000
834.480	2381.000
834.688	2405.000
834.897	2389.000
835.106	2369.000
835.314	2431.000
835.523	2409.000
835.731	2367.000
835.940	2367.000
836.149	2439.000
836.357	2463.000
836.566	2390.000
836.775	2382.000
836.983	2388.000
837.192	2403.000
837.401	2391.000
837.609	2408.000
837.818	2427.000
838.026	2436.000
838.235	2512.000
838.444	2483.000
838.652	2477.000
838.861	2394.000
839.070	2425.000
839.278	2448.000
839.487	2401.000
839.696	2386.000
839.904	2380.000
840.113	2372.000
840.321	2349.000
840.530	2363.000
840.739	2373.000
840.947	2337.000
841.156	2375.000
841.365	2407.000
841.573	2390.000
841.782	2311.000
841.991	2272.000
842.199	2297.000
842.408	2343.000
842.616	2263.000
842.825	2271.000
843.034	2329.000
843.242	2366.000
843.451	2360.000
843.660	2303.000
843.868	2330.000
844.077	2307.000
844.285	2298.000
844.494	2362.000
844.703	2388.000
844.911	2326.000
845.120	2269.000
845.329	2254.000
845.537	2319.000
845.746	2291.000
845.955	2237.000
846.163	2283.000
846.372	2247.000
846.580	2227.000
846.789	2256.000
846.998	2278.000
847.206	2261.000
847.415	2255.000
847.624	2278.000
847.832	2235.000
848.041	2154.000
848.250	2187.000
848.458	2156.000
848.667	2150.000
848.875	2173.000
849.084	2068.000
849.293	2003.000
849.501	2091.000
849.710	2091.000
849.919	2075.000
850.127	2043.000
850.336	1948.000
850.544	1990.000
850.753	2058.000
850.962	2072.000
851.170	2083.000
851.379	2109.000
851.588	2064.000
851.796	2032.000
852.005	2052.000
852.214	2078.000
852.422	2008.000
852.631	1957.000
852.839	1894.000
853.048	1925.000
853.257	1900.000
853.465	1847.000
853.674	1835.000
853.883	1885.000
854.091	1844.000
854.300	1853.000
854.509	1830.000
854.717	1880.000
854.926	1883.000
855.134	1844.000
855.343	1834.000
855.552	1864.000
855.760	1891.000
855.969	1892.000
856.178	1886.000
856.386	1926.000
856.595	1930.000
856.803	1898.000
857.012	1897.000
857.221	1961.000
857.429	2001.000
857.638	1968.000
857.847	1907.000
858.055	1867.000
858.264	1853.000
858.473	1839.000
858.681	1875.000
858.890	1913.000
859.098	1941.000
859.307	1942.000
859.516	1882.000
859.724	1841.000
859.933	1803.000
860.142	1768.000
860.350	1874.000
860.559	1893.000
860.768	1812.000
860.976	1767.000
861.185	1805.000
861.393	1780.000
861.602	1808.000
861.811	1829.000
862.019	1799.000
862.228	1770.000
862.437	1823.000
862.645	1820.000
862.854	1758.000
863.062	1811.000
863.271	1850.000
863.480	1820.000
863.688	1814.000
863.897	1824.000
864.106	1725.000
864.314	1729.000
864.523	1665.000
864.732	1648.000
864.940	1638.000
865.149	1611.000
865.357	1636.000
865.566	1599.000
865.775	1527.000
865.983	1611.000
866.192	1598.000
866.401	1581.000
866.609	1579.000
866.818	1617.000
867.027	1648.000
867.235	1619.000
867.444	1559.000
867.652	1534.000
867.861	1532.000
868.070	1519.000
868.278	1531.000
868.487	1512.000
868.696	1607.000
868.904	1622.000
869.113	1569.000
869.321	1591.000
869.530	1579.000
869.739	1550.000
869.947	1535.000
870.156	1589.000
870.365	1545.000
870.573	1493.000
870.782	1526.000
870.991	1531.000
871.199	1554.000
871.408	1570.000
871.616	1559.000
871.825	1513.000
872.034	1480.000
872.242	1453.000
872.451	1488.000
872.660	1494.000
872.868	1444.000
873.077	1485.000
873.286	1505.000
873.494	1474.000
873.703	1476.000
873.911	1432.000
874.120	1393.000
874.329	1465.000
874.537	1428.000
874.746	1380.000
874.955	1442.000
875.163	1450.000
875.372	1418.000
875.581	1401.000
875.789	1403.000
875.998	1382.000
876.206	1308.000
876.415	1317.000
876.624	1342.000
876.832	1340.000
877.041	1369.000
877.250	1379.000
877.458	1404.000
877.667	1406.000
877.875	1343.000
878.084	1368.000
878.293	1346.000
878.501	1352.000
878.710	1313.000
878.919	1326.000
879.127	1349.000
879.336	1301.000
879.545	1297.000
879.753	1258.000
879.962	1243.000
880.170	1244.000
880.379	1267.000
880.588	1270.000
880.796	1268.000
881.005	1246.000
881.214	1268.000
881.422	1321.000
881.631	1276.000
881.840	1272.000
882.048	1254.000
882.257	1243.000
882.465	1273.000
882.674	1291.000
882.883	1327.000
883.091	1323.000
883.300	1270.000
883.509	1246.000
883.717	1239.000
883.926	1229.000
884.134	1237.000
884.343	1232.000
884.552	1244.000
884.760	1232.000
884.969	1251.000
885.178	1254.000
885.386	1222.000
885.595	1242.000
885.804	1181.000
886.012	1175.000
886.221	1212.000
886.429	1191.000
886.638	1215.000
886.847	1218.000
887.055	1195.000
887.264	1210.000
887.473	1195.000
887.681	1148.000
887.890	1156.000
888.099	1183.000
888.307	1135.000
888.516	1156.000
888.724	1198.000
888.933	1147.000
889.142	1097.000
889.350	1141.000
889.559	1219.000
889.768	1186.000
889.976	1140.000
890.185	1185.000
890.393	1170.000
890.602	1109.000
890.811	1041.000
891.019	1059.000
891.228	1111.000
891.437	1120.000
891.645	1127.000
891.854	1132.000
892.063	1148.000
892.271	1087.000
892.480	1039.000
892.688	1040.000
892.897	1066.000
893.106	1025.000
893.314	1007.000
893.523	1006.000
893.732	1021.000
893.940	971.000
894.149	930.000
894.358	942.000
894.566	985.000
894.775	942.000
894.983	892.000
895.192	905.000
895.401	912.000
895.609	912.000
895.818	915.000
896.027	897.000
896.235	898.000
896.444	923.000
896.652	847.000
896.861	867.000
897.070	883.000
897.278	852.000
897.487	827.000
897.696	780.000
897.904	789.000
898.113	789.000
898.322	760.000
898.530	738.000
898.739	769.000
898.947	739.000
899.156	760.000
899.365	797.000
899.573	776.000
899.782	791.000
899.991	736.000
900.199	681.000
900.408	764.000
900.617	762.000
900.825	750.000
901.034	754.000
901.242	779.000
901.451	755.000
901.660	769.000
901.868	813.000
902.077	759.000
902.286	751.000
902.494	796.000
902.703	809.000
902.911	863.000
903.120	880.000
903.329	880.000
903.537	939.000
903.746	953.000
903.955	884.000
904.163	846.000
904.372	808.000
904.581	887.000
904.789	858.000
904.998	814.000
905.206	805.000
905.415	796.000
905.624	782.000
905.832	797.000
906.041	784.000
906.250	776.000
906.458	778.000
906.667	799.000
906.876	754.000
907.084	725.000
907.293	729.000
907.501	761.000
907.710	774.000
907.919	778.000
908.127	727.000
908.336	656.000
908.545	684.000
908.753	717.000
908.962	721.000
909.170	674.000
909.379	606.000
909.588	661.000
909.796	713.000
910.005	661.000
910.214	678.000
910.422	693.000
910.631	672.000
910.840	685.000
911.048	646.000
911.257	656.000
911.465	694.000
911.674	684.000
911.883	688.000
912.091	662.000
912.300	649.000
912.508	666.000
912.716	672.000
912.924	665.000
913.132	684.000
913.340	693.000
913.549	736.000
913.757	701.000
913.965	660.000
914.173	632.000
914.381	616.000
914.589	633.000
914.797	609.000
915.005	575.000
915.213	588.000
915.421	627.000
915.629	665.000
915.838	642.000
916.046	603.000
916.254	605.000
916.462	603.000
916.670	575.000
916.878	606.000
917.086	596.000
917.294	558.000
917.502	570.000
917.710	603.000
917.919	604.000
918.127	652.000
918.335	681.000
918.543	694.000
918.751	659.000
918.959	644.000
919.167	644.000
919.375	595.000
919.583	633.000
919.791	690.000
919.999	618.000
920.208	658.000
920.416	673.000
920.624	657.000
920.832	612.000
921.040	641.000
921.248	662.000
921.456	634.000
921.664	640.000
921.872	627.000
922.080	605.000
922.288	623.000
922.497	633.000
922.705	573.000
922.913	568.000
923.121	603.000
923.329	573.000
923.537	569.000
923.745	587.000
923.953	553.000
924.161	575.000
924.369	625.000
924.578	577.000
924.786	575.000
924.994	576.000
925.202	544.000
925.410	576.000
925.618	584.000
925.826	567.000
926.034	591.000
926.242	596.000
926.450	535.000
926.658	530.000
926.867	587.000
927.075	549.000
927.283	492.000
927.491	504.000
927.699	505.000
927.907	499.000
928.115	430.000
928.323	432.000
928.531	440.000
928.739	392.000
928.947	365.000
929.156	379.000
929.364	399.000
929.572	387.000
929.780	390.000
929.988	342.000
930.196	364.000
930.404	354.000
930.612	300.000
930.820	270.000
931.028	257.000
931.236	294.000
931.445	267.000
931.653	254.000
931.861	257.000
932.069	219.000
932.277	236.000
932.485	260.000
932.693	242.000
932.901	212.000
933.109	215.000
933.317	208.000
933.526	197.000
933.734	221.000
933.942	217.000
934.150	196.000
934.358	191.000
934.566	189.000
934.774	176.000
934.982	170.000
935.190	158.000
935.398	178.000
935.606	182.000
935.815	200.000
936.023	215.000
936.231	252.000
936.439	215.000
936.647	173.000
936.855	123.000
937.063	174.000
937.271	167.000
937.479	177.000
937.687	215.000
937.895	226.000
938.104	242.000
938.312	248.000
938.520	211.000
938.728	185.000
938.936	196.000
939.144	212.000
939.352	210.000
939.560	238.000
939.768	244.000
939.976	239.000
940.185	252.000
940.393	239.000
940.601	230.000
940.809	213.000
941.017	194.000
941.225	197.000
941.433	198.000
941.641	194.000
941.849	200.000
942.057	194.000
942.265	194.000
942.474	183.000
942.682	205.000
942.890	171.000
943.098	145.000
943.306	150.000
943.514	154.000
943.722	203.000
943.930	196.000
944.138	212.000
944.346	222.000
944.554	197.000
944.763	196.000
944.971	193.000
945.179	189.000
945.387	122.000
945.595	130.000
945.803	201.000
946.011	236.000
946.219	249.000
946.427	212.000
946.635	191.000
946.843	193.000
947.052	198.000
947.260	166.000
947.468	198.000
947.676	226.000
947.884	255.000
948.092	206.000
948.300	172.000
948.508	179.000
948.716	175.000
948.924	191.000
949.133	214.000
949.341	191.000
949.549	173.000
949.757	176.000
949.965	201.000
950.173	178.000
950.381	215.000
950.589	222.000
950.797	214.000
951.005	171.000
951.213	151.000
951.422	151.000
951.630	168.000
951.838	214.000
952.046	231.000
952.254	218.000
952.462	215.000
952.670	197.000
952.878	166.000
953.086	168.000
953.294	179.000
953.502	178.000
953.711	162.000
953.919	219.000
954.127	205.000
954.335	201.000
954.543	214.000
954.751	220.000
954.959	222.000
955.167	163.000
955.375	157.000
955.583	204.000
955.792	232.000
956.000	244.000
956.208	211.000
956.416	207.000
956.624	236.000
956.832	212.000
957.040	147.000
957.248	133.000
957.456	194.000
957.664	217.000
957.872	184.000
958.081	193.000
958.289	175.000
958.497	197.000
958.705	170.000
958.913	178.000
959.121	161.000
959.329	177.000
959.537	197.000
959.745	170.000
959.953	166.000
960.161	215.000
960.370	238.000
960.578	225.000
960.786	204.000
960.994	190.000
961.202	163.000
961.410	168.000
961.618	154.000
961.826	180.000
962.034	214.000
962.242	252.000
962.451	228.000
962.659	196.000
962.867	206.000
963.075	219.000
963.283	236.000
963.491	237.000
963.699	223.000
963.907	212.000
964.115	184.000
964.323	190.000
964.531	202.000
964.740	178.000
964.948	162.000
965.156	155.000
965.364	167.000
965.572	156.000
965.780	167.000
965.999	228.000
966.218	242.000
966.438	223.000
966.657	225.000
966.876	253.000
967.095	211.000
967.315	196.000
967.534	221.000
967.753	207.000
967.972	217.000
968.192	290.000
968.411	252.000
968.630	256.000
968.849	301.000
969.068	285.000
969.288	239.000
969.507	213.000
969.726	213.000
969.945	205.000
970.165	227.000
970.384	258.000
970.603	251.000
970.822	226.000
971.042	223.000
971.261	228.000
971.480	209.000
971.699	234.000
971.919	258.000
972.138	249.000
972.357	204.000
972.576	197.000
972.795	232.000
973.015	218.000
973.234	189.000
973.453	195.000
973.672	219.000
973.892	217.000
974.111	156.000
974.330	188.000
974.549	238.000
974.769	207.000
974.988	217.000
975.207	215.000
975.426	214.000
975.646	188.000
975.865	210.000
976.084	218.000
976.303	201.000
976.522	167.000
976.742	209.000
976.961	198.000
977.180	187.000
977.399	210.000
977.619	180.000
977.838	194.000
978.057	235.000
978.276	204.000
978.496	164.000
978.715	179.000
978.934	201.000
979.153	215.000
979.372	191.000
979.592	205.000
979.811	184.000
980.030	162.000
980.249	159.000
980.469	159.000
980.688	177.000
980.907	212.000
981.126	229.000
981.346	206.000
981.565	176.000
981.784	205.000
982.003	213.000
982.223	215.000
982.442	223.000
982.661	177.000
982.880	178.000
983.099	225.000
983.319	192.000
983.538	202.000
983.757	222.000
983.976	228.000
984.196	229.000
984.415	233.000
984.634	215.000
984.853	212.000
985.073	178.000
985.292	200.000
985.511	196.000
985.730	168.000
985.949	186.000
986.169	189.000
986.388	165.000
986.607	182.000
986.826	178.000
987.046	172.000
987.265	212.000
987.484	191.000
987.703	166.000
987.923	173.000
988.142	200.000
988.361	200.000
988.580	163.000
988.800	146.000
989.019	135.000
989.238	139.000
989.457	171.000
989.676	198.000
989.896	209.000
990.115	214.000
990.334	195.000
990.553	148.000
990.773	175.000
990.992	179.000
991.211	154.000
991.430	129.000
991.650	139.000
991.869	156.000
992.088	171.000
992.307	184.000
992.527	194.000
992.746	177.000
992.965	175.000
993.184	135.000
993.403	115.000
993.623	158.000
993.842	170.000
994.061	162.000
994.280	175.000
994.500	134.000
994.719	117.000
994.938	136.000
995.157	124.000
995.377	139.000
995.596	148.000
995.815	207.000
996.034	179.000
996.253	161.000
996.473	130.000
996.692	107.000
996.911	124.000
997.130	136.000
997.350	144.000
997.569	122.000
997.788	136.000
998.007	126.000
998.227	169.000
998.446	189.000
998.665	197.000
998.884	226.000
999.104	160.000
999.323	110.000
999.542	113.000
999.761	111.000
999.980	134.000
1000.200	198.000
1000.419	191.000
1000.638	124.000
1000.857	119.000
1001.077	133.000
1001.296	129.000
1001.515	134.000
1001.734	164.000
1001.954	170.000
1002.173	179.000
1002.392	132.000
1002.611	135.000
1002.830	178.000
1003.050	115.000
1003.269	105.000
1003.488	125.000
1003.707	109.000
1003.927	86.000
1004.146	84.000
1004.365	165.000
1004.584	183.000
1004.804	127.000
1005.023	149.000
1005.242	123.000
1005.461	117.000
1005.681	124.000
1005.900	125.000
1006.119	130.000
1006.338	159.000
1006.557	151.000
1006.777	115.000
1006.996	73.000
1007.215	104.000
1007.434	122.000
1007.654	140.000
1007.873	130.000
1008.092	138.000
1008.311	122.000
1008.531	85.000
1008.750	73.000
1008.969	94.000
1009.188	103.000
1009.407	114.000
1009.627	98.000
1009.846	108.000
1010.065	108.000
1010.284	98.000
1010.504	77.000
1010.723	96.000
1010.942	110.000
1011.161	114.000
1011.381	112.000
1011.600	84.000
1011.819	111.000
1012.038	141.000
1012.258	125.000
1012.477	118.000
1012.696	136.000
1012.915	125.000
1013.134	111.000
1013.354	116.000
1013.573	133.000
1013.792	151.000
1014.011	99.000
1014.231	93.000
1014.450	119.000
1014.669	57.000
1014.888	47.000
1015.108	108.000
1015.327	98.000
1015.546	104.000
1015.765	104.000
1015.984	105.000
1016.204	81.000
1016.423	97.000
1016.642	122.000
1016.861	107.000
1017.081	124.000
1017.300	129.000
1017.519	95.000
