296.912	152.000
297.101	141.000
297.290	115.000
297.479	142.000
297.668	111.000
297.858	124.000
298.047	145.000
298.236	122.000
298.425	111.000
298.614	131.000
298.803	89.000
298.992	147.000
299.181	159.000
299.370	104.000
299.559	97.000
299.748	110.000
299.937	150.000
300.126	139.000
300.315	95.000
300.504	84.000
300.693	110.000
300.882	91.000
301.071	87.000
301.260	74.000
301.449	86.000
301.638	78.000
301.827	76.000
302.016	83.000
302.205	118.000
302.395	104.000
302.584	139.000
302.773	107.000
302.962	137.000
303.151	113.000
303.340	62.000
303.529	68.000
303.718	89.000
303.907	135.000
304.096	118.000
304.285	71.000
304.474	116.000
304.663	102.000
304.852	92.000
305.041	76.000
305.230	109.000
305.419	111.000
305.608	107.000
305.797	116.000
305.986	92.000
306.175	87.000
306.364	89.000
306.553	75.000
306.743	130.000
306.932	137.000
307.121	114.000
307.310	111.000
307.499	110.000
307.688	97.000
307.877	106.000
308.066	126.000
308.255	119.000
308.444	110.000
308.633	109.000
308.822	87.000
309.011	48.000
309.200	60.000
309.389	108.000
309.578	106.000
309.767	121.000
309.956	119.000
310.145	68.000
310.334	24.000
310.523	54.000
310.712	108.000
310.901	47.000
311.091	75.000
311.280	154.000
311.469	111.000
311.658	131.000
311.847	97.000
312.036	113.000
312.225	124.000
312.414	121.000
312.603	95.000
312.792	65.000
312.981	94.000
313.170	122.000
313.349	117.000
313.527	130.000
313.706	170.000
313.884	114.000
314.063	87.000
314.241	106.000
314.420	155.000
314.598	113.000
314.777	134.000
314.955	94.000
315.134	95.000
315.312	117.000
315.491	107.000
315.669	96.000
315.848	91.000
316.027	78.000
316.205	105.000
316.384	101.000
316.562	87.000
316.741	92.000
316.919	104.000
317.098	91.000
317.276	56.000
317.455	94.000
317.633	92.000
317.812	114.000
317.990	116.000
318.169	146.000
318.347	176.000
318.526	167.000
318.705	102.000
318.883	148.000
319.062	133.000
319.240	128.000
319.419	113.000
319.597	115.000
319.776	163.000
319.954	146.000
320.133	103.000
320.311	126.000
320.490	144.000
320.668	104.000
320.847	96.000
321.025	110.000
321.204	115.000
321.382	102.000
321.561	91.000
321.740	99.000
321.918	128.000
322.097	106.000
322.275	101.000
322.454	104.000
322.632	97.000
322.811	107.000
322.989	82.000
323.168	77.000
323.346	84.000
323.525	62.000
323.703	56.000
323.882	88.000
324.060	123.000
324.239	157.000
324.418	150.000
324.596	124.000
324.775	90.000
324.953	69.000
325.132	86.000
325.310	104.000
325.489	114.000
325.667	133.000
325.846	158.000
326.024	153.000
326.203	142.000
326.381	150.000
326.560	128.000
326.738	90.000
326.917	83.000
327.096	125.000
327.274	155.000
327.453	145.000
327.631	125.000
327.810	118.000
327.988	87.000
328.167	105.000
328.345	159.000
328.524	122.000
328.702	109.000
328.881	76.000
329.059	64.000
329.238	113.000
329.416	146.000
329.595	132.000
329.774	96.000
329.952	81.000
330.131	153.000
330.309	144.000
330.488	166.000
330.666	125.000
330.845	93.000
331.023	71.000
331.202	100.000
331.380	112.000
331.559	116.000
331.737	164.000
331.916	89.000
332.094	56.000
332.273	104.000
332.452	137.000
332.630	145.000
332.809	114.000
332.987	129.000
333.166	175.000
333.344	167.000
333.523	140.000
333.701	86.000
333.880	127.000
334.058	180.000
334.237	173.000
334.415	183.000
334.594	179.000
334.772	89.000
334.951	60.000
335.129	78.000
335.308	148.000
335.487	159.000
335.665	129.000
335.844	162.000
336.022	149.000
336.201	120.000
336.379	94.000
336.558	71.000
336.736	75.000
336.915	95.000
337.093	166.000
337.272	185.000
337.450	150.000
337.629	114.000
337.807	86.000
337.986	68.000
338.165	80.000
338.343	141.000
338.522	188.000
338.700	183.000
338.879	90.000
339.057	98.000
339.236	151.000
339.414	161.000
339.593	162.000
339.771	165.000
339.950	179.000
340.128	161.000
340.307	159.000
340.485	127.000
340.664	135.000
340.843	151.000
341.021	119.000
341.200	85.000
341.378	81.000
341.557	141.000
341.735	130.000
341.914	120.000
342.092	118.000
342.271	101.000
342.449	106.000
342.628	151.000
342.806	132.000
342.985	131.000
343.163	101.000
343.342	91.000
343.521	56.000
343.699	108.000
343.878	131.000
344.056	129.000
344.235	110.000
344.413	111.000
344.592	161.000
344.770	105.000
344.949	102.000
345.127	119.000
345.306	157.000
345.484	88.000
345.663	83.000
345.841	166.000
346.020	138.000
346.199	120.000
346.377	132.000
346.556	129.000
346.734	169.000
346.913	128.000
347.091	103.000
347.270	111.000
347.448	127.000
347.627	145.000
347.805	180.000
347.984	156.000
348.162	95.000
348.341	144.000
348.519	161.000
348.698	104.000
348.876	133.000
349.055	148.000
349.234	171.000
349.412	152.000
349.591	116.000
349.769	101.000
349.948	153.000
350.126	164.000
350.305	155.000
350.483	157.000
350.662	126.000
350.840	105.000
351.019	79.000
351.197	109.000
351.376	104.000
351.554	123.000
351.733	148.000
351.912	176.000
352.090	168.000
352.269	140.000
352.447	121.000
352.626	104.000
352.804	114.000
352.983	109.000
353.161	120.000
353.340	125.000
353.518	148.000
353.697	137.000
353.875	119.000
354.054	173.000
354.232	140.000
354.411	118.000
354.590	125.000
354.768	167.000
354.947	126.000
355.125	107.000
355.304	123.000
355.482	106.000
355.661	136.000
355.839	120.000
356.018	99.000
356.196	62.000
356.375	66.000
356.553	126.000
356.732	138.000
356.910	129.000
357.089	116.000
357.268	110.000
357.446	164.000
357.625	108.000
357.803	118.000
357.982	137.000
358.160	77.000
358.339	123.000
358.517	170.000
358.696	141.000
358.874	140.000
359.053	136.000
359.231	105.000
359.410	131.000
359.588	126.000
359.767	141.000
359.945	154.000
360.124	140.000
360.303	142.000
360.481	142.000
360.660	117.000
360.838	139.000
361.017	162.000
361.195	169.000
361.374	132.000
361.552	122.000
361.731	132.000
361.909	143.000
362.088	90.000
362.266	118.000
362.445	139.000
362.623	144.000
362.802	131.000
362.981	96.000
363.159	147.000
363.338	141.000
363.516	158.000
363.695	166.000
363.873	143.000
364.052	103.000
364.230	150.000
364.409	153.000
364.587	137.000
364.766	110.000
364.944	160.000
365.123	145.000
365.301	121.000
365.480	137.000
365.660	147.000
365.839	122.000
366.019	180.000
366.199	209.000
366.379	159.000
366.558	144.000
366.738	169.000
366.918	161.000
367.098	116.000
367.277	150.000
367.457	150.000
367.637	159.000
367.816	140.000
367.996	135.000
368.176	110.000
368.356	143.000
368.535	124.000
368.715	97.000
368.895	116.000
369.075	125.000
369.254	122.000
369.434	168.000
369.614	198.000
369.793	207.000
369.973	190.000
370.153	135.000
370.333	161.000
370.512	133.000
370.692	137.000
370.872	183.000
371.051	160.000
371.231	173.000
371.411	132.000
371.591	68.000
371.770	118.000
371.950	136.000
372.130	134.000
372.310	127.000
372.489	124.000
372.669	137.000
372.849	116.000
373.028	135.000
373.208	185.000
373.388	169.000
373.568	126.000
373.747	175.000
373.927	218.000
374.107	175.000
374.287	134.000
374.466	124.000
374.646	173.000
374.826	146.000
375.005	139.000
375.185	179.000
375.365	217.000
375.545	197.000
375.724	205.000
375.904	154.000
376.084	88.000
376.263	121.000
376.443	175.000
376.623	138.000
376.803	178.000
376.982	172.000
377.162	142.000
377.342	172.000
377.522	195.000
377.701	163.000
377.881	103.000
378.061	185.000
378.240	142.000
378.420	95.000
378.600	78.000
378.780	173.000
378.959	169.000
379.139	147.000
379.319	170.000
379.499	143.000
379.678	187.000
379.858	208.000
380.038	160.000
380.217	169.000
380.397	170.000
380.577	150.000
380.757	100.000
380.936	155.000
381.116	183.000
381.296	158.000
381.476	176.000
381.655	154.000
381.835	116.000
382.015	126.000
382.194	192.000
382.374	218.000
382.554	193.000
382.734	157.000
382.913	167.000
383.093	191.000
383.273	187.000
383.452	184.000
383.632	196.000
383.812	165.000
383.992	131.000
384.171	131.000
384.351	164.000
384.531	161.000
384.711	171.000
384.890	152.000
385.070	150.000
385.250	163.000
385.429	175.000
385.609	144.000
385.789	148.000
385.969	172.000
386.148	112.000
386.328	126.000
386.508	158.000
386.688	146.000
386.867	164.000
387.047	200.000
387.227	184.000
387.406	180.000
387.586	158.000
387.766	175.000
387.946	174.000
388.125	137.000
388.305	129.000
388.485	111.000
388.664	159.000
388.844	166.000
389.024	157.000
389.204	158.000
389.383	126.000
389.563	93.000
389.743	101.000
389.923	137.000
390.102	147.000
390.282	112.000
390.462	154.000
390.641	170.000
390.821	67.000
391.001	89.000
391.181	146.000
391.360	157.000
391.540	191.000
391.720	172.000
391.900	152.000
392.079	204.000
392.259	190.000
392.439	185.000
392.618	165.000
392.798	166.000
392.978	116.000
393.158	74.000
393.337	139.000
393.517	252.000
393.697	224.000
393.877	197.000
394.056	197.000
394.236	209.000
394.416	171.000
394.595	124.000
394.775	144.000
394.955	162.000
395.135	185.000
395.314	182.000
395.494	217.000
395.674	229.000
395.853	206.000
396.033	250.000
396.213	215.000
396.393	169.000
396.572	163.000
396.752	153.000
396.932	188.000
397.112	160.000
397.291	185.000
397.471	174.000
397.651	149.000
397.830	114.000
398.010	176.000
398.190	202.000
398.370	190.000
398.549	197.000
398.729	171.000
398.909	201.000
399.089	210.000
399.268	181.000
399.448	197.000
399.628	218.000
399.807	177.000
399.987	210.000
400.167	192.000
400.347	208.000
400.526	219.000
400.706	179.000
400.886	240.000
401.065	229.000
401.245	224.000
401.425	232.000
401.605	197.000
401.784	216.000
401.964	233.000
402.144	267.000
402.324	213.000
402.503	197.000
402.683	261.000
402.863	272.000
403.042	233.000
403.222	206.000
403.402	207.000
403.582	196.000
403.761	225.000
403.941	277.000
404.121	243.000
404.301	244.000
404.480	289.000
404.660	306.000
404.844	311.000
405.029	321.000
405.213	319.000
405.398	331.000
405.582	316.000
405.767	280.000
405.951	317.000
406.136	374.000
406.320	347.000
406.505	367.000
406.689	450.000
406.874	415.000
407.058	432.000
407.243	424.000
407.427	465.000
407.612	517.000
407.796	519.000
407.981	645.000
408.165	701.000
408.350	727.000
408.534	688.000
408.719	686.000
408.903	753.000
409.088	792.000
409.272	831.000
409.457	893.000
409.641	908.000
409.826	964.000
410.010	1079.000
410.195	1192.000
410.379	1230.000
410.564	1376.000
410.748	1504.000
410.933	1595.000
411.117	1742.000
411.302	1855.000
411.486	2030.000
411.671	2130.000
411.855	2206.000
412.040	2330.000
412.224	2365.000
412.409	2489.000
412.593	2613.000
412.778	2776.000
412.962	2993.000
413.147	3147.000
413.331	3207.000
413.516	3301.000
413.700	3495.000
413.885	3711.000
414.069	3847.000
414.254	4026.000
414.438	4084.000
414.623	4170.000
414.807	4417.000
414.992	4591.000
415.176	4747.000
415.361	4963.000
415.545	5169.000
415.730	5349.000
415.914	5440.000
416.099	5584.000
416.283	5703.000
416.468	5756.000
416.652	5847.000
416.837	5937.000
417.021	6145.000
417.206	6282.000
417.390	6242.000
417.575	6358.000
417.759	6529.000
417.944	6765.000
418.128	6872.000
418.313	7004.000
418.497	7140.000
418.682	7272.000
418.866	7409.000
419.051	7404.000
419.235	7458.000
419.420	7620.000
419.604	7696.000
419.789	7884.000
419.973	8116.000
420.158	8356.000
420.342	8665.000
420.527	8623.000
420.711	8745.000
420.896	8927.000
421.080	9065.000
421.265	9274.000
421.449	9187.000
421.634	9095.000
421.818	9160.000
422.003	9233.000
422.187	9299.000
422.372	9246.000
422.556	9221.000
422.741	9387.000
422.925	9565.000
423.110	9615.000
423.294	9732.000
423.479	9860.000
423.663	9884.000
423.848	10031.000
424.032	10228.000
424.217	10241.000
424.401	10186.000
424.586	10266.000
424.770	10353.000
424.955	10408.000
425.139	10512.000
425.324	10608.000
425.508	10793.000
425.693	10720.000
425.877	10699.000
426.062	10792.000
426.246	10809.000
426.431	10632.000
426.615	10559.000
426.800	10619.000
426.984	10446.000
427.169	10641.000
427.353	10804.000
427.538	10867.000
427.722	10895.000
427.907	10716.000
428.091	10872.000
428.276	10829.000
428.460	10785.000
428.645	10731.000
428.829	10536.000
429.014	10310.000
429.198	10142.000
429.383	9866.000
429.567	9360.000
429.752	9201.000
429.936	9005.000
430.121	8884.000
430.305	8971.000
430.490	9327.000
430.674	9695.000
430.859	10118.000
431.043	10538.000
431.228	10868.000
431.412	11188.000
431.597	11379.000
431.781	11506.000
431.966	11596.000
432.150	11794.000
432.335	12025.000
432.519	12287.000
432.704	12324.000
432.888	12191.000
433.073	12070.000
433.257	12039.000
433.442	12003.000
433.626	11918.000
433.811	12049.000
433.995	12128.000
434.180	12214.000
434.364	12484.000
434.549	12747.000
434.733	12747.000
434.918	12841.000
435.102	13041.000
435.287	13194.000
435.471	13231.000
435.656	13503.000
435.840	13745.000
436.030	13876.000
436.219	13770.000
436.409	13755.000
436.599	13762.000
436.789	13703.000
436.978	13523.000
437.168	13302.000
437.358	13223.000
437.548	13202.000
437.737	12992.000
437.927	12875.000
438.117	12842.000
438.306	12990.000
438.496	13195.000
438.686	13208.000
438.876	13500.000
439.065	13661.000
439.255	13575.000
439.445	13724.000
439.634	13678.000
439.824	13686.000
440.014	13947.000
440.204	14077.000
440.393	14189.000
440.583	14371.000
440.773	14472.000
440.963	14809.000
441.152	14919.000
441.342	15000.000
441.532	15254.000
441.721	15351.000
441.911	15431.000
442.101	15490.000
442.291	15510.000
442.480	15558.000
442.670	15615.000
442.860	15769.000
443.050	15751.000
443.239	15861.000
443.429	16026.000
443.619	16108.000
443.808	16223.000
443.998	16256.000
444.188	16348.000
444.378	16378.000
444.567	16376.000
444.757	16291.000
444.947	16220.000
445.137	16187.000
445.326	16059.000
445.516	16149.000
445.706	16183.000
445.895	16176.000
446.085	16251.000
446.275	16408.000
446.465	16727.000
446.654	16906.000
446.844	16998.000
447.034	17078.000
447.223	17194.000
447.413	17397.000
447.603	17659.000
447.793	17604.000
447.982	17633.000
448.172	17702.000
448.362	17741.000
448.552	17828.000
448.741	18014.000
448.931	17919.000
449.121	17977.000
449.310	18143.000
449.500	18270.000
449.690	18473.000
449.880	18713.000
450.069	18815.000
450.259	18941.000
450.449	18882.000
450.639	18877.000
450.828	18941.000
451.018	19099.000
451.208	19029.000
451.397	19031.000
451.587	18904.000
451.777	18699.000
451.967	18645.000
452.156	18557.000
452.346	18221.000
452.536	18088.000
452.725	17856.000
452.915	17688.000
453.105	17621.000
453.295	17858.000
453.484	17997.000
453.674	18086.000
453.864	18180.000
454.054	18265.000
454.243	18126.000
454.433	18068.000
454.623	18011.000
454.812	18071.000
455.002	18087.000
455.192	18165.000
455.382	18315.000
455.571	18438.000
455.761	18438.000
455.951	18640.000
456.141	18709.000
456.330	18739.000
456.520	18660.000
456.710	18708.000
456.899	18903.000
457.089	18817.000
457.279	18833.000
457.469	18809.000
457.658	18703.000
457.848	18628.000
458.038	18566.000
458.228	18541.000
458.417	18346.000
458.607	18306.000
458.797	18318.000
458.986	18488.000
459.176	18280.000
459.366	18286.000
459.556	18273.000
459.745	18223.000
459.935	18385.000
460.125	18399.000
460.314	18381.000
460.504	18552.000
460.694	18578.000
460.884	18608.000
461.073	18739.000
461.263	18853.000
461.453	18966.000
461.643	19028.000
461.832	19012.000
462.022	19019.000
462.212	18839.000
462.401	18870.000
462.591	18964.000
462.781	19169.000
462.971	19084.000
463.160	18822.000
463.350	18736.000
463.540	18838.000
463.730	18816.000
463.919	18752.000
464.109	18514.000
464.299	18530.000
464.488	18558.000
464.678	18488.000
464.868	18405.000
465.058	18382.000
465.247	18527.000
465.437	18652.000
465.627	18729.000
465.816	18594.000
466.006	18445.000
466.196	18316.000
466.386	18265.000
466.575	18313.000
466.765	18259.000
466.955	18295.000
467.145	18365.000
467.334	18512.000
467.524	18481.000
467.714	18432.000
467.903	18514.000
468.093	18649.000
468.283	18702.000
468.473	18808.000
468.662	19002.000
468.852	18947.000
469.042	18916.000
469.232	18902.000
469.421	18790.000
469.611	18616.000
469.801	18523.000
469.990	18664.000
470.180	18579.000
470.370	18423.000
470.560	18411.000
470.749	18358.000
470.939	18460.000
471.129	18645.000
471.318	18801.000
471.508	19078.000
471.698	19190.000
471.888	19294.000
472.077	19447.000
472.267	19511.000
472.457	19483.000
472.647	19372.000
472.836	19209.000
473.026	19226.000
473.216	19253.000
473.405	19274.000
473.595	19410.000
473.785	19590.000
473.975	19627.000
474.164	19672.000
474.354	19692.000
474.544	19702.000
474.734	19802.000
474.923	19801.000
475.113	19685.000
475.303	19690.000
475.492	19863.000
475.682	19637.000
475.872	19584.000
476.062	19628.000
476.251	19480.000
476.441	19423.000
476.631	19371.000
476.821	19420.000
477.010	19637.000
477.200	19677.000
477.390	19756.000
477.579	19968.000
477.769	19997.000
477.959	19994.000
478.149	20054.000
478.338	19958.000
478.528	19753.000
478.718	19663.000
478.907	19754.000
479.097	19921.000
479.287	19792.000
479.477	19768.000
479.666	19775.000
479.856	19864.000
480.046	19945.000
480.236	20035.000
480.425	19821.000
480.615	19801.000
480.805	19841.000
480.994	19812.000
481.184	19908.000
481.374	20054.000
481.564	19957.000
481.753	19998.000
481.943	19926.000
482.133	19899.000
482.323	19758.000
482.512	19707.000
482.702	19684.000
482.892	19650.000
483.081	19466.000
483.271	19419.000
483.461	19388.000
483.651	19157.000
483.840	19351.000
484.030	19277.000
484.220	19082.000
484.409	19066.000
484.599	18977.000
484.789	18840.000
484.979	18687.000
485.168	18627.000
485.358	18219.000
485.548	17702.000
485.738	17298.000
485.927	16903.000
486.117	16568.000
486.307	16340.000
486.496	16165.000
486.686	16257.000
486.876	16413.000
487.066	16658.000
487.255	16831.000
487.445	17072.000
487.635	17227.000
487.825	17388.000
488.014	17733.000
488.204	17864.000
488.394	17718.000
488.583	17628.000
488.773	17823.000
488.963	17816.000
489.153	17963.000
489.342	18091.000
489.532	18218.000
489.722	18435.000
489.912	18605.000
490.101	18832.000
490.291	18675.000
490.481	18635.000
490.670	18726.000
490.860	18654.000
491.050	18416.000
491.240	18364.000
491.429	18214.000
491.619	18184.000
491.809	18148.000
491.998	18026.000
492.188	17975.000
492.378	17849.000
492.568	17967.000
492.757	18068.000
492.947	18035.000
493.137	18195.000
493.327	18310.000
493.516	18381.000
493.706	18405.000
493.896	18355.000
494.085	18407.000
494.275	18553.000
494.465	18763.000
494.655	18703.000
494.844	18858.000
495.034	19052.000
495.224	18866.000
495.414	18871.000
495.603	19046.000
495.793	18933.000
495.983	18813.000
496.172	18696.000
496.362	18882.000
496.552	19003.000
496.742	18849.000
496.931	18942.000
497.121	19078.000
497.311	19009.000
497.500	19018.000
497.690	19003.000
497.880	18757.000
498.070	18369.000
498.259	18434.000
498.449	18396.000
498.639	18367.000
498.829	18260.000
499.018	18409.000
499.208	18487.000
499.398	18530.000
499.587	18505.000
499.777	18545.000
499.967	18468.000
500.157	18310.000
500.346	18238.000
500.536	18042.000
500.726	17873.000
500.916	17806.000
501.105	17844.000
501.295	17747.000
501.485	17725.000
501.674	17633.000
501.864	17522.000
502.054	17374.000
502.244	17597.000
502.433	17696.000
502.623	17928.000
502.813	18130.000
503.003	18110.000
503.192	18152.000
503.382	18040.000
503.572	17822.000
503.761	17856.000
503.951	17856.000
504.141	17892.000
504.331	17797.000
504.520	17726.000
504.710	17703.000
504.900	17769.000
505.089	17919.000
505.279	17977.000
505.469	18120.000
505.659	18197.000
505.848	18162.000
506.038	18195.000
506.228	18313.000
506.418	18207.000
506.607	18011.000
506.797	17999.000
506.987	18035.000
507.176	17953.000
507.366	17796.000
507.556	17780.000
507.746	17584.000
507.935	17575.000
508.125	17494.000
508.315	17397.000
508.505	17497.000
508.694	17781.000
508.884	17903.000
509.074	17957.000
509.263	17915.000
509.453	17870.000
509.643	17656.000
509.833	17764.000
510.022	17712.000
510.212	17537.000
510.402	17342.000
510.592	17403.000
510.781	17357.000
510.971	17478.000
511.161	17514.000
511.350	17684.000
511.540	17700.000
511.730	17626.000
511.920	17537.000
512.109	17449.000
512.299	17279.000
512.489	17304.000
512.678	17281.000
512.868	17052.000
513.058	16806.000
513.248	16795.000
513.437	16795.000
513.627	16811.000
513.817	16558.000
514.007	16701.000
514.196	16614.000
514.386	16518.000
514.576	16392.000
514.765	16379.000
514.955	16496.000
515.145	16603.000
515.335	16539.000
515.524	16559.000
515.714	16614.000
515.904	16479.000
516.094	16209.000
516.283	15919.000
516.473	15504.000
516.663	15066.000
516.852	14800.000
517.042	14760.000
517.232	14723.000
517.422	14748.000
517.611	14854.000
517.801	14980.000
517.991	14879.000
518.180	14772.000
518.370	14792.000
518.560	14674.000
518.750	14787.000
518.939	15029.000
519.129	15147.000
519.319	15412.000
519.509	15559.000
519.698	15602.000
519.888	15847.000
520.078	15864.000
520.267	15798.000
520.457	15813.000
520.647	15887.000
520.837	15732.000
521.026	15769.000
521.216	16004.000
521.406	16053.000
521.596	16258.000
521.785	16239.000
521.975	16057.000
522.165	16133.000
522.354	15941.000
522.544	16010.000
522.734	15806.000
522.924	15816.000
523.113	15830.000
523.303	15821.000
523.493	15915.000
523.683	16126.000
523.872	16135.000
524.062	16191.000
524.252	16216.000
524.441	16324.000
524.631	16285.000
524.821	16265.000
525.011	16337.000
525.200	16353.000
525.390	16344.000
525.580	16311.000
525.769	16206.000
525.959	15908.000
526.149	15550.000
526.339	15490.000
526.528	15451.000
526.718	15296.000
526.908	15257.000
527.098	15142.000
527.287	15193.000
527.477	15302.000
527.667	15371.000
527.856	15578.000
528.046	15627.000
528.236	15965.000
528.426	16117.000
528.615	16097.000
528.805	16117.000
528.995	16216.000
529.185	16100.000
529.374	16324.000
529.564	16393.000
529.754	16168.000
529.943	16244.000
530.133	16252.000
530.323	16387.000
530.513	16274.000
530.702	16345.000
530.892	16333.000
531.082	16313.000
531.271	16148.000
531.461	16144.000
531.651	16069.000
531.841	15816.000
532.030	15588.000
532.220	15331.000
532.410	15235.000
532.600	15243.000
532.789	15117.000
532.979	15074.000
533.169	15130.000
533.358	15086.000
533.548	15124.000
533.738	15140.000
533.928	14971.000
534.117	14958.000
534.307	14987.000
534.497	15184.000
534.687	15306.000
534.876	15281.000
535.066	15240.000
535.256	15283.000
535.445	15336.000
535.635	15160.000
535.825	15102.000
536.015	14974.000
536.204	14772.000
536.394	14697.000
536.584	14598.000
536.773	14515.000
536.963	14466.000
537.153	14521.000
537.343	14477.000
537.532	14504.000
537.722	14631.000
537.912	14653.000
538.102	14645.000
538.291	14470.000
538.481	14417.000
538.671	14451.000
538.860	14384.000
539.050	14252.000
539.240	14026.000
539.430	13981.000
539.619	14086.000
539.809	13909.000
539.999	13900.000
540.189	13743.000
540.378	13637.000
540.568	13691.000
540.758	13825.000
540.947	14036.000
541.137	14110.000
541.327	14053.000
541.517	14139.000
541.706	14106.000
541.896	13950.000
542.086	14021.000
542.276	13918.000
542.465	13866.000
542.655	13762.000
542.845	13779.000
543.034	13794.000
543.224	13999.000
543.414	14044.000
543.604	14038.000
543.793	14102.000
543.983	13984.000
544.173	13854.000
544.362	13924.000
544.552	13855.000
544.742	13838.000
544.932	13962.000
545.121	13906.000
545.311	13785.000
545.501	13957.000
545.691	13912.000
545.880	13826.000
546.070	13802.000
546.264	13981.000
546.459	13942.000
546.653	13713.000
546.847	13787.000
547.041	13693.000
547.236	13715.000
547.430	13670.000
547.624	13719.000
547.818	13607.000
548.013	13499.000
548.207	13671.000
548.401	13763.000
548.596	13689.000
548.790	13500.000
548.984	13662.000
549.178	13539.000
549.373	13552.000
549.567	13551.000
549.761	13522.000
549.956	13501.000
550.150	13412.000
550.344	13520.000
550.538	13423.000
550.733	13409.000
550.927	13392.000
551.121	13311.000
551.315	13386.000
551.510	13449.000
551.704	13342.000
551.898	13303.000
552.093	13463.000
552.287	13389.000
552.481	13381.000
552.675	13322.000
552.870	13418.000
553.064	13388.000
553.258	13299.000
553.453	13242.000
553.647	13238.000
553.841	13276.000
554.035	13181.000
554.230	13170.000
554.424	13314.000
554.618	13272.000
554.812	13337.000
555.007	13244.000
555.201	13263.000
555.395	13068.000
555.590	13088.000
555.784	13302.000
555.978	13241.000
556.172	13237.000
556.367	13066.000
556.561	12956.000
556.755	12869.000
556.949	12919.000
557.144	12986.000
557.338	12916.000
557.532	12857.000
557.727	12766.000
557.921	12692.000
558.115	12697.000
558.309	12741.000
558.504	12577.000
558.698	12671.000
558.892	12648.000
559.087	12384.000
559.281	12454.000
559.475	12483.000
559.669	12540.000
559.864	12580.000
560.058	12631.000
560.252	12664.000
560.446	12677.000
560.641	12700.000
560.835	12802.000
561.029	12786.000
561.224	12736.000
561.418	12688.000
561.612	12761.000
561.806	12813.000
562.001	12709.000
562.195	12685.000
562.389	12745.000
562.584	12702.000
562.778	12667.000
562.972	12764.000
563.166	12765.000
563.361	12730.000
563.555	12675.000
563.749	12663.000
563.943	12645.000
564.138	12574.000
564.332	12680.000
564.526	12739.000
564.721	12768.000
564.915	12555.000
565.109	12449.000
565.303	12352.000
565.498	12354.000
565.692	12439.000
565.886	12379.000
566.081	12309.000
566.275	12323.000
566.469	12336.000
566.663	12443.000
566.858	12437.000
567.052	12557.000
567.246	12651.000
567.440	12383.000
567.635	12374.000
567.829	12261.000
568.023	12105.000
568.218	12182.000
568.412	12145.000
568.606	12230.000
568.800	12167.000
568.995	12123.000
569.189	11983.000
569.383	12018.000
569.577	12051.000
569.772	11893.000
569.966	11842.000
570.160	11905.000
570.355	11775.000
570.549	11739.000
570.743	11676.000
570.937	11664.000
571.132	11678.000
571.326	11778.000
571.520	11892.000
571.715	11939.000
571.909	11913.000
572.103	11987.000
572.297	12017.000
572.492	11863.000
572.686	11860.000
572.880	11962.000
573.074	12072.000
573.269	11985.000
573.463	11985.000
573.657	11913.000
573.852	11866.000
574.046	11851.000
574.240	11795.000
574.434	11670.000
574.629	11695.000
574.823	11670.000
575.017	11589.000
575.212	11678.000
575.406	11597.000
575.600	11469.000
575.794	11438.000
575.989	11531.000
576.183	11622.000
576.377	11602.000
576.571	11560.000
576.766	11571.000
576.960	11434.000
577.159	11393.000
577.357	11421.000
577.556	11331.000
577.755	11193.000
577.953	11202.000
578.152	11245.000
578.350	11168.000
578.549	11215.000
578.748	11181.000
578.946	11122.000
579.145	11194.000
579.344	11155.000
579.542	11253.000
579.741	11187.000
579.940	11325.000
580.138	11329.000
580.337	11218.000
580.535	11358.000
580.734	11425.000
580.933	11485.000
581.131	11497.000
581.330	11580.000
581.529	11725.000
581.727	11847.000
581.926	11914.000
582.125	12008.000
582.323	12029.000
582.522	12142.000
582.721	12017.000
582.919	12136.000
583.118	12141.000
583.316	12154.000
583.515	12295.000
583.714	12214.000
583.912	12127.000
584.111	12228.000
584.310	12274.000
584.508	12150.000
584.707	12163.000
584.906	12181.000
585.104	12061.000
585.303	12110.000
585.501	12031.000
585.700	12035.000
585.899	12108.000
586.097	12212.000
586.296	12257.000
586.495	12072.000
586.693	12072.000
586.892	12124.000
587.091	11992.000
587.289	11788.000
587.488	11829.000
587.686	11847.000
587.885	11704.000
588.084	11474.000
588.282	11146.000
588.481	10977.000
588.680	10867.000
588.878	10630.000
589.077	10673.000
589.276	10792.000
589.474	10705.000
589.673	10792.000
589.871	10876.000
590.070	10968.000
590.269	11048.000
590.467	11173.000
590.666	11169.000
590.865	11035.000
591.063	10986.000
591.262	11194.000
591.461	11287.000
591.659	11300.000
591.858	11208.000
592.056	11316.000
592.255	11259.000
592.454	11156.000
592.652	11285.000
592.851	11249.000
593.050	11229.000
593.248	11318.000
593.447	11396.000
593.646	11334.000
593.844	11247.000
594.043	11230.000
594.241	11197.000
594.440	11168.000
594.639	11225.000
594.837	11054.000
595.036	11101.000
595.235	11273.000
595.433	11182.000
595.632	11069.000
595.831	11212.000
596.029	11252.000
596.228	11299.000
596.427	11326.000
596.625	11425.000
596.824	11218.000
597.022	11209.000
597.221	11343.000
597.420	11183.000
597.618	11144.000
597.817	11151.000
598.016	11081.000
598.214	11121.000
598.413	11375.000
598.612	11244.000
598.810	11151.000
599.009	11223.000
599.207	11248.000
599.406	11251.000
599.605	11211.000
599.803	11179.000
600.002	11160.000
600.201	11248.000
600.399	11325.000
600.598	11218.000
600.797	11063.000
600.995	11009.000
601.194	11066.000
601.392	11143.000
601.591	11106.000
601.790	11208.000
601.988	11186.000
602.187	11232.000
602.386	11186.000
602.584	11205.000
602.783	11217.000
602.982	11256.000
603.180	11354.000
603.379	11277.000
603.577	11236.000
603.776	11430.000
603.975	11379.000
604.173	11320.000
604.372	11280.000
604.571	11308.000
604.769	11243.000
604.968	11310.000
605.167	11344.000
605.365	11343.000
605.564	11297.000
605.762	11316.000
605.961	11223.000
606.160	11264.000
606.358	11254.000
606.557	11272.000
606.756	11287.000
606.954	11245.000
607.153	11244.000
607.352	11132.000
607.550	11167.000
607.749	11248.000
607.948	11184.000
608.146	11145.000
608.345	11078.000
608.543	11171.000
608.742	11229.000
608.941	11117.000
609.139	11055.000
609.338	11009.000
609.537	10907.000
609.735	10958.000
609.934	10925.000
610.133	10903.000
610.331	10908.000
610.530	10884.000
610.728	10887.000
610.927	10846.000
611.126	10890.000
611.324	10916.000
611.523	10927.000
611.722	10818.000
611.920	10731.000
612.119	10916.000
612.318	10902.000
612.516	10899.000
612.715	10959.000
612.913	10894.000
613.112	10822.000
613.311	10672.000
613.509	10507.000
613.708	10581.000
613.907	10734.000
614.105	10684.000
614.304	10613.000
614.503	10690.000
614.701	10694.000
614.900	10621.000
615.098	10602.000
615.297	10499.000
615.496	10496.000
615.694	10482.000
615.893	10448.000
616.092	10413.000
616.290	10418.000
616.489	10572.000
616.688	10433.000
616.886	10346.000
617.085	10336.000
617.283	10372.000
617.482	10344.000
617.681	10423.000
617.879	10486.000
618.078	10497.000
618.277	10542.000
618.475	10553.000
618.674	10611.000
618.873	10558.000
619.071	10501.000
619.270	10424.000
619.468	10516.000
619.667	10594.000
619.866	10584.000
620.064	10557.000
620.263	10440.000
620.462	10431.000
620.660	10566.000
620.859	10568.000
621.058	10493.000
621.256	10498.000
621.455	10551.000
621.654	10496.000
621.852	10499.000
622.051	10461.000
622.249	10359.000
622.448	10306.000
622.647	10233.000
622.845	10295.000
623.044	10360.000
623.243	10249.000
623.441	10273.000
623.640	10135.000
623.839	10137.000
624.037	10184.000
624.236	10142.000
624.434	10173.000
624.633	9935.000
624.832	9847.000
625.030	9934.000
625.229	9981.000
625.428	9984.000
625.626	9934.000
625.825	10000.000
626.024	10100.000
626.222	10020.000
626.421	9947.000
626.619	9997.000
626.818	9919.000
627.017	9881.000
627.215	9946.000
627.414	9793.000
627.613	9698.000
627.811	9676.000
628.010	9605.000
628.209	9641.000
628.407	9772.000
628.606	9873.000
628.804	9734.000
629.003	9748.000
629.202	9714.000
629.400	9525.000
629.599	9442.000
629.798	9550.000
629.996	9633.000
630.195	9586.000
630.394	9550.000
630.592	9639.000
630.791	9708.000
630.990	9696.000
631.188	9830.000
631.387	9601.000
631.585	9575.000
631.784	9630.000
631.983	9622.000
632.181	9633.000
632.380	9656.000
632.579	9620.000
632.777	9587.000
632.976	9651.000
633.175	9571.000
633.373	9577.000
633.572	9638.000
633.770	9716.000
633.969	9663.000
634.168	9661.000
634.366	9584.000
634.565	9607.000
634.764	9702.000
634.962	9640.000
635.161	9662.000
635.360	9754.000
635.558	9663.000
635.757	9616.000
635.955	9590.000
636.154	9607.000
636.353	9712.000
636.551	9688.000
636.750	9721.000
636.949	9680.000
637.147	9679.000
637.346	9657.000
637.545	9627.000
637.743	9730.000
637.942	9758.000
638.140	9729.000
638.339	9808.000
638.538	9761.000
638.736	9832.000
638.935	9718.000
639.134	9562.000
639.332	9566.000
639.531	9633.000
639.730	9581.000
639.928	9576.000
640.127	9491.000
640.325	9549.000
640.524	9610.000
640.723	9659.000
640.921	9680.000
641.120	9600.000
641.319	9676.000
641.517	9524.000
641.716	9605.000
641.915	9580.000
642.113	9619.000
642.312	9590.000
642.510	9377.000
642.709	9382.000
642.908	9369.000
643.106	9461.000
643.305	9488.000
643.504	9348.000
643.702	9468.000
643.901	9529.000
644.100	9501.000
644.298	9619.000
644.497	9730.000
644.696	9778.000
644.894	9649.000
645.093	9527.000
645.291	9528.000
645.490	9632.000
645.689	9576.000
645.887	9418.000
646.086	9349.000
646.285	9441.000
646.483	9340.000
646.682	9320.000
646.881	9339.000
647.079	9224.000
647.278	9105.000
647.476	9188.000
647.675	9190.000
647.874	9156.000
648.072	9170.000
648.271	9125.000
648.470	9111.000
648.668	9133.000
648.867	9131.000
649.066	8987.000
649.264	8948.000
649.463	9032.000
649.661	9145.000
649.860	9158.000
650.059	9158.000
650.257	9167.000
650.456	9176.000
650.655	9338.000
650.853	9157.000
651.052	9070.000
651.251	9185.000
651.449	9196.000
651.648	9238.000
651.846	9278.000
652.045	9253.000
652.244	9302.000
652.442	9323.000
652.641	9459.000
652.840	9483.000
653.038	9425.000
653.237	9281.000
653.436	9310.000
653.634	9292.000
653.833	9369.000
654.032	9386.000
654.230	9294.000
654.429	9239.000
654.627	9204.000
654.826	9120.000
655.025	9070.000
655.223	8928.000
655.422	8680.000
655.621	8556.000
655.819	8470.000
656.018	8347.000
656.217	8228.000
656.415	8276.000
656.614	8492.000
656.812	8412.000
657.011	8366.000
657.210	8509.000
657.408	8651.000
657.607	8685.000
657.806	8830.000
658.004	8835.000
658.203	8889.000
658.402	9054.000
658.600	9073.000
658.799	9024.000
658.997	9061.000
659.196	9136.000
659.395	9233.000
659.593	9295.000
659.792	9345.000
659.991	9329.000
660.189	9320.000
660.388	9450.000
660.587	9464.000
660.785	9399.000
660.984	9354.000
661.182	9320.000
661.381	9302.000
661.580	9331.000
661.778	9336.000
661.977	9392.000
662.176	9420.000
662.374	9491.000
662.573	9544.000
662.772	9513.000
662.970	9316.000
663.169	9278.000
663.367	9269.000
663.566	9286.000
663.765	9402.000
663.963	9385.000
664.162	9260.000
664.361	9270.000
664.559	9417.000
664.758	9457.000
664.957	9427.000
665.155	9391.000
665.354	9395.000
665.552	9433.000
665.751	9441.000
665.950	9228.000
666.148	9240.000
666.347	9226.000
666.546	9146.000
666.744	9335.000
666.943	9260.000
667.142	9237.000
667.340	9325.000
667.539	9350.000
667.738	9303.000
667.936	9270.000
668.135	9355.000
668.333	9369.000
668.532	9253.000
668.731	9263.000
668.929	9271.000
669.128	9260.000
669.327	9199.000
669.525	9106.000
669.724	9155.000
669.923	9070.000
670.121	9118.000
670.320	9220.000
670.518	9226.000
670.717	9153.000
670.916	9107.000
671.114	9016.000
671.313	9049.000
671.512	9028.000
671.710	9057.000
671.909	8995.000
672.108	8871.000
672.306	9028.000
672.505	9021.000
672.703	8872.000
672.902	8901.000
673.101	9036.000
673.299	9119.000
673.498	9027.000
673.697	8956.000
673.895	8917.000
674.094	8916.000
674.293	8976.000
674.491	8904.000
674.690	9037.000
674.888	8879.000
675.087	8908.000
675.286	8890.000
675.484	8880.000
675.683	8845.000
675.882	8726.000
676.080	8884.000
676.279	8953.000
676.478	8847.000
676.676	8766.000
676.875	8733.000
677.073	8755.000
677.272	8736.000
677.471	8799.000
677.669	8873.000
677.868	8800.000
678.067	8702.000
678.265	8786.000
678.464	8840.000
678.663	8744.000
678.861	8657.000
679.060	8586.000
679.259	8647.000
679.457	8663.000
679.656	8728.000
679.854	8667.000
680.053	8640.000
680.252	8645.000
680.450	8619.000
680.649	8644.000
680.848	8566.000
681.046	8536.000
681.245	8622.000
681.444	8571.000
681.642	8512.000
681.841	8403.000
682.039	8434.000
682.238	8516.000
682.437	8428.000
682.635	8473.000
682.834	8469.000
683.033	8446.000
683.231	8398.000
683.430	8358.000
683.629	8272.000
683.827	8183.000
684.026	8394.000
684.224	8333.000
684.423	8258.000
684.622	8299.000
684.820	8241.000
685.019	8254.000
685.218	8307.000
685.416	8113.000
685.615	8044.000
685.814	7831.000
686.012	7603.000
686.211	7378.000
686.409	7191.000
686.608	7008.000
686.807	6942.000
687.005	6910.000
687.204	6854.000
687.403	6759.000
687.601	6900.000
687.800	6907.000
687.999	6719.000
688.197	6767.000
688.396	6806.000
688.594	6879.000
688.793	6806.000
688.992	6836.000
689.190	6933.000
689.389	6886.000
689.588	7035.000
689.786	7064.000
689.985	7086.000
690.184	7139.000
690.382	7155.000
690.581	7146.000
690.779	7254.000
690.978	7253.000
691.177	7332.000
691.375	7363.000
691.574	7482.000
691.773	7524.000
691.971	7353.000
692.170	7271.000
692.369	7321.000
692.567	7286.000
692.766	7375.000
692.965	7424.000
693.163	7348.000
693.362	7277.000
693.560	7372.000
693.759	7185.000
693.958	7347.000
694.156	7357.000
694.355	7230.000
694.554	7286.000
694.752	7312.000
694.951	7323.000
695.150	7261.000
695.348	7348.000
695.547	7373.000
695.745	7364.000
695.944	7418.000
696.143	7472.000
696.341	7604.000
696.540	7613.000
696.743	7499.000
696.946	7526.000
697.149	7551.000
697.352	7529.000
697.555	7526.000
697.757	7446.000
697.960	7461.000
698.163	7485.000
698.366	7480.000
698.569	7544.000
698.772	7426.000
698.975	7448.000
699.178	7353.000
699.381	7348.000
699.584	7423.000
699.787	7381.000
699.989	7311.000
700.192	7224.000
700.395	7233.000
700.598	7249.000
700.801	7249.000
701.004	7129.000
701.207	7204.000
701.410	7144.000
701.613	7211.000
701.816	7217.000
702.019	7240.000
702.221	7292.000
702.424	7241.000
702.627	7281.000
702.830	7197.000
703.033	7253.000
703.236	7361.000
703.439	7313.000
703.642	7359.000
703.845	7387.000
704.048	7412.000
704.251	7494.000
704.453	7493.000
704.656	7408.000
704.859	7448.000
705.062	7412.000
705.265	7426.000
705.468	7456.000
705.671	7382.000
705.874	7292.000
706.077	7264.000
706.280	7367.000
706.483	7371.000
706.685	7455.000
706.888	7472.000
707.091	7321.000
707.294	7402.000
707.497	7412.000
707.700	7461.000
707.903	7457.000
708.106	7439.000
708.309	7468.000
708.512	7366.000
708.715	7522.000
708.917	7459.000
709.120	7444.000
709.323	7460.000
709.526	7421.000
709.729	7491.000
709.932	7385.000
710.135	7385.000
710.338	7363.000
710.541	7410.000
710.744	7388.000
710.947	7282.000
711.149	7340.000
711.352	7320.000
711.555	7386.000
711.758	7388.000
711.961	7364.000
712.164	7292.000
712.367	7295.000
712.570	7308.000
712.773	7182.000
712.976	7166.000
713.179	7150.000
713.381	7197.000
713.584	7134.000
713.787	7044.000
713.990	7036.000
714.193	7086.000
714.396	7022.000
714.599	7199.000
714.802	7146.000
715.005	7030.000
715.208	7011.000
715.411	6973.000
715.613	6799.000
715.816	6701.000
716.019	6452.000
716.222	6351.000
716.425	6320.000
716.628	6122.000
716.831	6034.000
717.034	6024.000
717.237	5809.000
717.440	5563.000
717.643	5491.000
717.845	5448.000
718.048	5277.000
718.251	5182.000
718.454	5284.000
718.657	5280.000
718.860	5171.000
719.063	5068.000
719.266	5025.000
719.469	4992.000
719.672	4945.000
719.875	5081.000
720.077	5158.000
720.280	5202.000
720.483	5392.000
720.686	5497.000
720.889	5685.000
721.092	5709.000
721.295	5651.000
721.498	5725.000
721.701	5779.000
721.904	5844.000
722.107	5867.000
722.309	5895.000
722.512	5822.000
722.715	5666.000
722.918	5560.000
723.121	5530.000
723.324	5510.000
723.527	5477.000
723.730	5483.000
723.933	5491.000
724.136	5360.000
724.339	5260.000
724.541	5299.000
724.744	5348.000
724.947	5292.000
725.150	5213.000
725.353	5292.000
725.556	5326.000
725.759	5328.000
725.962	5347.000
726.165	5303.000
726.368	5200.000
726.571	5147.000
726.773	5306.000
726.976	5303.000
727.179	5192.000
727.382	5260.000
727.585	5240.000
727.788	5156.000
727.991	5125.000
728.194	5116.000
728.397	5138.000
728.600	5189.000
728.803	5208.000
729.005	5249.000
729.208	5288.000
729.411	5239.000
729.614	5236.000
729.817	5277.000
730.020	5302.000
730.223	5288.000
730.426	5139.000
730.629	5260.000
730.832	5344.000
731.035	5430.000
731.237	5369.000
731.440	5321.000
731.643	5373.000
731.846	5497.000
732.049	5531.000
732.252	5625.000
732.455	5596.000
732.658	5558.000
732.861	5572.000
733.064	5690.000
733.267	5740.000
733.469	5710.000
733.672	5694.000
733.875	5675.000
734.078	5726.000
734.281	5845.000
734.484	5884.000
734.687	5786.000
734.890	5757.000
735.093	5760.000
735.296	5750.000
735.499	5816.000
735.701	5728.000
735.904	5747.000
736.107	5685.000
736.310	5625.000
736.513	5637.000
736.716	5697.000
736.919	5691.000
737.122	5722.000
737.325	5666.000
737.528	5587.000
737.731	5534.000
737.933	5613.000
738.136	5626.000
738.339	5590.000
738.542	5650.000
738.745	5613.000
738.948	5681.000
739.151	5572.000
739.354	5545.000
739.557	5635.000
739.760	5602.000
739.963	5663.000
740.165	5617.000
740.368	5464.000
740.571	5516.000
740.774	5521.000
740.977	5442.000
741.180	5492.000
741.383	5491.000
741.586	5466.000
741.789	5635.000
741.992	5651.000
742.195	5624.000
742.397	5612.000
742.600	5626.000
742.803	5460.000
743.006	5529.000
743.209	5627.000
743.412	5575.000
743.615	5528.000
743.818	5528.000
744.021	5480.000
744.224	5518.000
744.427	5633.000
744.629	5604.000
744.832	5511.000
745.035	5538.000
745.238	5536.000
745.441	5515.000
745.644	5458.000
745.847	5453.000
746.050	5455.000
746.253	5527.000
746.456	5464.000
746.659	5451.000
746.861	5446.000
747.064	5485.000
747.267	5562.000
747.470	5377.000
747.673	5288.000
747.876	5315.000
748.079	5340.000
748.282	5410.000
748.485	5359.000
748.688	5344.000
748.891	5338.000
749.093	5395.000
749.296	5326.000
749.499	5266.000
749.702	5204.000
749.905	5199.000
750.108	5197.000
750.311	5120.000
750.514	5162.000
750.717	5168.000
750.920	5204.000
751.123	5155.000
751.325	5140.000
751.528	5181.000
751.731	5208.000
751.934	5190.000
752.137	5244.000
752.340	5171.000
752.543	5203.000
752.746	5163.000
752.949	5154.000
753.152	5202.000
753.355	5145.000
753.557	5202.000
753.760	5154.000
753.963	5080.000
754.166	5155.000
754.369	5131.000
754.572	4962.000
754.775	4912.000
754.978	4935.000
755.181	5037.000
755.384	5107.000
755.587	5031.000
755.789	5026.000
755.992	5023.000
756.195	4945.000
756.398	4931.000
756.601	4897.000
756.804	4977.000
757.007	4980.000
757.210	4852.000
757.413	4807.000
757.616	4782.000
757.819	4723.000
758.021	4621.000
758.224	4411.000
758.427	4175.000
758.630	3836.000
758.833	3453.000
759.036	3119.000
759.239	2872.000
759.442	2590.000
759.645	2259.000
759.848	2056.000
760.051	2011.000
760.253	2041.000
760.456	2087.000
760.659	2108.000
760.862	2062.000
761.065	1948.000
761.268	1964.000
761.471	1996.000
761.674	2007.000
761.877	1883.000
762.080	1884.000
762.283	1936.000
762.485	1988.000
762.688	1926.000
762.891	1984.000
763.094	2060.000
763.297	2083.000
763.500	2211.000
763.706	2249.000
763.912	2323.000
764.118	2345.000
764.325	2460.000
764.531	2568.000
764.737	2612.000
764.943	2659.000
765.149	2744.000
765.355	2881.000
765.561	3028.000
765.768	3096.000
765.974	3130.000
766.180	3285.000
766.386	3402.000
766.592	3480.000
766.798	3546.000
767.004	3717.000
767.210	3744.000
767.417	3805.000
767.623	3844.000
767.829	3833.000
768.035	3897.000
768.241	3910.000
768.447	4032.000
768.653	4073.000
768.860	4031.000
769.066	3968.000
769.272	4040.000
769.478	4124.000
769.684	4187.000
769.890	4214.000
770.096	4180.000
770.303	4096.000
770.509	4119.000
770.715	4155.000
770.921	4197.000
771.127	4236.000
771.333	4244.000
771.539	4241.000
771.745	4160.000
771.952	4149.000
772.158	4203.000
772.364	4175.000
772.570	4172.000
772.776	4101.000
772.982	3992.000
773.188	4097.000
773.395	4074.000
773.601	4125.000
773.807	4105.000
774.013	4090.000
774.219	4035.000
774.425	4046.000
774.631	4069.000
774.838	4048.000
775.044	4018.000
775.250	4061.000
775.456	4035.000
775.662	4008.000
775.868	4014.000
776.074	3974.000
776.281	4065.000
776.487	4010.000
776.693	3939.000
776.899	3992.000
777.105	4010.000
777.311	4012.000
777.517	4059.000
777.723	4020.000
777.930	3995.000
778.136	3952.000
778.342	3895.000
778.548	3887.000
778.754	3796.000
778.960	3902.000
779.166	3901.000
779.373	3912.000
779.579	3822.000
779.785	3742.000
779.991	3734.000
780.197	3731.000
780.403	3734.000
780.609	3862.000
780.816	3799.000
781.022	3785.000
781.228	3853.000
781.434	3849.000
781.640	3842.000
781.846	3876.000
782.052	3809.000
782.259	3749.000
782.465	3672.000
782.671	3600.000
782.877	3611.000
783.083	3689.000
783.289	3766.000
783.495	3689.000
783.701	3619.000
783.908	3656.000
784.114	3702.000
784.320	3723.000
784.526	3667.000
784.732	3644.000
784.938	3658.000
785.144	3632.000
785.351	3612.000
785.557	3660.000
785.763	3639.000
785.969	3580.000
786.175	3507.000
786.381	3467.000
786.587	3577.000
786.794	3503.000
787.000	3423.000
787.206	3466.000
787.412	3525.000
787.618	3401.000
787.824	3368.000
788.030	3355.000
788.236	3273.000
788.443	3350.000
788.649	3364.000
788.855	3341.000
789.061	3296.000
789.267	3318.000
789.473	3344.000
789.679	3286.000
789.886	3237.000
790.092	3272.000
790.298	3303.000
790.504	3337.000
790.710	3278.000
790.916	3193.000
791.122	3163.000
791.329	3135.000
791.535	3165.000
791.741	3201.000
791.947	3160.000
792.153	3156.000
792.359	3118.000
792.565	3133.000
792.771	3180.000
792.978	3140.000
793.184	3110.000
793.390	3081.000
793.596	3076.000
793.802	3032.000
794.008	3046.000
794.214	3090.000
794.421	2996.000
794.627	3023.000
794.833	3074.000
795.039	3060.000
795.245	2974.000
795.451	2989.000
795.657	2999.000
795.864	2980.000
796.070	3017.000
796.276	3106.000
796.482	3039.000
796.688	2976.000
796.894	2950.000
797.100	2943.000
797.307	2947.000
797.513	2901.000
797.719	2924.000
797.925	3007.000
798.131	2956.000
798.337	2889.000
798.543	2824.000
798.749	2832.000
798.956	2912.000
799.162	2866.000
799.368	2806.000
799.574	2874.000
799.780	2820.000
799.986	2768.000
800.192	2772.000
800.399	2828.000
800.605	2792.000
800.811	2762.000
801.017	2792.000
801.223	2872.000
801.429	2774.000
801.635	2811.000
801.842	2773.000
802.048	2707.000
802.254	2683.000
802.460	2667.000
802.666	2654.000
802.872	2708.000
803.078	2772.000
803.285	2744.000
803.491	2690.000
803.697	2696.000
803.903	2692.000
804.109	2687.000
804.315	2732.000
804.521	2627.000
804.727	2643.000
804.934	2673.000
805.140	2660.000
805.346	2686.000
805.552	2605.000
805.758	2654.000
805.964	2625.000
806.170	2650.000
806.377	2706.000
806.583	2628.000
806.789	2617.000
806.995	2627.000
807.201	2618.000
807.407	2604.000
807.613	2500.000
807.820	2516.000
808.026	2535.000
808.232	2564.000
808.438	2547.000
808.644	2469.000
808.850	2461.000
809.056	2460.000
809.262	2431.000
809.469	2435.000
809.675	2481.000
809.881	2410.000
810.087	2397.000
810.293	2465.000
810.499	2436.000
810.705	2434.000
810.912	2283.000
811.118	2253.000
811.324	2281.000
811.530	2269.000
811.739	2363.000
811.947	2375.000
812.156	2248.000
812.365	2156.000
812.573	2163.000
812.782	2089.000
812.990	2162.000
813.199	2175.000
813.408	2050.000
813.616	2026.000
813.825	1974.000
814.034	1967.000
814.242	1936.000
814.451	1903.000
814.659	1874.000
814.868	1854.000
815.077	1880.000
815.285	1842.000
815.494	1789.000
815.703	1761.000
815.911	1744.000
816.120	1760.000
816.329	1722.000
816.537	1747.000
816.746	1738.000
816.954	1699.000
817.163	1623.000
817.372	1633.000
817.580	1616.000
817.789	1664.000
817.998	1662.000
818.206	1665.000
818.415	1676.000
818.624	1664.000
818.832	1626.000
819.041	1701.000
819.249	1763.000
819.458	1785.000
819.667	1832.000
819.875	1809.000
820.084	1721.000
820.293	1752.000
820.501	1769.000
820.710	1763.000
820.919	1774.000
821.127	1779.000
821.336	1775.000
821.544	1718.000
821.753	1650.000
821.962	1609.000
822.170	1485.000
822.379	1515.000
822.588	1554.000
822.796	1561.000
823.005	1645.000
823.213	1661.000
823.422	1634.000
823.631	1629.000
823.839	1674.000
824.048	1712.000
824.257	1700.000
824.465	1711.000
824.674	1700.000
824.883	1734.000
825.091	1680.000
825.300	1708.000
825.508	1795.000
825.717	1781.000
825.926	1738.000
826.134	1700.000
826.343	1693.000
826.552	1731.000
826.760	1739.000
826.969	1668.000
827.178	1606.000
827.386	1628.000
827.595	1720.000
827.803	1644.000
828.012	1635.000
828.221	1632.000
828.429	1648.000
828.638	1711.000
828.847	1658.000
829.055	1553.000
829.264	1572.000
829.472	1641.000
829.681	1576.000
829.890	1557.000
830.098	1551.000
830.307	1663.000
830.516	1594.000
830.724	1528.000
830.933	1559.000
831.142	1517.000
831.350	1604.000
831.559	1639.000
831.767	1558.000
831.976	1653.000
832.185	1642.000
832.393	1623.000
832.602	1560.000
832.811	1539.000
833.019	1560.000
833.228	1584.000
833.437	1565.000
833.645	1632.000
833.854	1603.000
834.062	1612.000
834.271	1596.000
834.480	1580.000
834.688	1576.000
834.897	1554.000
835.106	1580.000
835.314	1579.000
835.523	1603.000
835.731	1595.000
835.940	1598.000
836.149	1592.000
836.357	1564.000
836.566	1620.000
836.775	1631.000
836.983	1571.000
837.192	1608.000
837.401	1659.000
837.609	1617.000
837.818	1647.000
838.026	1614.000
838.235	1611.000
838.444	1683.000
838.652	1650.000
838.861	1584.000
839.070	1583.000
839.278	1578.000
839.487	1603.000
839.696	1605.000
839.904	1599.000
840.113	1564.000
840.321	1571.000
840.530	1561.000
840.739	1511.000
840.947	1547.000
841.156	1536.000
841.365	1564.000
841.573	1629.000
841.782	1678.000
841.991	1574.000
842.199	1498.000
842.408	1543.000
842.616	1560.000
842.825	1521.000
843.034	1522.000
843.242	1484.000
843.451	1482.000
843.660	1524.000
843.868	1540.000
844.077	1566.000
844.285	1640.000
844.494	1598.000
844.703	1527.000
844.911	1475.000
845.120	1483.000
845.329	1516.000
845.537	1448.000
845.746	1476.000
845.955	1483.000
846.163	1477.000
846.372	1468.000
846.580	1478.000
846.789	1428.000
846.998	1446.000
847.206	1502.000
847.415	1456.000
847.624	1453.000
847.832	1489.000
848.041	1460.000
848.250	1429.000
848.458	1454.000
848.667	1437.000
848.875	1365.000
849.084	1399.000
849.293	1370.000
849.501	1332.000
849.710	1317.000
849.919	1340.000
850.127	1292.000
850.336	1365.000
850.544	1342.000
850.753	1330.000
850.962	1305.000
851.170	1355.000
851.379	1383.000
851.588	1318.000
851.796	1358.000
852.005	1287.000
852.214	1326.000
852.422	1348.000
852.631	1287.000
852.839	1281.000
853.048	1317.000
853.257	1272.000
853.465	1163.000
853.674	1188.000
853.883	1164.000
854.091	1132.000
854.300	1185.000
854.509	1232.000
854.717	1208.000
854.926	1227.000
855.134	1260.000
855.343	1208.000
855.552	1214.000
855.760	1205.000
855.969	1202.000
856.178	1211.000
856.386	1177.000
856.595	1255.000
856.803	1239.000
857.012	1242.000
857.221	1280.000
857.429	1269.000
857.638	1256.000
857.847	1302.000
858.055	1240.000
858.264	1253.000
858.473	1295.000
858.681	1261.000
858.890	1208.000
859.098	1220.000
859.307	1237.000
859.516	1252.000
859.724	1250.000
859.933	1167.000
860.142	1147.000
860.350	1226.000
860.559	1202.000
860.768	1195.000
860.976	1240.000
861.185	1198.000
861.393	1152.000
861.602	1200.000
861.811	1198.000
862.019	1150.000
862.228	1117.000
862.437	1129.000
862.645	1160.000
862.854	1193.000
863.062	1197.000
863.271	1213.000
863.480	1198.000
863.688	1221.000
863.897	1171.000
864.106	1075.000
864.314	1088.000
864.523	1063.000
864.732	1047.000
864.940	1058.000
865.149	1050.000
865.357	1034.000
865.566	985.000
865.775	951.000
865.983	943.000
866.192	951.000
866.401	975.000
866.609	952.000
866.818	952.000
867.027	982.000
867.235	1010.000
867.444	1028.000
867.652	994.000
867.861	1029.000
868.070	993.000
868.278	984.000
868.487	964.000
868.696	1015.000
868.904	1005.000
869.113	987.000
869.321	1032.000
869.530	1021.000
869.739	994.000
869.947	974.000
870.156	1012.000
870.365	995.000
870.573	973.000
870.782	959.000
870.991	949.000
871.199	990.000
871.408	987.000
871.616	932.000
871.825	925.000
872.034	955.000
872.242	952.000
872.451	924.000
872.660	912.000
872.868	981.000
873.077	938.000
873.286	934.000
873.494	937.000
873.703	924.000
873.911	913.000
874.120	859.000
874.329	883.000
874.537	904.000
874.746	847.000
874.955	889.000
875.163	863.000
875.372	833.000
875.581	833.000
875.789	857.000
875.998	871.000
876.206	850.000
876.415	889.000
876.624	891.000
876.832	840.000
877.041	839.000
877.250	859.000
877.458	823.000
877.667	898.000
877.875	910.000
878.084	844.000
878.293	808.000
878.501	832.000
878.710	799.000
878.919	775.000
879.127	782.000
879.336	786.000
879.545	825.000
879.753	813.000
879.962	806.000
880.170	793.000
880.379	798.000
880.588	818.000
880.796	777.000
881.005	825.000
881.214	862.000
881.422	832.000
881.631	828.000
881.840	880.000
882.048	905.000
882.257	832.000
882.465	729.000
882.674	787.000
882.883	857.000
883.091	843.000
883.300	808.000
883.509	735.000
883.717	760.000
883.926	785.000
884.134	781.000
884.343	781.000
884.552	800.000
884.760	765.000
884.969	812.000
885.178	763.000
885.386	740.000
885.595	741.000
885.804	727.000
886.012	664.000
886.221	668.000
886.429	720.000
886.638	699.000
886.847	707.000
887.055	728.000
887.264	712.000
887.473	755.000
887.681	802.000
887.890	748.000
888.099	682.000
888.307	685.000
888.516	681.000
888.724	718.000
888.933	752.000
889.142	725.000
889.350	698.000
889.559	729.000
889.768	657.000
889.976	656.000
890.185	750.000
890.393	707.000
890.602	652.000
890.811	679.000
891.019	727.000
891.228	749.000
891.437	638.000
891.645	633.000
891.854	669.000
892.063	654.000
892.271	681.000
892.480	612.000
892.688	598.000
892.897	679.000
893.106	696.000
893.314	661.000
893.523	568.000
893.732	618.000
893.940	651.000
894.149	591.000
894.358	574.000
894.566	614.000
894.775	550.000
894.983	588.000
895.192	649.000
895.401	645.000
895.609	624.000
895.818	561.000
896.027	495.000
896.235	524.000
896.444	518.000
896.652	548.000
896.861	549.000
897.070	535.000
897.278	554.000
897.487	582.000
897.696	564.000
897.904	518.000
898.113	502.000
898.322	442.000
898.530	480.000
898.739	473.000
898.947	467.000
899.156	480.000
899.365	542.000
899.573	566.000
899.782	506.000
899.991	453.000
900.199	411.000
900.408	459.000
900.617	503.000
900.825	485.000
901.034	468.000
901.242	441.000
901.451	425.000
901.660	426.000
901.868	442.000
902.077	464.000
902.286	471.000
902.494	481.000
902.703	504.000
902.911	529.000
903.120	535.000
903.329	508.000
903.537	517.000
903.746	510.000
903.955	551.000
904.163	513.000
904.372	487.000
904.581	489.000
904.789	547.000
904.998	520.000
905.206	467.000
905.415	485.000
905.624	509.000
905.832	521.000
906.041	487.000
906.250	449.000
906.458	476.000
906.667	468.000
906.876	440.000
907.084	460.000
907.293	466.000
907.501	438.000
907.710	412.000
907.919	432.000
908.127	505.000
908.336	470.000
908.545	443.000
908.753	451.000
908.962	491.000
909.170	461.000
909.379	437.000
909.588	466.000
909.796	426.000
910.005	385.000
910.214	382.000
910.422	390.000
910.631	392.000
910.840	460.000
911.048	433.000
911.257	407.000
911.465	454.000
911.674	486.000
911.883	477.000
912.091	434.000
912.300	395.000
912.508	370.000
912.716	420.000
912.924	407.000
913.132	386.000
913.340	436.000
913.549	435.000
913.757	408.000
913.965	374.000
914.173	361.000
914.381	369.000
914.589	350.000
914.797	363.000
915.005	373.000
915.213	398.000
915.421	406.000
915.629	365.000
915.838	369.000
916.046	335.000
916.254	297.000
916.462	292.000
916.670	332.000
916.878	377.000
917.086	396.000
917.294	364.000
917.502	359.000
917.710	392.000
917.919	374.000
918.127	352.000
918.335	357.000
918.543	386.000
918.751	426.000
918.959	423.000
919.167	397.000
919.375	388.000
919.583	431.000
919.791	396.000
919.999	381.000
920.208	398.000
920.416	383.000
920.624	359.000
920.832	434.000
921.040	423.000
921.248	407.000
921.456	424.000
921.664	382.000
921.872	325.000
922.080	334.000
922.288	332.000
922.497	382.000
922.705	397.000
922.913	417.000
923.121	400.000
923.329	377.000
923.537	366.000
923.745	329.000
923.953	347.000
924.161	350.000
924.369	350.000
924.578	352.000
924.786	359.000
924.994	366.000
925.202	403.000
925.410	410.000
925.618	377.000
925.826	369.000
926.034	379.000
926.242	357.000
926.450	297.000
926.658	276.000
926.867	322.000
927.075	327.000
927.283	339.000
927.491	323.000
927.699	361.000
927.907	378.000
928.115	370.000
928.323	304.000
928.531	258.000
928.739	265.000
928.947	280.000
929.156	300.000
929.364	240.000
929.572	234.000
929.780	227.000
929.988	232.000
930.196	251.000
930.404	208.000
930.612	176.000
930.820	193.000
931.028	175.000
931.236	180.000
931.445	167.000
931.653	185.000
931.861	181.000
932.069	150.000
932.277	210.000
932.485	222.000
932.693	176.000
932.901	176.000
933.109	114.000
933.317	92.000
933.526	152.000
933.734	174.000
933.942	162.000
934.150	139.000
934.358	92.000
934.566	79.000
934.774	102.000
934.982	136.000
935.190	156.000
935.398	140.000
935.606	108.000
935.815	111.000
936.023	150.000
936.231	116.000
936.439	125.000
936.647	127.000
936.855	130.000
937.063	163.000
937.271	171.000
937.479	164.000
937.687	143.000
937.895	171.000
938.104	219.000
938.312	133.000
938.520	129.000
938.728	144.000
938.936	135.000
939.144	148.000
939.352	162.000
939.560	155.000
939.768	136.000
939.976	153.000
940.185	145.000
940.393	153.000
940.601	170.000
940.809	175.000
941.017	148.000
941.225	98.000
941.433	110.000
941.641	143.000
941.849	98.000
942.057	96.000
942.265	100.000
942.474	117.000
942.682	137.000
942.890	136.000
943.098	153.000
943.306	88.000
943.514	103.000
943.722	130.000
943.930	99.000
944.138	88.000
944.346	105.000
944.554	130.000
944.763	120.000
944.971	65.000
945.179	17.000
945.387	87.000
945.595	131.000
945.803	132.000
946.011	114.000
946.219	82.000
946.427	91.000
946.635	99.000
946.843	127.000
947.052	192.000
947.260	172.000
947.468	130.000
947.676	129.000
947.884	143.000
948.092	149.000
948.300	145.000
948.508	109.000
948.716	125.000
948.924	135.000
949.133	183.000
949.341	184.000
949.549	136.000
949.757	117.000
949.965	105.000
950.173	76.000
950.381	134.000
950.589	153.000
950.797	108.000
951.005	75.000
951.213	87.000
951.422	93.000
951.630	128.000
951.838	155.000
952.046	197.000
952.254	126.000
952.462	83.000
952.670	186.000
952.878	183.000
953.086	188.000
953.294	207.000
953.502	152.000
953.711	116.000
953.919	137.000
954.127	107.000
954.335	63.000
954.543	112.000
954.751	181.000
954.959	136.000
955.167	150.000
955.375	133.000
955.583	108.000
955.792	136.000
956.000	156.000
956.208	159.000
956.416	127.000
956.624	121.000
956.832	110.000
957.040	108.000
957.248	102.000
957.456	116.000
957.664	102.000
957.872	64.000
958.081	50.000
958.289	103.000
958.497	90.000
958.705	123.000
958.913	88.000
959.121	99.000
959.329	152.000
959.537	117.000
959.745	68.000
959.953	132.000
960.161	102.000
960.370	86.000
960.578	113.000
960.786	146.000
960.994	155.000
961.202	168.000
961.410	106.000
961.618	72.000
961.826	91.000
962.034	126.000
962.242	99.000
962.451	46.000
962.659	77.000
962.867	80.000
963.075	90.000
963.283	136.000
963.491	145.000
963.699	102.000
963.907	104.000
964.115	95.000
964.323	158.000
964.531	184.000
964.740	119.000
964.948	161.000
965.156	155.000
965.364	148.000
965.572	195.000
965.780	158.000
965.999	136.000
966.218	144.000
966.438	133.000
966.657	133.000
966.876	144.000
967.095	170.000
967.315	113.000
967.534	114.000
967.753	173.000
967.972	166.000
968.192	171.000
968.411	148.000
968.630	110.000
968.849	137.000
969.068	160.000
969.288	174.000
969.507	188.000
969.726	207.000
969.945	180.000
970.165	110.000
970.384	142.000
970.603	111.000
970.822	132.000
971.042	134.000
971.261	131.000
971.480	188.000
971.699	205.000
971.919	148.000
972.138	162.000
972.357	173.000
972.576	121.000
972.795	98.000
973.015	140.000
973.234	129.000
973.453	139.000
973.672	113.000
973.892	119.000
974.111	83.000
974.330	102.000
974.549	142.000
974.769	88.000
974.988	132.000
975.207	97.000
975.426	100.000
975.646	115.000
975.865	99.000
976.084	112.000
976.303	153.000
976.522	117.000
976.742	104.000
976.961	92.000
977.180	131.000
977.399	110.000
977.619	128.000
977.838	137.000
978.057	127.000
978.276	141.000
978.496	148.000
978.715	146.000
978.934	118.000
979.153	66.000
979.372	59.000
979.592	79.000
979.811	131.000
980.030	123.000
980.249	113.000
980.469	120.000
980.688	106.000
980.907	71.000
981.126	105.000
981.346	166.000
981.565	136.000
981.784	109.000
982.003	134.000
982.223	123.000
982.442	150.000
982.661	121.000
982.880	137.000
983.099	124.000
983.319	124.000
983.538	158.000
983.757	128.000
983.976	176.000
984.196	156.000
984.415	132.000
984.634	132.000
984.853	129.000
985.073	119.000
985.292	96.000
985.511	84.000
985.730	83.000
985.949	126.000
986.169	107.000
986.388	171.000
986.607	121.000
986.826	94.000
987.046	108.000
987.265	94.000
987.484	106.000
987.703	135.000
987.923	121.000
988.142	142.000
988.361	133.000
988.580	156.000
988.800	96.000
989.019	116.000
989.238	92.000
989.457	62.000
989.676	121.000
989.896	93.000
990.115	53.000
990.334	85.000
990.553	62.000
990.773	53.000
990.992	68.000
991.211	85.000
991.430	91.000
991.650	74.000
991.869	90.000
992.088	107.000
992.307	109.000
992.527	87.000
992.746	84.000
992.965	68.000
993.184	64.000
993.403	118.000
993.623	93.000
993.842	71.000
994.061	112.000
994.280	110.000
994.500	102.000
994.719	55.000
994.938	41.000
995.157	65.000
995.377	70.000
995.596	56.000
995.815	87.000
996.034	114.000
996.253	62.000
996.473	91.000
996.692	121.000
996.911	63.000
997.130	83.000
997.350	97.000
997.569	69.000
997.788	49.000
998.007	50.000
998.227	61.000
998.446	109.000
998.665	107.000
998.884	109.000
999.104	99.000
999.323	113.000
999.542	59.000
999.761	16.000
999.980	27.000
1000.200	77.000
1000.419	119.000
1000.638	127.000
1000.857	89.000
1001.077	113.000
1001.296	125.000
1001.515	42.000
1001.734	39.000
1001.954	67.000
1002.173	78.000
1002.392	140.000
1002.611	128.000
1002.830	109.000
1003.050	75.000
1003.269	68.000
1003.488	64.000
1003.707	34.000
1003.927	31.000
1004.146	95.000
1004.365	93.000
1004.584	69.000
1004.804	89.000
1005.023	103.000
1005.242	92.000
1005.461	66.000
1005.681	80.000
1005.900	65.000
1006.119	77.000
1006.338	67.000
1006.557	97.000
1006.777	120.000
1006.996	112.000
1007.215	36.000
1007.434	71.000
1007.654	94.000
1007.873	80.000
1008.092	73.000
1008.311	55.000
1008.531	5.000
1008.750	59.000
1008.969	98.000
1009.188	47.000
1009.407	44.000
1009.627	60.000
1009.846	61.000
1010.065	100.000
1010.284	79.000
1010.504	30.000
1010.723	50.000
1010.942	42.000
1011.161	55.000
1011.381	30.000
1011.600	44.000
1011.819	80.000
1012.038	65.000
1012.258	73.000
1012.477	8.000
1012.696	37.000
1012.915	70.000
1013.134	32.000
1013.354	76.000
1013.573	142.000
1013.792	82.000
1014.011	20.000
1014.231	18.000
1014.450	93.000
1014.669	72.000
1014.888	40.000
1015.108	45.000
1015.327	87.000
1015.546	80.000
1015.765	102.000
1015.984	65.000
1016.204	81.000
1016.423	78.000
1016.642	82.000
1016.861	0.000
1017.081	4.000
1017.300	53.000
1017.519	43.000
