296.912	186.000
297.101	118.000
297.290	98.000
297.479	115.000
297.668	55.000
297.858	116.000
298.047	142.000
298.236	106.000
298.425	68.000
298.614	48.000
298.803	45.000
298.992	93.000
299.181	81.000
299.370	71.000
299.559	72.000
299.748	97.000
299.937	102.000
300.126	107.000
300.315	43.000
300.504	42.000
300.693	112.000
300.882	139.000
301.071	106.000
301.260	102.000
301.449	85.000
301.638	99.000
301.827	61.000
302.016	70.000
302.205	91.000
302.395	52.000
302.584	7.000
302.773	45.000
302.962	91.000
303.151	57.000
303.340	4.000
303.529	-8.000
303.718	60.000
303.907	79.000
304.096	94.000
304.285	94.000
304.474	68.000
304.663	74.000
304.852	127.000
305.041	135.000
305.230	87.000
305.419	90.000
305.608	111.000
305.797	25.000
305.986	43.000
306.175	53.000
306.364	61.000
306.553	63.000
306.743	119.000
306.932	109.000
307.121	100.000
307.310	94.000
307.499	70.000
307.688	51.000
307.877	83.000
308.066	64.000
308.255	39.000
308.444	83.000
308.633	79.000
308.822	44.000
309.011	31.000
309.200	120.000
309.389	151.000
309.578	77.000
309.767	86.000
309.956	89.000
310.145	43.000
310.334	52.000
310.523	77.000
310.712	85.000
310.901	64.000
311.091	128.000
311.280	167.000
311.469	112.000
311.658	154.000
311.847	135.000
312.036	74.000
312.225	77.000
312.414	48.000
312.603	59.000
312.792	134.000
312.981	129.000
313.170	101.000
313.349	65.000
313.527	81.000
313.706	96.000
313.884	119.000
314.063	133.000
314.241	119.000
314.420	168.000
314.598	119.000
314.777	72.000
314.955	58.000
315.134	63.000
315.312	37.000
315.491	36.000
315.669	114.000
315.848	81.000
316.027	70.000
316.205	116.000
316.384	119.000
316.562	103.000
316.741	70.000
316.919	115.000
317.098	111.000
317.276	45.000
317.455	98.000
317.633	132.000
317.812	130.000
317.990	79.000
318.169	106.000
318.347	98.000
318.526	104.000
318.705	71.000
318.883	75.000
319.062	94.000
319.240	123.000
319.419	91.000
319.597	162.000
319.776	169.000
319.954	82.000
320.133	48.000
320.311	67.000
320.490	157.000
320.668	99.000
320.847	99.000
321.025	128.000
321.204	146.000
321.382	123.000
321.561	87.000
321.740	90.000
321.918	102.000
322.097	92.000
322.275	97.000
322.454	55.000
322.632	51.000
322.811	73.000
322.989	71.000
323.168	92.000
323.346	55.000
323.525	58.000
323.703	72.000
323.882	33.000
324.060	83.000
324.239	184.000
324.418	165.000
324.596	139.000
324.775	106.000
324.953	84.000
325.132	116.000
325.310	135.000
325.489	82.000
325.667	103.000
325.846	77.000
326.024	128.000
326.203	170.000
326.381	91.000
326.560	100.000
326.738	84.000
326.917	57.000
327.096	78.000
327.274	125.000
327.453	81.000
327.631	45.000
327.810	77.000
327.988	74.000
328.167	129.000
328.345	117.000
328.524	88.000
328.702	71.000
328.881	89.000
329.059	102.000
329.238	70.000
329.416	60.000
329.595	111.000
329.774	137.000
329.952	146.000
330.131	109.000
330.309	102.000
330.488	108.000
330.666	66.000
330.845	82.000
331.023	81.000
331.202	114.000
331.380	122.000
331.559	120.000
331.737	102.000
331.916	34.000
332.094	82.000
332.273	151.000
332.452	85.000
332.630	73.000
332.809	72.000
332.987	84.000
333.166	105.000
333.344	153.000
333.523	146.000
333.701	109.000
333.880	133.000
334.058	106.000
334.237	110.000
334.415	150.000
334.594	90.000
334.772	33.000
334.951	39.000
335.129	76.000
335.308	145.000
335.487	180.000
335.665	95.000
335.844	166.000
336.022	184.000
336.201	98.000
336.379	119.000
336.558	136.000
336.736	140.000
336.915	141.000
337.093	167.000
337.272	127.000
337.450	122.000
337.629	64.000
337.807	52.000
337.986	139.000
338.165	142.000
338.343	92.000
338.522	127.000
338.700	181.000
338.879	134.000
339.057	66.000
339.236	107.000
339.414	109.000
339.593	67.000
339.771	88.000
339.950	157.000
340.128	142.000
340.307	120.000
340.485	107.000
340.664	167.000
340.843	134.000
341.021	93.000
341.200	98.000
341.378	92.000
341.557	140.000
341.735	148.000
341.914	77.000
342.092	107.000
342.271	153.000
342.449	111.000
342.628	111.000
342.806	95.000
342.985	162.000
343.163	161.000
343.342	155.000
343.521	85.000
343.699	66.000
343.878	83.000
344.056	149.000
344.235	145.000
344.413	93.000
344.592	135.000
344.770	118.000
344.949	127.000
345.127	134.000
345.306	120.000
345.484	73.000
345.663	85.000
345.841	68.000
346.020	52.000
346.199	81.000
346.377	120.000
346.556	161.000
346.734	168.000
346.913	118.000
347.091	120.000
347.270	152.000
347.448	133.000
347.627	97.000
347.805	109.000
347.984	104.000
348.162	111.000
348.341	145.000
348.519	144.000
348.698	116.000
348.876	105.000
349.055	139.000
349.234	170.000
349.412	104.000
349.591	76.000
349.769	104.000
349.948	175.000
350.126	126.000
350.305	137.000
350.483	120.000
350.662	97.000
350.840	84.000
351.019	53.000
351.197	132.000
351.376	138.000
351.554	91.000
351.733	95.000
351.912	169.000
352.090	200.000
352.269	138.000
352.447	91.000
352.626	98.000
352.804	137.000
352.983	73.000
353.161	128.000
353.340	136.000
353.518	74.000
353.697	127.000
353.875	184.000
354.054	156.000
354.232	165.000
354.411	164.000
354.590	162.000
354.768	181.000
354.947	121.000
355.125	57.000
355.304	84.000
355.482	130.000
355.661	141.000
355.839	108.000
356.018	80.000
356.196	134.000
356.375	152.000
356.553	131.000
356.732	80.000
356.910	91.000
357.089	111.000
357.268	103.000
357.446	136.000
357.625	169.000
357.803	133.000
357.982	141.000
358.160	130.000
358.339	132.000
358.517	140.000
358.696	147.000
358.874	100.000
359.053	144.000
359.231	107.000
359.410	116.000
359.588	150.000
359.767	154.000
359.945	152.000
360.124	125.000
360.303	82.000
360.481	61.000
360.660	102.000
360.838	130.000
361.017	132.000
361.195	116.000
361.374	106.000
361.552	140.000
361.731	151.000
361.909	155.000
362.088	100.000
362.266	95.000
362.445	105.000
362.623	115.000
362.802	146.000
362.981	158.000
363.159	158.000
363.338	115.000
363.516	168.000
363.695	179.000
363.873	138.000
364.052	135.000
364.230	190.000
364.409	146.000
364.587	179.000
364.766	175.000
364.944	168.000
365.123	214.000
365.301	160.000
365.480	142.000
365.660	143.000
365.839	180.000
366.019	222.000
366.199	181.000
366.379	160.000
366.558	148.000
366.738	163.000
366.918	112.000
367.098	69.000
367.277	80.000
367.457	127.000
367.637	134.000
367.816	170.000
367.996	213.000
368.176	180.000
368.356	118.000
368.535	132.000
368.715	162.000
368.895	180.000
369.075	109.000
369.254	130.000
369.434	207.000
369.614	207.000
369.793	129.000
369.973	166.000
370.153	125.000
370.333	94.000
370.512	146.000
370.692	164.000
370.872	177.000
371.051	170.000
371.231	193.000
371.411	190.000
371.591	180.000
371.770	168.000
371.950	193.000
372.130	157.000
372.310	94.000
372.489	141.000
372.669	131.000
372.849	135.000
373.028	159.000
373.208	191.000
373.388	180.000
373.568	169.000
373.747	181.000
373.927	143.000
374.107	86.000
374.287	139.000
374.466	146.000
374.646	157.000
374.826	199.000
375.005	173.000
375.185	186.000
375.365	217.000
375.545	156.000
375.724	156.000
375.904	180.000
376.084	146.000
376.263	93.000
376.443	136.000
376.623	170.000
376.803	213.000
376.982	190.000
377.162	149.000
377.342	117.000
377.522	162.000
377.701	151.000
377.881	107.000
378.061	174.000
378.240	171.000
378.420	166.000
378.600	174.000
378.780	193.000
378.959	151.000
379.139	142.000
379.319	173.000
379.499	203.000
379.678	155.000
379.858	181.000
380.038	118.000
380.217	146.000
380.397	135.000
380.577	124.000
380.757	150.000
380.936	194.000
381.116	198.000
381.296	170.000
381.476	154.000
381.655	160.000
381.835	187.000
382.015	136.000
382.194	165.000
382.374	211.000
382.554	215.000
382.734	175.000
382.913	191.000
383.093	225.000
383.273	199.000
383.452	191.000
383.632	173.000
383.812	185.000
383.992	184.000
384.171	196.000
384.351	197.000
384.531	163.000
384.711	151.000
384.890	116.000
385.070	123.000
385.250	134.000
385.429	149.000
385.609	164.000
385.789	143.000
385.969	130.000
386.148	136.000
386.328	121.000
386.508	130.000
386.688	183.000
386.867	196.000
387.047	175.000
387.227	147.000
387.406	130.000
387.586	118.000
387.766	153.000
387.946	113.000
388.125	104.000
388.305	126.000
388.485	135.000
388.664	151.000
388.844	147.000
389.024	140.000
389.204	165.000
389.383	156.000
389.563	124.000
389.743	88.000
389.923	112.000
390.102	125.000
390.282	146.000
390.462	134.000
390.641	113.000
390.821	121.000
391.001	184.000
391.181	170.000
391.360	168.000
391.540	168.000
391.720	155.000
391.900	124.000
392.079	113.000
392.259	192.000
392.439	204.000
392.618	182.000
392.798	152.000
392.978	108.000
393.158	108.000
393.337	153.000
393.517	178.000
393.697	191.000
393.877	234.000
394.056	195.000
394.236	227.000
394.416	195.000
394.595	165.000
394.775	205.000
394.955	203.000
395.135	201.000
395.314	218.000
395.494	295.000
395.674	251.000
395.853	140.000
396.033	201.000
396.213	245.000
396.393	243.000
396.572	260.000
396.752	182.000
396.932	188.000
397.112	209.000
397.291	256.000
397.471	264.000
397.651	186.000
397.830	143.000
398.010	221.000
398.190	224.000
398.370	234.000
398.549	230.000
398.729	148.000
398.909	212.000
399.089	272.000
399.268	282.000
399.448	302.000
399.628	256.000
399.807	216.000
399.987	198.000
400.167	253.000
400.347	286.000
400.526	277.000
400.706	254.000
400.886	267.000
401.065	270.000
401.245	242.000
401.425	256.000
401.605	223.000
401.784	287.000
401.964	313.000
402.144	299.000
402.324	284.000
402.503	300.000
402.683	266.000
402.863	267.000
403.042	296.000
403.222	305.000
403.402	332.000
403.582	331.000
403.761	308.000
403.941	354.000
404.121	313.000
404.301	332.000
404.480	404.000
404.660	446.000
404.844	468.000
405.029	447.000
405.213	395.000
405.398	342.000
405.582	377.000
405.767	398.000
405.951	396.000
406.136	459.000
406.320	506.000
406.505	529.000
406.689	580.000
406.874	576.000
407.058	600.000
407.243	594.000
407.427	605.000
407.612	627.000
407.796	671.000
407.981	733.000
408.165	798.000
408.350	861.000
408.534	802.000
408.719	861.000
408.903	991.000
409.088	1028.000
409.272	951.000
409.457	1048.000
409.641	1158.000
409.826	1212.000
410.010	1352.000
410.195	1419.000
410.379	1473.000
410.564	1613.000
410.748	1699.000
410.933	1767.000
411.117	1878.000
411.302	2030.000
411.486	2167.000
411.671	2261.000
411.855	2346.000
412.040	2457.000
412.224	2624.000
412.409	2713.000
412.593	2794.000
412.778	2931.000
412.962	3068.000
413.147	3287.000
413.331	3487.000
413.516	3612.000
413.700	3692.000
413.885	3846.000
414.069	3919.000
414.254	4025.000
414.438	4188.000
414.623	4380.000
414.807	4539.000
414.992	4653.000
415.176	4846.000
415.361	5143.000
415.545	5300.000
415.730	5459.000
415.914	5587.000
416.099	5819.000
416.283	5850.000
416.468	5864.000
416.652	5897.000
416.837	6078.000
417.021	6244.000
417.206	6347.000
417.390	6396.000
417.575	6560.000
417.759	6491.000
417.944	6603.000
418.128	6851.000
418.313	7048.000
418.497	7129.000
418.682	7254.000
418.866	7517.000
419.051	7388.000
419.235	7605.000
419.420	7766.000
419.604	7878.000
419.789	7988.000
419.973	8147.000
420.158	8376.000
420.342	8583.000
420.527	8880.000
420.711	8985.000
420.896	9075.000
421.080	9219.000
421.265	9291.000
421.449	9188.000
421.634	9182.000
421.818	9350.000
422.003	9294.000
422.187	9244.000
422.372	9372.000
422.556	9423.000
422.741	9444.000
422.925	9701.000
423.110	9849.000
423.294	9990.000
423.479	10023.000
423.663	10114.000
423.848	10203.000
424.032	10252.000
424.217	10212.000
424.401	10289.000
424.586	10334.000
424.770	10337.000
424.955	10366.000
425.139	10612.000
425.324	10739.000
425.508	10762.000
425.693	10824.000
425.877	10871.000
426.062	10757.000
426.246	10771.000
426.431	10790.000
426.615	10799.000
426.800	10700.000
426.984	10687.000
427.169	10866.000
427.353	10967.000
427.538	11105.000
427.722	11127.000
427.907	11071.000
428.091	11032.000
428.276	10996.000
428.460	11005.000
428.645	10805.000
428.829	10583.000
429.014	10417.000
429.198	10203.000
429.383	9972.000
429.567	9681.000
429.752	9355.000
429.936	9259.000
430.121	9139.000
430.305	9108.000
430.490	9313.000
430.674	9594.000
430.859	10052.000
431.043	10705.000
431.228	11242.000
431.412	11504.000
431.597	11557.000
431.781	11668.000
431.966	11772.000
432.150	11957.000
432.335	12206.000
432.519	12418.000
432.704	12518.000
432.888	12463.000
433.073	12293.000
433.257	12248.000
433.442	12136.000
433.626	11950.000
433.811	12069.000
433.995	12166.000
434.180	12421.000
434.364	12617.000
434.549	12739.000
434.733	12938.000
434.918	13064.000
435.102	13252.000
435.287	13348.000
435.471	13410.000
435.656	13688.000
435.840	13852.000
436.030	13962.000
436.219	14048.000
436.409	14019.000
436.599	13852.000
436.789	13730.000
436.978	13799.000
437.168	13600.000
437.358	13366.000
437.548	13340.000
437.737	13103.000
437.927	12980.000
438.117	13095.000
438.306	13125.000
438.496	13125.000
438.686	13346.000
438.876	13561.000
439.065	13682.000
439.255	13624.000
439.445	13724.000
439.634	13855.000
439.824	13795.000
440.014	13808.000
440.204	13967.000
440.393	14150.000
440.583	14378.000
440.773	14650.000
440.963	14829.000
441.152	15037.000
441.342	15222.000
441.532	15442.000
441.721	15538.000
441.911	15577.000
442.101	15632.000
442.291	15804.000
442.480	15701.000
442.670	15778.000
442.860	15826.000
443.050	16034.000
443.239	16071.000
443.429	15966.000
443.619	16106.000
443.808	16327.000
443.998	16434.000
444.188	16517.000
444.378	16596.000
444.567	16553.000
444.757	16356.000
444.947	16291.000
445.137	16381.000
445.326	16232.000
445.516	16195.000
445.706	16219.000
445.895	16370.000
446.085	16504.000
446.275	16532.000
446.465	16638.000
446.654	17073.000
446.844	17160.000
447.034	17326.000
447.223	17544.000
447.413	17677.000
447.603	17787.000
447.793	17960.000
447.982	17990.000
448.172	17712.000
448.362	17808.000
448.552	17915.000
448.741	17915.000
448.931	17966.000
449.121	18207.000
449.310	18268.000
449.500	18337.000
449.690	18611.000
449.880	18729.000
450.069	19001.000
450.259	19058.000
450.449	18982.000
450.639	19148.000
450.828	19346.000
451.018	19452.000
451.208	19347.000
451.397	18975.000
451.587	19007.000
451.777	19058.000
451.967	18818.000
452.156	18618.000
452.346	18500.000
452.536	18317.000
452.725	18026.000
452.915	17936.000
453.105	18059.000
453.295	18040.000
453.484	18147.000
453.674	18228.000
453.864	18373.000
454.054	18374.000
454.243	18440.000
454.433	18331.000
454.623	18232.000
454.812	18218.000
455.002	18325.000
455.192	18430.000
455.382	18480.000
455.571	18642.000
455.761	18732.000
455.951	18837.000
456.141	19023.000
456.330	18963.000
456.520	18882.000
456.710	18925.000
456.899	19003.000
457.089	19031.000
457.279	18950.000
457.469	18887.000
457.658	18673.000
457.848	18702.000
458.038	18778.000
458.228	18565.000
458.417	18591.000
458.607	18679.000
458.797	18696.000
458.986	18555.000
459.176	18472.000
459.366	18429.000
459.556	18285.000
459.745	18194.000
459.935	18335.000
460.125	18606.000
460.314	18625.000
460.504	18618.000
460.694	18687.000
460.884	18807.000
461.073	18931.000
461.263	18974.000
461.453	19110.000
461.643	19115.000
461.832	19000.000
462.022	19040.000
462.212	19063.000
462.401	19172.000
462.591	19108.000
462.781	19143.000
462.971	19147.000
463.160	19108.000
463.350	19129.000
463.540	18960.000
463.730	18871.000
463.919	18782.000
464.109	18855.000
464.299	18801.000
464.488	18752.000
464.678	18671.000
464.868	18602.000
465.058	18594.000
465.247	18784.000
465.437	18722.000
465.627	18786.000
465.816	18674.000
466.006	18651.000
466.196	18693.000
466.386	18563.000
466.575	18503.000
466.765	18291.000
466.955	18310.000
467.145	18342.000
467.334	18409.000
467.524	18645.000
467.714	18730.000
467.903	18752.000
468.093	18674.000
468.283	18644.000
468.473	18829.000
468.662	18868.000
468.852	19004.000
469.042	19073.000
469.232	19039.000
469.421	18961.000
469.611	18871.000
469.801	18889.000
469.990	18817.000
470.180	18771.000
470.370	18666.000
470.560	18644.000
470.749	18627.000
470.939	18801.000
471.129	18864.000
471.318	18966.000
471.508	19194.000
471.698	19328.000
471.888	19506.000
472.077	19554.000
472.267	19632.000
472.457	19704.000
472.647	19604.000
472.836	19317.000
473.026	19405.000
473.216	19484.000
473.405	19646.000
473.595	19574.000
473.785	19559.000
473.975	19885.000
474.164	20020.000
474.354	19996.000
474.544	19791.000
474.734	19902.000
474.923	19933.000
475.113	19876.000
475.303	20044.000
475.492	19967.000
475.682	19775.000
475.872	19860.000
476.062	19757.000
476.251	19586.000
476.441	19512.000
476.631	19384.000
476.821	19512.000
477.010	19647.000
477.200	19685.000
477.390	19994.000
477.579	20004.000
477.769	19951.000
477.959	20092.000
478.149	20091.000
478.338	20032.000
478.528	20122.000
478.718	20039.000
478.907	20107.000
479.097	20069.000
479.287	20174.000
479.477	20131.000
479.666	20018.000
479.856	20018.000
480.046	19990.000
480.236	19961.000
480.425	20092.000
480.615	20012.000
480.805	20064.000
480.994	20136.000
481.184	20319.000
481.374	20201.000
481.564	20140.000
481.753	20170.000
481.943	20001.000
482.133	20020.000
482.323	19897.000
482.512	19954.000
482.702	20035.000
482.892	19825.000
483.081	19670.000
483.271	19742.000
483.461	19625.000
483.651	19564.000
483.840	19447.000
484.030	19380.000
484.220	19427.000
484.409	19248.000
484.599	19102.000
484.789	19127.000
484.979	19035.000
485.168	18717.000
485.358	18496.000
485.548	17956.000
485.738	17512.000
485.927	17146.000
486.117	16765.000
486.307	16450.000
486.496	16559.000
486.686	16518.000
486.876	16503.000
487.066	16879.000
487.255	17191.000
487.445	17420.000
487.635	17586.000
487.825	17716.000
488.014	17927.000
488.204	18042.000
488.394	18036.000
488.583	18143.000
488.773	18203.000
488.963	18260.000
489.153	18328.000
489.342	18321.000
489.532	18523.000
489.722	18714.000
489.912	18971.000
490.101	19038.000
490.291	18942.000
490.481	19004.000
490.670	18853.000
490.860	18926.000
491.050	18955.000
491.240	18677.000
491.429	18523.000
491.619	18500.000
491.809	18424.000
491.998	18248.000
492.188	18047.000
492.378	18118.000
492.568	18407.000
492.757	18487.000
492.947	18494.000
493.137	18474.000
493.327	18546.000
493.516	18612.000
493.706	18631.000
493.896	18535.000
494.085	18648.000
494.275	18871.000
494.465	18914.000
494.655	19036.000
494.844	19301.000
495.034	19235.000
495.224	19261.000
495.414	19364.000
495.603	19263.000
495.793	18964.000
495.983	19006.000
496.172	19109.000
496.362	19069.000
496.552	19148.000
496.742	19044.000
496.931	19146.000
497.121	19329.000
497.311	19160.000
497.500	19076.000
497.690	18993.000
497.880	18851.000
498.070	18829.000
498.259	18657.000
498.449	18735.000
498.639	18694.000
498.829	18631.000
499.018	18816.000
499.208	18819.000
499.398	18799.000
499.587	18886.000
499.777	18994.000
499.967	18697.000
500.157	18563.000
500.346	18441.000
500.536	18204.000
500.726	18185.000
500.916	18286.000
501.105	18119.000
501.295	18204.000
501.485	18232.000
501.674	18156.000
501.864	17834.000
502.054	17917.000
502.244	18060.000
502.433	18203.000
502.623	18381.000
502.813	18325.000
503.003	18420.000
503.192	18380.000
503.382	18322.000
503.572	18267.000
503.761	17995.000
503.951	17979.000
504.141	17960.000
504.331	17891.000
504.520	18137.000
504.710	18105.000
504.900	18246.000
505.089	18552.000
505.279	18343.000
505.469	18367.000
505.659	18625.000
505.848	18767.000
506.038	18845.000
506.228	18889.000
506.418	18696.000
506.607	18429.000
506.797	18497.000
506.987	18398.000
507.176	18270.000
507.366	18095.000
507.556	18017.000
507.746	18037.000
507.935	17913.000
508.125	17896.000
508.315	17861.000
508.505	17933.000
508.694	18220.000
508.884	18143.000
509.074	18230.000
509.263	18209.000
509.453	18169.000
509.643	18151.000
509.833	18010.000
510.022	17822.000
510.212	17896.000
510.402	17979.000
510.592	17943.000
510.781	17925.000
510.971	17986.000
511.161	17906.000
511.350	18012.000
511.540	18153.000
511.730	18080.000
511.920	17945.000
512.109	17769.000
512.299	17895.000
512.489	17724.000
512.678	17479.000
512.868	17322.000
513.058	17289.000
513.248	17135.000
513.437	17144.000
513.627	17000.000
513.817	16875.000
514.007	16921.000
514.196	16839.000
514.386	16810.000
514.576	16827.000
514.765	16784.000
514.955	16806.000
515.145	16918.000
515.335	16986.000
515.524	16927.000
515.714	16888.000
515.904	16752.000
516.094	16436.000
516.283	16063.000
516.473	15793.000
516.663	15483.000
516.852	15187.000
517.042	15281.000
517.232	15211.000
517.422	15159.000
517.611	15165.000
517.801	15250.000
517.991	15254.000
518.180	15196.000
518.370	15038.000
518.560	15239.000
518.750	15372.000
518.939	15433.000
519.129	15667.000
519.319	15886.000
519.509	15877.000
519.698	15952.000
519.888	16024.000
520.078	16234.000
520.267	16248.000
520.457	16158.000
520.647	16358.000
520.837	16434.000
521.026	16409.000
521.216	16473.000
521.406	16519.000
521.596	16574.000
521.785	16627.000
521.975	16480.000
522.165	16338.000
522.354	16408.000
522.544	16403.000
522.734	16301.000
522.924	16364.000
523.113	16371.000
523.303	16276.000
523.493	16347.000
523.683	16431.000
523.872	16715.000
524.062	16770.000
524.252	16784.000
524.441	16830.000
524.631	16774.000
524.821	16821.000
525.011	16950.000
525.200	16871.000
525.390	16781.000
525.580	16599.000
525.769	16455.000
525.959	16271.000
526.149	16059.000
526.339	15992.000
526.528	15937.000
526.718	15569.000
526.908	15434.000
527.098	15636.000
527.287	15764.000
527.477	15794.000
527.667	15880.000
527.856	16035.000
528.046	16169.000
528.236	16438.000
528.426	16641.000
528.615	16768.000
528.805	16864.000
528.995	16689.000
529.185	16558.000
529.374	16679.000
529.564	16780.000
529.754	16656.000
529.943	16719.000
530.133	16902.000
530.323	17046.000
530.513	16880.000
530.702	16678.000
530.892	16833.000
531.082	16823.000
531.271	16664.000
531.461	16598.000
531.651	16593.000
531.841	16399.000
532.030	16257.000
532.220	16032.000
532.410	15881.000
532.600	15743.000
532.789	15552.000
532.979	15506.000
533.169	15811.000
533.358	15754.000
533.548	15615.000
533.738	15602.000
533.928	15469.000
534.117	15511.000
534.307	15691.000
534.497	15527.000
534.687	15500.000
534.876	15681.000
535.066	15838.000
535.256	15824.000
535.445	15769.000
535.635	15698.000
535.825	15591.000
536.015	15503.000
536.204	15306.000
536.394	15351.000
536.584	15248.000
536.773	15320.000
536.963	15218.000
537.153	15124.000
537.343	15208.000
537.532	15306.000
537.722	15353.000
537.912	15222.000
538.102	15098.000
538.291	15165.000
538.481	15087.000
538.671	14853.000
538.860	14870.000
539.050	14843.000
539.240	14624.000
539.430	14386.000
539.619	14574.000
539.809	14658.000
539.999	14413.000
540.189	14359.000
540.378	14333.000
540.568	14419.000
540.758	14408.000
540.947	14412.000
541.137	14540.000
541.327	14708.000
541.517	14548.000
541.706	14363.000
541.896	14437.000
542.086	14518.000
542.276	14419.000
542.465	14307.000
542.655	14346.000
542.845	14364.000
543.034	14434.000
543.224	14723.000
543.414	14613.000
543.604	14499.000
543.793	14586.000
543.983	14655.000
544.173	14591.000
544.362	14517.000
544.552	14605.000
544.742	14432.000
544.932	14388.000
545.121	14459.000
545.311	14394.000
545.501	14423.000
545.691	14450.000
545.880	14480.000
546.070	14346.000
546.264	14398.000
546.459	14384.000
546.653	14221.000
546.847	14236.000
547.041	14178.000
547.236	14277.000
547.430	14234.000
547.624	14136.000
547.818	14238.000
548.013	14297.000
548.207	14276.000
548.401	14235.000
548.596	14175.000
548.790	14177.000
548.984	14229.000
549.178	14368.000
549.373	14378.000
549.567	14241.000
549.761	14066.000
549.956	14072.000
550.150	14048.000
550.344	13908.000
550.538	13838.000
550.733	13936.000
550.927	14082.000
551.121	14170.000
551.315	14097.000
551.510	14047.000
551.704	14044.000
551.898	14016.000
552.093	13937.000
552.287	13784.000
552.481	13730.000
552.675	13826.000
552.870	13805.000
553.064	13886.000
553.258	13940.000
553.453	13839.000
553.647	13961.000
553.841	13875.000
554.035	13892.000
554.230	13781.000
554.424	13828.000
554.618	13853.000
554.812	13842.000
555.007	13880.000
555.201	13961.000
555.395	13870.000
555.590	13760.000
555.784	13828.000
555.978	13684.000
556.172	13691.000
556.367	13752.000
556.561	13615.000
556.755	13553.000
556.949	13505.000
557.144	13452.000
557.338	13524.000
557.532	13320.000
557.727	13355.000
557.921	13398.000
558.115	13324.000
558.309	13296.000
558.504	13111.000
558.698	13017.000
558.892	13049.000
559.087	13170.000
559.281	13210.000
559.475	13152.000
559.669	13129.000
559.864	13148.000
560.058	13435.000
560.252	13461.000
560.446	13425.000
560.641	13345.000
560.835	13376.000
561.029	13361.000
561.224	13422.000
561.418	13410.000
561.612	13399.000
561.806	13435.000
562.001	13390.000
562.195	13327.000
562.389	13270.000
562.584	13292.000
562.778	13306.000
562.972	13503.000
563.166	13493.000
563.361	13288.000
563.555	13313.000
563.749	13391.000
563.943	13393.000
564.138	13436.000
564.332	13444.000
564.526	13272.000
564.721	13245.000
564.915	13195.000
565.109	13108.000
565.303	13079.000
565.498	12959.000
565.692	12901.000
565.886	12928.000
566.081	13045.000
566.275	13088.000
566.469	13203.000
566.663	13208.000
566.858	13174.000
567.052	13062.000
567.246	13016.000
567.440	12987.000
567.635	13144.000
567.829	13113.000
568.023	13124.000
568.218	13178.000
568.412	12923.000
568.606	12765.000
568.800	12761.000
568.995	12721.000
569.189	12809.000
569.383	12769.000
569.577	12792.000
569.772	12686.000
569.966	12634.000
570.160	12642.000
570.355	12579.000
570.549	12643.000
570.743	12516.000
570.937	12445.000
571.132	12606.000
571.326	12709.000
571.520	12656.000
571.715	12651.000
571.909	12597.000
572.103	12685.000
572.297	12780.000
572.492	12775.000
572.686	12639.000
572.880	12547.000
573.074	12832.000
573.269	12848.000
573.463	12744.000
573.657	12602.000
573.852	12613.000
574.046	12502.000
574.240	12501.000
574.434	12514.000
574.629	12492.000
574.823	12439.000
575.017	12410.000
575.212	12348.000
575.406	12292.000
575.600	12312.000
575.794	12261.000
575.989	12122.000
576.183	12261.000
576.377	12429.000
576.571	12345.000
576.766	12260.000
576.960	12148.000
577.159	12088.000
577.357	12021.000
577.556	12043.000
577.755	12036.000
577.953	11885.000
578.152	11906.000
578.350	11924.000
578.549	11774.000
578.748	11702.000
578.946	11908.000
579.145	11916.000
579.344	11925.000
579.542	12139.000
579.741	12111.000
579.940	12136.000
580.138	12206.000
580.337	12216.000
580.535	12242.000
580.734	12318.000
580.933	12394.000
581.131	12488.000
581.330	12450.000
581.529	12575.000
581.727	12776.000
581.926	12878.000
582.125	12812.000
582.323	12799.000
582.522	12798.000
582.721	12858.000
582.919	13022.000
583.118	12902.000
583.316	12896.000
583.515	13051.000
583.714	13014.000
583.912	13085.000
584.111	13194.000
584.310	13156.000
584.508	12952.000
584.707	12933.000
584.906	12962.000
585.104	12930.000
585.303	13035.000
585.501	13063.000
585.700	12889.000
585.899	12962.000
586.097	12937.000
586.296	12993.000
586.495	12872.000
586.693	12984.000
586.892	13081.000
587.091	12979.000
587.289	12905.000
587.488	12739.000
587.686	12578.000
587.885	12509.000
588.084	12356.000
588.282	12068.000
588.481	11781.000
588.680	11650.000
588.878	11568.000
589.077	11456.000
589.276	11500.000
589.474	11601.000
589.673	11689.000
589.871	11795.000
590.070	11819.000
590.269	11902.000
590.467	11977.000
590.666	12011.000
590.865	11898.000
591.063	12011.000
591.262	12136.000
591.461	12172.000
591.659	12063.000
591.858	12066.000
592.056	12094.000
592.255	12126.000
592.454	12169.000
592.652	12282.000
592.851	12280.000
593.050	12321.000
593.248	12320.000
593.447	12323.000
593.646	12134.000
593.844	12132.000
594.043	12116.000
594.241	12096.000
594.440	12043.000
594.639	12135.000
594.837	11985.000
595.036	12120.000
595.235	12159.000
595.433	12168.000
595.632	12139.000
595.831	12081.000
596.029	12159.000
596.228	12147.000
596.427	12254.000
596.625	12275.000
596.824	12152.000
597.022	12109.000
597.221	12012.000
597.420	12033.000
597.618	12152.000
597.817	12033.000
598.016	12028.000
598.214	12064.000
598.413	12080.000
598.612	12125.000
598.810	12109.000
599.009	12163.000
599.207	12289.000
599.406	12108.000
599.605	12019.000
599.803	12171.000
600.002	12323.000
600.201	12303.000
600.399	12103.000
600.598	12129.000
600.797	12002.000
600.995	11988.000
601.194	12190.000
601.392	12124.000
601.591	12010.000
601.790	11967.000
601.988	11904.000
602.187	11952.000
602.386	12056.000
602.584	12219.000
602.783	12220.000
602.982	12270.000
603.180	12211.000
603.379	12280.000
603.577	12299.000
603.776	12202.000
603.975	12318.000
604.173	12434.000
604.372	12312.000
604.571	12230.000
604.769	12380.000
604.968	12317.000
605.167	12232.000
605.365	12327.000
605.564	12460.000
605.762	12371.000
605.961	12350.000
606.160	12358.000
606.358	12342.000
606.557	12237.000
606.756	12184.000
606.954	12204.000
607.153	12177.000
607.352	12206.000
607.550	12146.000
607.749	12144.000
607.948	12237.000
608.146	12187.000
608.345	12217.000
608.543	12032.000
608.742	12178.000
608.941	12113.000
609.139	12009.000
609.338	12021.000
609.537	12136.000
609.735	12079.000
609.934	11987.000
610.133	11719.000
610.331	11783.000
610.530	12015.000
610.728	11931.000
610.927	11835.000
611.126	11893.000
611.324	12017.000
611.523	11967.000
611.722	11852.000
611.920	11952.000
612.119	11839.000
612.318	11836.000
612.516	11812.000
612.715	11856.000
612.913	11834.000
613.112	11783.000
613.311	11681.000
613.509	11717.000
613.708	11608.000
613.907	11606.000
614.105	11715.000
614.304	11749.000
614.503	11811.000
614.701	11655.000
614.900	11694.000
615.098	11565.000
615.297	11558.000
615.496	11595.000
615.694	11588.000
615.893	11502.000
616.092	11302.000
616.290	11192.000
616.489	11253.000
616.688	11256.000
616.886	11373.000
617.085	11313.000
617.283	11441.000
617.482	11336.000
617.681	11347.000
617.879	11363.000
618.078	11323.000
618.277	11505.000
618.475	11532.000
618.674	11420.000
618.873	11447.000
619.071	11463.000
619.270	11396.000
619.468	11401.000
619.667	11501.000
619.866	11533.000
620.064	11367.000
620.263	11405.000
620.462	11448.000
620.660	11495.000
620.859	11405.000
621.058	11497.000
621.256	11394.000
621.455	11286.000
621.654	11340.000
621.852	11314.000
622.051	11252.000
622.249	11241.000
622.448	11241.000
622.647	11162.000
622.845	11172.000
623.044	11130.000
623.243	11171.000
623.441	11221.000
623.640	11146.000
623.839	11076.000
624.037	10944.000
624.236	10950.000
624.434	10908.000
624.633	10931.000
624.832	10856.000
625.030	10841.000
625.229	10912.000
625.428	10924.000
625.626	10884.000
625.825	10866.000
626.024	10959.000
626.222	10920.000
626.421	10975.000
626.619	11029.000
626.818	10788.000
627.017	10794.000
627.215	10746.000
627.414	10678.000
627.613	10604.000
627.811	10605.000
628.010	10617.000
628.209	10662.000
628.407	10571.000
628.606	10596.000
628.804	10684.000
629.003	10757.000
629.202	10764.000
629.400	10673.000
629.599	10589.000
629.798	10534.000
629.996	10556.000
630.195	10443.000
630.394	10455.000
630.592	10534.000
630.791	10479.000
630.990	10560.000
631.188	10495.000
631.387	10389.000
631.585	10617.000
631.784	10565.000
631.983	10444.000
632.181	10556.000
632.380	10590.000
632.579	10521.000
632.777	10507.000
632.976	10555.000
633.175	10616.000
633.373	10581.000
633.572	10546.000
633.770	10564.000
633.969	10627.000
634.168	10510.000
634.366	10456.000
634.565	10525.000
634.764	10512.000
634.962	10646.000
635.161	10688.000
635.360	10605.000
635.558	10618.000
635.757	10648.000
635.955	10610.000
636.154	10504.000
636.353	10547.000
636.551	10491.000
636.750	10469.000
636.949	10528.000
637.147	10773.000
637.346	10718.000
637.545	10665.000
637.743	10665.000
637.942	10560.000
638.140	10559.000
638.339	10544.000
638.538	10594.000
638.736	10707.000
638.935	10546.000
639.134	10435.000
639.332	10527.000
639.531	10538.000
639.730	10568.000
639.928	10561.000
640.127	10591.000
640.325	10534.000
640.524	10573.000
640.723	10510.000
640.921	10468.000
641.120	10424.000
641.319	10480.000
641.517	10413.000
641.716	10332.000
641.915	10326.000
642.113	10356.000
642.312	10415.000
642.510	10464.000
642.709	10405.000
642.908	10407.000
643.106	10480.000
643.305	10407.000
643.504	10475.000
643.702	10507.000
643.901	10493.000
644.100	10307.000
644.298	10488.000
644.497	10484.000
644.696	10349.000
644.894	10346.000
645.093	10373.000
645.291	10369.000
645.490	10287.000
645.689	10329.000
645.887	10386.000
646.086	10330.000
646.285	10193.000
646.483	10225.000
646.682	10275.000
646.881	10148.000
647.079	9990.000
647.278	10062.000
647.476	10094.000
647.675	10109.000
647.874	10158.000
648.072	10025.000
648.271	9962.000
648.470	10121.000
648.668	10018.000
648.867	9905.000
649.066	9885.000
649.264	9917.000
649.463	9924.000
649.661	9937.000
649.860	9957.000
650.059	9919.000
650.257	9967.000
650.456	10024.000
650.655	10233.000
650.853	10151.000
651.052	10086.000
651.251	9966.000
651.449	9975.000
651.648	10085.000
651.846	10101.000
652.045	10120.000
652.244	10159.000
652.442	10278.000
652.641	10316.000
652.840	10254.000
653.038	10183.000
653.237	10230.000
653.436	10173.000
653.634	10133.000
653.833	10208.000
654.032	10187.000
654.230	10171.000
654.429	10158.000
654.627	10129.000
654.826	9990.000
655.025	9892.000
655.223	9740.000
655.422	9501.000
655.621	9319.000
655.819	9255.000
656.018	9064.000
656.217	9057.000
656.415	9205.000
656.614	9265.000
656.812	9308.000
657.011	9469.000
657.210	9442.000
657.408	9420.000
657.607	9646.000
657.806	9657.000
658.004	9780.000
658.203	9842.000
658.402	9815.000
658.600	9927.000
658.799	9991.000
658.997	10058.000
659.196	10133.000
659.395	9981.000
659.593	10057.000
659.792	10130.000
659.991	10109.000
660.189	10049.000
660.388	10222.000
660.587	10212.000
660.785	10222.000
660.984	10200.000
661.182	10235.000
661.381	10308.000
661.580	10312.000
661.778	10304.000
661.977	10434.000
662.176	10364.000
662.374	10300.000
662.573	10273.000
662.772	10319.000
662.970	10149.000
663.169	10148.000
663.367	10235.000
663.566	10247.000
663.765	10282.000
663.963	10184.000
664.162	10131.000
664.361	10164.000
664.559	10219.000
664.758	10188.000
664.957	10214.000
665.155	10193.000
665.354	10136.000
665.552	10126.000
665.751	10159.000
665.950	10266.000
666.148	10122.000
666.347	10092.000
666.546	10010.000
666.744	9990.000
666.943	10165.000
667.142	10099.000
667.340	10063.000
667.539	10088.000
667.738	10173.000
667.936	10090.000
668.135	10133.000
668.333	10180.000
668.532	10137.000
668.731	10088.000
668.929	9966.000
669.128	10004.000
669.327	9986.000
669.525	9987.000
669.724	10080.000
669.923	10006.000
670.121	9975.000
670.320	9975.000
670.518	9968.000
670.717	9899.000
670.916	9813.000
671.114	9863.000
671.313	9889.000
671.512	9860.000
671.710	9784.000
671.909	9795.000
672.108	9854.000
672.306	9886.000
672.505	9806.000
672.703	9835.000
672.902	9764.000
673.101	9830.000
673.299	9933.000
673.498	9836.000
673.697	9769.000
673.895	9764.000
674.094	9789.000
674.293	9624.000
674.491	9664.000
674.690	9739.000
674.888	9671.000
675.087	9714.000
675.286	9755.000
675.484	9720.000
675.683	9681.000
675.882	9613.000
676.080	9751.000
676.279	9622.000
676.478	9570.000
676.676	9601.000
676.875	9577.000
677.073	9463.000
677.272	9535.000
677.471	9700.000
677.669	9689.000
677.868	9593.000
678.067	9511.000
678.265	9483.000
678.464	9575.000
678.663	9493.000
678.861	9502.000
679.060	9469.000
679.259	9388.000
679.457	9543.000
679.656	9559.000
679.854	9379.000
680.053	9426.000
680.252	9359.000
680.450	9349.000
680.649	9496.000
680.848	9432.000
681.046	9388.000
681.245	9347.000
681.444	9156.000
681.642	9385.000
681.841	9484.000
682.039	9425.000
682.238	9469.000
682.437	9325.000
682.635	9199.000
682.834	9245.000
683.033	9215.000
683.231	9156.000
683.430	9036.000
683.629	9091.000
683.827	9095.000
684.026	9124.000
684.224	9089.000
684.423	9148.000
684.622	9123.000
684.820	9048.000
685.019	9074.000
685.218	9097.000
685.416	9007.000
685.615	8815.000
685.814	8615.000
686.012	8361.000
686.211	8083.000
686.409	7685.000
686.608	7433.000
686.807	7557.000
687.005	7706.000
687.204	7675.000
687.403	7534.000
687.601	7613.000
687.800	7613.000
687.999	7521.000
688.197	7443.000
688.396	7522.000
688.594	7556.000
688.793	7414.000
688.992	7564.000
689.190	7739.000
689.389	7780.000
689.588	7750.000
689.786	7776.000
689.985	7819.000
690.184	7943.000
690.382	8054.000
690.581	7925.000
690.779	8036.000
690.978	8083.000
691.177	8116.000
691.375	8036.000
691.574	8080.000
691.773	8204.000
691.971	8054.000
692.170	8035.000
692.369	8049.000
692.567	7973.000
692.766	8052.000
692.965	8096.000
693.163	8054.000
693.362	8092.000
693.560	8113.000
693.759	8035.000
693.958	7935.000
694.156	7840.000
694.355	7971.000
694.554	8070.000
694.752	8004.000
694.951	8000.000
695.150	8052.000
695.348	8174.000
695.547	8040.000
695.745	8059.000
695.944	8198.000
696.143	8227.000
696.341	8276.000
696.540	8327.000
696.743	8343.000
696.946	8336.000
697.149	8376.000
697.352	8357.000
697.555	8282.000
697.757	8198.000
697.960	8392.000
698.163	8389.000
698.366	8258.000
698.569	8203.000
698.772	8243.000
698.975	8148.000
699.178	8066.000
699.381	8100.000
699.584	8234.000
699.787	8107.000
699.989	7988.000
700.192	8109.000
700.395	8064.000
700.598	8065.000
700.801	7958.000
701.004	7836.000
701.207	7933.000
701.410	8043.000
701.613	7979.000
701.816	7985.000
702.019	8028.000
702.221	7933.000
702.424	7941.000
702.627	7992.000
702.830	7930.000
703.033	8066.000
703.236	8138.000
703.439	8113.000
703.642	8066.000
703.845	8086.000
704.048	8075.000
704.251	8036.000
704.453	8032.000
704.656	8171.000
704.859	8211.000
705.062	8247.000
705.265	8155.000
705.468	8094.000
705.671	8218.000
705.874	8080.000
706.077	7954.000
706.280	8043.000
706.483	8012.000
706.685	8129.000
706.888	8226.000
707.091	8151.000
707.294	8198.000
707.497	8213.000
707.700	8133.000
707.903	8068.000
708.106	8089.000
708.309	8086.000
708.512	8099.000
708.715	8117.000
708.917	8258.000
709.120	8186.000
709.323	8139.000
709.526	8161.000
709.729	8167.000
709.932	8023.000
710.135	8029.000
710.338	8083.000
710.541	8160.000
710.744	8157.000
710.947	8117.000
711.149	8037.000
711.352	8093.000
711.555	8203.000
711.758	8056.000
711.961	8077.000
712.164	8093.000
712.367	7983.000
712.570	7812.000
712.773	7925.000
712.976	7974.000
713.179	8004.000
713.381	7971.000
713.584	7987.000
713.787	7850.000
713.990	7777.000
714.193	7825.000
714.396	7879.000
714.599	7887.000
714.802	7761.000
715.005	7689.000
715.208	7580.000
715.411	7519.000
715.613	7495.000
715.816	7296.000
716.019	7049.000
716.222	6888.000
716.425	6824.000
716.628	6653.000
716.831	6450.000
717.034	6379.000
717.237	6378.000
717.440	6276.000
717.643	6177.000
717.845	6082.000
718.048	5925.000
718.251	5750.000
718.454	5738.000
718.657	5766.000
718.860	5760.000
719.063	5692.000
719.266	5582.000
719.469	5583.000
719.672	5656.000
719.875	5737.000
720.077	5808.000
720.280	5906.000
720.483	6028.000
720.686	6075.000
720.889	6358.000
721.092	6429.000
721.295	6400.000
721.498	6393.000
721.701	6454.000
721.904	6423.000
722.107	6428.000
722.309	6484.000
722.512	6366.000
722.715	6294.000
722.918	6218.000
723.121	6174.000
723.324	6147.000
723.527	6088.000
723.730	6054.000
723.933	6066.000
724.136	6022.000
724.339	5847.000
724.541	5849.000
724.744	5877.000
724.947	5841.000
725.150	5821.000
725.353	5848.000
725.556	5791.000
725.759	5826.000
725.962	5849.000
726.165	5866.000
726.368	5890.000
726.571	5784.000
726.773	5796.000
726.976	5965.000
727.179	5835.000
727.382	5788.000
727.585	5954.000
727.788	5859.000
727.991	5751.000
728.194	5743.000
728.397	5775.000
728.600	5686.000
728.803	5643.000
729.005	5740.000
729.208	5887.000
729.411	5980.000
729.614	5909.000
729.817	5784.000
730.020	5776.000
730.223	5728.000
730.426	5761.000
730.629	5800.000
730.832	5781.000
731.035	5783.000
731.237	5914.000
731.440	5957.000
731.643	5917.000
731.846	5982.000
732.049	6056.000
732.252	6156.000
732.455	6207.000
732.658	6185.000
732.861	6330.000
733.064	6319.000
733.267	6361.000
733.469	6437.000
733.672	6406.000
733.875	6278.000
734.078	6321.000
734.281	6295.000
734.484	6267.000
734.687	6235.000
734.890	6322.000
735.093	6291.000
735.296	6372.000
735.499	6275.000
735.701	6299.000
735.904	6200.000
736.107	6255.000
736.310	6380.000
736.513	6253.000
736.716	6224.000
736.919	6278.000
737.122	6290.000
737.325	6350.000
737.528	6259.000
737.731	6187.000
737.933	6227.000
738.136	6217.000
738.339	6252.000
738.542	6264.000
738.745	6284.000
738.948	6227.000
739.151	6028.000
739.354	5966.000
739.557	6084.000
739.760	6104.000
739.963	6027.000
740.165	6066.000
740.368	6154.000
740.571	6074.000
740.774	6094.000
740.977	6070.000
741.180	6166.000
741.383	6165.000
741.586	6119.000
741.789	6131.000
741.992	6197.000
742.195	6184.000
742.397	6194.000
742.600	6256.000
742.803	6157.000
743.006	6186.000
743.209	6195.000
743.412	6082.000
743.615	5903.000
743.818	6024.000
744.021	6114.000
744.224	6059.000
744.427	6085.000
744.629	6172.000
744.832	6162.000
745.035	6109.000
745.238	5914.000
745.441	5938.000
745.644	5956.000
745.847	5971.000
746.050	6067.000
746.253	6044.000
746.456	6023.000
746.659	6031.000
746.861	5874.000
747.064	5943.000
747.267	5973.000
747.470	5985.000
747.673	5909.000
747.876	5971.000
748.079	5940.000
748.282	5906.000
748.485	5838.000
748.688	5742.000
748.891	5773.000
749.093	5864.000
749.296	5868.000
749.499	5814.000
749.702	5788.000
749.905	5879.000
750.108	5874.000
750.311	5754.000
750.514	5730.000
750.717	5678.000
750.920	5718.000
751.123	5810.000
751.325	5751.000
751.528	5752.000
751.731	5725.000
751.934	5812.000
752.137	5666.000
752.340	5519.000
752.543	5603.000
752.746	5648.000
752.949	5606.000
753.152	5614.000
753.355	5567.000
753.557	5519.000
753.760	5585.000
753.963	5567.000
754.166	5610.000
754.369	5576.000
754.572	5504.000
754.775	5543.000
754.978	5540.000
755.181	5451.000
755.384	5451.000
755.587	5565.000
755.789	5519.000
755.992	5562.000
756.195	5496.000
756.398	5490.000
756.601	5478.000
756.804	5522.000
757.007	5434.000
757.210	5435.000
757.413	5329.000
757.616	5286.000
757.819	5198.000
758.021	5072.000
758.224	4841.000
758.427	4621.000
758.630	4174.000
758.833	3893.000
759.036	3509.000
759.239	3182.000
759.442	2946.000
759.645	2755.000
759.848	2496.000
760.051	2493.000
760.253	2533.000
760.456	2531.000
760.659	2570.000
760.862	2551.000
761.065	2531.000
761.268	2451.000
761.471	2350.000
761.674	2367.000
761.877	2336.000
762.080	2324.000
762.283	2314.000
762.485	2341.000
762.688	2427.000
762.891	2411.000
763.094	2517.000
763.297	2636.000
763.500	2713.000
763.706	2787.000
763.912	2830.000
764.118	2875.000
764.325	2899.000
764.531	3024.000
764.737	3095.000
764.943	3173.000
765.149	3287.000
765.355	3411.000
765.561	3667.000
765.768	3725.000
765.974	3733.000
766.180	3754.000
766.386	3900.000
766.592	4068.000
766.798	4064.000
767.004	4180.000
767.210	4347.000
767.417	4440.000
767.623	4328.000
767.829	4322.000
768.035	4506.000
768.241	4599.000
768.447	4590.000
768.653	4508.000
768.860	4496.000
769.066	4556.000
769.272	4621.000
769.478	4619.000
769.684	4622.000
769.890	4650.000
770.096	4671.000
770.303	4688.000
770.509	4701.000
770.715	4649.000
770.921	4670.000
771.127	4747.000
771.333	4658.000
771.539	4763.000
771.745	4666.000
771.952	4758.000
772.158	4822.000
772.364	4635.000
772.570	4667.000
772.776	4739.000
772.982	4625.000
773.188	4597.000
773.395	4592.000
773.601	4597.000
773.807	4617.000
774.013	4592.000
774.219	4599.000
774.425	4617.000
774.631	4580.000
774.838	4528.000
775.044	4475.000
775.250	4518.000
775.456	4581.000
775.662	4600.000
775.868	4615.000
776.074	4481.000
776.281	4533.000
776.487	4491.000
776.693	4351.000
776.899	4404.000
777.105	4529.000
777.311	4524.000
777.517	4522.000
777.723	4548.000
777.930	4427.000
778.136	4401.000
778.342	4444.000
778.548	4443.000
778.754	4406.000
778.960	4459.000
779.166	4407.000
779.373	4392.000
779.579	4403.000
779.785	4327.000
779.991	4249.000
780.197	4277.000
780.403	4251.000
780.609	4283.000
780.816	4342.000
781.022	4309.000
781.228	4331.000
781.434	4298.000
781.640	4332.000
781.846	4314.000
782.052	4285.000
782.259	4313.000
782.465	4195.000
782.671	4152.000
782.877	4098.000
783.083	4122.000
783.289	4169.000
783.495	4221.000
783.701	4261.000
783.908	4247.000
784.114	4094.000
784.320	4106.000
784.526	4107.000
784.732	4107.000
784.938	4150.000
785.144	4084.000
785.351	4033.000
785.557	4061.000
785.763	4057.000
785.969	3996.000
786.175	3945.000
786.381	3990.000
786.587	3999.000
786.794	3983.000
787.000	3938.000
787.206	3910.000
787.412	3920.000
787.618	3883.000
787.824	3843.000
788.030	3805.000
788.236	3826.000
788.443	3867.000
788.649	3789.000
788.855	3790.000
789.061	3739.000
789.267	3749.000
789.473	3746.000
789.679	3785.000
789.886	3708.000
790.092	3642.000
790.298	3660.000
790.504	3735.000
790.710	3698.000
790.916	3608.000
791.122	3619.000
791.329	3639.000
791.535	3657.000
791.741	3652.000
791.947	3652.000
792.153	3615.000
792.359	3586.000
792.565	3685.000
792.771	3739.000
792.978	3607.000
793.184	3557.000
793.390	3475.000
793.596	3588.000
793.802	3605.000
794.008	3580.000
794.214	3674.000
794.421	3612.000
794.627	3517.000
794.833	3528.000
795.039	3503.000
795.245	3428.000
795.451	3406.000
795.657	3449.000
795.864	3531.000
796.070	3557.000
796.276	3549.000
796.482	3595.000
796.688	3462.000
796.894	3389.000
797.100	3385.000
797.307	3451.000
797.513	3443.000
797.719	3375.000
797.925	3420.000
798.131	3363.000
798.337	3352.000
798.543	3287.000
798.749	3359.000
798.956	3446.000
799.162	3398.000
799.368	3324.000
799.574	3358.000
799.780	3334.000
799.986	3273.000
800.192	3271.000
800.399	3233.000
800.605	3326.000
800.811	3298.000
801.017	3292.000
801.223	3215.000
801.429	3195.000
801.635	3188.000
801.842	3157.000
802.048	3195.000
802.254	3216.000
802.460	3226.000
802.666	3149.000
802.872	3179.000
803.078	3179.000
803.285	3104.000
803.491	3141.000
803.697	3142.000
803.903	3087.000
804.109	3097.000
804.315	3116.000
804.521	3133.000
804.727	3173.000
804.934	3107.000
805.140	3120.000
805.346	3133.000
805.552	3214.000
805.758	3201.000
805.964	3087.000
806.170	3130.000
806.377	3181.000
806.583	3096.000
806.789	3047.000
806.995	3034.000
807.201	2968.000
807.407	2987.000
807.613	3108.000
807.820	3110.000
808.026	3007.000
808.232	3047.000
808.438	2990.000
808.644	2913.000
808.850	2925.000
809.056	2923.000
809.262	2832.000
809.469	2838.000
809.675	2928.000
809.881	2887.000
810.087	2866.000
810.293	2875.000
810.499	2889.000
810.705	2922.000
810.912	2838.000
811.118	2703.000
811.324	2709.000
811.530	2774.000
811.739	2759.000
811.947	2798.000
812.156	2753.000
812.365	2583.000
812.573	2596.000
812.782	2586.000
812.990	2551.000
813.199	2530.000
813.408	2496.000
813.616	2462.000
813.825	2372.000
814.034	2365.000
814.242	2382.000
814.451	2353.000
814.659	2302.000
814.868	2290.000
815.077	2247.000
815.285	2224.000
815.494	2150.000
815.703	2083.000
815.911	2148.000
816.120	2165.000
816.329	2145.000
816.537	2139.000
816.746	2126.000
816.954	2132.000
817.163	2125.000
817.372	2084.000
817.580	2057.000
817.789	2122.000
817.998	2142.000
818.206	2156.000
818.415	2124.000
818.624	2011.000
818.832	1993.000
819.041	2070.000
819.249	2164.000
819.458	2224.000
819.667	2296.000
819.875	2252.000
820.084	2264.000
820.293	2273.000
820.501	2233.000
820.710	2236.000
820.919	2225.000
821.127	2227.000
821.336	2130.000
821.544	2030.000
821.753	2032.000
821.962	2034.000
822.170	1989.000
822.379	1978.000
822.588	2012.000
822.796	2006.000
823.005	2023.000
823.213	2022.000
823.422	2013.000
823.631	2129.000
823.839	2103.000
824.048	2098.000
824.257	2104.000
824.465	2110.000
824.674	2130.000
824.883	2152.000
825.091	2173.000
825.300	2128.000
825.508	2192.000
825.717	2254.000
825.926	2219.000
826.134	2205.000
826.343	2173.000
826.552	2103.000
826.760	2052.000
826.969	2096.000
827.178	2096.000
827.386	2101.000
827.595	2083.000
827.803	2096.000
828.012	2108.000
828.221	2075.000
828.429	2135.000
828.638	2134.000
828.847	2103.000
829.055	2089.000
829.264	2050.000
829.472	2063.000
829.681	2043.000
829.890	2063.000
830.098	2039.000
830.307	1991.000
830.516	1977.000
830.724	2033.000
830.933	2031.000
831.142	1996.000
831.350	2043.000
831.559	2017.000
831.767	1983.000
831.976	1935.000
832.185	1963.000
832.393	1977.000
832.602	1985.000
832.811	1975.000
833.019	1938.000
833.228	1974.000
833.437	1984.000
833.645	1998.000
833.854	1980.000
834.062	1950.000
834.271	2059.000
834.480	2085.000
834.688	2008.000
834.897	1974.000
835.106	1912.000
835.314	1962.000
835.523	2055.000
835.731	2097.000
835.940	2150.000
836.149	2072.000
836.357	1996.000
836.566	1993.000
836.775	1998.000
836.983	2073.000
837.192	2093.000
837.401	2027.000
837.609	1975.000
837.818	2072.000
838.026	2061.000
838.235	2007.000
838.444	2063.000
838.652	2096.000
838.861	2070.000
839.070	2026.000
839.278	2015.000
839.487	1995.000
839.696	2107.000
839.904	2048.000
840.113	1983.000
840.321	2006.000
840.530	1976.000
840.739	1995.000
840.947	2034.000
841.156	1984.000
841.365	1917.000
841.573	2014.000
841.782	1998.000
841.991	1926.000
842.199	1926.000
842.408	1939.000
842.616	1894.000
842.825	1932.000
843.034	1945.000
843.242	1928.000
843.451	1943.000
843.660	1922.000
843.868	1943.000
844.077	1936.000
844.285	1994.000
844.494	2009.000
844.703	1924.000
844.911	1897.000
845.120	1876.000
845.329	1914.000
845.537	1880.000
845.746	1855.000
845.955	1920.000
846.163	1946.000
846.372	1935.000
846.580	1849.000
846.789	1885.000
846.998	1898.000
847.206	1862.000
847.415	1866.000
847.624	1849.000
847.832	1844.000
848.041	1867.000
848.250	1846.000
848.458	1880.000
848.667	1886.000
848.875	1840.000
849.084	1702.000
849.293	1691.000
849.501	1736.000
849.710	1782.000
849.919	1786.000
850.127	1782.000
850.336	1746.000
850.544	1701.000
850.753	1706.000
850.962	1720.000
851.170	1724.000
851.379	1768.000
851.588	1657.000
851.796	1679.000
852.005	1748.000
852.214	1792.000
852.422	1804.000
852.631	1751.000
852.839	1631.000
853.048	1587.000
853.257	1613.000
853.465	1532.000
853.674	1479.000
853.883	1572.000
854.091	1552.000
854.300	1552.000
854.509	1599.000
854.717	1649.000
854.926	1643.000
855.134	1557.000
855.343	1543.000
855.552	1580.000
855.760	1643.000
855.969	1678.000
856.178	1584.000
856.386	1629.000
856.595	1680.000
856.803	1642.000
857.012	1636.000
857.221	1571.000
857.429	1628.000
857.638	1615.000
857.847	1608.000
858.055	1612.000
858.264	1625.000
858.473	1686.000
858.681	1658.000
858.890	1625.000
859.098	1613.000
859.307	1625.000
859.516	1552.000
859.724	1529.000
859.933	1531.000
860.142	1594.000
860.350	1667.000
860.559	1627.000
860.768	1519.000
860.976	1519.000
861.185	1561.000
861.393	1549.000
861.602	1559.000
861.811	1549.000
862.019	1591.000
862.228	1502.000
862.437	1459.000
862.645	1532.000
862.854	1579.000
863.062	1586.000
863.271	1580.000
863.480	1590.000
863.688	1602.000
863.897	1489.000
864.106	1429.000
864.314	1449.000
864.523	1393.000
864.732	1423.000
864.940	1413.000
865.149	1393.000
865.357	1380.000
865.566	1349.000
865.775	1402.000
865.983	1419.000
866.192	1330.000
866.401	1355.000
866.609	1366.000
866.818	1320.000
867.027	1352.000
867.235	1346.000
867.444	1311.000
867.652	1325.000
867.861	1370.000
868.070	1306.000
868.278	1309.000
868.487	1351.000
868.696	1386.000
868.904	1354.000
869.113	1292.000
869.321	1320.000
869.530	1379.000
869.739	1333.000
869.947	1314.000
870.156	1302.000
870.365	1329.000
870.573	1346.000
870.782	1419.000
870.991	1414.000
871.199	1328.000
871.408	1228.000
871.616	1249.000
871.825	1213.000
872.034	1248.000
872.242	1317.000
872.451	1300.000
872.660	1237.000
872.868	1327.000
873.077	1324.000
873.286	1216.000
873.494	1265.000
873.703	1335.000
873.911	1227.000
874.120	1158.000
874.329	1184.000
874.537	1244.000
874.746	1223.000
874.955	1194.000
875.163	1149.000
875.372	1178.000
875.581	1184.000
875.789	1232.000
875.998	1235.000
876.206	1230.000
876.415	1187.000
876.624	1161.000
876.832	1143.000
877.041	1231.000
877.250	1228.000
877.458	1127.000
877.667	1211.000
877.875	1224.000
878.084	1131.000
878.293	1120.000
878.501	1115.000
878.710	1103.000
878.919	1135.000
879.127	1104.000
879.336	1107.000
879.545	1090.000
879.753	1106.000
879.962	1085.000
880.170	1098.000
880.379	1166.000
880.588	1147.000
880.796	1161.000
881.005	1204.000
881.214	1179.000
881.422	1138.000
881.631	1142.000
881.840	1152.000
882.048	1150.000
882.257	1117.000
882.465	1035.000
882.674	1016.000
882.883	1047.000
883.091	1067.000
883.300	1067.000
883.509	1067.000
883.717	1117.000
883.926	1130.000
884.134	1052.000
884.343	1035.000
884.552	1085.000
884.760	1065.000
884.969	1070.000
885.178	1026.000
885.386	1007.000
885.595	1000.000
885.804	1007.000
886.012	964.000
886.221	996.000
886.429	997.000
886.638	994.000
886.847	1018.000
887.055	1072.000
887.264	1085.000
887.473	1105.000
887.681	1033.000
887.890	981.000
888.099	925.000
888.307	950.000
888.516	1028.000
888.724	1010.000
888.933	983.000
889.142	979.000
889.350	981.000
889.559	976.000
889.768	933.000
889.976	927.000
890.185	973.000
890.393	906.000
890.602	916.000
890.811	935.000
891.019	954.000
891.228	1030.000
891.437	983.000
891.645	906.000
891.854	925.000
892.063	931.000
892.271	898.000
892.480	880.000
892.688	864.000
892.897	920.000
893.106	926.000
893.314	945.000
893.523	842.000
893.732	806.000
893.940	829.000
894.149	805.000
894.358	871.000
894.566	865.000
894.775	894.000
894.983	887.000
895.192	812.000
895.401	816.000
895.609	804.000
895.818	750.000
896.027	727.000
896.235	745.000
896.444	718.000
896.652	718.000
896.861	636.000
897.070	737.000
897.278	761.000
897.487	700.000
897.696	700.000
897.904	667.000
898.113	709.000
898.322	654.000
898.530	623.000
898.739	657.000
898.947	615.000
899.156	650.000
899.365	638.000
899.573	664.000
899.782	629.000
899.991	597.000
900.199	571.000
900.408	629.000
900.617	667.000
900.825	650.000
901.034	688.000
901.242	659.000
901.451	613.000
901.660	647.000
901.868	685.000
902.077	660.000
902.286	634.000
902.494	694.000
902.703	761.000
902.911	715.000
903.120	746.000
903.329	750.000
903.537	766.000
903.746	712.000
903.955	723.000
904.163	711.000
904.372	687.000
904.581	763.000
904.789	859.000
904.998	826.000
905.206	736.000
905.415	714.000
905.624	687.000
905.832	636.000
906.041	593.000
906.250	578.000
906.458	596.000
906.667	624.000
906.876	599.000
907.084	642.000
907.293	640.000
907.501	668.000
907.710	608.000
907.919	642.000
908.127	680.000
908.336	620.000
908.545	596.000
908.753	647.000
908.962	683.000
909.170	638.000
909.379	606.000
909.588	637.000
909.796	572.000
910.005	579.000
910.214	524.000
910.422	567.000
910.631	557.000
910.840	578.000
911.048	615.000
911.257	613.000
911.465	609.000
911.674	624.000
911.883	599.000
912.091	567.000
912.300	562.000
912.508	559.000
912.716	549.000
912.924	531.000
913.132	511.000
913.340	578.000
913.549	603.000
913.757	583.000
913.965	552.000
914.173	559.000
914.381	575.000
914.589	512.000
914.797	545.000
915.005	565.000
915.213	606.000
915.421	589.000
915.629	523.000
915.838	471.000
916.046	470.000
916.254	510.000
916.462	471.000
916.670	500.000
916.878	586.000
917.086	614.000
917.294	610.000
917.502	593.000
917.710	591.000
917.919	541.000
918.127	501.000
918.335	504.000
918.543	534.000
918.751	565.000
918.959	568.000
919.167	576.000
919.375	585.000
919.583	637.000
919.791	585.000
919.999	570.000
920.208	619.000
920.416	540.000
920.624	523.000
920.832	561.000
921.040	562.000
921.248	555.000
921.456	545.000
921.664	536.000
921.872	508.000
922.080	498.000
922.288	502.000
922.497	523.000
922.705	555.000
922.913	610.000
923.121	569.000
923.329	542.000
923.537	529.000
923.745	528.000
923.953	502.000
924.161	483.000
924.369	516.000
924.578	495.000
924.786	530.000
924.994	567.000
925.202	590.000
925.410	541.000
925.618	578.000
925.826	547.000
926.034	499.000
926.242	494.000
926.450	451.000
926.658	448.000
926.867	493.000
927.075	461.000
927.283	449.000
927.491	442.000
927.699	461.000
927.907	440.000
928.115	439.000
928.323	365.000
928.531	318.000
928.739	359.000
928.947	408.000
929.156	393.000
929.364	403.000
929.572	376.000
929.780	275.000
929.988	280.000
930.196	323.000
930.404	291.000
930.612	265.000
930.820	264.000
931.028	307.000
931.236	301.000
931.445	309.000
931.653	254.000
931.861	249.000
932.069	164.000
932.277	191.000
932.485	240.000
932.693	194.000
932.901	196.000
933.109	165.000
933.317	194.000
933.526	217.000
933.734	212.000
933.942	161.000
934.150	177.000
934.358	171.000
934.566	167.000
934.774	139.000
934.982	152.000
935.190	183.000
935.398	205.000
935.606	188.000
935.815	199.000
936.023	195.000
936.231	223.000
936.439	197.000
936.647	155.000
936.855	126.000
937.063	116.000
937.271	156.000
937.479	181.000
937.687	193.000
937.895	228.000
938.104	239.000
938.312	181.000
938.520	174.000
938.728	183.000
938.936	181.000
939.144	208.000
939.352	208.000
939.560	241.000
939.768	233.000
939.976	203.000
940.185	159.000
940.393	162.000
940.601	177.000
940.809	176.000
941.017	231.000
941.225	205.000
941.433	193.000
941.641	178.000
941.849	129.000
942.057	181.000
942.265	192.000
942.474	191.000
942.682	187.000
942.890	129.000
943.098	187.000
943.306	219.000
943.514	181.000
943.722	139.000
943.930	188.000
944.138	233.000
944.346	244.000
944.554	223.000
944.763	167.000
944.971	142.000
945.179	154.000
945.387	157.000
945.595	203.000
945.803	237.000
946.011	227.000
946.219	230.000
946.427	195.000
946.635	139.000
946.843	193.000
947.052	257.000
947.260	186.000
947.468	131.000
947.676	156.000
947.884	197.000
948.092	218.000
948.300	178.000
948.508	146.000
948.716	178.000
948.924	137.000
949.133	196.000
949.341	237.000
949.549	189.000
949.757	218.000
949.965	198.000
950.173	155.000
950.381	192.000
950.589	175.000
950.797	156.000
951.005	123.000
951.213	152.000
951.422	148.000
951.630	155.000
951.838	148.000
952.046	211.000
952.254	223.000
952.462	173.000
952.670	202.000
952.878	220.000
953.086	190.000
953.294	174.000
953.502	168.000
953.711	216.000
953.919	176.000
954.127	156.000
954.335	121.000
954.543	129.000
954.751	161.000
954.959	173.000
955.167	205.000
955.375	199.000
955.583	190.000
955.792	225.000
956.000	224.000
956.208	219.000
956.416	148.000
956.624	136.000
956.832	207.000
957.040	195.000
957.248	174.000
957.456	185.000
957.664	190.000
957.872	138.000
958.081	128.000
958.289	158.000
958.497	178.000
958.705	171.000
958.913	165.000
959.121	93.000
959.329	86.000
959.537	158.000
959.745	195.000
959.953	199.000
960.161	147.000
960.370	135.000
960.578	162.000
960.786	195.000
960.994	147.000
961.202	174.000
961.410	200.000
961.618	175.000
961.826	167.000
962.034	226.000
962.242	196.000
962.451	170.000
962.659	155.000
962.867	143.000
963.075	191.000
963.283	214.000
963.491	147.000
963.699	148.000
963.907	179.000
964.115	189.000
964.323	243.000
964.531	258.000
964.740	198.000
964.948	156.000
965.156	127.000
965.364	220.000
965.572	306.000
965.780	235.000
965.999	175.000
966.218	155.000
966.438	126.000
966.657	127.000
966.876	169.000
967.095	204.000
967.315	208.000
967.534	179.000
967.753	247.000
967.972	260.000
968.192	275.000
968.411	219.000
968.630	166.000
968.849	191.000
969.068	207.000
969.288	193.000
969.507	251.000
969.726	284.000
969.945	253.000
970.165	187.000
970.384	183.000
970.603	158.000
970.822	185.000
971.042	155.000
971.261	179.000
971.480	228.000
971.699	201.000
971.919	200.000
972.138	242.000
972.357	224.000
972.576	165.000
972.795	151.000
973.015	166.000
973.234	210.000
973.453	199.000
973.672	154.000
973.892	178.000
974.111	173.000
974.330	155.000
974.549	194.000
974.769	151.000
974.988	210.000
975.207	165.000
975.426	89.000
975.646	117.000
975.865	142.000
976.084	160.000
976.303	200.000
976.522	207.000
976.742	163.000
976.961	135.000
977.180	185.000
977.399	180.000
977.619	186.000
977.838	215.000
978.057	231.000
978.276	247.000
978.496	208.000
978.715	167.000
978.934	154.000
979.153	92.000
979.372	103.000
979.592	179.000
979.811	198.000
980.030	136.000
980.249	152.000
980.469	196.000
980.688	200.000
980.907	136.000
981.126	138.000
981.346	208.000
981.565	153.000
981.784	100.000
982.003	147.000
982.223	232.000
982.442	236.000
982.661	155.000
982.880	185.000
983.099	183.000
983.319	162.000
983.538	154.000
983.757	135.000
983.976	193.000
984.196	182.000
984.415	234.000
984.634	219.000
984.853	196.000
985.073	203.000
985.292	155.000
985.511	148.000
985.730	151.000
985.949	171.000
986.169	203.000
986.388	226.000
986.607	97.000
986.826	115.000
987.046	121.000
987.265	146.000
987.484	178.000
987.703	160.000
987.923	136.000
988.142	167.000
988.361	209.000
988.580	215.000
988.800	112.000
989.019	152.000
989.238	158.000
989.457	152.000
989.676	175.000
989.896	179.000
990.115	134.000
990.334	124.000
990.553	130.000
990.773	113.000
990.992	141.000
991.211	188.000
991.430	205.000
991.650	128.000
991.869	102.000
992.088	61.000
992.307	105.000
992.527	145.000
992.746	112.000
992.965	167.000
993.184	198.000
993.403	172.000
993.623	150.000
993.842	142.000
994.061	122.000
994.280	125.000
994.500	96.000
994.719	87.000
994.938	123.000
995.157	90.000
995.377	117.000
995.596	165.000
995.815	182.000
996.034	100.000
996.253	58.000
996.473	88.000
996.692	128.000
996.911	134.000
997.130	188.000
997.350	143.000
997.569	143.000
997.788	141.000
998.007	101.000
998.227	111.000
998.446	149.000
998.665	149.000
998.884	155.000
999.104	136.000
999.323	164.000
999.542	119.000
999.761	102.000
999.980	91.000
1000.200	163.000
1000.419	158.000
1000.638	133.000
1000.857	127.000
1001.077	106.000
1001.296	115.000
1001.515	110.000
1001.734	125.000
1001.954	112.000
1002.173	129.000
1002.392	138.000
1002.611	75.000
1002.830	48.000
1003.050	38.000
1003.269	136.000
1003.488	118.000
1003.707	77.000
1003.927	119.000
1004.146	129.000
1004.365	128.000
1004.584	113.000
1004.804	86.000
1005.023	81.000
1005.242	83.000
1005.461	103.000
1005.681	117.000
1005.900	122.000
1006.119	81.000
1006.338	106.000
1006.557	152.000
1006.777	167.000
1006.996	133.000
1007.215	72.000
1007.434	77.000
1007.654	75.000
1007.873	82.000
1008.092	107.000
1008.311	129.000
1008.531	107.000
1008.750	122.000
1008.969	68.000
1009.188	-46.000
1009.407	-6.000
1009.627	67.000
1009.846	57.000
1010.065	71.000
1010.284	41.000
1010.504	-9.000
1010.723	53.000
1010.942	71.000
1011.161	85.000
1011.381	59.000
1011.600	2.000
1011.819	80.000
1012.038	91.000
1012.258	99.000
1012.477	136.000
1012.696	120.000
1012.915	100.000
1013.134	61.000
1013.354	56.000
1013.573	141.000
1013.792	151.000
1014.011	92.000
1014.231	68.000
1014.450	104.000
1014.669	62.000
1014.888	43.000
1015.108	119.000
1015.327	117.000
1015.546	107.000
1015.765	111.000
1015.984	94.000
1016.204	115.000
1016.423	107.000
1016.642	118.000
1016.861	92.000
1017.081	51.000
1017.300	32.000
1017.519	38.000
