296.912	252.000
297.101	2.000
297.290	-67.000
297.479	41.000
297.668	-275.000
297.858	-92.000
298.047	171.000
298.236	-8.000
298.425	-148.000
298.614	-188.000
298.803	-262.000
298.992	-116.000
299.181	-52.000
299.370	-142.000
299.559	-43.000
299.748	49.000
299.937	94.000
300.126	236.000
300.315	-75.000
300.504	-209.000
300.693	-30.000
300.882	-67.000
301.071	-70.000
301.260	-166.000
301.449	-235.000
301.638	-110.000
301.827	-93.000
302.016	-118.000
302.205	-128.000
302.395	-188.000
302.584	-148.000
302.773	36.000
302.962	82.000
303.151	-120.000
303.340	-282.000
303.529	-341.000
303.718	-178.000
303.907	-76.000
304.096	-102.000
304.285	-156.000
304.474	-81.000
304.663	-14.000
304.852	-68.000
305.041	-59.000
305.230	4.000
305.419	-8.000
305.608	48.000
305.797	-89.000
305.986	-215.000
306.175	-320.000
306.364	-339.000
306.553	-215.000
306.743	-59.000
306.932	14.000
307.121	37.000
307.310	-44.000
307.499	-99.000
307.688	-175.000
307.877	-59.000
308.066	-175.000
308.255	-68.000
308.444	118.000
308.633	-51.000
308.822	-319.000
309.011	-371.000
309.200	-59.000
309.389	37.000
309.578	-206.000
309.767	-146.000
309.956	8.000
310.145	-144.000
310.334	-331.000
310.523	-138.000
310.712	-133.000
310.901	-275.000
311.091	-121.000
311.280	30.000
311.469	-120.000
311.658	155.000
311.847	-16.000
312.036	-183.000
312.225	-134.000
312.414	-273.000
312.603	-296.000
312.792	-56.000
312.981	-55.000
313.170	-121.000
313.349	-194.000
313.527	-137.000
313.706	-120.000
313.884	-106.000
314.063	-44.000
314.241	-9.000
314.420	249.000
314.598	107.000
314.777	32.000
314.955	-169.000
315.134	-100.000
315.312	-119.000
315.491	-217.000
315.669	-98.000
315.848	-88.000
316.027	-186.000
316.205	-76.000
316.384	-177.000
316.562	-122.000
316.741	-247.000
316.919	-147.000
317.098	-104.000
317.276	-209.000
317.455	-144.000
317.633	-72.000
317.812	102.000
317.990	-84.000
318.169	-1.000
318.347	30.000
318.526	138.000
318.705	-136.000
318.883	-188.000
319.062	-215.000
319.240	-107.000
319.419	-251.000
319.597	-12.000
319.776	187.000
319.954	-149.000
320.133	-276.000
320.311	-160.000
320.490	35.000
320.668	-45.000
320.847	-223.000
321.025	-188.000
321.204	37.000
321.382	46.000
321.561	-162.000
321.740	-166.000
321.918	-62.000
322.097	4.000
322.275	-86.000
322.454	-157.000
322.632	-148.000
322.811	-176.000
322.989	-298.000
323.168	-221.000
323.346	-192.000
323.525	-261.000
323.703	-358.000
323.882	-373.000
324.060	-169.000
324.239	69.000
324.418	24.000
324.596	5.000
324.775	-114.000
324.953	-315.000
325.132	-170.000
325.310	57.000
325.489	-149.000
325.667	-166.000
325.846	-159.000
326.024	-94.000
326.203	54.000
326.381	-79.000
326.560	44.000
326.738	-95.000
326.917	-169.000
327.096	-85.000
327.274	21.000
327.453	-71.000
327.631	-256.000
327.810	-166.000
327.988	-223.000
328.167	-176.000
328.345	-246.000
328.524	-235.000
328.702	-190.000
328.881	-221.000
329.059	-257.000
329.238	-211.000
329.416	-23.000
329.595	-176.000
329.774	-148.000
329.952	-4.000
330.131	-36.000
330.309	5.000
330.488	34.000
330.666	-196.000
330.845	-252.000
331.023	-193.000
331.202	-257.000
331.380	-292.000
331.559	-139.000
331.737	-138.000
331.916	-364.000
332.094	-175.000
332.273	19.000
332.452	-209.000
332.630	-151.000
332.809	-29.000
332.987	-109.000
333.166	-109.000
333.344	-47.000
333.523	-32.000
333.701	-157.000
333.880	-69.000
334.058	-108.000
334.237	13.000
334.415	101.000
334.594	-13.000
334.772	-363.000
334.951	-272.000
335.129	-327.000
335.308	1.000
335.487	79.000
335.665	-21.000
335.844	207.000
336.022	284.000
336.201	-82.000
336.379	-200.000
336.558	-38.000
336.736	40.000
336.915	2.000
337.093	127.000
337.272	-97.000
337.450	-192.000
337.629	-235.000
337.807	-288.000
337.986	-121.000
338.165	-51.000
338.343	-90.000
338.522	-2.000
338.700	52.000
338.879	-135.000
339.057	-51.000
339.236	162.000
339.414	11.000
339.593	-198.000
339.771	0.000
339.950	115.000
340.128	36.000
340.307	-46.000
340.485	-155.000
340.664	-18.000
340.843	-120.000
341.021	-183.000
341.200	-142.000
341.378	-46.000
341.557	128.000
341.735	-66.000
341.914	-263.000
342.092	-86.000
342.271	80.000
342.449	-104.000
342.628	-309.000
342.806	-249.000
342.985	145.000
343.163	155.000
343.342	-102.000
343.521	-256.000
343.699	-261.000
343.878	-199.000
344.056	-128.000
344.235	-171.000
344.413	-122.000
344.592	82.000
344.770	-173.000
344.949	-70.000
345.127	-72.000
345.306	-44.000
345.484	-291.000
345.663	-191.000
345.841	34.000
346.020	-10.000
346.199	-79.000
346.377	-161.000
346.556	167.000
346.734	225.000
346.913	-152.000
347.091	-119.000
347.270	56.000
347.448	-63.000
347.627	-215.000
347.805	-67.000
347.984	-134.000
348.162	-283.000
348.341	-14.000
348.519	69.000
348.698	-220.000
348.876	-274.000
349.055	-227.000
349.234	-59.000
349.412	-43.000
349.591	-279.000
349.769	-235.000
349.948	16.000
350.126	98.000
350.305	161.000
350.483	20.000
350.662	-225.000
350.840	-164.000
351.019	-277.000
351.197	-105.000
351.376	-42.000
351.554	-76.000
351.733	-93.000
351.912	0.000
352.090	97.000
352.269	-65.000
352.447	-121.000
352.626	-88.000
352.804	-8.000
352.983	-128.000
353.161	-114.000
353.340	-71.000
353.518	-135.000
353.697	12.000
353.875	50.000
354.054	136.000
354.232	176.000
354.411	12.000
354.590	-140.000
354.768	-37.000
354.947	-181.000
355.125	-248.000
355.304	-215.000
355.482	-235.000
355.661	-146.000
355.839	-214.000
356.018	-234.000
356.196	-190.000
356.375	-261.000
356.553	-100.000
356.732	-190.000
356.910	-293.000
357.089	-132.000
357.268	6.000
357.446	46.000
357.625	-94.000
357.803	-108.000
357.982	-147.000
358.160	-204.000
358.339	-107.000
358.517	-97.000
358.696	-106.000
358.874	-213.000
359.053	-235.000
359.231	-323.000
359.410	-167.000
359.588	-92.000
359.767	-4.000
359.945	90.000
360.124	-115.000
360.303	-217.000
360.481	-232.000
360.660	-192.000
360.838	-114.000
361.017	-165.000
361.195	-231.000
361.374	-185.000
361.552	-161.000
361.731	-77.000
361.909	-5.000
362.088	-233.000
362.266	-158.000
362.445	-161.000
362.623	-94.000
362.802	-103.000
362.981	-143.000
363.159	94.000
363.338	-45.000
363.516	26.000
363.695	39.000
363.873	23.000
364.052	-114.000
364.230	27.000
364.409	-112.000
364.587	-102.000
364.766	-176.000
364.944	-81.000
365.123	81.000
365.301	-45.000
365.480	-94.000
365.660	-186.000
365.839	-79.000
366.019	108.000
366.199	-5.000
366.379	-98.000
366.558	-87.000
366.738	85.000
366.918	-102.000
367.098	-402.000
367.277	-246.000
367.457	-91.000
367.637	-156.000
367.816	-116.000
367.996	53.000
368.176	-50.000
368.356	24.000
368.535	-78.000
368.715	-3.000
368.895	11.000
369.075	-170.000
369.254	-163.000
369.434	100.000
369.614	246.000
369.793	46.000
369.973	132.000
370.153	-54.000
370.333	-121.000
370.512	-113.000
370.692	-43.000
370.872	-22.000
371.051	-7.000
371.231	245.000
371.411	111.000
371.591	-129.000
371.770	-19.000
371.950	2.000
372.130	-230.000
372.310	-268.000
372.489	-90.000
372.669	-135.000
372.849	-141.000
373.028	83.000
373.208	97.000
373.388	-114.000
373.568	-137.000
373.747	-83.000
373.927	-88.000
374.107	-189.000
374.287	-62.000
374.466	-120.000
374.646	-41.000
374.826	-53.000
375.005	-160.000
375.185	-14.000
375.365	301.000
375.545	219.000
375.724	67.000
375.904	127.000
376.084	-96.000
376.263	-190.000
376.443	-77.000
376.623	5.000
376.803	39.000
376.982	-47.000
377.162	-163.000
377.342	-141.000
377.522	79.000
377.701	64.000
377.881	-54.000
378.061	173.000
378.240	-45.000
378.420	-203.000
378.600	-77.000
378.780	80.000
378.959	-140.000
379.139	-28.000
379.319	91.000
379.499	140.000
379.678	139.000
379.858	184.000
380.038	-177.000
380.217	-75.000
380.397	-71.000
380.577	-96.000
380.757	-204.000
380.936	7.000
381.116	12.000
381.296	-108.000
381.476	-2.000
381.655	-68.000
381.835	-47.000
382.015	-173.000
382.194	-80.000
382.374	129.000
382.554	105.000
382.734	1.000
382.913	22.000
383.093	200.000
383.273	52.000
383.452	79.000
383.632	-44.000
383.812	-87.000
383.992	-41.000
384.171	54.000
384.351	-87.000
384.531	-42.000
384.711	-113.000
384.890	-214.000
385.070	-190.000
385.250	-118.000
385.429	18.000
385.609	-21.000
385.789	-36.000
385.969	-69.000
386.148	-193.000
386.328	-67.000
386.508	-14.000
386.688	21.000
386.867	48.000
387.047	46.000
387.227	-92.000
387.406	-122.000
387.586	-124.000
387.766	19.000
387.946	-22.000
388.125	-37.000
388.305	-85.000
388.485	-128.000
388.664	33.000
388.844	-3.000
389.024	-47.000
389.204	-30.000
389.383	-82.000
389.563	-120.000
389.743	-116.000
389.923	-59.000
390.102	-126.000
390.282	-178.000
390.462	-30.000
390.641	-56.000
390.821	-244.000
391.001	-154.000
391.181	-135.000
391.360	-11.000
391.540	99.000
391.720	121.000
391.900	7.000
392.079	-160.000
392.259	-24.000
392.439	73.000
392.618	69.000
392.798	42.000
392.978	-29.000
393.158	-116.000
393.337	80.000
393.517	235.000
393.697	140.000
393.877	229.000
394.056	134.000
394.236	246.000
394.416	90.000
394.595	-125.000
394.775	-34.000
394.955	7.000
395.135	-123.000
395.314	-83.000
395.494	255.000
395.674	167.000
395.853	-146.000
396.033	6.000
396.213	25.000
396.393	-120.000
396.572	60.000
396.752	28.000
396.932	117.000
397.112	157.000
397.291	107.000
397.471	133.000
397.651	-141.000
397.830	-317.000
398.010	-64.000
398.190	4.000
398.370	-38.000
398.549	74.000
398.729	-82.000
398.909	-102.000
399.089	-81.000
399.268	39.000
399.448	157.000
399.628	170.000
399.807	13.000
399.987	44.000
400.167	107.000
400.347	168.000
400.526	234.000
400.706	-50.000
400.886	-100.000
401.065	-97.000
401.245	-120.000
401.425	-27.000
401.605	0.000
401.784	39.000
401.964	15.000
402.144	119.000
402.324	24.000
402.503	-72.000
402.683	-38.000
402.863	-64.000
403.042	-138.000
403.222	-139.000
403.402	85.000
403.582	37.000
403.761	-48.000
403.941	144.000
404.121	-127.000
404.301	-242.000
404.480	28.000
404.660	193.000
404.844	295.000
405.029	188.000
405.213	36.000
405.398	-91.000
405.582	-137.000
405.767	-48.000
405.951	-66.000
406.136	35.000
406.320	68.000
406.505	178.000
406.689	269.000
406.874	203.000
407.058	330.000
407.243	138.000
407.427	-22.000
407.612	73.000
407.796	13.000
407.981	28.000
408.165	149.000
408.350	217.000
408.534	-135.000
408.719	-185.000
408.903	6.000
409.088	158.000
409.272	-46.000
409.457	112.000
409.641	164.000
409.826	189.000
410.010	344.000
410.195	184.000
410.379	143.000
410.564	355.000
410.748	284.000
410.933	185.000
411.117	293.000
411.302	446.000
411.486	438.000
411.671	418.000
411.855	367.000
412.040	245.000
412.224	193.000
412.409	156.000
412.593	360.000
412.778	327.000
412.962	266.000
413.147	588.000
413.331	712.000
413.516	554.000
413.700	494.000
413.885	672.000
414.069	615.000
414.254	704.000
414.438	754.000
414.623	492.000
414.807	571.000
414.992	590.000
415.176	633.000
415.361	853.000
415.545	996.000
415.730	900.000
415.914	826.000
416.099	1202.000
416.283	1013.000
416.468	860.000
416.652	900.000
416.837	909.000
417.021	1067.000
417.206	1036.000
417.390	696.000
417.575	807.000
417.759	969.000
417.944	1114.000
418.128	1079.000
418.313	1135.000
418.497	1106.000
418.682	1172.000
418.866	1476.000
419.051	1101.000
419.235	1156.000
419.420	1535.000
419.604	1440.000
419.789	1392.000
419.973	1313.000
420.158	1348.000
420.342	1348.000
420.527	1385.000
420.711	1580.000
420.896	1853.000
421.080	1708.000
421.265	1701.000
421.449	1638.000
421.634	1805.000
421.818	1846.000
422.003	1499.000
422.187	1588.000
422.372	1908.000
422.556	1807.000
422.741	1674.000
422.925	2037.000
423.110	2015.000
423.294	1989.000
423.479	2026.000
423.663	2092.000
423.848	2032.000
424.032	2000.000
424.217	2034.000
424.401	2145.000
424.586	2114.000
424.770	1935.000
424.955	2066.000
425.139	2272.000
425.324	2286.000
425.508	2270.000
425.693	2196.000
425.877	2231.000
426.062	2281.000
426.246	2552.000
426.431	2383.000
426.615	2260.000
426.800	2388.000
426.984	2349.000
427.169	2385.000
427.353	2569.000
427.538	2332.000
427.722	2391.000
427.907	2480.000
428.091	2428.000
428.276	2528.000
428.460	2666.000
428.645	2925.000
428.829	2492.000
429.014	2358.000
429.198	2461.000
429.383	2573.000
429.567	2442.000
429.752	2384.000
429.936	2643.000
430.121	2472.000
430.305	2564.000
430.490	2472.000
430.674	2700.000
430.859	2924.000
431.043	2877.000
431.228	3157.000
431.412	3134.000
431.597	2979.000
431.781	3150.000
431.966	3292.000
432.150	3359.000
432.335	3368.000
432.519	3436.000
432.704	3508.000
432.888	3578.000
433.073	3314.000
433.257	3311.000
433.442	3604.000
433.626	3568.000
433.811	3647.000
433.995	3744.000
434.180	3731.000
434.364	4007.000
434.549	4276.000
434.733	4160.000
434.918	4109.000
435.102	4102.000
435.287	4169.000
435.471	4129.000
435.656	4201.000
435.840	4411.000
436.030	4403.000
436.219	4340.000
436.409	4587.000
436.599	4533.000
436.789	4440.000
436.978	4543.000
437.168	4811.000
437.358	4800.000
437.548	4634.000
437.737	4679.000
437.927	5005.000
438.117	5287.000
438.306	5304.000
438.496	5013.000
438.686	5035.000
438.876	5045.000
439.065	5329.000
439.255	5506.000
439.445	5494.000
439.634	5630.000
439.824	5733.000
440.014	5666.000
440.204	5804.000
440.393	6018.000
440.583	6239.000
440.773	6029.000
440.963	6139.000
441.152	6259.000
441.342	6357.000
441.532	6723.000
441.721	6686.000
441.911	6807.000
442.101	6732.000
442.291	6960.000
442.480	7320.000
442.670	7571.000
442.860	7471.000
443.050	7579.000
443.239	7847.000
443.429	8032.000
443.619	7909.000
443.808	7966.000
443.998	8214.000
444.188	8426.000
444.378	8676.000
444.567	8644.000
444.757	8646.000
444.947	8931.000
445.137	9100.000
445.326	9211.000
445.516	9231.000
445.706	9603.000
445.895	9877.000
446.085	10032.000
446.275	10086.000
446.465	10258.000
446.654	10427.000
446.844	10748.000
447.034	10941.000
447.223	11313.000
447.413	11418.000
447.603	11571.000
447.793	11773.000
447.982	12114.000
448.172	11872.000
448.362	12150.000
448.552	12553.000
448.741	12941.000
448.931	12848.000
449.121	12997.000
449.310	13343.000
449.500	13641.000
449.690	13875.000
449.880	13972.000
450.069	14533.000
450.259	14755.000
450.449	14568.000
450.639	15179.000
450.828	15162.000
451.018	15348.000
451.208	15464.000
451.397	15938.000
451.587	16400.000
451.777	16184.000
451.967	16257.000
452.156	16525.000
452.346	16903.000
452.536	17376.000
452.725	17286.000
452.915	17365.000
453.105	17563.000
453.295	17693.000
453.484	17858.000
453.674	18046.000
453.864	18071.000
454.054	18277.000
454.243	18420.000
454.433	18612.000
454.623	18692.000
454.812	18684.000
455.002	18867.000
455.192	19224.000
455.382	19230.000
455.571	18980.000
455.761	19059.000
455.951	19695.000
456.141	19734.000
456.330	19584.000
456.520	19433.000
456.710	19763.000
456.899	19830.000
457.089	19519.000
457.279	19685.000
457.469	19595.000
457.658	19490.000
457.848	19499.000
458.038	19652.000
458.228	19433.000
458.417	19234.000
458.607	19059.000
458.797	19055.000
458.986	19074.000
459.176	18777.000
459.366	18551.000
459.556	18298.000
459.745	18496.000
459.935	18600.000
460.125	18410.000
460.314	17904.000
460.504	17781.000
460.694	17901.000
460.884	17904.000
461.073	17446.000
461.263	17217.000
461.453	17381.000
461.643	17272.000
461.832	16944.000
462.022	16827.000
462.212	16581.000
462.401	16502.000
462.591	16507.000
462.781	16446.000
462.971	16316.000
463.160	15909.000
463.350	15748.000
463.540	15774.000
463.730	15567.000
463.919	15326.000
464.109	15082.000
464.299	15186.000
464.488	15048.000
464.678	14769.000
464.868	14820.000
465.058	15002.000
465.247	15002.000
465.437	14541.000
465.627	14444.000
465.816	14283.000
466.006	13946.000
466.196	13892.000
466.386	14120.000
466.575	13922.000
466.765	13732.000
466.955	13739.000
467.145	13557.000
467.334	13687.000
467.524	13841.000
467.714	13489.000
467.903	13355.000
468.093	13274.000
468.283	13392.000
468.473	13472.000
468.662	13389.000
468.852	13532.000
469.042	13433.000
469.232	13183.000
469.421	13132.000
469.611	13035.000
469.801	13041.000
469.990	12956.000
470.180	12983.000
470.370	12851.000
470.560	12708.000
470.749	12586.000
470.939	12685.000
471.129	12727.000
471.318	12648.000
471.508	12655.000
471.698	12669.000
471.888	12408.000
472.077	12254.000
472.267	12588.000
472.457	12433.000
472.647	12211.000
472.836	12109.000
473.026	12066.000
473.216	12186.000
473.405	12193.000
473.595	12038.000
473.785	11872.000
473.975	11953.000
474.164	11861.000
474.354	11739.000
474.544	11646.000
474.734	11846.000
474.923	11501.000
475.113	11509.000
475.303	11153.000
475.492	11179.000
475.682	11211.000
475.872	11171.000
476.062	11271.000
476.251	11166.000
476.441	11041.000
476.631	10675.000
476.821	10624.000
477.010	10637.000
477.200	10588.000
477.390	10549.000
477.579	10523.000
477.769	10545.000
477.959	10612.000
478.149	10732.000
478.338	10746.000
478.528	10519.000
478.718	10418.000
478.907	10281.000
479.097	10217.000
479.287	9980.000
479.477	9934.000
479.666	9907.000
479.856	9964.000
480.046	9715.000
480.236	9654.000
480.425	9684.000
480.615	9739.000
480.805	9775.000
480.994	9769.000
481.184	9878.000
481.374	9979.000
481.564	9832.000
481.753	9702.000
481.943	9535.000
482.133	9700.000
482.323	9408.000
482.512	9409.000
482.702	9582.000
482.892	9187.000
483.081	8932.000
483.271	9228.000
483.461	9235.000
483.651	9241.000
483.840	9071.000
484.030	8964.000
484.220	9092.000
484.409	9260.000
484.599	9119.000
484.789	8709.000
484.979	8689.000
485.168	8700.000
485.358	8478.000
485.548	8368.000
485.738	8601.000
485.927	8484.000
486.117	8185.000
486.307	8217.000
486.496	8102.000
486.686	8031.000
486.876	8098.000
487.066	8294.000
487.255	8365.000
487.445	8425.000
487.635	8556.000
487.825	8358.000
488.014	8361.000
488.204	8636.000
488.394	8737.000
488.583	8721.000
488.773	8550.000
488.963	8365.000
489.153	8424.000
489.342	8412.000
489.532	8561.000
489.722	8858.000
489.912	8957.000
490.101	8837.000
490.291	8836.000
490.481	8635.000
490.670	8665.000
490.860	8825.000
491.050	8905.000
491.240	8875.000
491.429	8843.000
491.619	8796.000
491.809	8699.000
491.998	8467.000
492.188	8458.000
492.378	8692.000
492.568	8514.000
492.757	8657.000
492.947	8743.000
493.137	8785.000
493.327	8946.000
493.516	8840.000
493.706	8862.000
493.896	8742.000
494.085	8912.000
494.275	8942.000
494.465	8993.000
494.655	9070.000
494.844	9184.000
495.034	9219.000
495.224	9160.000
495.414	9283.000
495.603	9486.000
495.793	9236.000
495.983	9173.000
496.172	9100.000
496.362	9061.000
496.552	9219.000
496.742	9167.000
496.931	9113.000
497.121	9432.000
497.311	9377.000
497.500	9429.000
497.690	9563.000
497.880	9279.000
498.070	9015.000
498.259	9130.000
498.449	9228.000
498.639	9310.000
498.829	9206.000
499.018	9188.000
499.208	9316.000
499.398	9354.000
499.587	9550.000
499.777	9601.000
499.967	9497.000
500.157	9715.000
500.346	9507.000
500.536	9320.000
500.726	9433.000
500.916	9510.000
501.105	9553.000
501.295	9648.000
501.485	9946.000
501.674	9553.000
501.864	9551.000
502.054	9786.000
502.244	9949.000
502.433	9848.000
502.623	9876.000
502.813	10011.000
503.003	10070.000
503.192	10116.000
503.382	10059.000
503.572	9981.000
503.761	9846.000
503.951	9875.000
504.141	10083.000
504.331	9843.000
504.520	9887.000
504.710	10142.000
504.900	10226.000
505.089	10140.000
505.279	10219.000
505.469	10414.000
505.659	10401.000
505.848	10446.000
506.038	10444.000
506.228	10440.000
506.418	10368.000
506.607	10426.000
506.797	10349.000
506.987	10398.000
507.176	10345.000
507.366	10549.000
507.556	10522.000
507.746	10531.000
507.935	10622.000
508.125	10608.000
508.315	10326.000
508.505	10486.000
508.694	10461.000
508.884	10645.000
509.074	10659.000
509.263	10687.000
509.453	10786.000
509.643	10795.000
509.833	10615.000
510.022	10617.000
510.212	10598.000
510.402	10547.000
510.592	10783.000
510.781	10772.000
510.971	10843.000
511.161	10863.000
511.350	10974.000
511.540	11007.000
511.730	11172.000
511.920	10856.000
512.109	10696.000
512.299	10824.000
512.489	10923.000
512.678	11015.000
512.868	10791.000
513.058	10912.000
513.248	10764.000
513.437	10794.000
513.627	11046.000
513.817	10957.000
514.007	11009.000
514.196	11031.000
514.386	10906.000
514.576	10888.000
514.765	10749.000
514.955	10916.000
515.145	10965.000
515.335	11023.000
515.524	10868.000
515.714	10794.000
515.904	10742.000
516.094	10902.000
516.283	10799.000
516.473	10999.000
516.663	10864.000
516.852	10770.000
517.042	10648.000
517.232	10456.000
517.422	10519.000
517.611	10692.000
517.801	10863.000
517.991	10981.000
518.180	10846.000
518.370	10768.000
518.560	10658.000
518.750	10689.000
518.939	10859.000
519.129	11030.000
519.319	11224.000
519.509	10968.000
519.698	11005.000
519.888	11148.000
520.078	10993.000
520.267	11131.000
520.457	11150.000
520.647	10999.000
520.837	11040.000
521.026	11317.000
521.216	11402.000
521.406	11454.000
521.596	11418.000
521.785	11635.000
521.975	11510.000
522.165	11149.000
522.354	11513.000
522.544	11582.000
522.734	11491.000
522.924	11481.000
523.113	11434.000
523.303	11348.000
523.493	11342.000
523.683	11303.000
523.872	11369.000
524.062	11452.000
524.252	11379.000
524.441	11585.000
524.631	11727.000
524.821	11709.000
525.011	11520.000
525.200	11659.000
525.390	11659.000
525.580	11611.000
525.769	11560.000
525.959	11729.000
526.149	11520.000
526.339	11692.000
526.528	11799.000
526.718	11419.000
526.908	11231.000
527.098	11510.000
527.287	11703.000
527.477	11363.000
527.667	11629.000
527.856	11818.000
528.046	11732.000
528.236	11799.000
528.426	11987.000
528.615	11856.000
528.805	11623.000
528.995	11706.000
529.185	11813.000
529.374	12285.000
529.564	12143.000
529.754	11750.000
529.943	11989.000
530.133	11975.000
530.323	12215.000
530.513	12038.000
530.702	11848.000
530.892	11932.000
531.082	11710.000
531.271	11752.000
531.461	11803.000
531.651	11865.000
531.841	11687.000
532.030	11912.000
532.220	11542.000
532.410	11530.000
532.600	11492.000
532.789	11505.000
532.979	11452.000
533.169	11811.000
533.358	11762.000
533.548	11699.000
533.738	11540.000
533.928	11396.000
534.117	11285.000
534.307	11316.000
534.497	11316.000
534.687	11438.000
534.876	11685.000
535.066	11790.000
535.256	11436.000
535.445	11308.000
535.635	11094.000
535.825	11178.000
536.015	11345.000
536.204	11269.000
536.394	11033.000
536.584	11051.000
536.773	11379.000
536.963	11250.000
537.153	11211.000
537.343	11177.000
537.532	11383.000
537.722	11389.000
537.912	11486.000
538.102	11277.000
538.291	11202.000
538.481	11141.000
538.671	11116.000
538.860	11291.000
539.050	11153.000
539.240	11137.000
539.430	11151.000
539.619	10984.000
539.809	11104.000
539.999	10996.000
540.189	11013.000
540.378	10933.000
540.568	11151.000
540.758	11409.000
540.947	11440.000
541.137	11454.000
541.327	11516.000
541.517	11376.000
541.706	11114.000
541.896	11000.000
542.086	11224.000
542.276	11208.000
542.465	11073.000
542.655	11156.000
542.845	11140.000
543.034	11092.000
543.224	11375.000
543.414	11323.000
543.604	11219.000
543.793	11139.000
543.983	11197.000
544.173	11189.000
544.362	11280.000
544.552	11438.000
544.742	11405.000
544.932	11041.000
545.121	11115.000
545.311	11152.000
545.501	11286.000
545.691	11072.000
545.880	10951.000
546.070	11049.000
546.264	11086.000
546.459	11137.000
546.653	10974.000
546.847	11031.000
547.041	11147.000
547.236	11443.000
547.430	11294.000
547.624	11008.000
547.818	11084.000
548.013	11244.000
548.207	11315.000
548.401	11058.000
548.596	11029.000
548.790	11059.000
548.984	11237.000
549.178	11197.000
549.373	11176.000
549.567	11196.000
549.761	10996.000
549.956	10880.000
550.150	10984.000
550.344	11040.000
550.538	10983.000
550.733	10837.000
550.927	10991.000
551.121	10879.000
551.315	10879.000
551.510	11171.000
551.704	11225.000
551.898	11344.000
552.093	11445.000
552.287	10967.000
552.481	11085.000
552.675	11101.000
552.870	10904.000
553.064	10882.000
553.258	11149.000
553.453	11012.000
553.647	11004.000
553.841	10907.000
554.035	11051.000
554.230	11163.000
554.424	11183.000
554.618	11162.000
554.812	11205.000
555.007	11131.000
555.201	11006.000
555.395	11024.000
555.590	11019.000
555.784	11151.000
555.978	11095.000
556.172	11318.000
556.367	11288.000
556.561	11033.000
556.755	10907.000
556.949	10924.000
557.144	11041.000
557.338	10944.000
557.532	10830.000
557.727	10963.000
557.921	11135.000
558.115	10813.000
558.309	10910.000
558.504	10997.000
558.698	11254.000
558.892	11139.000
559.087	10776.000
559.281	10848.000
559.475	11038.000
559.669	10937.000
559.864	10782.000
560.058	11055.000
560.252	11134.000
560.446	11068.000
560.641	11149.000
560.835	11610.000
561.029	11230.000
561.224	11028.000
561.418	10920.000
561.612	10942.000
561.806	11346.000
562.001	11315.000
562.195	11166.000
562.389	11030.000
562.584	10924.000
562.778	10945.000
562.972	10903.000
563.166	11097.000
563.361	11027.000
563.555	10907.000
563.749	11161.000
563.943	11162.000
564.138	11145.000
564.332	11305.000
564.526	11054.000
564.721	11014.000
564.915	11055.000
565.109	11135.000
565.303	11283.000
565.498	11301.000
565.692	11163.000
565.886	10826.000
566.081	11135.000
566.275	11253.000
566.469	11257.000
566.663	11128.000
566.858	10951.000
567.052	11304.000
567.246	11318.000
567.440	11068.000
567.635	11143.000
567.829	11300.000
568.023	11204.000
568.218	11034.000
568.412	10917.000
568.606	11045.000
568.800	11063.000
568.995	11089.000
569.189	11158.000
569.383	11208.000
569.577	11379.000
569.772	11334.000
569.966	11004.000
570.160	11285.000
570.355	11082.000
570.549	11137.000
570.743	11053.000
570.937	10915.000
571.132	10893.000
571.326	11096.000
571.520	10902.000
571.715	10874.000
571.909	10869.000
572.103	11099.000
572.297	11236.000
572.492	11096.000
572.686	10917.000
572.880	11047.000
573.074	11075.000
573.269	11076.000
573.463	11337.000
573.657	11163.000
573.852	11000.000
574.046	10801.000
574.240	10720.000
574.434	10872.000
574.629	10699.000
574.823	10870.000
575.017	11149.000
575.212	10760.000
575.406	10682.000
575.600	10787.000
575.794	10659.000
575.989	10509.000
576.183	10587.000
576.377	10920.000
576.571	11031.000
576.766	11007.000
576.960	10936.000
577.159	10901.000
577.357	10725.000
577.556	10714.000
577.755	10641.000
577.953	10676.000
578.152	10661.000
578.350	10478.000
578.549	10600.000
578.748	10507.000
578.946	10244.000
579.145	10501.000
579.344	10776.000
579.542	11116.000
579.741	10921.000
579.940	10729.000
580.138	10795.000
580.337	10601.000
580.535	10599.000
580.734	10898.000
580.933	10934.000
581.131	10780.000
581.330	10707.000
581.529	11076.000
581.727	11136.000
581.926	11589.000
582.125	11589.000
582.323	11175.000
582.522	10940.000
582.721	11171.000
582.919	11198.000
583.118	10969.000
583.316	11247.000
583.515	11357.000
583.714	11584.000
583.912	11426.000
584.111	11569.000
584.310	11634.000
584.508	11261.000
584.707	11429.000
584.906	11665.000
585.104	11701.000
585.303	11795.000
585.501	11612.000
585.700	11548.000
585.899	11670.000
586.097	11487.000
586.296	11420.000
586.495	11547.000
586.693	11725.000
586.892	11672.000
587.091	11441.000
587.289	11522.000
587.488	11800.000
587.686	11398.000
587.885	11568.000
588.084	11498.000
588.282	11074.000
588.481	11090.000
588.680	11158.000
588.878	11216.000
589.077	10901.000
589.276	11061.000
589.474	11111.000
589.673	11195.000
589.871	11155.000
590.070	11117.000
590.269	10971.000
590.467	11079.000
590.666	11267.000
590.865	10925.000
591.063	11023.000
591.262	11266.000
591.461	11236.000
591.659	11102.000
591.858	11227.000
592.056	11239.000
592.255	11286.000
592.454	11146.000
592.652	11222.000
592.851	11245.000
593.050	11282.000
593.248	11152.000
593.447	11016.000
593.646	10996.000
593.844	11119.000
594.043	10990.000
594.241	11006.000
594.440	11146.000
594.639	11238.000
594.837	10948.000
595.036	11178.000
595.235	11133.000
595.433	10906.000
595.632	11063.000
595.831	11018.000
596.029	10953.000
596.228	10846.000
596.427	10768.000
596.625	11093.000
596.824	10908.000
597.022	11175.000
597.221	10958.000
597.420	10915.000
597.618	11021.000
597.817	10920.000
598.016	10904.000
598.214	10788.000
598.413	10822.000
598.612	10625.000
598.810	10899.000
599.009	10960.000
599.207	11305.000
599.406	10985.000
599.605	10681.000
599.803	10666.000
600.002	11048.000
600.201	11001.000
600.399	10997.000
600.598	10920.000
600.797	10795.000
600.995	10699.000
601.194	10650.000
601.392	10647.000
601.591	10720.000
601.790	10922.000
601.988	10756.000
602.187	10869.000
602.386	10638.000
602.584	10895.000
602.783	10925.000
602.982	10858.000
603.180	10820.000
603.379	11066.000
603.577	10781.000
603.776	10605.000
603.975	10660.000
604.173	10644.000
604.372	10488.000
604.571	10364.000
604.769	10538.000
604.968	10601.000
605.167	10431.000
605.365	10285.000
605.564	10538.000
605.762	10525.000
605.961	10365.000
606.160	10553.000
606.358	10792.000
606.557	10865.000
606.756	10654.000
606.954	10477.000
607.153	10613.000
607.352	10601.000
607.550	10448.000
607.749	10296.000
607.948	10389.000
608.146	10428.000
608.345	10321.000
608.543	10167.000
608.742	10164.000
608.941	10516.000
609.139	10360.000
609.338	10239.000
609.537	10243.000
609.735	10222.000
609.934	9998.000
610.133	9964.000
610.331	10365.000
610.530	10597.000
610.728	10355.000
610.927	9937.000
611.126	9957.000
611.324	10118.000
611.523	10243.000
611.722	10084.000
611.920	10086.000
612.119	9700.000
612.318	9730.000
612.516	9767.000
612.715	9824.000
612.913	9919.000
613.112	9833.000
613.311	9827.000
613.509	9815.000
613.708	9812.000
613.907	9866.000
614.105	9948.000
614.304	9671.000
614.503	9640.000
614.701	9487.000
614.900	9520.000
615.098	9619.000
615.297	9549.000
615.496	9449.000
615.694	9452.000
615.893	9625.000
616.092	9516.000
616.290	9534.000
616.489	9722.000
616.688	9613.000
616.886	9450.000
617.085	9261.000
617.283	9266.000
617.482	9141.000
617.681	9057.000
617.879	9107.000
618.078	9186.000
618.277	9394.000
618.475	9103.000
618.674	9006.000
618.873	9239.000
619.071	9345.000
619.270	9239.000
619.468	9104.000
619.667	9129.000
619.866	9191.000
620.064	9261.000
620.263	9033.000
620.462	8757.000
620.660	8884.000
620.859	8826.000
621.058	8965.000
621.256	8950.000
621.455	8736.000
621.654	8662.000
621.852	8719.000
622.051	8850.000
622.249	8700.000
622.448	8706.000
622.647	8549.000
622.845	8725.000
623.044	8670.000
623.243	8736.000
623.441	8796.000
623.640	8458.000
623.839	8194.000
624.037	8250.000
624.236	8306.000
624.434	8254.000
624.633	8376.000
624.832	8429.000
625.030	8272.000
625.229	8405.000
625.428	8228.000
625.626	8240.000
625.825	8182.000
626.024	8380.000
626.222	8383.000
626.421	8369.000
626.619	8384.000
626.818	8065.000
627.017	8134.000
627.215	8190.000
627.414	7783.000
627.613	7853.000
627.811	7927.000
628.010	7856.000
628.209	8053.000
628.407	8079.000
628.606	8108.000
628.804	8073.000
629.003	8186.000
629.202	7973.000
629.400	7825.000
629.599	7761.000
629.798	7577.000
629.996	7648.000
630.195	7510.000
630.394	7498.000
630.592	7688.000
630.791	7627.000
630.990	7514.000
631.188	7433.000
631.387	7427.000
631.585	7527.000
631.784	7430.000
631.983	7338.000
632.181	7371.000
632.380	7430.000
632.579	7552.000
632.777	7429.000
632.976	7174.000
633.175	7071.000
633.373	7478.000
633.572	7641.000
633.770	7364.000
633.969	7339.000
634.168	7338.000
634.366	7159.000
634.565	7055.000
634.764	7201.000
634.962	7190.000
635.161	7243.000
635.360	7129.000
635.558	7192.000
635.757	7301.000
635.955	7130.000
636.154	6928.000
636.353	6913.000
636.551	6631.000
636.750	6556.000
636.949	6733.000
637.147	6774.000
637.346	6483.000
637.545	6645.000
637.743	6698.000
637.942	6695.000
638.140	6777.000
638.339	7068.000
638.538	7181.000
638.736	6839.000
638.935	6630.000
639.134	6424.000
639.332	6547.000
639.531	6486.000
639.730	6386.000
639.928	6716.000
640.127	6611.000
640.325	6627.000
640.524	6616.000
640.723	6468.000
640.921	6637.000
641.120	6549.000
641.319	6523.000
641.517	6351.000
641.716	6415.000
641.915	6596.000
642.113	6478.000
642.312	6213.000
642.510	6124.000
642.709	6335.000
642.908	6330.000
643.106	6134.000
643.305	6161.000
643.504	6196.000
643.702	6379.000
643.901	6416.000
644.100	6008.000
644.298	5964.000
644.497	5981.000
644.696	6015.000
644.894	5860.000
645.093	5998.000
645.291	6012.000
645.490	6173.000
645.689	5995.000
645.887	6013.000
646.086	6316.000
646.285	5959.000
646.483	5677.000
646.682	5708.000
646.881	5570.000
647.079	5639.000
647.278	5819.000
647.476	5771.000
647.675	5729.000
647.874	5868.000
648.072	5761.000
648.271	5530.000
648.470	5609.000
648.668	5874.000
648.867	5769.000
649.066	5484.000
649.264	5596.000
649.463	5673.000
649.661	5457.000
649.860	5492.000
650.059	5442.000
650.257	5354.000
650.456	5587.000
650.655	5600.000
650.853	5413.000
651.052	5232.000
651.251	5144.000
651.449	5168.000
651.648	5178.000
651.846	5218.000
652.045	4990.000
652.244	5217.000
652.442	5343.000
652.641	5284.000
652.840	5317.000
653.038	5232.000
653.237	5284.000
653.436	5198.000
653.634	5026.000
653.833	5194.000
654.032	5166.000
654.230	4974.000
654.429	4912.000
654.627	5067.000
654.826	5119.000
655.025	4786.000
655.223	4888.000
655.422	4833.000
655.621	4862.000
655.819	4902.000
656.018	4792.000
656.217	4755.000
656.415	4610.000
656.614	4747.000
656.812	5002.000
657.011	4957.000
657.210	4811.000
657.408	4756.000
657.607	4937.000
657.806	4841.000
658.004	4850.000
658.203	4743.000
658.402	4595.000
658.600	4655.000
658.799	4501.000
658.997	4500.000
659.196	4475.000
659.395	4648.000
659.593	4544.000
659.792	4538.000
659.991	4612.000
660.189	4509.000
660.388	4720.000
660.587	4638.000
660.785	4519.000
660.984	4336.000
661.182	4226.000
661.381	4407.000
661.580	4348.000
661.778	4334.000
661.977	4553.000
662.176	4364.000
662.374	4199.000
662.573	4313.000
662.772	4510.000
662.970	4106.000
663.169	3971.000
663.367	4176.000
663.566	4167.000
663.765	4377.000
663.963	4146.000
664.162	4235.000
664.361	4186.000
664.559	4267.000
664.758	4492.000
664.957	4332.000
665.155	4103.000
665.354	4012.000
665.552	4112.000
665.751	4115.000
665.950	3935.000
666.148	3861.000
666.347	3914.000
666.546	3791.000
666.744	3912.000
666.943	3932.000
667.142	3608.000
667.340	3915.000
667.539	4244.000
667.738	3958.000
667.936	3954.000
668.135	3886.000
668.333	3732.000
668.532	3735.000
668.731	3675.000
668.929	3541.000
669.128	3584.000
669.327	3782.000
669.525	3900.000
669.724	3817.000
669.923	3573.000
670.121	3437.000
670.320	3452.000
670.518	3572.000
670.717	3373.000
670.916	3485.000
671.114	3503.000
671.313	3418.000
671.512	3344.000
671.710	3301.000
671.909	3468.000
672.108	3827.000
672.306	3913.000
672.505	3460.000
672.703	3273.000
672.902	3449.000
673.101	3461.000
673.299	3672.000
673.498	3590.000
673.697	3427.000
673.895	3180.000
674.094	3140.000
674.293	3107.000
674.491	3131.000
674.690	3223.000
674.888	2912.000
675.087	3140.000
675.286	3220.000
675.484	3086.000
675.683	3111.000
675.882	2952.000
676.080	3147.000
676.279	3105.000
676.478	3144.000
676.676	3176.000
676.875	2912.000
677.073	2909.000
677.272	3004.000
677.471	2886.000
677.669	3040.000
677.868	3063.000
678.067	2861.000
678.265	2933.000
678.464	2897.000
678.663	2791.000
678.861	2875.000
679.060	2861.000
679.259	2641.000
679.457	2771.000
679.656	2718.000
679.854	2695.000
680.053	2535.000
680.252	2647.000
680.450	2530.000
680.649	2746.000
680.848	2728.000
681.046	2632.000
681.245	2598.000
681.444	2491.000
681.642	2640.000
681.841	2666.000
682.039	2769.000
682.238	2770.000
682.437	2399.000
682.635	2484.000
682.834	2640.000
683.033	2626.000
683.231	2423.000
683.430	2242.000
683.629	2307.000
683.827	2534.000
684.026	2667.000
684.224	2621.000
684.423	2377.000
684.622	2258.000
684.820	2158.000
685.019	2346.000
685.218	2527.000
685.416	2276.000
685.615	2100.000
685.814	2246.000
686.012	2371.000
686.211	2281.000
686.409	2173.000
686.608	1985.000
686.807	1973.000
687.005	2084.000
687.204	2255.000
687.403	1966.000
687.601	2068.000
687.800	2143.000
687.999	1978.000
688.197	1862.000
688.396	1651.000
688.594	1799.000
688.793	1847.000
688.992	2043.000
689.190	2193.000
689.389	1955.000
689.588	1900.000
689.786	1958.000
689.985	1965.000
690.184	2063.000
690.382	2176.000
690.581	1868.000
690.779	2072.000
690.978	1898.000
691.177	1954.000
691.375	1933.000
691.574	2187.000
691.773	2277.000
691.971	1959.000
692.170	1908.000
692.369	1858.000
692.567	1744.000
692.766	1817.000
692.965	1982.000
693.163	1990.000
693.362	1994.000
693.560	1995.000
693.759	1982.000
693.958	2047.000
694.156	1983.000
694.355	1678.000
694.554	1715.000
694.752	1728.000
694.951	1539.000
695.150	1490.000
695.348	1675.000
695.547	1697.000
695.745	1604.000
695.944	1663.000
696.143	1591.000
696.341	1658.000
696.540	1771.000
696.743	1707.000
696.946	1566.000
697.149	1557.000
697.352	1616.000
697.555	1630.000
697.757	1479.000
697.960	1542.000
698.163	1433.000
698.366	1580.000
698.569	1626.000
698.772	1602.000
698.975	1777.000
699.178	1567.000
699.381	1484.000
699.584	1800.000
699.787	1786.000
699.989	1540.000
700.192	1631.000
700.395	1499.000
700.598	1724.000
700.801	1683.000
701.004	1469.000
701.207	1668.000
701.410	1644.000
701.613	1627.000
701.816	1673.000
702.019	1559.000
702.221	1644.000
702.424	1331.000
702.627	1391.000
702.830	1434.000
703.033	1492.000
703.236	1369.000
703.439	1404.000
703.642	1374.000
703.845	1458.000
704.048	1575.000
704.251	1393.000
704.453	1181.000
704.656	1396.000
704.859	1628.000
705.062	1457.000
705.265	1536.000
705.468	1263.000
705.671	1317.000
705.874	1391.000
706.077	1237.000
706.280	1196.000
706.483	1199.000
706.685	1285.000
706.888	1393.000
707.091	1509.000
707.294	1442.000
707.497	1358.000
707.700	1421.000
707.903	1533.000
708.106	1258.000
708.309	1233.000
708.512	1435.000
708.715	1422.000
708.917	1446.000
709.120	1449.000
709.323	1241.000
709.526	1224.000
709.729	1128.000
709.932	1172.000
710.135	1127.000
710.338	1149.000
710.541	1290.000
710.744	1214.000
710.947	1251.000
711.149	1347.000
711.352	1251.000
711.555	1263.000
711.758	1199.000
711.961	1062.000
712.164	1120.000
712.367	1251.000
712.570	1026.000
712.773	988.000
712.976	1000.000
713.179	789.000
713.381	1010.000
713.584	1203.000
713.787	1062.000
713.990	1024.000
714.193	1076.000
714.396	1220.000
714.599	1600.000
714.802	1251.000
715.005	1047.000
715.208	937.000
715.411	934.000
715.613	1014.000
715.816	1068.000
716.019	1017.000
716.222	1122.000
716.425	1095.000
716.628	1050.000
716.831	915.000
717.034	698.000
717.237	767.000
717.440	739.000
717.643	813.000
717.845	866.000
718.048	869.000
718.251	824.000
718.454	961.000
718.657	941.000
718.860	943.000
719.063	968.000
719.266	810.000
719.469	795.000
719.672	828.000
719.875	939.000
720.077	939.000
720.280	931.000
720.483	1094.000
720.686	948.000
720.889	974.000
721.092	908.000
721.295	750.000
721.498	651.000
721.701	767.000
721.904	806.000
722.107	878.000
722.309	934.000
722.512	648.000
722.715	674.000
722.918	600.000
723.121	713.000
723.324	742.000
723.527	650.000
723.730	765.000
723.933	949.000
724.136	889.000
724.339	694.000
724.541	730.000
724.744	731.000
724.947	596.000
725.150	650.000
725.353	736.000
725.556	601.000
725.759	757.000
725.962	807.000
726.165	698.000
726.368	816.000
726.571	861.000
726.773	988.000
726.976	934.000
727.179	870.000
727.382	784.000
727.585	887.000
727.788	722.000
727.991	512.000
728.194	604.000
728.397	488.000
728.600	512.000
728.803	576.000
729.005	597.000
729.208	689.000
729.411	746.000
729.614	802.000
729.817	805.000
730.020	731.000
730.223	737.000
730.426	564.000
730.629	543.000
730.832	603.000
731.035	632.000
731.237	658.000
731.440	515.000
731.643	587.000
731.846	574.000
732.049	648.000
732.252	1028.000
732.455	969.000
732.658	648.000
732.861	592.000
733.064	488.000
733.267	537.000
733.469	671.000
733.672	648.000
733.875	581.000
734.078	743.000
734.281	690.000
734.484	783.000
734.687	470.000
734.890	473.000
735.093	781.000
735.296	887.000
735.499	683.000
735.701	658.000
735.904	898.000
736.107	705.000
736.310	474.000
736.513	523.000
736.716	562.000
736.919	332.000
737.122	373.000
737.325	569.000
737.528	542.000
737.731	520.000
737.933	584.000
738.136	755.000
738.339	719.000
738.542	786.000
738.745	613.000
738.948	417.000
739.151	444.000
739.354	400.000
739.557	440.000
739.760	381.000
739.963	419.000
740.165	704.000
740.368	666.000
740.571	359.000
740.774	356.000
740.977	460.000
741.180	489.000
741.383	495.000
741.586	645.000
741.789	786.000
741.992	719.000
742.195	492.000
742.397	566.000
742.600	702.000
742.803	534.000
743.006	584.000
743.209	657.000
743.412	354.000
743.615	304.000
743.818	470.000
744.021	344.000
744.224	401.000
744.427	520.000
744.629	431.000
744.832	340.000
745.035	386.000
745.238	394.000
745.441	508.000
745.644	449.000
745.847	478.000
746.050	620.000
746.253	580.000
746.456	553.000
746.659	495.000
746.861	209.000
747.064	441.000
747.267	493.000
747.470	264.000
747.673	467.000
747.876	664.000
748.079	552.000
748.282	471.000
748.485	339.000
748.688	312.000
748.891	276.000
749.093	436.000
749.296	595.000
749.499	370.000
749.702	277.000
749.905	362.000
750.108	314.000
750.311	314.000
750.514	248.000
750.717	336.000
750.920	428.000
751.123	342.000
751.325	224.000
751.528	104.000
751.731	75.000
751.934	201.000
752.137	443.000
752.340	297.000
752.543	384.000
752.746	447.000
752.949	172.000
753.152	272.000
753.355	244.000
753.557	159.000
753.760	231.000
753.963	334.000
754.166	361.000
754.369	172.000
754.572	210.000
754.775	284.000
754.978	471.000
755.181	357.000
755.384	290.000
755.587	471.000
755.789	176.000
755.992	404.000
756.195	485.000
756.398	357.000
756.601	384.000
756.804	431.000
757.007	336.000
757.210	191.000
757.413	105.000
757.616	190.000
757.819	454.000
758.021	557.000
758.224	294.000
758.427	263.000
758.630	98.000
758.833	276.000
759.036	255.000
759.239	264.000
759.442	250.000
759.645	18.000
759.848	-11.000
760.051	151.000
760.253	318.000
760.456	427.000
760.659	196.000
760.862	255.000
761.065	-37.000
761.268	7.000
761.471	292.000
761.674	349.000
761.877	96.000
762.080	126.000
762.283	46.000
762.485	-144.000
762.688	24.000
762.891	113.000
763.094	110.000
763.297	248.000
763.500	230.000
763.706	179.000
763.912	149.000
764.118	125.000
764.325	87.000
764.531	58.000
764.737	20.000
764.943	68.000
765.149	134.000
765.355	146.000
765.561	386.000
765.768	115.000
765.974	-117.000
766.180	5.000
766.386	304.000
766.592	392.000
766.798	176.000
767.004	172.000
767.210	359.000
767.417	447.000
767.623	283.000
767.829	197.000
768.035	74.000
768.241	228.000
768.447	415.000
768.653	200.000
768.860	172.000
769.066	26.000
769.272	32.000
769.478	120.000
769.684	241.000
769.890	325.000
770.096	262.000
770.303	246.000
770.509	148.000
770.715	173.000
770.921	402.000
771.127	458.000
771.333	448.000
771.539	411.000
771.745	241.000
771.952	336.000
772.158	224.000
772.364	-63.000
772.570	165.000
772.776	323.000
772.982	-17.000
773.188	39.000
773.395	140.000
773.601	250.000
773.807	109.000
774.013	42.000
774.219	138.000
774.425	154.000
774.631	241.000
774.838	-84.000
775.044	-28.000
775.250	136.000
775.456	84.000
775.662	148.000
775.868	274.000
776.074	186.000
776.281	185.000
776.487	-75.000
776.693	-57.000
776.899	78.000
777.105	255.000
777.311	327.000
777.517	314.000
777.723	373.000
777.930	89.000
778.136	26.000
778.342	179.000
778.548	375.000
778.754	109.000
778.960	252.000
779.166	354.000
779.373	403.000
779.579	283.000
779.785	11.000
779.991	90.000
780.197	-22.000
780.403	-99.000
780.609	112.000
780.816	127.000
781.022	258.000
781.228	440.000
781.434	226.000
781.640	320.000
781.846	411.000
782.052	249.000
782.259	191.000
782.465	19.000
782.671	116.000
782.877	22.000
783.083	22.000
783.289	244.000
783.495	101.000
783.701	217.000
783.908	239.000
784.114	88.000
784.320	26.000
784.526	-64.000
784.732	-80.000
784.938	216.000
785.144	187.000
785.351	28.000
785.557	340.000
785.763	357.000
785.969	233.000
786.175	227.000
786.381	176.000
786.587	222.000
786.794	205.000
787.000	283.000
787.206	264.000
787.412	360.000
787.618	109.000
787.824	16.000
788.030	141.000
788.236	116.000
788.443	156.000
788.649	36.000
788.855	6.000
789.061	35.000
789.267	236.000
789.473	120.000
789.679	190.000
789.886	77.000
790.092	-88.000
790.298	-114.000
790.504	7.000
790.710	113.000
790.916	93.000
791.122	28.000
791.329	32.000
791.535	150.000
791.741	127.000
791.947	51.000
792.153	6.000
792.359	24.000
792.565	307.000
792.771	378.000
792.978	80.000
793.184	146.000
793.390	-16.000
793.596	-58.000
793.802	136.000
794.008	293.000
794.214	351.000
794.421	218.000
794.627	19.000
794.833	-23.000
795.039	106.000
795.245	60.000
795.451	84.000
795.657	123.000
795.864	-39.000
796.070	141.000
796.276	469.000
796.482	428.000
796.688	192.000
796.894	105.000
797.100	-31.000
797.307	62.000
797.513	105.000
797.719	10.000
797.925	87.000
798.131	-61.000
798.337	-161.000
798.543	-76.000
798.749	85.000
798.956	368.000
799.162	357.000
799.368	27.000
799.574	71.000
799.780	254.000
799.986	22.000
800.192	-41.000
800.399	-87.000
800.605	-76.000
800.811	51.000
801.017	226.000
801.223	24.000
801.429	-20.000
801.635	106.000
801.842	87.000
802.048	129.000
802.254	110.000
802.460	138.000
802.666	-48.000
802.872	59.000
803.078	312.000
803.285	127.000
803.491	-75.000
803.697	119.000
803.903	61.000
804.109	27.000
804.315	272.000
804.521	165.000
804.727	187.000
804.934	99.000
805.140	195.000
805.346	234.000
805.552	336.000
805.758	154.000
805.964	-6.000
806.170	140.000
806.377	167.000
806.583	-55.000
806.789	-22.000
806.995	-181.000
807.201	-165.000
807.407	67.000
807.613	180.000
807.820	12.000
808.026	30.000
808.232	160.000
808.438	80.000
808.644	5.000
808.850	-84.000
809.056	64.000
809.262	-96.000
809.469	-124.000
809.675	-187.000
809.881	-144.000
810.087	-13.000
810.293	193.000
810.499	228.000
810.705	180.000
810.912	-21.000
811.118	26.000
811.324	17.000
811.530	-66.000
811.739	-81.000
811.947	25.000
812.156	56.000
812.365	-67.000
812.573	72.000
812.782	-124.000
812.990	-6.000
813.199	-36.000
813.408	80.000
813.616	66.000
813.825	-187.000
814.034	-106.000
814.242	84.000
814.451	90.000
814.659	-20.000
814.868	113.000
815.077	78.000
815.285	-23.000
815.494	-63.000
815.703	-92.000
815.911	-56.000
816.120	32.000
816.329	116.000
816.537	157.000
816.746	77.000
816.954	-7.000
817.163	-137.000
817.372	-152.000
817.580	-135.000
817.789	54.000
817.998	52.000
818.206	-29.000
818.415	128.000
818.624	-84.000
818.832	-269.000
819.041	-163.000
819.249	92.000
819.458	245.000
819.667	124.000
819.875	3.000
820.084	-33.000
820.293	0.000
820.501	-230.000
820.710	-94.000
820.919	163.000
821.127	68.000
821.336	51.000
821.544	-66.000
821.753	-64.000
821.962	-40.000
822.170	-52.000
822.379	-30.000
822.588	-150.000
822.796	-265.000
823.005	-250.000
823.213	-189.000
823.422	-5.000
823.631	117.000
823.839	-21.000
824.048	-18.000
824.257	117.000
824.465	246.000
824.674	-41.000
824.883	-29.000
825.091	-1.000
825.300	-133.000
825.508	158.000
825.717	173.000
825.926	-2.000
826.134	-127.000
826.343	-89.000
826.552	-47.000
826.760	-74.000
826.969	-48.000
827.178	-111.000
827.386	-29.000
827.595	108.000
827.803	-116.000
828.012	-61.000
828.221	-105.000
828.429	169.000
828.638	294.000
828.847	227.000
829.055	-54.000
829.264	-77.000
829.472	212.000
829.681	14.000
829.890	-157.000
830.098	-217.000
830.307	-54.000
830.516	-104.000
830.724	-273.000
830.933	-240.000
831.142	-80.000
831.350	140.000
831.559	194.000
831.767	-178.000
831.976	39.000
832.185	114.000
832.393	106.000
832.602	-52.000
832.811	-91.000
833.019	-115.000
833.228	-59.000
833.437	48.000
833.645	98.000
833.854	-140.000
834.062	-19.000
834.271	20.000
834.480	-103.000
834.688	-19.000
834.897	-170.000
835.106	-226.000
835.314	-160.000
835.523	-127.000
835.731	-78.000
835.940	24.000
836.149	28.000
836.357	-71.000
836.566	11.000
836.775	81.000
836.983	51.000
837.192	0.000
837.401	-113.000
837.609	-31.000
837.818	145.000
838.026	-45.000
838.235	-21.000
838.444	191.000
838.652	162.000
838.861	189.000
839.070	131.000
839.278	34.000
839.487	-92.000
839.696	165.000
839.904	27.000
840.113	-69.000
840.321	40.000
840.530	41.000
840.739	-15.000
840.947	22.000
841.156	-169.000
841.365	-142.000
841.573	123.000
841.782	199.000
841.991	16.000
842.199	-60.000
842.408	-40.000
842.616	60.000
842.825	-49.000
843.034	47.000
843.242	-74.000
843.451	-27.000
843.660	-70.000
843.868	-162.000
844.077	-186.000
844.285	204.000
844.494	367.000
844.703	7.000
844.911	-278.000
845.120	-241.000
845.329	-62.000
845.537	-42.000
845.746	-134.000
845.955	-38.000
846.163	-51.000
846.372	-29.000
846.580	-154.000
846.789	-185.000
846.998	-9.000
847.206	-60.000
847.415	39.000
847.624	3.000
847.832	124.000
848.041	134.000
848.250	-41.000
848.458	-79.000
848.667	-4.000
848.875	101.000
849.084	-116.000
849.293	-41.000
849.501	-14.000
849.710	-161.000
849.919	-114.000
850.127	-88.000
850.336	-10.000
850.544	-186.000
850.753	-81.000
850.962	-118.000
851.170	-11.000
851.379	334.000
851.588	103.000
851.796	12.000
852.005	-172.000
852.214	-133.000
852.422	113.000
852.631	122.000
852.839	-175.000
853.048	-94.000
853.257	23.000
853.465	-231.000
853.674	-198.000
853.883	-36.000
854.091	-207.000
854.300	-88.000
854.509	-17.000
854.717	144.000
854.926	103.000
855.134	72.000
855.343	-92.000
855.552	-58.000
855.760	37.000
855.969	21.000
856.178	-201.000
856.386	-137.000
856.595	178.000
856.803	227.000
857.012	8.000
857.221	-127.000
857.429	-60.000
857.638	-36.000
857.847	33.000
858.055	-6.000
858.264	-4.000
858.473	64.000
858.681	181.000
858.890	-30.000
859.098	-23.000
859.307	-40.000
859.516	-248.000
859.724	-72.000
859.933	-25.000
860.142	20.000
860.350	39.000
860.559	-189.000
860.768	-264.000
860.976	-237.000
861.185	-287.000
861.393	-216.000
861.602	-62.000
861.811	-90.000
862.019	-48.000
862.228	-16.000
862.437	-133.000
862.645	-165.000
862.854	3.000
863.062	97.000
863.271	47.000
863.480	209.000
863.688	153.000
863.897	-139.000
864.106	-300.000
864.314	-124.000
864.523	-103.000
864.732	-142.000
864.940	-170.000
865.149	-68.000
865.357	-8.000
865.566	-31.000
865.775	42.000
865.983	128.000
866.192	-106.000
866.401	-293.000
866.609	-236.000
866.818	-13.000
867.027	108.000
867.235	63.000
867.444	-50.000
867.652	-259.000
867.861	-25.000
868.070	-86.000
868.278	-132.000
868.487	52.000
868.696	91.000
868.904	-81.000
869.113	-153.000
869.321	-15.000
869.530	21.000
869.739	-82.000
869.947	149.000
870.156	27.000
870.365	-253.000
870.573	-149.000
870.782	39.000
870.991	115.000
871.199	-57.000
871.408	-255.000
871.616	-139.000
871.825	-144.000
872.034	138.000
872.242	243.000
872.451	147.000
872.660	104.000
872.868	328.000
873.077	177.000
873.286	-138.000
873.494	58.000
873.703	101.000
873.911	82.000
874.120	-206.000
874.329	-84.000
874.537	205.000
874.746	50.000
874.955	31.000
875.163	-201.000
875.372	-268.000
875.581	-68.000
875.789	36.000
875.998	48.000
876.206	11.000
876.415	16.000
876.624	-116.000
876.832	-151.000
877.041	42.000
877.250	101.000
877.458	-127.000
877.667	145.000
877.875	205.000
878.084	0.000
878.293	-55.000
878.501	-96.000
878.710	-56.000
878.919	-53.000
879.127	-249.000
879.336	-372.000
879.545	-198.000
879.753	-209.000
879.962	-145.000
880.170	-100.000
880.379	72.000
880.588	92.000
880.796	133.000
881.005	141.000
881.214	128.000
881.422	-83.000
881.631	24.000
881.840	258.000
882.048	139.000
882.257	159.000
882.465	-10.000
882.674	-100.000
882.883	33.000
883.091	46.000
883.300	-57.000
883.509	-203.000
883.717	-25.000
883.926	183.000
884.134	105.000
884.343	-103.000
884.552	-16.000
884.760	6.000
884.969	171.000
885.178	-127.000
885.386	-195.000
885.595	-231.000
885.804	-128.000
886.012	-144.000
886.221	-176.000
886.429	-165.000
886.638	-308.000
886.847	-305.000
887.055	-156.000
887.264	-98.000
887.473	23.000
887.681	119.000
887.890	-78.000
888.099	-62.000
888.307	-118.000
888.516	-181.000
888.724	-74.000
888.933	-44.000
889.142	84.000
889.350	20.000
889.559	91.000
889.768	-118.000
889.976	-64.000
890.185	-29.000
890.393	-56.000
890.602	11.000
890.811	-8.000
891.019	17.000
891.228	235.000
891.437	-9.000
891.645	-89.000
891.854	2.000
892.063	83.000
892.271	97.000
892.480	-173.000
892.688	-97.000
892.897	58.000
893.106	111.000
893.314	101.000
893.523	-351.000
893.732	-188.000
893.940	-24.000
894.149	-216.000
894.358	24.000
894.566	189.000
894.775	215.000
894.983	51.000
895.192	-73.000
895.401	80.000
895.609	-11.000
895.818	-106.000
896.027	-230.000
896.235	-201.000
896.444	-67.000
896.652	-37.000
896.861	-140.000
897.070	186.000
897.278	251.000
897.487	259.000
897.696	217.000
897.904	-61.000
898.113	107.000
898.322	33.000
898.530	-57.000
898.739	-43.000
898.947	-138.000
899.156	-189.000
899.365	-63.000
899.573	46.000
899.782	-106.000
899.991	-170.000
900.199	-247.000
900.408	-20.000
900.617	61.000
900.825	-1.000
901.034	121.000
901.242	-76.000
901.451	-184.000
901.660	-155.000
901.868	82.000
902.077	-30.000
902.286	-186.000
902.494	-205.000
902.703	3.000
902.911	6.000
903.120	18.000
903.329	-128.000
903.537	-142.000
903.746	-181.000
903.955	-109.000
904.163	-214.000
904.372	-257.000
904.581	-153.000
904.789	-47.000
904.998	-75.000
905.206	-127.000
905.415	-23.000
905.624	27.000
905.832	-27.000
906.041	-188.000
906.250	-199.000
906.458	-113.000
906.667	-35.000
906.876	-279.000
907.084	-169.000
907.293	-90.000
907.501	78.000
907.710	-118.000
907.919	-49.000
908.127	176.000
908.336	-32.000
908.545	154.000
908.753	235.000
908.962	158.000
909.170	63.000
909.379	-36.000
909.588	193.000
909.796	34.000
910.005	-166.000
910.214	-314.000
910.422	-171.000
910.631	-241.000
910.840	36.000
911.048	99.000
911.257	-166.000
911.465	-127.000
911.674	6.000
911.883	59.000
912.091	86.000
912.300	127.000
912.508	-20.000
912.716	13.000
912.924	-52.000
913.132	-13.000
913.340	116.000
913.549	16.000
913.757	-135.000
913.965	-189.000
914.173	-100.000
914.381	-61.000
914.589	-45.000
914.797	-60.000
915.005	-101.000
915.213	-17.000
915.421	35.000
915.629	-161.000
915.838	-291.000
916.046	-273.000
916.254	-142.000
916.462	-60.000
916.670	-57.000
916.878	-64.000
917.086	45.000
917.294	6.000
917.502	10.000
917.710	20.000
917.919	-29.000
918.127	-135.000
918.335	-93.000
918.543	-157.000
918.751	50.000
918.959	129.000
919.167	-90.000
919.375	-156.000
919.583	177.000
919.791	23.000
919.999	-23.000
920.208	137.000
920.416	-89.000
920.624	-104.000
920.832	-63.000
921.040	-99.000
921.248	-103.000
921.456	-217.000
921.664	-346.000
921.872	-300.000
922.080	-263.000
922.288	-224.000
922.497	-94.000
922.705	-45.000
922.913	-10.000
923.121	21.000
923.329	-139.000
923.537	-217.000
923.745	-133.000
923.953	-187.000
924.161	-136.000
924.369	-111.000
924.578	-125.000
924.786	15.000
924.994	34.000
925.202	-17.000
925.410	-74.000
925.618	-32.000
925.826	-52.000
926.034	87.000
926.242	112.000
926.450	-153.000
926.658	-105.000
926.867	90.000
927.075	-59.000
927.283	-94.000
927.491	-60.000
927.699	68.000
927.907	167.000
928.115	195.000
928.323	-183.000
928.531	-212.000
928.739	-166.000
928.947	-70.000
929.156	-66.000
929.364	7.000
929.572	139.000
929.780	-122.000
929.988	-240.000
930.196	-109.000
930.404	-43.000
930.612	-103.000
930.820	-136.000
931.028	-79.000
931.236	-17.000
931.445	-101.000
931.653	-115.000
931.861	12.000
932.069	-239.000
932.277	21.000
932.485	432.000
932.693	121.000
932.901	-135.000
933.109	-105.000
933.317	48.000
933.526	60.000
933.734	-114.000
933.942	-70.000
934.150	-58.000
934.358	-114.000
934.566	-100.000
934.774	-148.000
934.982	-149.000
935.190	-33.000
935.398	48.000
935.606	-2.000
935.815	-102.000
936.023	91.000
936.231	109.000
936.439	16.000
936.647	24.000
936.855	-54.000
937.063	-76.000
937.271	60.000
937.479	111.000
937.687	-34.000
937.895	39.000
938.104	202.000
938.312	39.000
938.520	-213.000
938.728	-209.000
938.936	-95.000
939.144	-71.000
939.352	-60.000
939.560	59.000
939.768	-3.000
939.976	-104.000
940.185	-131.000
940.393	-76.000
940.601	-85.000
940.809	-189.000
941.017	2.000
941.225	-61.000
941.433	-124.000
941.641	-96.000
941.849	-311.000
942.057	-104.000
942.265	-44.000
942.474	-47.000
942.682	-86.000
942.890	-231.000
943.098	-147.000
943.306	-102.000
943.514	-201.000
943.722	-204.000
943.930	-57.000
944.138	29.000
944.346	24.000
944.554	115.000
944.763	-14.000
944.971	-110.000
945.179	-204.000
945.387	-133.000
945.595	-30.000
945.803	162.000
946.011	54.000
946.219	-13.000
946.427	-69.000
946.635	-216.000
946.843	108.000
947.052	253.000
947.260	-29.000
947.468	-33.000
947.676	-97.000
947.884	-67.000
948.092	27.000
948.300	125.000
948.508	55.000
948.716	-62.000
948.924	-12.000
949.133	342.000
949.341	216.000
949.549	-158.000
949.757	126.000
949.965	1.000
950.173	-306.000
950.381	-31.000
950.589	172.000
950.797	122.000
951.005	-90.000
951.213	-222.000
951.422	-148.000
951.630	-91.000
951.838	-59.000
952.046	303.000
952.254	125.000
952.462	-22.000
952.670	201.000
952.878	190.000
953.086	111.000
953.294	54.000
953.502	14.000
953.711	105.000
953.919	150.000
954.127	-71.000
954.335	-179.000
954.543	-55.000
954.751	38.000
954.959	24.000
955.167	217.000
955.375	67.000
955.583	-82.000
955.792	118.000
956.000	115.000
956.208	87.000
956.416	8.000
956.624	-35.000
956.832	64.000
957.040	-16.000
957.248	-119.000
957.456	15.000
957.664	-62.000
957.872	-309.000
958.081	-267.000
958.289	-18.000
958.497	95.000
958.705	55.000
958.913	-127.000
959.121	-262.000
959.329	-118.000
959.537	-265.000
959.745	-178.000
959.953	-91.000
960.161	-106.000
960.370	-250.000
960.578	-172.000
960.786	117.000
960.994	-2.000
961.202	16.000
961.410	67.000
961.618	-137.000
961.826	-143.000
962.034	44.000
962.242	-103.000
962.451	-295.000
962.659	-288.000
962.867	-290.000
963.075	-105.000
963.283	58.000
963.491	32.000
963.699	-36.000
963.907	-8.000
964.115	82.000
964.323	242.000
964.531	196.000
964.740	-99.000
964.948	178.000
965.156	-113.000
965.364	-18.000
965.572	355.000
965.780	217.000
965.999	-22.000
966.218	-150.000
966.438	-325.000
966.657	-352.000
966.876	-114.000
967.095	-23.000
967.315	-153.000
967.534	-279.000
967.753	30.000
967.972	129.000
968.192	126.000
968.411	-20.000
968.630	-157.000
968.849	-135.000
969.068	95.000
969.288	-23.000
969.507	33.000
969.726	236.000
969.945	131.000
970.165	-145.000
970.384	33.000
970.603	-196.000
970.822	-262.000
971.042	-207.000
971.261	-138.000
971.480	106.000
971.699	2.000
971.919	-143.000
972.138	48.000
972.357	13.000
972.576	-145.000
972.795	-16.000
973.015	-26.000
973.234	20.000
973.453	-68.000
973.672	-194.000
973.892	-196.000
974.111	-187.000
974.330	-17.000
974.549	5.000
974.769	-121.000
974.988	160.000
975.207	-105.000
975.426	-277.000
975.646	-205.000
975.865	-127.000
976.084	-102.000
976.303	-111.000
976.522	-95.000
976.742	-167.000
976.961	-254.000
977.180	-34.000
977.399	-71.000
977.619	-135.000
977.838	-43.000
978.057	-26.000
978.276	118.000
978.496	61.000
978.715	19.000
978.934	-65.000
979.153	-370.000
979.372	-281.000
979.592	-53.000
979.811	12.000
980.030	-32.000
980.249	-130.000
980.469	31.000
980.688	79.000
980.907	-243.000
981.126	-173.000
981.346	175.000
981.565	81.000
981.784	-179.000
982.003	4.000
982.223	195.000
982.442	343.000
982.661	-82.000
982.880	-15.000
983.099	-3.000
983.319	-27.000
983.538	-8.000
983.757	-87.000
983.976	184.000
984.196	150.000
984.415	194.000
984.634	85.000
984.853	67.000
985.073	276.000
985.292	72.000
985.511	1.000
985.730	8.000
985.949	16.000
986.169	141.000
986.388	291.000
986.607	-253.000
986.826	-180.000
987.046	-248.000
987.265	-157.000
987.484	-43.000
987.703	30.000
987.923	-115.000
988.142	39.000
988.361	148.000
988.580	238.000
988.800	-132.000
989.019	33.000
989.238	3.000
989.457	-156.000
989.676	64.000
989.896	-25.000
990.115	-224.000
990.334	-206.000
990.553	-224.000
990.773	-196.000
990.992	-145.000
991.211	-111.000
991.430	84.000
991.650	-118.000
991.869	-102.000
992.088	-279.000
992.307	-58.000
992.527	16.000
992.746	-143.000
992.965	-5.000
993.184	42.000
993.403	87.000
993.623	113.000
993.842	-111.000
994.061	-213.000
994.280	-60.000
994.500	-92.000
994.719	-132.000
994.938	-106.000
995.157	-265.000
995.377	-252.000
995.596	-21.000
995.815	77.000
996.034	-135.000
996.253	-205.000
996.473	-145.000
996.692	70.000
996.911	15.000
997.130	-20.000
997.350	-32.000
997.569	53.000
997.788	-2.000
998.007	-314.000
998.227	-237.000
998.446	7.000
998.665	-26.000
998.884	14.000
999.104	-6.000
999.323	52.000
999.542	-153.000
999.761	-222.000
999.980	-216.000
1000.200	47.000
1000.419	181.000
1000.638	200.000
1000.857	103.000
1001.077	18.000
1001.296	8.000
1001.515	-186.000
1001.734	-188.000
1001.954	-64.000
1002.173	78.000
1002.392	136.000
1002.611	60.000
1002.830	-133.000
1003.050	-310.000
1003.269	-18.000
1003.488	81.000
1003.707	-13.000
1003.927	-72.000
1004.146	-22.000
1004.365	-17.000
1004.584	-34.000
1004.804	28.000
1005.023	59.000
1005.242	-71.000
1005.461	-10.000
1005.681	78.000
1005.900	-50.000
1006.119	-129.000
1006.338	-171.000
1006.557	-110.000
1006.777	229.000
1006.996	258.000
1007.215	-145.000
1007.434	-137.000
1007.654	73.000
1007.873	92.000
1008.092	-39.000
1008.311	-25.000
1008.531	-216.000
1008.750	-40.000
1008.969	160.000
1009.188	-227.000
1009.407	-196.000
1009.627	-168.000
1009.846	-231.000
1010.065	-42.000
1010.284	-162.000
1010.504	-388.000
1010.723	-264.000
1010.942	-174.000
1011.161	-158.000
1011.381	-226.000
1011.600	-178.000
1011.819	85.000
1012.038	-7.000
1012.258	-23.000
1012.477	152.000
1012.696	79.000
1012.915	1.000
1013.134	-29.000
1013.354	-61.000
1013.573	88.000
1013.792	82.000
1014.011	-102.000
1014.231	-136.000
1014.450	61.000
1014.669	-40.000
1014.888	-259.000
1015.108	-21.000
1015.327	80.000
1015.546	120.000
1015.765	235.000
1015.984	80.000
1016.204	180.000
1016.423	93.000
1016.642	176.000
1016.861	36.000
1017.081	-149.000
1017.300	-99.000
1017.519	-77.000
