296.912	166.000
297.101	127.000
297.290	137.000
297.479	140.000
297.668	40.000
297.858	56.000
298.047	159.000
298.236	133.000
298.425	142.000
298.614	70.000
298.803	31.000
298.992	85.000
299.181	74.000
299.370	104.000
299.559	151.000
299.748	200.000
299.937	156.000
300.126	146.000
300.315	120.000
300.504	114.000
300.693	163.000
300.882	125.000
301.071	124.000
301.260	64.000
301.449	57.000
301.638	107.000
301.827	79.000
302.016	82.000
302.205	80.000
302.395	74.000
302.584	98.000
302.773	171.000
302.962	179.000
303.151	122.000
303.340	88.000
303.529	103.000
303.718	95.000
303.907	138.000
304.096	134.000
304.285	123.000
304.474	111.000
304.663	128.000
304.852	115.000
305.041	121.000
305.230	158.000
305.419	164.000
305.608	142.000
305.797	115.000
305.986	113.000
306.175	75.000
306.364	63.000
306.553	134.000
306.743	127.000
306.932	114.000
307.121	161.000
307.310	128.000
307.499	117.000
307.688	119.000
307.877	126.000
308.066	78.000
308.255	90.000
308.444	154.000
308.633	116.000
308.822	50.000
309.011	82.000
309.200	122.000
309.389	134.000
309.578	68.000
309.767	86.000
309.956	148.000
310.145	113.000
310.334	72.000
310.523	121.000
310.712	120.000
310.901	88.000
311.091	135.000
311.280	175.000
311.469	162.000
311.658	225.000
311.847	193.000
312.036	92.000
312.225	77.000
312.414	68.000
312.603	87.000
312.792	151.000
312.981	146.000
313.170	81.000
313.349	45.000
313.527	102.000
313.706	156.000
313.884	126.000
314.063	108.000
314.241	119.000
314.420	165.000
314.598	130.000
314.777	146.000
314.955	102.000
315.134	85.000
315.312	88.000
315.491	61.000
315.669	134.000
315.848	167.000
316.027	129.000
316.205	113.000
316.384	83.000
316.562	126.000
316.741	136.000
316.919	111.000
317.098	92.000
317.276	51.000
317.455	35.000
317.633	132.000
317.812	213.000
317.990	179.000
318.169	220.000
318.347	174.000
318.526	152.000
318.705	109.000
318.883	54.000
319.062	77.000
319.240	112.000
319.419	95.000
319.597	144.000
319.776	171.000
319.954	126.000
320.133	83.000
320.311	90.000
320.490	191.000
320.668	142.000
320.847	71.000
321.025	77.000
321.204	137.000
321.382	156.000
321.561	133.000
321.740	142.000
321.918	187.000
322.097	176.000
322.275	85.000
322.454	52.000
322.632	47.000
322.811	85.000
322.989	99.000
323.168	124.000
323.346	100.000
323.525	111.000
323.703	85.000
323.882	59.000
324.060	124.000
324.239	172.000
324.418	141.000
324.596	142.000
324.775	118.000
324.953	111.000
325.132	104.000
325.310	133.000
325.489	143.000
325.667	127.000
325.846	117.000
326.024	146.000
326.203	179.000
326.381	110.000
326.560	133.000
326.738	136.000
326.917	138.000
327.096	106.000
327.274	134.000
327.453	125.000
327.631	92.000
327.810	76.000
327.988	39.000
328.167	81.000
328.345	78.000
328.524	90.000
328.702	74.000
328.881	112.000
329.059	100.000
329.238	65.000
329.416	108.000
329.595	137.000
329.774	139.000
329.952	171.000
330.131	167.000
330.309	143.000
330.488	162.000
330.666	117.000
330.845	87.000
331.023	47.000
331.202	48.000
331.380	103.000
331.559	128.000
331.737	115.000
331.916	86.000
332.094	114.000
332.273	145.000
332.452	131.000
332.630	142.000
332.809	149.000
332.987	110.000
333.166	108.000
333.344	119.000
333.523	157.000
333.701	134.000
333.880	156.000
334.058	178.000
334.237	195.000
334.415	190.000
334.594	161.000
334.772	74.000
334.951	56.000
335.129	73.000
335.308	175.000
335.487	175.000
335.665	183.000
335.844	235.000
336.022	236.000
336.201	116.000
336.379	69.000
336.558	92.000
336.736	97.000
336.915	160.000
337.093	211.000
337.272	184.000
337.450	125.000
337.629	79.000
337.807	59.000
337.986	129.000
338.165	99.000
338.343	120.000
338.522	149.000
338.700	145.000
338.879	117.000
339.057	114.000
339.236	140.000
339.414	135.000
339.593	116.000
339.771	134.000
339.950	163.000
340.128	135.000
340.307	135.000
340.485	121.000
340.664	151.000
340.843	146.000
341.021	137.000
341.200	135.000
341.378	130.000
341.557	147.000
341.735	145.000
341.914	89.000
342.092	122.000
342.271	153.000
342.449	108.000
342.628	81.000
342.806	114.000
342.985	208.000
343.163	187.000
343.342	142.000
343.521	83.000
343.699	82.000
343.878	106.000
344.056	159.000
344.235	136.000
344.413	135.000
344.592	175.000
344.770	120.000
344.949	159.000
345.127	132.000
345.306	152.000
345.484	121.000
345.663	125.000
345.841	171.000
346.020	164.000
346.199	145.000
346.377	157.000
346.556	190.000
346.734	187.000
346.913	94.000
347.091	93.000
347.270	152.000
347.448	133.000
347.627	113.000
347.805	95.000
347.984	129.000
348.162	107.000
348.341	91.000
348.519	121.000
348.698	84.000
348.876	101.000
349.055	141.000
349.234	194.000
349.412	160.000
349.591	79.000
349.769	109.000
349.948	148.000
350.126	200.000
350.305	153.000
350.483	145.000
350.662	132.000
350.840	123.000
351.019	98.000
351.197	99.000
351.376	135.000
351.554	118.000
351.733	162.000
351.912	149.000
352.090	115.000
352.269	102.000
352.447	131.000
352.626	88.000
352.804	98.000
352.983	113.000
353.161	140.000
353.340	120.000
353.518	114.000
353.697	146.000
353.875	155.000
354.054	151.000
354.232	227.000
354.411	178.000
354.590	112.000
354.768	135.000
354.947	115.000
355.125	93.000
355.304	111.000
355.482	96.000
355.661	101.000
355.839	96.000
356.018	75.000
356.196	99.000
356.375	127.000
356.553	148.000
356.732	98.000
356.910	113.000
357.089	133.000
357.268	177.000
357.446	191.000
357.625	160.000
357.803	141.000
357.982	143.000
358.160	116.000
358.339	118.000
358.517	136.000
358.696	141.000
358.874	79.000
359.053	96.000
359.231	110.000
359.410	146.000
359.588	132.000
359.767	164.000
359.945	186.000
360.124	142.000
360.303	115.000
360.481	110.000
360.660	110.000
360.838	168.000
361.017	142.000
361.195	95.000
361.374	131.000
361.552	142.000
361.731	156.000
361.909	182.000
362.088	96.000
362.266	91.000
362.445	121.000
362.623	130.000
362.802	160.000
362.981	172.000
363.159	227.000
363.338	201.000
363.516	209.000
363.695	192.000
363.873	162.000
364.052	155.000
364.230	167.000
364.409	135.000
364.587	160.000
364.766	113.000
364.944	122.000
365.123	207.000
365.301	205.000
365.480	159.000
365.660	130.000
365.839	140.000
366.019	156.000
366.199	135.000
366.379	167.000
366.558	191.000
366.738	195.000
366.918	178.000
367.098	112.000
367.277	106.000
367.457	143.000
367.637	98.000
367.816	127.000
367.996	181.000
368.176	143.000
368.356	147.000
368.535	130.000
368.715	166.000
368.895	196.000
369.075	160.000
369.254	125.000
369.434	199.000
369.614	214.000
369.793	193.000
369.973	251.000
370.153	167.000
370.333	120.000
370.512	103.000
370.692	140.000
370.872	164.000
371.051	108.000
371.231	189.000
371.411	229.000
371.591	138.000
371.770	162.000
371.950	170.000
372.130	96.000
372.310	119.000
372.489	136.000
372.669	148.000
372.849	149.000
373.028	114.000
373.208	139.000
373.388	125.000
373.568	97.000
373.747	150.000
373.927	163.000
374.107	135.000
374.287	159.000
374.466	139.000
374.646	166.000
374.826	148.000
375.005	100.000
375.185	137.000
375.365	272.000
375.545	221.000
375.724	147.000
375.904	143.000
376.084	143.000
376.263	149.000
376.443	134.000
376.623	165.000
376.803	193.000
376.982	196.000
377.162	183.000
377.342	200.000
377.522	225.000
377.701	171.000
377.881	121.000
378.061	177.000
378.240	152.000
378.420	117.000
378.600	173.000
378.780	220.000
378.959	198.000
379.139	199.000
379.319	182.000
379.499	187.000
379.678	166.000
379.858	190.000
380.038	165.000
380.217	174.000
380.397	145.000
380.577	165.000
380.757	181.000
380.936	233.000
381.116	194.000
381.296	127.000
381.476	129.000
381.655	111.000
381.835	124.000
382.015	149.000
382.194	168.000
382.374	208.000
382.554	172.000
382.734	144.000
382.913	180.000
383.093	224.000
383.273	134.000
383.452	165.000
383.632	158.000
383.812	166.000
383.992	155.000
384.171	197.000
384.351	166.000
384.531	140.000
384.711	155.000
384.890	129.000
385.070	107.000
385.250	111.000
385.429	153.000
385.609	162.000
385.789	185.000
385.969	185.000
386.148	143.000
386.328	164.000
386.508	150.000
386.688	141.000
386.867	155.000
387.047	176.000
387.227	183.000
387.406	192.000
387.586	172.000
387.766	207.000
387.946	195.000
388.125	147.000
388.305	130.000
388.485	87.000
388.664	107.000
388.844	151.000
389.024	127.000
389.204	126.000
389.383	156.000
389.563	147.000
389.743	160.000
389.923	184.000
390.102	160.000
390.282	164.000
390.462	186.000
390.641	177.000
390.821	83.000
391.001	132.000
391.181	195.000
391.360	208.000
391.540	182.000
391.720	136.000
391.900	141.000
392.079	146.000
392.259	133.000
392.439	143.000
392.618	182.000
392.798	173.000
392.978	178.000
393.158	160.000
393.337	161.000
393.517	218.000
393.697	203.000
393.877	247.000
394.056	223.000
394.236	264.000
394.416	247.000
394.595	191.000
394.775	176.000
394.955	174.000
395.135	155.000
395.314	193.000
395.494	269.000
395.674	204.000
395.853	221.000
396.033	228.000
396.213	208.000
396.393	193.000
396.572	218.000
396.752	199.000
396.932	238.000
397.112	261.000
397.291	256.000
397.471	193.000
397.651	185.000
397.830	159.000
398.010	222.000
398.190	207.000
398.370	206.000
398.549	261.000
398.729	225.000
398.909	220.000
399.089	242.000
399.268	241.000
399.448	263.000
399.628	238.000
399.807	266.000
399.987	276.000
400.167	304.000
400.347	334.000
400.526	303.000
400.706	248.000
400.886	235.000
401.065	258.000
401.245	251.000
401.425	306.000
401.605	273.000
401.784	242.000
401.964	285.000
402.144	309.000
402.324	257.000
402.503	213.000
402.683	245.000
402.863	300.000
403.042	335.000
403.222	311.000
403.402	368.000
403.582	328.000
403.761	310.000
403.941	373.000
404.121	333.000
404.301	321.000
404.480	421.000
404.660	447.000
404.844	442.000
405.029	489.000
405.213	532.000
405.398	466.000
405.582	413.000
405.767	451.000
405.951	465.000
406.136	474.000
406.320	512.000
406.505	611.000
406.689	661.000
406.874	680.000
407.058	759.000
407.243	709.000
407.427	716.000
407.612	780.000
407.796	810.000
407.981	911.000
408.165	996.000
408.350	1022.000
408.534	1034.000
408.719	1100.000
408.903	1229.000
409.088	1292.000
409.272	1303.000
409.457	1369.000
409.641	1426.000
409.826	1501.000
410.010	1693.000
410.195	1791.000
410.379	1945.000
410.564	2101.000
410.748	2197.000
410.933	2230.000
411.117	2386.000
411.302	2574.000
411.486	2735.000
411.671	2919.000
411.855	3077.000
412.040	3172.000
412.224	3233.000
412.409	3334.000
412.593	3513.000
412.778	3696.000
412.962	3826.000
413.147	4045.000
413.331	4315.000
413.516	4441.000
413.700	4631.000
413.885	4883.000
414.069	4979.000
414.254	5059.000
414.438	5167.000
414.623	5353.000
414.807	5446.000
414.992	5630.000
415.176	5904.000
415.361	6187.000
415.545	6407.000
415.730	6510.000
415.914	6645.000
416.099	6860.000
416.283	6919.000
416.468	6913.000
416.652	7027.000
416.837	7225.000
417.021	7356.000
417.206	7443.000
417.390	7513.000
417.575	7695.000
417.759	7793.000
417.944	8034.000
418.128	8141.000
418.313	8335.000
418.497	8446.000
418.682	8579.000
418.866	8687.000
419.051	8868.000
419.235	8934.000
419.420	9019.000
419.604	9186.000
419.789	9215.000
419.973	9394.000
420.158	9752.000
420.342	9858.000
420.527	10038.000
420.711	10328.000
420.896	10543.000
421.080	10593.000
421.265	10651.000
421.449	10594.000
421.634	10507.000
421.818	10523.000
422.003	10476.000
422.187	10495.000
422.372	10544.000
422.556	10573.000
422.741	10814.000
422.925	11136.000
423.110	11308.000
423.294	11257.000
423.479	11149.000
423.663	11335.000
423.848	11486.000
424.032	11554.000
424.217	11504.000
424.401	11641.000
424.586	11792.000
424.770	11726.000
424.955	11715.000
425.139	11888.000
425.324	12059.000
425.508	12028.000
425.693	12032.000
425.877	12101.000
426.062	12066.000
426.246	12112.000
426.431	11976.000
426.615	11849.000
426.800	11882.000
426.984	12025.000
427.169	12098.000
427.353	12215.000
427.538	12137.000
427.722	12200.000
427.907	12233.000
428.091	12142.000
428.276	12133.000
428.460	12026.000
428.645	11977.000
428.829	11639.000
429.014	11492.000
429.198	11301.000
429.383	10951.000
429.567	10712.000
429.752	10361.000
429.936	10127.000
430.121	10023.000
430.305	10123.000
430.490	10399.000
430.674	10819.000
430.859	11351.000
431.043	11791.000
431.228	12167.000
431.412	12415.000
431.597	12498.000
431.781	12693.000
431.966	12844.000
432.150	13009.000
432.335	13278.000
432.519	13466.000
432.704	13611.000
432.888	13572.000
433.073	13370.000
433.257	13125.000
433.442	13104.000
433.626	13138.000
433.811	13147.000
433.995	13433.000
434.180	13619.000
434.364	13856.000
434.549	13839.000
434.733	13942.000
434.918	14076.000
435.102	14192.000
435.287	14533.000
435.471	14774.000
435.656	14895.000
435.840	14956.000
436.030	14975.000
436.219	14928.000
436.409	14913.000
436.599	15013.000
436.789	14987.000
436.978	14761.000
437.168	14729.000
437.358	14548.000
437.548	14305.000
437.737	14036.000
437.927	14008.000
438.117	13924.000
438.306	14034.000
438.496	14149.000
438.686	14343.000
438.876	14454.000
439.065	14587.000
439.255	14764.000
439.445	14978.000
439.634	14902.000
439.824	14799.000
440.014	14966.000
440.204	15045.000
440.393	15179.000
440.583	15574.000
440.773	15729.000
440.963	15911.000
441.152	16087.000
441.342	16163.000
441.532	16353.000
441.721	16414.000
441.911	16564.000
442.101	16582.000
442.291	16765.000
442.480	16784.000
442.670	16951.000
442.860	16948.000
443.050	16932.000
443.239	17182.000
443.429	17116.000
443.619	17168.000
443.808	17340.000
443.998	17197.000
444.188	17262.000
444.378	17407.000
444.567	17295.000
444.757	17208.000
444.947	17123.000
445.137	17199.000
445.326	17131.000
445.516	16954.000
445.706	17032.000
445.895	17186.000
446.085	17324.000
446.275	17453.000
446.465	17603.000
446.654	17864.000
446.844	17981.000
447.034	18065.000
447.223	18313.000
447.413	18396.000
447.603	18369.000
447.793	18556.000
447.982	18690.000
448.172	18629.000
448.362	18741.000
448.552	18757.000
448.741	18780.000
448.931	18884.000
449.121	18865.000
449.310	18884.000
449.500	19142.000
449.690	19324.000
449.880	19414.000
450.069	19604.000
450.259	19872.000
450.449	19907.000
450.639	20022.000
450.828	19980.000
451.018	19851.000
451.208	19793.000
451.397	19828.000
451.587	19886.000
451.777	19445.000
451.967	19300.000
452.156	19129.000
452.346	19020.000
452.536	18888.000
452.725	18566.000
452.915	18528.000
453.105	18501.000
453.295	18671.000
453.484	18879.000
453.674	18845.000
453.864	18944.000
454.054	19077.000
454.243	19000.000
454.433	18865.000
454.623	18751.000
454.812	18648.000
455.002	18741.000
455.192	18940.000
455.382	19035.000
455.571	19051.000
455.761	19127.000
455.951	19241.000
456.141	19316.000
456.330	19265.000
456.520	19318.000
456.710	19415.000
456.899	19458.000
457.089	19518.000
457.279	19508.000
457.469	19394.000
457.658	19160.000
457.848	19003.000
458.038	19050.000
458.228	18925.000
458.417	18895.000
458.607	18930.000
458.797	19012.000
458.986	18885.000
459.176	18888.000
459.366	18641.000
459.556	18686.000
459.745	18768.000
459.935	18672.000
460.125	18730.000
460.314	18831.000
460.504	18802.000
460.694	18926.000
460.884	19132.000
461.073	19007.000
461.263	19159.000
461.453	19247.000
461.643	19222.000
461.832	19278.000
462.022	19135.000
462.212	19201.000
462.401	19236.000
462.591	19265.000
462.781	19239.000
462.971	19299.000
463.160	19158.000
463.350	19090.000
463.540	19142.000
463.730	18881.000
463.919	18730.000
464.109	18675.000
464.299	18700.000
464.488	18698.000
464.678	18523.000
464.868	18514.000
465.058	18745.000
465.247	18770.000
465.437	18695.000
465.627	18660.000
465.816	18463.000
466.006	18411.000
466.196	18484.000
466.386	18520.000
466.575	18608.000
466.765	18410.000
466.955	18275.000
467.145	18259.000
467.334	18330.000
467.524	18408.000
467.714	18369.000
467.903	18535.000
468.093	18671.000
468.283	18477.000
468.473	18605.000
468.662	18735.000
468.852	18796.000
469.042	18789.000
469.232	18808.000
469.421	18642.000
469.611	18497.000
469.801	18545.000
469.990	18547.000
470.180	18414.000
470.370	18306.000
470.560	18374.000
470.749	18504.000
470.939	18510.000
471.129	18508.000
471.318	18696.000
471.508	18964.000
471.698	19123.000
471.888	19078.000
472.077	19184.000
472.267	19287.000
472.457	19314.000
472.647	19209.000
472.836	19043.000
473.026	18961.000
473.216	18995.000
473.405	18925.000
473.595	18883.000
473.785	19167.000
473.975	19338.000
474.164	19149.000
474.354	19182.000
474.544	19372.000
474.734	19435.000
474.923	19407.000
475.113	19312.000
475.303	19094.000
475.492	19054.000
475.682	18999.000
475.872	18920.000
476.062	18875.000
476.251	18809.000
476.441	18845.000
476.631	18873.000
476.821	18776.000
477.010	18964.000
477.200	19184.000
477.390	19249.000
477.579	19257.000
477.769	19326.000
477.959	19324.000
478.149	19262.000
478.338	19332.000
478.528	19123.000
478.718	19237.000
478.907	19286.000
479.097	19400.000
479.287	19245.000
479.477	19215.000
479.666	19293.000
479.856	19168.000
480.046	19122.000
480.236	19232.000
480.425	19288.000
480.615	19122.000
480.805	19038.000
480.994	19207.000
481.184	19186.000
481.374	19175.000
481.564	19239.000
481.753	19303.000
481.943	19424.000
482.133	19325.000
482.323	19091.000
482.512	18919.000
482.702	19025.000
482.892	18784.000
483.081	18799.000
483.271	18840.000
483.461	18745.000
483.651	18589.000
483.840	18629.000
484.030	18438.000
484.220	18325.000
484.409	18288.000
484.599	18130.000
484.789	18100.000
484.979	17974.000
485.168	17558.000
485.358	17215.000
485.548	16855.000
485.738	16697.000
485.927	16216.000
486.117	15910.000
486.307	15713.000
486.496	15577.000
486.686	15718.000
486.876	15642.000
487.066	15966.000
487.255	16245.000
487.445	16342.000
487.635	16513.000
487.825	16679.000
488.014	16716.000
488.204	16948.000
488.394	17089.000
488.583	16990.000
488.773	16958.000
488.963	17103.000
489.153	17143.000
489.342	17234.000
489.532	17289.000
489.722	17597.000
489.912	17834.000
490.101	17765.000
490.291	17546.000
490.481	17599.000
490.670	17636.000
490.860	17622.000
491.050	17583.000
491.240	17467.000
491.429	17311.000
491.619	17231.000
491.809	16843.000
491.998	16834.000
492.188	16803.000
492.378	16766.000
492.568	16824.000
492.757	16902.000
492.947	16912.000
493.137	17174.000
493.327	17274.000
493.516	17190.000
493.706	17220.000
493.896	17274.000
494.085	17434.000
494.275	17467.000
494.465	17629.000
494.655	17670.000
494.844	17663.000
495.034	17784.000
495.224	17778.000
495.414	17655.000
495.603	17608.000
495.793	17546.000
495.983	17745.000
496.172	17597.000
496.362	17458.000
496.552	17698.000
496.742	17752.000
496.931	17678.000
497.121	17614.000
497.311	17549.000
497.500	17550.000
497.690	17416.000
497.880	17292.000
498.070	17254.000
498.259	17161.000
498.449	17168.000
498.639	17007.000
498.829	16980.000
499.018	17204.000
499.208	17095.000
499.398	17119.000
499.587	17303.000
499.777	17189.000
499.967	16995.000
500.157	16898.000
500.346	16955.000
500.536	16858.000
500.726	16667.000
500.916	16607.000
501.105	16338.000
501.295	16277.000
501.485	16418.000
501.674	16218.000
501.864	16122.000
502.054	16113.000
502.244	16196.000
502.433	16305.000
502.623	16503.000
502.813	16579.000
503.003	16476.000
503.192	16468.000
503.382	16533.000
503.572	16448.000
503.761	16311.000
503.951	16281.000
504.141	16305.000
504.331	16135.000
504.520	16126.000
504.710	16295.000
504.900	16329.000
505.089	16406.000
505.279	16546.000
505.469	16597.000
505.659	16739.000
505.848	16775.000
506.038	16791.000
506.228	16859.000
506.418	16766.000
506.607	16626.000
506.797	16489.000
506.987	16539.000
507.176	16471.000
507.366	16331.000
507.556	16191.000
507.746	16062.000
507.935	16070.000
508.125	15949.000
508.315	15787.000
508.505	16015.000
508.694	16218.000
508.884	16311.000
509.074	16226.000
509.263	16038.000
509.453	16127.000
509.643	16142.000
509.833	16106.000
510.022	15938.000
510.212	15871.000
510.402	15834.000
510.592	16125.000
510.781	16172.000
510.971	16025.000
511.161	16033.000
511.350	16021.000
511.540	16064.000
511.730	16070.000
511.920	15987.000
512.109	15932.000
512.299	15806.000
512.489	15617.000
512.678	15515.000
512.868	15572.000
513.058	15474.000
513.248	15509.000
513.437	15271.000
513.627	15153.000
513.817	15147.000
514.007	15204.000
514.196	14952.000
514.386	14923.000
514.576	15162.000
514.765	15004.000
514.955	14876.000
515.145	14860.000
515.335	15018.000
515.524	15182.000
515.714	14941.000
515.904	14767.000
516.094	14599.000
516.283	14375.000
516.473	14093.000
516.663	13696.000
516.852	13638.000
517.042	13561.000
517.232	13476.000
517.422	13290.000
517.611	13337.000
517.801	13462.000
517.991	13531.000
518.180	13387.000
518.370	13343.000
518.560	13370.000
518.750	13605.000
518.939	13712.000
519.129	13753.000
519.319	13867.000
519.509	14096.000
519.698	14195.000
519.888	14241.000
520.078	14219.000
520.267	14299.000
520.457	14343.000
520.647	14333.000
520.837	14346.000
521.026	14532.000
521.216	14543.000
521.406	14650.000
521.596	14668.000
521.785	14688.000
521.975	14638.000
522.165	14569.000
522.354	14511.000
522.544	14383.000
522.734	14366.000
522.924	14543.000
523.113	14416.000
523.303	14401.000
523.493	14525.000
523.683	14631.000
523.872	14740.000
524.062	14706.000
524.252	14752.000
524.441	14673.000
524.631	14790.000
524.821	14740.000
525.011	14868.000
525.200	14959.000
525.390	14763.000
525.580	14630.000
525.769	14663.000
525.959	14444.000
526.149	14065.000
526.339	13969.000
526.528	13929.000
526.718	13699.000
526.908	13613.000
527.098	13743.000
527.287	13920.000
527.477	13902.000
527.667	14052.000
527.856	14149.000
528.046	14386.000
528.236	14571.000
528.426	14725.000
528.615	14582.000
528.805	14529.000
528.995	14768.000
529.185	14765.000
529.374	14832.000
529.564	14764.000
529.754	14637.000
529.943	14676.000
530.133	14742.000
530.323	14841.000
530.513	14819.000
530.702	14785.000
530.892	14846.000
531.082	14761.000
531.271	14716.000
531.461	14627.000
531.651	14505.000
531.841	14247.000
532.030	14181.000
532.220	13886.000
532.410	13821.000
532.600	13782.000
532.789	13757.000
532.979	13751.000
533.169	13733.000
533.358	13608.000
533.548	13704.000
533.738	13594.000
533.928	13524.000
534.117	13441.000
534.307	13530.000
534.497	13539.000
534.687	13724.000
534.876	13794.000
535.066	13641.000
535.256	13532.000
535.445	13598.000
535.635	13640.000
535.825	13615.000
536.015	13485.000
536.204	13384.000
536.394	13236.000
536.584	13224.000
536.773	13085.000
536.963	13155.000
537.153	13191.000
537.343	13184.000
537.532	13226.000
537.722	13217.000
537.912	13374.000
538.102	13254.000
538.291	13067.000
538.481	12999.000
538.671	12889.000
538.860	12750.000
539.050	12651.000
539.240	12669.000
539.430	12658.000
539.619	12568.000
539.809	12413.000
539.999	12307.000
540.189	12338.000
540.378	12407.000
540.568	12352.000
540.758	12434.000
540.947	12479.000
541.137	12431.000
541.327	12487.000
541.517	12470.000
541.706	12436.000
541.896	12469.000
542.086	12440.000
542.276	12445.000
542.465	12360.000
542.655	12265.000
542.845	12403.000
543.034	12422.000
543.224	12568.000
543.414	12636.000
543.604	12469.000
543.793	12386.000
543.983	12436.000
544.173	12455.000
544.362	12464.000
544.552	12629.000
544.742	12400.000
544.932	12257.000
545.121	12182.000
545.311	12233.000
545.501	12254.000
545.691	12334.000
545.880	12222.000
546.070	12229.000
546.264	12289.000
546.459	12215.000
546.653	12110.000
546.847	12148.000
547.041	12240.000
547.236	12173.000
547.430	12128.000
547.624	12062.000
547.818	12092.000
548.013	12091.000
548.207	12034.000
548.401	11863.000
548.596	11956.000
548.790	12064.000
548.984	12122.000
549.178	12035.000
549.373	12027.000
549.567	12017.000
549.761	11889.000
549.956	11897.000
550.150	11975.000
550.344	11823.000
550.538	11780.000
550.733	11836.000
550.927	11995.000
551.121	11964.000
551.315	11814.000
551.510	11772.000
551.704	11802.000
551.898	11751.000
552.093	11876.000
552.287	11799.000
552.481	11785.000
552.675	11721.000
552.870	11762.000
553.064	11600.000
553.258	11682.000
553.453	11601.000
553.647	11595.000
553.841	11652.000
554.035	11762.000
554.230	11847.000
554.424	11688.000
554.618	11627.000
554.812	11711.000
555.007	11721.000
555.201	11854.000
555.395	11680.000
555.590	11560.000
555.784	11485.000
555.978	11390.000
556.172	11468.000
556.367	11408.000
556.561	11330.000
556.755	11302.000
556.949	11249.000
557.144	11206.000
557.338	11155.000
557.532	11140.000
557.727	11274.000
557.921	11122.000
558.115	10998.000
558.309	11060.000
558.504	11064.000
558.698	10994.000
558.892	10851.000
559.087	10877.000
559.281	10837.000
559.475	10902.000
559.669	10874.000
559.864	10798.000
560.058	10992.000
560.252	11106.000
560.446	11055.000
560.641	11031.000
560.835	11181.000
561.029	11063.000
561.224	10879.000
561.418	10820.000
561.612	11013.000
561.806	11081.000
562.001	10950.000
562.195	10912.000
562.389	10845.000
562.584	10879.000
562.778	10958.000
562.972	10846.000
563.166	10911.000
563.361	10906.000
563.555	10873.000
563.749	10881.000
563.943	10771.000
564.138	10797.000
564.332	10868.000
564.526	10829.000
564.721	10707.000
564.915	10622.000
565.109	10615.000
565.303	10678.000
565.498	10498.000
565.692	10481.000
565.886	10520.000
566.081	10468.000
566.275	10439.000
566.469	10406.000
566.663	10476.000
566.858	10461.000
567.052	10364.000
567.246	10462.000
567.440	10470.000
567.635	10483.000
567.829	10485.000
568.023	10303.000
568.218	10252.000
568.412	10325.000
568.606	10292.000
568.800	10155.000
568.995	10165.000
569.189	10172.000
569.383	10070.000
569.577	10002.000
569.772	10054.000
569.966	9823.000
570.160	9836.000
570.355	9890.000
570.549	9887.000
570.743	9879.000
570.937	9843.000
571.132	9760.000
571.326	9838.000
571.520	9923.000
571.715	9815.000
571.909	9811.000
572.103	9871.000
572.297	9884.000
572.492	9789.000
572.686	9880.000
572.880	9823.000
573.074	9692.000
573.269	9741.000
573.463	9769.000
573.657	9687.000
573.852	9688.000
574.046	9612.000
574.240	9605.000
574.434	9519.000
574.629	9517.000
574.823	9438.000
575.017	9321.000
575.212	9278.000
575.406	9355.000
575.600	9356.000
575.794	9341.000
575.989	9325.000
576.183	9406.000
576.377	9427.000
576.571	9287.000
576.766	9253.000
576.960	9243.000
577.159	9319.000
577.357	9152.000
577.556	9081.000
577.755	9036.000
577.953	8946.000
578.152	8984.000
578.350	8935.000
578.549	8874.000
578.748	9021.000
578.946	8976.000
579.145	9053.000
579.344	9055.000
579.542	9040.000
579.741	9175.000
579.940	9198.000
580.138	9157.000
580.337	9110.000
580.535	9092.000
580.734	9275.000
580.933	9334.000
581.131	9315.000
581.330	9402.000
581.529	9488.000
581.727	9506.000
581.926	9581.000
582.125	9607.000
582.323	9623.000
582.522	9630.000
582.721	9601.000
582.919	9597.000
583.118	9621.000
583.316	9674.000
583.515	9686.000
583.714	9791.000
583.912	9820.000
584.111	9835.000
584.310	9865.000
584.508	9615.000
584.707	9731.000
584.906	9711.000
585.104	9623.000
585.303	9555.000
585.501	9530.000
585.700	9518.000
585.899	9609.000
586.097	9524.000
586.296	9555.000
586.495	9543.000
586.693	9551.000
586.892	9503.000
587.091	9318.000
587.289	9437.000
587.488	9383.000
587.686	9249.000
587.885	9012.000
588.084	8733.000
588.282	8525.000
588.481	8479.000
588.680	8540.000
588.878	8395.000
589.077	8217.000
589.276	8331.000
589.474	8420.000
589.673	8334.000
589.871	8351.000
590.070	8514.000
590.269	8483.000
590.467	8457.000
590.666	8524.000
590.865	8503.000
591.063	8572.000
591.262	8644.000
591.461	8627.000
591.659	8634.000
591.858	8595.000
592.056	8609.000
592.255	8513.000
592.454	8620.000
592.652	8743.000
592.851	8751.000
593.050	8686.000
593.248	8685.000
593.447	8681.000
593.646	8577.000
593.844	8549.000
594.043	8539.000
594.241	8483.000
594.440	8523.000
594.639	8496.000
594.837	8454.000
595.036	8464.000
595.235	8517.000
595.433	8620.000
595.632	8614.000
595.831	8560.000
596.029	8522.000
596.228	8630.000
596.427	8620.000
596.625	8741.000
596.824	8685.000
597.022	8632.000
597.221	8634.000
597.420	8646.000
597.618	8594.000
597.817	8449.000
598.016	8396.000
598.214	8533.000
598.413	8594.000
598.612	8596.000
598.810	8642.000
599.009	8567.000
599.207	8615.000
599.406	8612.000
599.605	8579.000
599.803	8538.000
600.002	8632.000
600.201	8615.000
600.399	8534.000
600.598	8517.000
600.797	8508.000
600.995	8590.000
601.194	8584.000
601.392	8496.000
601.591	8565.000
601.790	8573.000
601.988	8501.000
602.187	8545.000
602.386	8421.000
602.584	8478.000
602.783	8565.000
602.982	8500.000
603.180	8529.000
603.379	8570.000
603.577	8643.000
603.776	8641.000
603.975	8683.000
604.173	8685.000
604.372	8659.000
604.571	8602.000
604.769	8502.000
604.968	8499.000
605.167	8403.000
605.365	8364.000
605.564	8452.000
605.762	8457.000
605.961	8445.000
606.160	8479.000
606.358	8546.000
606.557	8550.000
606.756	8439.000
606.954	8404.000
607.153	8471.000
607.352	8531.000
607.550	8444.000
607.749	8388.000
607.948	8545.000
608.146	8452.000
608.345	8445.000
608.543	8520.000
608.742	8489.000
608.941	8345.000
609.139	8317.000
609.338	8483.000
609.537	8367.000
609.735	8274.000
609.934	8161.000
610.133	8171.000
610.331	8172.000
610.530	8223.000
610.728	8291.000
610.927	8305.000
611.126	8212.000
611.324	8140.000
611.523	8187.000
611.722	8187.000
611.920	8210.000
612.119	8194.000
612.318	8073.000
612.516	8056.000
612.715	8002.000
612.913	8025.000
613.112	8064.000
613.311	7855.000
613.509	7818.000
613.708	7937.000
613.907	7982.000
614.105	7981.000
614.304	7939.000
614.503	8059.000
614.701	8048.000
614.900	7996.000
615.098	7950.000
615.297	7856.000
615.496	7753.000
615.694	7766.000
615.893	7857.000
616.092	7753.000
616.290	7683.000
616.489	7676.000
616.688	7707.000
616.886	7632.000
617.085	7533.000
617.283	7478.000
617.482	7573.000
617.681	7680.000
617.879	7774.000
618.078	7802.000
618.277	7739.000
618.475	7593.000
618.674	7715.000
618.873	7711.000
619.071	7767.000
619.270	7615.000
619.468	7647.000
619.667	7702.000
619.866	7768.000
620.064	7747.000
620.263	7694.000
620.462	7639.000
620.660	7743.000
620.859	7687.000
621.058	7657.000
621.256	7702.000
621.455	7681.000
621.654	7594.000
621.852	7578.000
622.051	7466.000
622.249	7370.000
622.448	7458.000
622.647	7437.000
622.845	7542.000
623.044	7447.000
623.243	7437.000
623.441	7508.000
623.640	7424.000
623.839	7305.000
624.037	7276.000
624.236	7259.000
624.434	7170.000
624.633	7279.000
624.832	7248.000
625.030	7186.000
625.229	7275.000
625.428	7202.000
625.626	7324.000
625.825	7290.000
626.024	7314.000
626.222	7214.000
626.421	7135.000
626.619	7116.000
626.818	7064.000
627.017	7143.000
627.215	7066.000
627.414	7011.000
627.613	7041.000
627.811	6915.000
628.010	6894.000
628.209	6905.000
628.407	7002.000
628.606	7104.000
628.804	6999.000
629.003	6928.000
629.202	6884.000
629.400	6919.000
629.599	6934.000
629.798	6838.000
629.996	6873.000
630.195	6787.000
630.394	6893.000
630.592	6945.000
630.791	6819.000
630.990	6803.000
631.188	6793.000
631.387	6887.000
631.585	6896.000
631.784	6896.000
631.983	6815.000
632.181	6836.000
632.380	6905.000
632.579	6902.000
632.777	6867.000
632.976	6930.000
633.175	6849.000
633.373	6942.000
633.572	6953.000
633.770	6942.000
633.969	6854.000
634.168	6859.000
634.366	6939.000
634.565	6905.000
634.764	6835.000
634.962	6827.000
635.161	6939.000
635.360	6966.000
635.558	6873.000
635.757	6882.000
635.955	6811.000
636.154	6888.000
636.353	6858.000
636.551	6747.000
636.750	6763.000
636.949	6833.000
637.147	6897.000
637.346	6846.000
637.545	6839.000
637.743	6928.000
637.942	6979.000
638.140	6967.000
638.339	6946.000
638.538	6876.000
638.736	6874.000
638.935	6945.000
639.134	6855.000
639.332	6867.000
639.531	6798.000
639.730	6721.000
639.928	6882.000
640.127	6948.000
640.325	6771.000
640.524	6687.000
640.723	6675.000
640.921	6844.000
641.120	6787.000
641.319	6718.000
641.517	6648.000
641.716	6636.000
641.915	6759.000
642.113	6717.000
642.312	6613.000
642.510	6579.000
642.709	6726.000
642.908	6748.000
643.106	6701.000
643.305	6706.000
643.504	6663.000
643.702	6673.000
643.901	6714.000
644.100	6633.000
644.298	6622.000
644.497	6709.000
644.696	6638.000
644.894	6636.000
645.093	6611.000
645.291	6649.000
645.490	6681.000
645.689	6491.000
645.887	6503.000
646.086	6556.000
646.285	6442.000
646.483	6412.000
646.682	6418.000
646.881	6409.000
647.079	6375.000
647.278	6204.000
647.476	6154.000
647.675	6273.000
647.874	6330.000
648.072	6216.000
648.271	6266.000
648.470	6320.000
648.668	6258.000
648.867	6239.000
649.066	6183.000
649.264	6130.000
649.463	6196.000
649.661	6145.000
649.860	6265.000
650.059	6384.000
650.257	6351.000
650.456	6348.000
650.655	6327.000
650.853	6204.000
651.052	6216.000
651.251	6260.000
651.449	6271.000
651.648	6252.000
651.846	6270.000
652.045	6283.000
652.244	6269.000
652.442	6311.000
652.641	6359.000
652.840	6368.000
653.038	6327.000
653.237	6405.000
653.436	6363.000
653.634	6219.000
653.833	6234.000
654.032	6166.000
654.230	6197.000
654.429	6125.000
654.627	6234.000
654.826	6214.000
655.025	6161.000
655.223	6082.000
655.422	5906.000
655.621	5722.000
655.819	5693.000
656.018	5606.000
656.217	5621.000
656.415	5658.000
656.614	5783.000
656.812	5842.000
657.011	5795.000
657.210	5783.000
657.408	5838.000
657.607	5995.000
657.806	5968.000
658.004	5971.000
658.203	6036.000
658.402	5982.000
658.600	5999.000
658.799	6110.000
658.997	6168.000
659.196	6133.000
659.395	6230.000
659.593	6181.000
659.792	6229.000
659.991	6227.000
660.189	6201.000
660.388	6333.000
660.587	6258.000
660.785	6240.000
660.984	6182.000
661.182	6201.000
661.381	6229.000
661.580	6271.000
661.778	6309.000
661.977	6352.000
662.176	6311.000
662.374	6262.000
662.573	6198.000
662.772	6238.000
662.970	6236.000
663.169	6179.000
663.367	6166.000
663.566	6157.000
663.765	6219.000
663.963	6177.000
664.162	6221.000
664.361	6209.000
664.559	6353.000
664.758	6331.000
664.957	6310.000
665.155	6221.000
665.354	6107.000
665.552	6094.000
665.751	6181.000
665.950	6179.000
666.148	6149.000
666.347	6192.000
666.546	6131.000
666.744	6069.000
666.943	6118.000
667.142	6032.000
667.340	6071.000
667.539	6118.000
667.738	6109.000
667.936	6210.000
668.135	6124.000
668.333	6015.000
668.532	5983.000
668.731	6015.000
668.929	6126.000
669.128	6059.000
669.327	6159.000
669.525	6147.000
669.724	6095.000
669.923	6033.000
670.121	5938.000
670.320	5944.000
670.518	5936.000
670.717	5874.000
670.916	5917.000
671.114	5885.000
671.313	5806.000
671.512	5936.000
671.710	6008.000
671.909	5988.000
672.108	5986.000
672.306	6042.000
672.505	5906.000
672.703	5932.000
672.902	5947.000
673.101	5874.000
673.299	5856.000
673.498	5916.000
673.697	5855.000
673.895	5826.000
674.094	5839.000
674.293	5879.000
674.491	5807.000
674.690	5864.000
674.888	5782.000
675.087	5759.000
675.286	5738.000
675.484	5796.000
675.683	5784.000
675.882	5792.000
676.080	5867.000
676.279	5651.000
676.478	5628.000
676.676	5757.000
676.875	5652.000
677.073	5694.000
677.272	5683.000
677.471	5721.000
677.669	5790.000
677.868	5758.000
678.067	5689.000
678.265	5621.000
678.464	5642.000
678.663	5667.000
678.861	5593.000
679.060	5553.000
679.259	5573.000
679.457	5694.000
679.656	5563.000
679.854	5611.000
680.053	5455.000
680.252	5464.000
680.450	5463.000
680.649	5493.000
680.848	5585.000
681.046	5543.000
681.245	5489.000
681.444	5515.000
681.642	5647.000
681.841	5619.000
682.039	5567.000
682.238	5503.000
682.437	5389.000
682.635	5445.000
682.834	5505.000
683.033	5556.000
683.231	5466.000
683.430	5399.000
683.629	5265.000
683.827	5372.000
684.026	5360.000
684.224	5310.000
684.423	5251.000
684.622	5246.000
684.820	5268.000
685.019	5347.000
685.218	5384.000
685.416	5267.000
685.615	5105.000
685.814	4952.000
686.012	4867.000
686.211	4701.000
686.409	4444.000
686.608	4361.000
686.807	4347.000
687.005	4342.000
687.204	4391.000
687.403	4352.000
687.601	4356.000
687.800	4474.000
687.999	4348.000
688.197	4279.000
688.396	4282.000
688.594	4271.000
688.793	4354.000
688.992	4453.000
689.190	4507.000
689.389	4388.000
689.588	4359.000
689.786	4490.000
689.985	4560.000
690.184	4583.000
690.382	4666.000
690.581	4735.000
690.779	4749.000
690.978	4657.000
691.177	4716.000
691.375	4701.000
691.574	4836.000
691.773	4968.000
691.971	4876.000
692.170	4781.000
692.369	4766.000
692.567	4764.000
692.766	4743.000
692.965	4790.000
693.163	4823.000
693.362	4773.000
693.560	4719.000
693.759	4776.000
693.958	4798.000
694.156	4809.000
694.355	4846.000
694.554	4886.000
694.752	4771.000
694.951	4812.000
695.150	4952.000
695.348	4908.000
695.547	4935.000
695.745	5067.000
695.944	5044.000
696.143	4975.000
696.341	5007.000
696.540	5093.000
696.743	5119.000
696.946	5237.000
697.149	5268.000
697.352	5253.000
697.555	5220.000
697.757	5110.000
697.960	5186.000
698.163	5218.000
698.366	5114.000
698.569	5063.000
698.772	5118.000
698.975	5093.000
699.178	5057.000
699.381	5071.000
699.584	5077.000
699.787	5042.000
699.989	5047.000
700.192	4991.000
700.395	5069.000
700.598	5097.000
700.801	5030.000
701.004	5062.000
701.207	5152.000
701.410	5146.000
701.613	5056.000
701.816	5147.000
702.019	5166.000
702.221	5272.000
702.424	5185.000
702.627	5202.000
702.830	5160.000
703.033	5265.000
703.236	5338.000
703.439	5254.000
703.642	5229.000
703.845	5336.000
704.048	5465.000
704.251	5493.000
704.453	5471.000
704.656	5427.000
704.859	5517.000
705.062	5493.000
705.265	5539.000
705.468	5454.000
705.671	5586.000
705.874	5660.000
706.077	5583.000
706.280	5493.000
706.483	5546.000
706.685	5586.000
706.888	5613.000
707.091	5611.000
707.294	5618.000
707.497	5647.000
707.700	5633.000
707.903	5538.000
708.106	5602.000
708.309	5619.000
708.512	5703.000
708.715	5750.000
708.917	5842.000
709.120	5770.000
709.323	5789.000
709.526	5865.000
709.729	5776.000
709.932	5839.000
710.135	5796.000
710.338	5859.000
710.541	5864.000
710.744	5875.000
710.947	5917.000
711.149	5887.000
711.352	5831.000
711.555	5923.000
711.758	5849.000
711.961	5871.000
712.164	5982.000
712.367	5895.000
712.570	5809.000
712.773	5814.000
712.976	5814.000
713.179	5807.000
713.381	5900.000
713.584	5906.000
713.787	5933.000
713.990	5937.000
714.193	5854.000
714.396	5908.000
714.599	5999.000
714.802	5976.000
715.005	5839.000
715.208	5796.000
715.411	5672.000
715.613	5607.000
715.816	5454.000
716.019	5341.000
716.222	5330.000
716.425	5240.000
716.628	5046.000
716.831	4968.000
717.034	4883.000
717.237	4855.000
717.440	4759.000
717.643	4621.000
717.845	4547.000
718.048	4416.000
718.251	4402.000
718.454	4490.000
718.657	4404.000
718.860	4343.000
719.063	4319.000
719.266	4337.000
719.469	4341.000
719.672	4439.000
719.875	4566.000
720.077	4613.000
720.280	4742.000
720.483	4963.000
720.686	5012.000
720.889	5036.000
721.092	5134.000
721.295	5159.000
721.498	5154.000
721.701	5297.000
721.904	5274.000
722.107	5276.000
722.309	5317.000
722.512	5269.000
722.715	5232.000
722.918	5063.000
723.121	5108.000
723.324	5203.000
723.527	4984.000
723.730	4936.000
723.933	4977.000
724.136	4991.000
724.339	4999.000
724.541	4999.000
724.744	4996.000
724.947	4942.000
725.150	4944.000
725.353	4986.000
725.556	5067.000
725.759	5040.000
725.962	5113.000
726.165	5055.000
726.368	5134.000
726.571	5100.000
726.773	5112.000
726.976	5130.000
727.179	5149.000
727.382	4999.000
727.585	5051.000
727.788	5118.000
727.991	5062.000
728.194	5066.000
728.397	5079.000
728.600	5100.000
728.803	5176.000
729.005	5205.000
729.208	5135.000
729.411	5143.000
729.614	5213.000
729.817	5226.000
730.020	5361.000
730.223	5351.000
730.426	5310.000
730.629	5308.000
730.832	5286.000
731.035	5394.000
731.237	5507.000
731.440	5601.000
731.643	5653.000
731.846	5726.000
732.049	5821.000
732.252	5876.000
732.455	5894.000
732.658	5910.000
732.861	5946.000
733.064	5981.000
733.267	6046.000
733.469	6161.000
733.672	6209.000
733.875	6163.000
734.078	6243.000
734.281	6239.000
734.484	6259.000
734.687	6180.000
734.890	6200.000
735.093	6255.000
735.296	6288.000
735.499	6265.000
735.701	6165.000
735.904	6239.000
736.107	6264.000
736.310	6316.000
736.513	6376.000
736.716	6440.000
736.919	6295.000
737.122	6332.000
737.325	6330.000
737.528	6247.000
737.731	6395.000
737.933	6362.000
738.136	6332.000
738.339	6380.000
738.542	6437.000
738.745	6401.000
738.948	6442.000
739.151	6468.000
739.354	6434.000
739.557	6591.000
739.760	6514.000
739.963	6415.000
740.165	6470.000
740.368	6478.000
740.571	6463.000
740.774	6427.000
740.977	6474.000
741.180	6521.000
741.383	6565.000
741.586	6635.000
741.789	6668.000
741.992	6595.000
742.195	6627.000
742.397	6729.000
742.600	6710.000
742.803	6614.000
743.006	6637.000
743.209	6603.000
743.412	6546.000
743.615	6475.000
743.818	6541.000
744.021	6597.000
744.224	6707.000
744.427	6732.000
744.629	6698.000
744.832	6548.000
745.035	6628.000
745.238	6743.000
745.441	6825.000
745.644	6701.000
745.847	6597.000
746.050	6722.000
746.253	6662.000
746.456	6763.000
746.659	6737.000
746.861	6662.000
747.064	6649.000
747.267	6671.000
747.470	6606.000
747.673	6675.000
747.876	6616.000
748.079	6674.000
748.282	6759.000
748.485	6607.000
748.688	6503.000
748.891	6605.000
749.093	6599.000
749.296	6505.000
749.499	6437.000
749.702	6581.000
749.905	6613.000
750.108	6531.000
750.311	6541.000
750.514	6481.000
750.717	6466.000
750.920	6540.000
751.123	6471.000
751.325	6524.000
751.528	6496.000
751.731	6403.000
751.934	6388.000
752.137	6570.000
752.340	6514.000
752.543	6541.000
752.746	6630.000
752.949	6571.000
753.152	6505.000
753.355	6411.000
753.557	6412.000
753.760	6511.000
753.963	6511.000
754.166	6440.000
754.369	6397.000
754.572	6402.000
754.775	6407.000
754.978	6389.000
755.181	6369.000
755.384	6390.000
755.587	6464.000
755.789	6330.000
755.992	6280.000
756.195	6416.000
756.398	6470.000
756.601	6393.000
756.804	6321.000
757.007	6348.000
757.210	6223.000
757.413	6138.000
757.616	6279.000
757.819	6170.000
758.021	6001.000
758.224	5658.000
758.427	5192.000
758.630	4785.000
758.833	4411.000
759.036	4069.000
759.239	3639.000
759.442	3269.000
759.645	2982.000
759.848	2839.000
760.051	2877.000
760.253	2830.000
760.456	2790.000
760.659	2763.000
760.862	2750.000
761.065	2695.000
761.268	2716.000
761.471	2646.000
761.674	2562.000
761.877	2516.000
762.080	2622.000
762.283	2636.000
762.485	2569.000
762.688	2663.000
762.891	2709.000
763.094	2719.000
763.297	2863.000
763.500	2966.000
763.706	3034.000
763.912	3115.000
764.118	3230.000
764.325	3331.000
764.531	3377.000
764.737	3520.000
764.943	3669.000
765.149	3728.000
765.355	3867.000
765.561	4075.000
765.768	4218.000
765.974	4303.000
766.180	4446.000
766.386	4681.000
766.592	4813.000
766.798	4820.000
767.004	4917.000
767.210	4975.000
767.417	5107.000
767.623	5141.000
767.829	5194.000
768.035	5145.000
768.241	5294.000
768.447	5388.000
768.653	5345.000
768.860	5478.000
769.066	5543.000
769.272	5445.000
769.478	5535.000
769.684	5600.000
769.890	5546.000
770.096	5564.000
770.303	5563.000
770.509	5500.000
770.715	5483.000
770.921	5597.000
771.127	5661.000
771.333	5606.000
771.539	5613.000
771.745	5564.000
771.952	5547.000
772.158	5545.000
772.364	5551.000
772.570	5526.000
772.776	5541.000
772.982	5451.000
773.188	5460.000
773.395	5562.000
773.601	5509.000
773.807	5480.000
774.013	5373.000
774.219	5466.000
774.425	5448.000
774.631	5414.000
774.838	5402.000
775.044	5487.000
775.250	5506.000
775.456	5381.000
775.662	5422.000
775.868	5438.000
776.074	5404.000
776.281	5336.000
776.487	5275.000
776.693	5312.000
776.899	5371.000
777.105	5380.000
777.311	5387.000
777.517	5384.000
777.723	5425.000
777.930	5316.000
778.136	5317.000
778.342	5362.000
778.548	5358.000
778.754	5195.000
778.960	5207.000
779.166	5272.000
779.373	5273.000
779.579	5223.000
779.785	5153.000
779.991	5239.000
780.197	5305.000
780.403	5221.000
780.609	5277.000
780.816	5171.000
781.022	5106.000
781.228	5234.000
781.434	5272.000
781.640	5271.000
781.846	5166.000
782.052	5170.000
782.259	5138.000
782.465	5058.000
782.671	5064.000
782.877	4949.000
783.083	4925.000
783.289	4991.000
783.495	5029.000
783.701	4983.000
783.908	4972.000
784.114	5028.000
784.320	4963.000
784.526	4921.000
784.732	4890.000
784.938	4937.000
785.144	4985.000
785.351	4918.000
785.557	5002.000
785.763	4957.000
785.969	4840.000
786.175	4903.000
786.381	4778.000
786.587	4703.000
786.794	4746.000
787.000	4796.000
787.206	4783.000
787.412	4785.000
787.618	4746.000
787.824	4609.000
788.030	4678.000
788.236	4627.000
788.443	4611.000
788.649	4694.000
788.855	4687.000
789.061	4651.000
789.267	4619.000
789.473	4559.000
789.679	4537.000
789.886	4569.000
790.092	4517.000
790.298	4474.000
790.504	4427.000
790.710	4431.000
790.916	4358.000
791.122	4332.000
791.329	4414.000
791.535	4383.000
791.741	4265.000
791.947	4349.000
792.153	4399.000
792.359	4364.000
792.565	4363.000
792.771	4415.000
792.978	4338.000
793.184	4326.000
793.390	4220.000
793.596	4226.000
793.802	4283.000
794.008	4318.000
794.214	4290.000
794.421	4290.000
794.627	4268.000
794.833	4181.000
795.039	4255.000
795.245	4142.000
795.451	4156.000
795.657	4114.000
795.864	4014.000
796.070	4153.000
796.276	4252.000
796.482	4167.000
796.688	4136.000
796.894	4085.000
797.100	4061.000
797.307	4127.000
797.513	4097.000
797.719	4170.000
797.925	4270.000
798.131	4227.000
798.337	4008.000
798.543	3956.000
798.749	4075.000
798.956	4181.000
799.162	4144.000
799.368	3994.000
799.574	3940.000
799.780	3980.000
799.986	3882.000
800.192	3932.000
800.399	3952.000
800.605	3971.000
800.811	3988.000
801.017	3947.000
801.223	3936.000
801.429	3934.000
801.635	3852.000
801.842	3868.000
802.048	3893.000
802.254	3877.000
802.460	3872.000
802.666	3822.000
802.872	3827.000
803.078	3873.000
803.285	3797.000
803.491	3762.000
803.697	3794.000
803.903	3765.000
804.109	3682.000
804.315	3785.000
804.521	3873.000
804.727	3833.000
804.934	3841.000
805.140	3919.000
805.346	3829.000
805.552	3837.000
805.758	3835.000
805.964	3766.000
806.170	3835.000
806.377	3791.000
806.583	3683.000
806.789	3664.000
806.995	3659.000
807.201	3691.000
807.407	3686.000
807.613	3782.000
807.820	3706.000
808.026	3704.000
808.232	3654.000
808.438	3609.000
808.644	3649.000
808.850	3575.000
809.056	3551.000
809.262	3622.000
809.469	3632.000
809.675	3565.000
809.881	3483.000
810.087	3478.000
810.293	3557.000
810.499	3486.000
810.705	3345.000
810.912	3334.000
811.118	3359.000
811.324	3330.000
811.530	3320.000
811.739	3348.000
811.947	3260.000
812.156	3091.000
812.365	3144.000
812.573	3177.000
812.782	3127.000
812.990	3055.000
813.199	2985.000
813.408	3014.000
813.616	2979.000
813.825	2855.000
814.034	2788.000
814.242	2739.000
814.451	2764.000
814.659	2784.000
814.868	2750.000
815.077	2679.000
815.285	2610.000
815.494	2567.000
815.703	2546.000
815.911	2511.000
816.120	2625.000
816.329	2564.000
816.537	2510.000
816.746	2497.000
816.954	2477.000
817.163	2481.000
817.372	2484.000
817.580	2416.000
817.789	2503.000
817.998	2546.000
818.206	2459.000
818.415	2490.000
818.624	2438.000
818.832	2425.000
819.041	2556.000
819.249	2682.000
819.458	2695.000
819.667	2679.000
819.875	2708.000
820.084	2681.000
820.293	2732.000
820.501	2646.000
820.710	2696.000
820.919	2712.000
821.127	2667.000
821.336	2616.000
821.544	2509.000
821.753	2448.000
821.962	2346.000
822.170	2294.000
822.379	2291.000
822.588	2302.000
822.796	2332.000
823.005	2389.000
823.213	2437.000
823.422	2483.000
823.631	2531.000
823.839	2505.000
824.048	2529.000
824.257	2574.000
824.465	2595.000
824.674	2549.000
824.883	2588.000
825.091	2510.000
825.300	2505.000
825.508	2594.000
825.717	2553.000
825.926	2555.000
826.134	2597.000
826.343	2564.000
826.552	2510.000
826.760	2490.000
826.969	2492.000
827.178	2453.000
827.386	2498.000
827.595	2616.000
827.803	2602.000
828.012	2556.000
828.221	2495.000
828.429	2481.000
828.638	2529.000
828.847	2549.000
829.055	2441.000
829.264	2388.000
829.472	2512.000
829.681	2451.000
829.890	2408.000
830.098	2404.000
830.307	2466.000
830.516	2374.000
830.724	2407.000
830.933	2432.000
831.142	2484.000
831.350	2436.000
831.559	2415.000
831.767	2360.000
831.976	2434.000
832.185	2471.000
832.393	2445.000
832.602	2334.000
832.811	2305.000
833.019	2385.000
833.228	2432.000
833.437	2492.000
833.645	2498.000
833.854	2467.000
834.062	2503.000
834.271	2544.000
834.480	2527.000
834.688	2508.000
834.897	2448.000
835.106	2402.000
835.314	2410.000
835.523	2431.000
835.731	2447.000
835.940	2493.000
836.149	2507.000
836.357	2527.000
836.566	2571.000
836.775	2548.000
836.983	2529.000
837.192	2536.000
837.401	2478.000
837.609	2482.000
837.818	2530.000
838.026	2520.000
838.235	2553.000
838.444	2535.000
838.652	2556.000
838.861	2549.000
839.070	2536.000
839.278	2499.000
839.487	2498.000
839.696	2558.000
839.904	2482.000
840.113	2448.000
840.321	2543.000
840.530	2514.000
840.739	2428.000
840.947	2429.000
841.156	2409.000
841.365	2462.000
841.573	2452.000
841.782	2514.000
841.991	2533.000
842.199	2493.000
842.408	2404.000
842.616	2402.000
842.825	2419.000
843.034	2431.000
843.242	2382.000
843.451	2395.000
843.660	2380.000
843.868	2376.000
844.077	2375.000
844.285	2470.000
844.494	2494.000
844.703	2437.000
844.911	2360.000
845.120	2343.000
845.329	2377.000
845.537	2357.000
845.746	2402.000
845.955	2383.000
846.163	2348.000
846.372	2383.000
846.580	2366.000
846.789	2383.000
846.998	2328.000
847.206	2328.000
847.415	2423.000
847.624	2342.000
847.832	2362.000
848.041	2359.000
848.250	2287.000
848.458	2275.000
848.667	2364.000
848.875	2206.000
849.084	2071.000
849.293	2151.000
849.501	2090.000
849.710	2107.000
849.919	2209.000
850.127	2232.000
850.336	2207.000
850.544	2112.000
850.753	2172.000
850.962	2147.000
851.170	2181.000
851.379	2201.000
851.588	2204.000
851.796	2188.000
852.005	2072.000
852.214	2097.000
852.422	2158.000
852.631	2098.000
852.839	1964.000
853.048	2032.000
853.257	2014.000
853.465	1837.000
853.674	1895.000
853.883	1938.000
854.091	1820.000
854.300	1893.000
854.509	1985.000
854.717	1988.000
854.926	1962.000
855.134	1911.000
855.343	1887.000
855.552	1930.000
855.760	1996.000
855.969	2032.000
856.178	1992.000
856.386	2013.000
856.595	2030.000
856.803	2037.000
857.012	2093.000
857.221	2069.000
857.429	2027.000
857.638	2045.000
857.847	2009.000
858.055	2032.000
858.264	2044.000
858.473	2008.000
858.681	2035.000
858.890	2017.000
859.098	2010.000
859.307	1973.000
859.516	1899.000
859.724	1930.000
859.933	1940.000
860.142	1958.000
860.350	1970.000
860.559	1951.000
860.768	1964.000
860.976	1951.000
861.185	1872.000
861.393	1834.000
861.602	1875.000
861.811	1887.000
862.019	1936.000
862.228	1946.000
862.437	1930.000
862.645	1908.000
862.854	1890.000
863.062	1960.000
863.271	1926.000
863.480	1906.000
863.688	1857.000
863.897	1854.000
864.106	1846.000
864.314	1824.000
864.523	1815.000
864.732	1766.000
864.940	1726.000
865.149	1739.000
865.357	1674.000
865.566	1652.000
865.775	1639.000
865.983	1641.000
866.192	1661.000
866.401	1706.000
866.609	1651.000
866.818	1663.000
867.027	1691.000
867.235	1716.000
867.444	1637.000
867.652	1660.000
867.861	1752.000
868.070	1710.000
868.278	1679.000
868.487	1643.000
868.696	1657.000
868.904	1624.000
869.113	1592.000
869.321	1635.000
869.530	1671.000
869.739	1618.000
869.947	1631.000
870.156	1668.000
870.365	1604.000
870.573	1604.000
870.782	1662.000
870.991	1654.000
871.199	1629.000
871.408	1540.000
871.616	1583.000
871.825	1627.000
872.034	1640.000
872.242	1699.000
872.451	1648.000
872.660	1560.000
872.868	1593.000
873.077	1554.000
873.286	1488.000
873.494	1570.000
873.703	1568.000
873.911	1501.000
874.120	1475.000
874.329	1498.000
874.537	1575.000
874.746	1523.000
874.955	1469.000
875.163	1413.000
875.372	1430.000
875.581	1466.000
875.789	1477.000
875.998	1509.000
876.206	1516.000
876.415	1477.000
876.624	1516.000
876.832	1493.000
877.041	1415.000
877.250	1424.000
877.458	1396.000
877.667	1431.000
877.875	1433.000
878.084	1424.000
878.293	1463.000
878.501	1385.000
878.710	1327.000
878.919	1347.000
879.127	1339.000
879.336	1289.000
879.545	1315.000
879.753	1296.000
879.962	1259.000
880.170	1317.000
880.379	1371.000
880.588	1322.000
880.796	1406.000
881.005	1434.000
881.214	1365.000
881.422	1283.000
881.631	1266.000
881.840	1346.000
882.048	1403.000
882.257	1467.000
882.465	1368.000
882.674	1315.000
882.883	1325.000
883.091	1312.000
883.300	1274.000
883.509	1256.000
883.717	1305.000
883.926	1381.000
884.134	1356.000
884.343	1288.000
884.552	1275.000
884.760	1216.000
884.969	1305.000
885.178	1329.000
885.386	1260.000
885.595	1233.000
885.804	1212.000
886.012	1187.000
886.221	1256.000
886.429	1240.000
886.638	1188.000
886.847	1166.000
887.055	1215.000
887.264	1197.000
887.473	1217.000
887.681	1194.000
887.890	1187.000
888.099	1206.000
888.307	1196.000
888.516	1229.000
888.724	1221.000
888.933	1208.000
889.142	1268.000
889.350	1232.000
889.559	1211.000
889.768	1180.000
889.976	1246.000
890.185	1232.000
890.393	1174.000
890.602	1153.000
890.811	1159.000
891.019	1131.000
891.228	1174.000
891.437	1105.000
891.645	1081.000
891.854	1106.000
892.063	1138.000
892.271	1097.000
892.480	1036.000
892.688	1056.000
892.897	1083.000
893.106	1085.000
893.314	1070.000
893.523	981.000
893.732	1003.000
893.940	1013.000
894.149	983.000
894.358	972.000
894.566	981.000
894.775	993.000
894.983	1008.000
895.192	938.000
895.401	883.000
895.609	888.000
895.818	861.000
896.027	833.000
896.235	851.000
896.444	900.000
896.652	910.000
896.861	895.000
897.070	958.000
897.278	927.000
897.487	907.000
897.696	855.000
897.904	768.000
898.113	829.000
898.322	763.000
898.530	787.000
898.739	786.000
898.947	709.000
899.156	727.000
899.365	767.000
899.573	761.000
899.782	705.000
899.991	693.000
900.199	723.000
900.408	747.000
900.617	739.000
900.825	731.000
901.034	760.000
901.242	712.000
901.451	736.000
901.660	747.000
901.868	727.000
902.077	749.000
902.286	777.000
902.494	772.000
902.703	852.000
902.911	873.000
903.120	825.000
903.329	792.000
903.537	792.000
903.746	809.000
903.955	848.000
904.163	810.000
904.372	801.000
904.581	857.000
904.789	932.000
904.998	911.000
905.206	867.000
905.415	902.000
905.624	817.000
905.832	777.000
906.041	768.000
906.250	738.000
906.458	748.000
906.667	738.000
906.876	702.000
907.084	715.000
907.293	710.000
907.501	738.000
907.710	667.000
907.919	671.000
908.127	740.000
908.336	692.000
908.545	739.000
908.753	775.000
908.962	747.000
909.170	676.000
909.379	636.000
909.588	678.000
909.796	706.000
910.005	650.000
910.214	625.000
910.422	651.000
910.631	647.000
910.840	744.000
911.048	745.000
911.257	702.000
911.465	658.000
911.674	678.000
911.883	666.000
912.091	634.000
912.300	635.000
912.508	663.000
912.716	695.000
912.924	676.000
913.132	700.000
913.340	674.000
913.549	657.000
913.757	665.000
913.965	639.000
914.173	594.000
914.381	614.000
914.589	595.000
914.797	558.000
915.005	594.000
915.213	620.000
915.421	644.000
915.629	625.000
915.838	577.000
916.046	559.000
916.254	584.000
916.462	561.000
916.670	578.000
916.878	580.000
917.086	637.000
917.294	604.000
917.502	563.000
917.710	607.000
917.919	660.000
918.127	611.000
918.335	612.000
918.543	615.000
918.751	679.000
918.959	677.000
919.167	629.000
919.375	645.000
919.583	703.000
919.791	674.000
919.999	647.000
920.208	696.000
920.416	668.000
920.624	639.000
920.832	664.000
921.040	663.000
921.248	661.000
921.456	639.000
921.664	586.000
921.872	516.000
922.080	515.000
922.288	537.000
922.497	607.000
922.705	662.000
922.913	649.000
923.121	640.000
923.329	596.000
923.537	563.000
923.745	584.000
923.953	530.000
924.161	500.000
924.369	566.000
924.578	560.000
924.786	563.000
924.994	583.000
925.202	578.000
925.410	635.000
925.618	659.000
925.826	604.000
926.034	574.000
926.242	574.000
926.450	586.000
926.658	572.000
926.867	586.000
927.075	475.000
927.283	449.000
927.491	472.000
927.699	463.000
927.907	476.000
928.115	451.000
928.323	344.000
928.531	382.000
928.739	427.000
928.947	409.000
929.156	432.000
929.364	415.000
929.572	365.000
929.780	287.000
929.988	277.000
930.196	288.000
930.404	300.000
930.612	324.000
930.820	283.000
931.028	285.000
931.236	250.000
931.445	217.000
931.653	192.000
931.861	219.000
932.069	153.000
932.277	182.000
932.485	293.000
932.693	180.000
932.901	176.000
933.109	182.000
933.317	170.000
933.526	201.000
933.734	180.000
933.942	178.000
934.150	172.000
934.358	166.000
934.566	176.000
934.774	173.000
934.982	152.000
935.190	203.000
935.398	199.000
935.606	168.000
935.815	144.000
936.023	176.000
936.231	174.000
936.439	168.000
936.647	195.000
936.855	171.000
937.063	158.000
937.271	126.000
937.479	145.000
937.687	154.000
937.895	163.000
938.104	201.000
938.312	208.000
938.520	185.000
938.728	187.000
938.936	237.000
939.144	252.000
939.352	244.000
939.560	223.000
939.768	168.000
939.976	154.000
940.185	167.000
940.393	175.000
940.601	177.000
940.809	130.000
941.017	189.000
941.225	182.000
941.433	167.000
941.641	164.000
941.849	116.000
942.057	150.000
942.265	174.000
942.474	173.000
942.682	159.000
942.890	136.000
943.098	172.000
943.306	171.000
943.514	150.000
943.722	157.000
943.930	127.000
944.138	120.000
944.346	154.000
944.554	203.000
944.763	164.000
944.971	92.000
945.179	94.000
945.387	186.000
945.595	204.000
945.803	223.000
946.011	167.000
946.219	183.000
946.427	154.000
946.635	155.000
946.843	232.000
947.052	198.000
947.260	135.000
947.468	172.000
947.676	180.000
947.884	159.000
948.092	175.000
948.300	165.000
948.508	150.000
948.716	169.000
948.924	190.000
949.133	256.000
949.341	208.000
949.549	131.000
949.757	228.000
949.965	199.000
950.173	119.000
950.381	191.000
950.589	195.000
950.797	227.000
951.005	189.000
951.213	168.000
951.422	175.000
951.630	149.000
951.838	158.000
952.046	251.000
952.254	217.000
952.462	176.000
952.670	219.000
952.878	203.000
953.086	201.000
953.294	182.000
953.502	164.000
953.711	187.000
953.919	164.000
954.127	102.000
954.335	129.000
954.543	169.000
954.751	200.000
954.959	200.000
955.167	232.000
955.375	208.000
955.583	141.000
955.792	142.000
956.000	201.000
956.208	209.000
956.416	147.000
956.624	115.000
956.832	167.000
957.040	161.000
957.248	171.000
957.456	216.000
957.664	152.000
957.872	80.000
958.081	74.000
958.289	132.000
958.497	129.000
958.705	200.000
958.913	167.000
959.121	122.000
959.329	168.000
959.537	135.000
959.745	120.000
959.953	132.000
960.161	100.000
960.370	88.000
960.578	150.000
960.786	240.000
960.994	204.000
961.202	207.000
961.410	184.000
961.618	174.000
961.826	151.000
962.034	169.000
962.242	150.000
962.451	99.000
962.659	134.000
962.867	108.000
963.075	192.000
963.283	180.000
963.491	184.000
963.699	185.000
963.907	178.000
964.115	242.000
964.323	301.000
964.531	262.000
964.740	165.000
964.948	185.000
965.156	147.000
965.364	196.000
965.572	256.000
965.780	193.000
965.999	151.000
966.218	149.000
966.438	145.000
966.657	142.000
966.876	159.000
967.095	200.000
967.315	183.000
967.534	146.000
967.753	201.000
967.972	236.000
968.192	230.000
968.411	156.000
968.630	118.000
968.849	163.000
969.068	214.000
969.288	251.000
969.507	293.000
969.726	314.000
969.945	270.000
970.165	221.000
970.384	211.000
970.603	139.000
970.822	165.000
971.042	190.000
971.261	249.000
971.480	306.000
971.699	246.000
971.919	149.000
972.138	215.000
972.357	160.000
972.576	116.000
972.795	192.000
973.015	193.000
973.234	231.000
973.453	175.000
973.672	174.000
973.892	167.000
974.111	135.000
974.330	156.000
974.549	189.000
974.769	127.000
974.988	154.000
975.207	112.000
975.426	97.000
975.646	186.000
975.865	180.000
976.084	185.000
976.303	167.000
976.522	154.000
976.742	136.000
976.961	94.000
977.180	144.000
977.399	171.000
977.619	137.000
977.838	144.000
978.057	176.000
978.276	201.000
978.496	182.000
978.715	184.000
978.934	139.000
979.153	52.000
979.372	66.000
979.592	152.000
979.811	155.000
980.030	158.000
980.249	132.000
980.469	145.000
980.688	131.000
980.907	90.000
981.126	134.000
981.346	175.000
981.565	144.000
981.784	115.000
982.003	194.000
982.223	225.000
982.442	258.000
982.661	186.000
982.880	183.000
983.099	159.000
983.319	146.000
983.538	150.000
983.757	156.000
983.976	261.000
984.196	245.000
984.415	176.000
984.634	188.000
984.853	292.000
985.073	239.000
985.292	161.000
985.511	133.000
985.730	145.000
985.949	200.000
986.169	204.000
986.388	261.000
986.607	149.000
986.826	112.000
987.046	78.000
987.265	110.000
987.484	147.000
987.703	155.000
987.923	110.000
988.142	142.000
988.361	207.000
988.580	224.000
988.800	110.000
989.019	145.000
989.238	133.000
989.457	113.000
989.676	153.000
989.896	103.000
990.115	136.000
990.334	123.000
990.553	87.000
990.773	121.000
990.992	147.000
991.211	140.000
991.430	186.000
991.650	158.000
991.869	126.000
992.088	51.000
992.307	97.000
992.527	156.000
992.746	100.000
992.965	108.000
993.184	145.000
993.403	189.000
993.623	197.000
993.842	158.000
994.061	88.000
994.280	125.000
994.500	90.000
994.719	89.000
994.938	121.000
995.157	84.000
995.377	87.000
995.596	118.000
995.815	124.000
996.034	114.000
996.253	73.000
996.473	72.000
996.692	142.000
996.911	85.000
997.130	97.000
997.350	135.000
997.569	192.000
997.788	149.000
998.007	64.000
998.227	82.000
998.446	100.000
998.665	139.000
998.884	147.000
999.104	162.000
999.323	134.000
999.542	95.000
999.761	75.000
999.980	93.000
1000.200	122.000
1000.419	118.000
1000.638	130.000
1000.857	173.000
1001.077	158.000
1001.296	147.000
1001.515	141.000
1001.734	101.000
1001.954	70.000
1002.173	155.000
1002.392	125.000
1002.611	129.000
1002.830	120.000
1003.050	66.000
1003.269	121.000
1003.488	115.000
1003.707	82.000
1003.927	122.000
1004.146	145.000
1004.365	121.000
1004.584	62.000
1004.804	94.000
1005.023	120.000
1005.242	104.000
1005.461	149.000
1005.681	121.000
1005.900	81.000
1006.119	84.000
1006.338	97.000
1006.557	93.000
1006.777	152.000
1006.996	151.000
1007.215	91.000
1007.434	73.000
1007.654	87.000
1007.873	91.000
1008.092	81.000
1008.311	93.000
1008.531	38.000
1008.750	67.000
1008.969	51.000
1009.188	-1.000
1009.407	27.000
1009.627	56.000
1009.846	58.000
1010.065	97.000
1010.284	87.000
1010.504	16.000
1010.723	25.000
1010.942	43.000
1011.161	94.000
1011.381	96.000
1011.600	44.000
1011.819	107.000
1012.038	131.000
1012.258	102.000
1012.477	115.000
1012.696	95.000
1012.915	84.000
1013.134	61.000
1013.354	46.000
1013.573	123.000
1013.792	118.000
1014.011	50.000
1014.231	73.000
1014.450	101.000
1014.669	58.000
1014.888	31.000
1015.108	97.000
1015.327	85.000
1015.546	89.000
1015.765	135.000
1015.984	107.000
1016.204	121.000
1016.423	116.000
1016.642	129.000
1016.861	125.000
1017.081	71.000
1017.300	67.000
1017.519	33.000
