296.912	72.000
297.101	70.000
297.290	108.000
297.479	136.000
297.668	132.000
297.858	145.000
298.047	135.000
298.236	88.000
298.425	25.000
298.614	62.000
298.803	90.000
298.992	104.000
299.181	110.000
299.370	87.000
299.559	90.000
299.748	139.000
299.937	157.000
300.126	164.000
300.315	136.000
300.504	108.000
300.693	87.000
300.882	83.000
301.071	144.000
301.260	122.000
301.449	117.000
301.638	108.000
301.827	79.000
302.016	97.000
302.205	97.000
302.395	113.000
302.584	98.000
302.773	122.000
302.962	150.000
303.151	125.000
303.340	96.000
303.529	113.000
303.718	127.000
303.907	135.000
304.096	119.000
304.285	103.000
304.474	86.000
304.663	129.000
304.852	139.000
305.041	120.000
305.230	88.000
305.419	76.000
305.608	77.000
305.797	75.000
305.986	109.000
306.175	93.000
306.364	101.000
306.553	119.000
306.743	118.000
306.932	119.000
307.121	122.000
307.310	108.000
307.499	85.000
307.688	114.000
307.877	110.000
308.066	75.000
308.255	66.000
308.444	110.000
308.633	109.000
308.822	103.000
309.011	109.000
309.200	100.000
309.389	116.000
309.578	131.000
309.767	86.000
309.956	79.000
310.145	111.000
310.334	103.000
310.523	98.000
310.712	101.000
310.901	86.000
311.091	77.000
311.280	105.000
311.469	123.000
311.658	123.000
311.847	107.000
312.036	113.000
312.225	91.000
312.414	106.000
312.603	139.000
312.792	145.000
312.981	126.000
313.170	129.000
313.349	137.000
313.527	97.000
313.706	93.000
313.884	119.000
314.063	103.000
314.241	61.000
314.420	93.000
314.598	136.000
314.777	119.000
314.955	85.000
315.134	95.000
315.312	86.000
315.491	138.000
315.669	120.000
315.848	100.000
316.027	105.000
316.205	117.000
316.384	123.000
316.562	97.000
316.741	78.000
316.919	107.000
317.098	139.000
317.276	149.000
317.455	147.000
317.633	148.000
317.812	140.000
317.990	163.000
318.169	152.000
318.347	130.000
318.526	134.000
318.705	111.000
318.883	121.000
319.062	173.000
319.240	164.000
319.419	128.000
319.597	153.000
319.776	162.000
319.954	106.000
320.133	87.000
320.311	79.000
320.490	102.000
320.668	78.000
320.847	114.000
321.025	117.000
321.204	142.000
321.382	128.000
321.561	93.000
321.740	111.000
321.918	118.000
322.097	57.000
322.275	55.000
322.454	121.000
322.632	137.000
322.811	129.000
322.989	119.000
323.168	124.000
323.346	131.000
323.525	89.000
323.703	112.000
323.882	115.000
324.060	109.000
324.239	134.000
324.418	109.000
324.596	135.000
324.775	153.000
324.953	160.000
325.132	164.000
325.310	156.000
325.489	146.000
325.667	153.000
325.846	139.000
326.024	121.000
326.203	142.000
326.381	151.000
326.560	137.000
326.738	143.000
326.917	159.000
327.096	132.000
327.274	133.000
327.453	121.000
327.631	141.000
327.810	146.000
327.988	134.000
328.167	126.000
328.345	95.000
328.524	114.000
328.702	106.000
328.881	108.000
329.059	135.000
329.238	103.000
329.416	132.000
329.595	131.000
329.774	145.000
329.952	161.000
330.131	121.000
330.309	117.000
330.488	133.000
330.666	128.000
330.845	106.000
331.023	121.000
331.202	113.000
331.380	120.000
331.559	145.000
331.737	162.000
331.916	149.000
332.094	98.000
332.273	117.000
332.452	104.000
332.630	100.000
332.809	144.000
332.987	157.000
333.166	145.000
333.344	104.000
333.523	129.000
333.701	119.000
333.880	116.000
334.058	110.000
334.237	87.000
334.415	113.000
334.594	144.000
334.772	143.000
334.951	139.000
335.129	161.000
335.308	155.000
335.487	117.000
335.665	109.000
335.844	105.000
336.022	151.000
336.201	117.000
336.379	151.000
336.558	140.000
336.736	156.000
336.915	130.000
337.093	137.000
337.272	98.000
337.450	63.000
337.629	90.000
337.807	107.000
337.986	136.000
338.165	137.000
338.343	126.000
338.522	124.000
338.700	135.000
338.879	93.000
339.057	116.000
339.236	157.000
339.414	179.000
339.593	121.000
339.771	102.000
339.950	141.000
340.128	147.000
340.307	152.000
340.485	127.000
340.664	131.000
340.843	105.000
341.021	138.000
341.200	126.000
341.378	106.000
341.557	110.000
341.735	114.000
341.914	97.000
342.092	126.000
342.271	166.000
342.449	141.000
342.628	126.000
342.806	152.000
342.985	128.000
343.163	133.000
343.342	175.000
343.521	134.000
343.699	128.000
343.878	102.000
344.056	132.000
344.235	157.000
344.413	151.000
344.592	112.000
344.770	101.000
344.949	134.000
345.127	148.000
345.306	151.000
345.484	158.000
345.663	104.000
345.841	101.000
346.020	110.000
346.199	123.000
346.377	133.000
346.556	137.000
346.734	146.000
346.913	141.000
347.091	162.000
347.270	150.000
347.448	144.000
347.627	145.000
347.805	143.000
347.984	119.000
348.162	110.000
348.341	121.000
348.519	119.000
348.698	99.000
348.876	126.000
349.055	140.000
349.234	139.000
349.412	142.000
349.591	134.000
349.769	146.000
349.948	153.000
350.126	166.000
350.305	181.000
350.483	185.000
350.662	184.000
350.840	141.000
351.019	115.000
351.197	123.000
351.376	154.000
351.554	141.000
351.733	97.000
351.912	110.000
352.090	138.000
352.269	151.000
352.447	155.000
352.626	188.000
352.804	159.000
352.983	120.000
353.161	135.000
353.340	119.000
353.518	96.000
353.697	132.000
353.875	133.000
354.054	138.000
354.232	159.000
354.411	115.000
354.590	123.000
354.768	148.000
354.947	149.000
355.125	147.000
355.304	134.000
355.482	125.000
355.661	119.000
355.839	138.000
356.018	137.000
356.196	127.000
356.375	134.000
356.553	170.000
356.732	148.000
356.910	141.000
357.089	138.000
357.268	108.000
357.446	102.000
357.625	115.000
357.803	125.000
357.982	128.000
358.160	128.000
358.339	130.000
358.517	117.000
358.696	152.000
358.874	159.000
359.053	142.000
359.231	118.000
359.410	157.000
359.588	183.000
359.767	156.000
359.945	142.000
360.124	141.000
360.303	137.000
360.481	125.000
360.660	158.000
360.838	140.000
361.017	144.000
361.195	177.000
361.374	125.000
361.552	111.000
361.731	163.000
361.909	136.000
362.088	138.000
362.266	153.000
362.445	125.000
362.623	145.000
362.802	159.000
362.981	116.000
363.159	101.000
363.338	139.000
363.516	178.000
363.695	186.000
363.873	153.000
364.052	144.000
364.230	177.000
364.409	185.000
364.587	192.000
364.766	176.000
364.944	179.000
365.123	176.000
365.301	157.000
365.480	132.000
365.660	125.000
365.839	163.000
366.019	187.000
366.199	203.000
366.379	139.000
366.558	145.000
366.738	208.000
366.918	212.000
367.098	162.000
367.277	126.000
367.457	137.000
367.637	129.000
367.816	114.000
367.996	161.000
368.176	145.000
368.356	149.000
368.535	181.000
368.715	143.000
368.895	133.000
369.075	171.000
369.254	183.000
369.434	160.000
369.614	206.000
369.793	201.000
369.973	168.000
370.153	148.000
370.333	155.000
370.512	120.000
370.692	107.000
370.872	126.000
371.051	176.000
371.231	181.000
371.411	171.000
371.591	157.000
371.770	167.000
371.950	113.000
372.130	127.000
372.310	145.000
372.489	123.000
372.669	155.000
372.849	204.000
373.028	178.000
373.208	175.000
373.388	216.000
373.568	211.000
373.747	158.000
373.927	125.000
374.107	119.000
374.287	97.000
374.466	99.000
374.646	169.000
374.826	167.000
375.005	154.000
375.185	177.000
375.365	160.000
375.545	160.000
375.724	146.000
375.904	156.000
376.084	134.000
376.263	162.000
376.443	177.000
376.623	177.000
376.803	182.000
376.982	139.000
377.162	130.000
377.342	154.000
377.522	155.000
377.701	195.000
377.881	186.000
378.061	162.000
378.240	183.000
378.420	195.000
378.600	181.000
378.780	174.000
378.959	205.000
379.139	208.000
379.319	175.000
379.499	172.000
379.678	183.000
379.858	189.000
380.038	175.000
380.217	165.000
380.397	187.000
380.577	184.000
380.757	134.000
380.936	152.000
381.116	177.000
381.296	158.000
381.476	181.000
381.655	206.000
381.835	191.000
382.015	193.000
382.194	187.000
382.374	170.000
382.554	175.000
382.734	206.000
382.913	165.000
383.093	167.000
383.273	185.000
383.452	162.000
383.632	163.000
383.812	187.000
383.992	161.000
384.171	148.000
384.351	175.000
384.531	196.000
384.711	168.000
384.890	166.000
385.070	180.000
385.250	177.000
385.429	173.000
385.609	160.000
385.789	123.000
385.969	132.000
386.148	156.000
386.328	146.000
386.508	132.000
386.688	152.000
386.867	134.000
387.047	170.000
387.227	162.000
387.406	153.000
387.586	145.000
387.766	149.000
387.946	131.000
388.125	119.000
388.305	127.000
388.485	156.000
388.664	154.000
388.844	158.000
389.024	165.000
389.204	120.000
389.383	97.000
389.563	139.000
389.743	169.000
389.923	142.000
390.102	105.000
390.282	113.000
390.462	143.000
390.641	161.000
390.821	147.000
391.001	166.000
391.181	131.000
391.360	146.000
391.540	146.000
391.720	171.000
391.900	190.000
392.079	178.000
392.259	171.000
392.439	167.000
392.618	221.000
392.798	210.000
392.978	205.000
393.158	207.000
393.337	180.000
393.517	160.000
393.697	169.000
393.877	194.000
394.056	192.000
394.236	197.000
394.416	163.000
394.595	187.000
394.775	193.000
394.955	175.000
395.135	197.000
395.314	235.000
395.494	253.000
395.674	186.000
395.853	167.000
396.033	193.000
396.213	214.000
396.393	191.000
396.572	220.000
396.752	190.000
396.932	174.000
397.112	214.000
397.291	204.000
397.471	205.000
397.651	231.000
397.830	196.000
398.010	177.000
398.190	174.000
398.370	175.000
398.549	172.000
398.729	188.000
398.909	249.000
399.089	265.000
399.268	267.000
399.448	257.000
399.628	213.000
399.807	203.000
399.987	199.000
400.167	228.000
400.347	269.000
400.526	220.000
400.706	257.000
400.886	276.000
401.065	252.000
401.245	263.000
401.425	249.000
401.605	209.000
401.784	225.000
401.964	248.000
402.144	242.000
402.324	262.000
402.503	261.000
402.683	268.000
402.863	286.000
403.042	257.000
403.222	281.000
403.402	305.000
403.582	292.000
403.761	276.000
403.941	262.000
404.121	260.000
404.301	262.000
404.480	281.000
404.660	313.000
404.844	362.000
405.029	343.000
405.213	306.000
405.398	317.000
405.582	302.000
405.767	330.000
405.951	363.000
406.136	382.000
406.320	364.000
406.505	388.000
406.689	473.000
406.874	464.000
407.058	456.000
407.243	500.000
407.427	493.000
407.612	535.000
407.796	599.000
407.981	651.000
408.165	673.000
408.350	704.000
408.534	744.000
408.719	727.000
408.903	792.000
409.088	813.000
409.272	828.000
409.457	932.000
409.641	946.000
409.826	1006.000
410.010	1120.000
410.195	1198.000
410.379	1223.000
410.564	1307.000
410.748	1418.000
410.933	1552.000
411.117	1630.000
411.302	1763.000
411.486	1785.000
411.671	1852.000
411.855	1987.000
412.040	2067.000
412.224	2214.000
412.409	2359.000
412.593	2424.000
412.778	2535.000
412.962	2630.000
413.147	2725.000
413.331	2883.000
413.516	3019.000
413.700	3144.000
413.885	3278.000
414.069	3332.000
414.254	3423.000
414.438	3598.000
414.623	3698.000
414.807	3826.000
414.992	3982.000
415.176	4157.000
415.361	4318.000
415.545	4507.000
415.730	4638.000
415.914	4693.000
416.099	4732.000
416.283	4838.000
416.468	4973.000
416.652	5077.000
416.837	5195.000
417.021	5273.000
417.206	5294.000
417.390	5370.000
417.575	5489.000
417.759	5628.000
417.944	5704.000
418.128	5744.000
418.313	5953.000
418.497	6149.000
418.682	6266.000
418.866	6224.000
419.051	6283.000
419.235	6330.000
419.420	6396.000
419.604	6515.000
419.789	6769.000
419.973	6958.000
420.158	7078.000
420.342	7321.000
420.527	7412.000
420.711	7468.000
420.896	7715.000
421.080	7763.000
421.265	7719.000
421.449	7741.000
421.634	7773.000
421.818	7826.000
422.003	7822.000
422.187	7863.000
422.372	7910.000
422.556	7952.000
422.741	8145.000
422.925	8193.000
423.110	8156.000
423.294	8309.000
423.479	8508.000
423.663	8546.000
423.848	8569.000
424.032	8696.000
424.217	8874.000
424.401	8839.000
424.586	8850.000
424.770	8786.000
424.955	8844.000
425.139	8917.000
425.324	8987.000
425.508	9184.000
425.693	9331.000
425.877	9293.000
426.062	9180.000
426.246	9249.000
426.431	9305.000
426.615	9299.000
426.800	9194.000
426.984	9186.000
427.169	9218.000
427.353	9425.000
427.538	9540.000
427.722	9510.000
427.907	9487.000
428.091	9523.000
428.276	9516.000
428.460	9394.000
428.645	9331.000
428.829	9111.000
429.014	8995.000
429.198	8739.000
429.383	8595.000
429.567	8324.000
429.752	8188.000
429.936	7924.000
430.121	7803.000
430.305	7967.000
430.490	8144.000
430.674	8387.000
430.859	8831.000
431.043	9280.000
431.228	9637.000
431.412	9916.000
431.597	9939.000
431.781	10173.000
431.966	10244.000
432.150	10401.000
432.335	10526.000
432.519	10777.000
432.704	10890.000
432.888	10927.000
433.073	10850.000
433.257	10578.000
433.442	10519.000
433.626	10440.000
433.811	10644.000
433.995	10751.000
434.180	10724.000
434.364	10867.000
434.549	11231.000
434.733	11426.000
434.918	11493.000
435.102	11650.000
435.287	11726.000
435.471	11923.000
435.656	11984.000
435.840	12307.000
436.030	12435.000
436.219	12517.000
436.409	12431.000
436.599	12265.000
436.789	12340.000
436.978	12300.000
437.168	12079.000
437.358	11916.000
437.548	11750.000
437.737	11714.000
437.927	11577.000
438.117	11515.000
438.306	11520.000
438.496	11804.000
438.686	11928.000
438.876	12077.000
439.065	12180.000
439.255	12140.000
439.445	12274.000
439.634	12434.000
439.824	12349.000
440.014	12573.000
440.204	12570.000
440.393	12737.000
440.583	12931.000
440.773	13246.000
440.963	13603.000
441.152	13593.000
441.342	13506.000
441.532	13739.000
441.721	13939.000
441.911	14177.000
442.101	14266.000
442.291	14238.000
442.480	14325.000
442.670	14390.000
442.860	14424.000
443.050	14390.000
443.239	14385.000
443.429	14396.000
443.619	14621.000
443.808	14766.000
443.998	14938.000
444.188	14998.000
444.378	14985.000
444.567	14978.000
444.757	14789.000
444.947	14946.000
445.137	14894.000
445.326	14658.000
445.516	14670.000
445.706	14667.000
445.895	14701.000
446.085	14911.000
446.275	15057.000
446.465	15244.000
446.654	15475.000
446.844	15557.000
447.034	15844.000
447.223	16022.000
447.413	16283.000
447.603	16319.000
447.793	16233.000
447.982	16270.000
448.172	16397.000
448.362	16426.000
448.552	16413.000
448.741	16442.000
448.931	16576.000
449.121	16642.000
449.310	16978.000
449.500	17086.000
449.690	17119.000
449.880	17254.000
450.069	17465.000
450.259	17642.000
450.449	17700.000
450.639	17899.000
450.828	17890.000
451.018	17908.000
451.208	17898.000
451.397	17835.000
451.587	17681.000
451.777	17537.000
451.967	17324.000
452.156	17121.000
452.346	17049.000
452.536	16965.000
452.725	16806.000
452.915	16834.000
453.105	16751.000
453.295	16717.000
453.484	16978.000
453.674	17151.000
453.864	17105.000
454.054	17038.000
454.243	17175.000
454.433	17222.000
454.623	17041.000
454.812	16978.000
455.002	17149.000
455.192	17383.000
455.382	17150.000
455.571	17257.000
455.761	17535.000
455.951	17755.000
456.141	17678.000
456.330	17534.000
456.520	17789.000
456.710	17776.000
456.899	17863.000
457.089	18089.000
457.279	18078.000
457.469	17920.000
457.658	17756.000
457.848	17492.000
458.038	17632.000
458.228	17632.000
458.417	17505.000
458.607	17465.000
458.797	17571.000
458.986	17611.000
459.176	17413.000
459.366	17499.000
459.556	17547.000
459.745	17546.000
459.935	17588.000
460.125	17658.000
460.314	17717.000
460.504	17870.000
460.694	17787.000
460.884	17903.000
461.073	17981.000
461.263	18023.000
461.453	18151.000
461.643	18204.000
461.832	18144.000
462.022	18150.000
462.212	18186.000
462.401	18215.000
462.591	18226.000
462.781	18332.000
462.971	18415.000
463.160	18258.000
463.350	18195.000
463.540	18277.000
463.730	18075.000
463.919	18098.000
464.109	17980.000
464.299	18077.000
464.488	18024.000
464.678	17935.000
464.868	17906.000
465.058	17871.000
465.247	18126.000
465.437	17986.000
465.627	17965.000
465.816	18119.000
466.006	18005.000
466.196	17854.000
466.386	17736.000
466.575	17707.000
466.765	17781.000
466.955	17759.000
467.145	17895.000
467.334	18000.000
467.524	18090.000
467.714	18156.000
467.903	18137.000
468.093	18207.000
468.283	18263.000
468.473	18343.000
468.662	18432.000
468.852	18512.000
469.042	18515.000
469.232	18434.000
469.421	18367.000
469.611	18310.000
469.801	18217.000
469.990	18163.000
470.180	18217.000
470.370	18125.000
470.560	18093.000
470.749	18155.000
470.939	18298.000
471.129	18388.000
471.318	18581.000
471.508	18896.000
471.698	19156.000
471.888	19156.000
472.077	19301.000
472.267	19284.000
472.457	19206.000
472.647	19327.000
472.836	19264.000
473.026	19283.000
473.216	19217.000
473.405	19194.000
473.595	19226.000
473.785	19383.000
473.975	19548.000
474.164	19565.000
474.354	19495.000
474.544	19668.000
474.734	19726.000
474.923	19677.000
475.113	19752.000
475.303	19682.000
475.492	19687.000
475.682	19660.000
475.872	19510.000
476.062	19422.000
476.251	19474.000
476.441	19335.000
476.631	19324.000
476.821	19585.000
477.010	19572.000
477.200	19722.000
477.390	20039.000
477.579	20075.000
477.769	19875.000
477.959	19872.000
478.149	20052.000
478.338	20031.000
478.528	19893.000
478.718	19891.000
478.907	19942.000
479.097	19963.000
479.287	20071.000
479.477	20167.000
479.666	20217.000
479.856	20139.000
480.046	20057.000
480.236	20071.000
480.425	20022.000
480.615	19997.000
480.805	20015.000
480.994	20106.000
481.184	20195.000
481.374	20249.000
481.564	20198.000
481.753	20157.000
481.943	20354.000
482.133	20410.000
482.323	20324.000
482.512	20030.000
482.702	19883.000
482.892	19913.000
483.081	19920.000
483.271	19850.000
483.461	19706.000
483.651	19769.000
483.840	19719.000
484.030	19572.000
484.220	19523.000
484.409	19537.000
484.599	19485.000
484.789	19282.000
484.979	19063.000
485.168	18911.000
485.358	18558.000
485.548	18047.000
485.738	17603.000
485.927	17186.000
486.117	16940.000
486.307	16727.000
486.496	16679.000
486.686	16766.000
486.876	16916.000
487.066	17109.000
487.255	17304.000
487.445	17379.000
487.635	17645.000
487.825	17936.000
488.014	18102.000
488.204	18186.000
488.394	18236.000
488.583	18250.000
488.773	18251.000
488.963	18498.000
489.153	18610.000
489.342	18739.000
489.532	18915.000
489.722	19303.000
489.912	19357.000
490.101	19470.000
490.291	19594.000
490.481	19439.000
490.670	19494.000
490.860	19493.000
491.050	19363.000
491.240	19194.000
491.429	18996.000
491.619	18821.000
491.809	18747.000
491.998	18600.000
492.188	18470.000
492.378	18636.000
492.568	18813.000
492.757	18946.000
492.947	19043.000
493.137	18984.000
493.327	19048.000
493.516	19076.000
493.706	19222.000
493.896	19189.000
494.085	19256.000
494.275	19326.000
494.465	19513.000
494.655	19630.000
494.844	19713.000
495.034	19672.000
495.224	19837.000
495.414	19623.000
495.603	19521.000
495.793	19706.000
495.983	19693.000
496.172	19761.000
496.362	19812.000
496.552	19627.000
496.742	19578.000
496.931	19766.000
497.121	20000.000
497.311	19876.000
497.500	19788.000
497.690	19664.000
497.880	19512.000
498.070	19274.000
498.259	19353.000
498.449	19206.000
498.639	19192.000
498.829	19265.000
499.018	19324.000
499.208	19483.000
499.398	19521.000
499.587	19530.000
499.777	19618.000
499.967	19412.000
500.157	19370.000
500.346	19293.000
500.536	18975.000
500.726	18962.000
500.916	18871.000
501.105	18910.000
501.295	18780.000
501.485	18670.000
501.674	18586.000
501.864	18600.000
502.054	18769.000
502.244	18727.000
502.433	18835.000
502.623	18860.000
502.813	19054.000
503.003	19197.000
503.192	19283.000
503.382	19205.000
503.572	18898.000
503.761	18868.000
503.951	18805.000
504.141	18722.000
504.331	18817.000
504.520	18780.000
504.710	18968.000
504.900	19016.000
505.089	18992.000
505.279	19150.000
505.469	19247.000
505.659	19399.000
505.848	19588.000
506.038	19508.000
506.228	19639.000
506.418	19625.000
506.607	19463.000
506.797	19380.000
506.987	19438.000
507.176	19270.000
507.366	19095.000
507.556	18804.000
507.746	18707.000
507.935	18610.000
508.125	18769.000
508.315	18761.000
508.505	18943.000
508.694	19190.000
508.884	19239.000
509.074	19128.000
509.263	18877.000
509.453	18983.000
509.643	18941.000
509.833	18996.000
510.022	18803.000
510.212	18782.000
510.402	18747.000
510.592	18635.000
510.781	18718.000
510.971	18819.000
511.161	18724.000
511.350	18867.000
511.540	18962.000
511.730	18997.000
511.920	18979.000
512.109	18795.000
512.299	18620.000
512.489	18591.000
512.678	18321.000
512.868	18321.000
513.058	18346.000
513.248	18252.000
513.437	18049.000
513.627	17997.000
513.817	18048.000
514.007	17975.000
514.196	17798.000
514.386	17694.000
514.576	17717.000
514.765	17728.000
514.955	17640.000
515.145	17710.000
515.335	17854.000
515.524	17899.000
515.714	17909.000
515.904	17663.000
516.094	17363.000
516.283	17026.000
516.473	16624.000
516.663	16384.000
516.852	16114.000
517.042	16099.000
517.232	16107.000
517.422	16119.000
517.611	16036.000
517.801	16156.000
517.991	16220.000
518.180	16149.000
518.370	16145.000
518.560	16075.000
518.750	16330.000
518.939	16515.000
519.129	16595.000
519.319	16817.000
519.509	16847.000
519.698	17024.000
519.888	17051.000
520.078	17195.000
520.267	17078.000
520.457	17030.000
520.647	17209.000
520.837	17291.000
521.026	17409.000
521.216	17452.000
521.406	17431.000
521.596	17439.000
521.785	17612.000
521.975	17546.000
522.165	17475.000
522.354	17376.000
522.544	17247.000
522.734	17346.000
522.924	17509.000
523.113	17398.000
523.303	17490.000
523.493	17524.000
523.683	17709.000
523.872	17892.000
524.062	17939.000
524.252	17712.000
524.441	17656.000
524.631	17752.000
524.821	17914.000
525.011	17965.000
525.200	17912.000
525.390	17768.000
525.580	17615.000
525.769	17509.000
525.959	17463.000
526.149	17138.000
526.339	16763.000
526.528	16709.000
526.718	16658.000
526.908	16601.000
527.098	16538.000
527.287	16843.000
527.477	17003.000
527.667	16992.000
527.856	17270.000
528.046	17399.000
528.236	17478.000
528.426	17746.000
528.615	18002.000
528.805	18088.000
528.995	18003.000
529.185	18014.000
529.374	17927.000
529.564	17821.000
529.754	17998.000
529.943	18036.000
530.133	18013.000
530.323	18048.000
530.513	18032.000
530.702	18139.000
530.892	18089.000
531.082	17958.000
531.271	17983.000
531.461	17843.000
531.651	17649.000
531.841	17462.000
532.030	17242.000
532.220	17180.000
532.410	17133.000
532.600	16893.000
532.789	16620.000
532.979	16617.000
533.169	16591.000
533.358	16554.000
533.548	16607.000
533.738	16692.000
533.928	16706.000
534.117	16623.000
534.307	16689.000
534.497	16949.000
534.687	16854.000
534.876	16943.000
535.066	16983.000
535.256	16992.000
535.445	16864.000
535.635	16959.000
535.825	16831.000
536.015	16636.000
536.204	16483.000
536.394	16266.000
536.584	16298.000
536.773	16301.000
536.963	16301.000
537.153	16243.000
537.343	16096.000
537.532	16391.000
537.722	16499.000
537.912	16394.000
538.102	16382.000
538.291	16273.000
538.481	16423.000
538.671	16257.000
538.860	16036.000
539.050	15961.000
539.240	15874.000
539.430	15736.000
539.619	15607.000
539.809	15432.000
539.999	15429.000
540.189	15419.000
540.378	15284.000
540.568	15403.000
540.758	15496.000
540.947	15462.000
541.137	15781.000
541.327	15712.000
541.517	15512.000
541.706	15677.000
541.896	15659.000
542.086	15508.000
542.276	15436.000
542.465	15595.000
542.655	15614.000
542.845	15545.000
543.034	15656.000
543.224	15730.000
543.414	15830.000
543.604	15856.000
543.793	15705.000
543.983	15637.000
544.173	15646.000
544.362	15826.000
544.552	15817.000
544.742	15709.000
544.932	15634.000
545.121	15524.000
545.311	15648.000
545.501	15557.000
545.691	15406.000
545.880	15436.000
546.070	15437.000
546.264	15533.000
546.459	15526.000
546.653	15414.000
546.847	15351.000
547.041	15228.000
547.236	15192.000
547.430	15043.000
547.624	15159.000
547.818	15336.000
548.013	15377.000
548.207	15399.000
548.401	15377.000
548.596	15326.000
548.790	15367.000
548.984	15332.000
549.178	15334.000
549.373	15339.000
549.567	15213.000
549.761	15304.000
549.956	15306.000
550.150	15174.000
550.344	15184.000
550.538	15220.000
550.733	15189.000
550.927	15254.000
551.121	15263.000
551.315	15261.000
551.510	15190.000
551.704	15113.000
551.898	15030.000
552.093	15008.000
552.287	15037.000
552.481	14968.000
552.675	14929.000
552.870	14956.000
553.064	15050.000
553.258	15000.000
553.453	14975.000
553.647	15178.000
553.841	15030.000
554.035	15056.000
554.230	15144.000
554.424	15134.000
554.618	15192.000
554.812	15216.000
555.007	15093.000
555.201	15069.000
555.395	14883.000
555.590	14802.000
555.784	14818.000
555.978	14914.000
556.172	14845.000
556.367	14741.000
556.561	14644.000
556.755	14702.000
556.949	14721.000
557.144	14697.000
557.338	14646.000
557.532	14460.000
557.727	14565.000
557.921	14534.000
558.115	14369.000
558.309	14174.000
558.504	14272.000
558.698	14314.000
558.892	14290.000
559.087	14230.000
559.281	14182.000
559.475	14277.000
559.669	14398.000
559.864	14486.000
560.058	14489.000
560.252	14505.000
560.446	14627.000
560.641	14594.000
560.835	14460.000
561.029	14449.000
561.224	14374.000
561.418	14469.000
561.612	14424.000
561.806	14333.000
562.001	14496.000
562.195	14481.000
562.389	14481.000
562.584	14610.000
562.778	14541.000
562.972	14501.000
563.166	14521.000
563.361	14503.000
563.555	14488.000
563.749	14365.000
563.943	14562.000
564.138	14522.000
564.332	14410.000
564.526	14417.000
564.721	14415.000
564.915	14267.000
565.109	14229.000
565.303	14193.000
565.498	14077.000
565.692	14045.000
565.886	14251.000
566.081	14203.000
566.275	14198.000
566.469	14223.000
566.663	14171.000
566.858	14117.000
567.052	14225.000
567.246	14249.000
567.440	14134.000
567.635	14148.000
567.829	14078.000
568.023	14132.000
568.218	14061.000
568.412	14002.000
568.606	13957.000
568.800	13923.000
568.995	13909.000
569.189	14048.000
569.383	13984.000
569.577	13785.000
569.772	13675.000
569.966	13647.000
570.160	13652.000
570.355	13539.000
570.549	13498.000
570.743	13568.000
570.937	13552.000
571.132	13605.000
571.326	13647.000
571.520	13787.000
571.715	13610.000
571.909	13645.000
572.103	13682.000
572.297	13601.000
572.492	13695.000
572.686	13719.000
572.880	13790.000
573.074	13799.000
573.269	13958.000
573.463	13977.000
573.657	13787.000
573.852	13596.000
574.046	13479.000
574.240	13511.000
574.434	13531.000
574.629	13440.000
574.823	13272.000
575.017	13190.000
575.212	13323.000
575.406	13328.000
575.600	13297.000
575.794	13339.000
575.989	13307.000
576.183	13200.000
576.377	13298.000
576.571	13243.000
576.766	13166.000
576.960	13274.000
577.159	13229.000
577.357	13107.000
577.556	12889.000
577.755	12828.000
577.953	12981.000
578.152	12871.000
578.350	12742.000
578.549	12893.000
578.748	12925.000
578.946	12826.000
579.145	12846.000
579.344	12889.000
579.542	12925.000
579.741	12980.000
579.940	13061.000
580.138	12981.000
580.337	12980.000
580.535	13080.000
580.734	13215.000
580.933	13284.000
581.131	13359.000
581.330	13559.000
581.529	13664.000
581.727	13624.000
581.926	13757.000
582.125	13782.000
582.323	13912.000
582.522	13906.000
582.721	13931.000
582.919	13861.000
583.118	13994.000
583.316	13912.000
583.515	14045.000
583.714	14003.000
583.912	14060.000
584.111	14145.000
584.310	14173.000
584.508	14097.000
584.707	13911.000
584.906	13902.000
585.104	13992.000
585.303	13953.000
585.501	13989.000
585.700	13854.000
585.899	13938.000
586.097	13950.000
586.296	13954.000
586.495	14042.000
586.693	14139.000
586.892	14079.000
587.091	13911.000
587.289	13918.000
587.488	13930.000
587.686	13753.000
587.885	13503.000
588.084	13273.000
588.282	13075.000
588.481	12866.000
588.680	12572.000
588.878	12421.000
589.077	12412.000
589.276	12350.000
589.474	12299.000
589.673	12554.000
589.871	12658.000
590.070	12744.000
590.269	12907.000
590.467	12885.000
590.666	12810.000
590.865	12873.000
591.063	12918.000
591.262	12803.000
591.461	12910.000
591.659	13014.000
591.858	12889.000
592.056	13061.000
592.255	13107.000
592.454	13104.000
592.652	13210.000
592.851	13020.000
593.050	13091.000
593.248	13142.000
593.447	13131.000
593.646	13088.000
593.844	13019.000
594.043	12984.000
594.241	13021.000
594.440	13008.000
594.639	13064.000
594.837	13057.000
595.036	13011.000
595.235	13029.000
595.433	13056.000
595.632	13043.000
595.831	13072.000
596.029	13187.000
596.228	13163.000
596.427	13193.000
596.625	13162.000
596.824	13021.000
597.022	13071.000
597.221	13136.000
597.420	13141.000
597.618	12970.000
597.817	12958.000
598.016	13011.000
598.214	13044.000
598.413	13038.000
598.612	13092.000
598.810	13170.000
599.009	13134.000
599.207	13093.000
599.406	13045.000
599.605	13062.000
599.803	13031.000
600.002	13170.000
600.201	13041.000
600.399	12922.000
600.598	13025.000
600.797	13092.000
600.995	12959.000
601.194	12993.000
601.392	12972.000
601.591	12863.000
601.790	12836.000
601.988	12993.000
602.187	13126.000
602.386	13102.000
602.584	12961.000
602.783	12939.000
602.982	13099.000
603.180	13102.000
603.379	13151.000
603.577	13109.000
603.776	13231.000
603.975	13315.000
604.173	13317.000
604.372	13377.000
604.571	13123.000
604.769	13181.000
604.968	13098.000
605.167	13114.000
605.365	13134.000
605.564	13206.000
605.762	13197.000
605.961	13369.000
606.160	13277.000
606.358	13313.000
606.557	13370.000
606.756	13293.000
606.954	13086.000
607.153	13109.000
607.352	13098.000
607.550	13126.000
607.749	13234.000
607.948	13064.000
608.146	13075.000
608.345	13011.000
608.543	13064.000
608.742	13022.000
608.941	13096.000
609.139	12940.000
609.338	12764.000
609.537	12738.000
609.735	12925.000
609.934	12955.000
610.133	12827.000
610.331	12885.000
610.530	12900.000
610.728	12912.000
610.927	12838.000
611.126	12695.000
611.324	12740.000
611.523	12787.000
611.722	12811.000
611.920	12792.000
612.119	12807.000
612.318	12754.000
612.516	12657.000
612.715	12669.000
612.913	12513.000
613.112	12592.000
613.311	12520.000
613.509	12533.000
613.708	12564.000
613.907	12666.000
614.105	12710.000
614.304	12622.000
614.503	12531.000
614.701	12564.000
614.900	12595.000
615.098	12600.000
615.297	12438.000
615.496	12393.000
615.694	12300.000
615.893	12228.000
616.092	12262.000
616.290	12172.000
616.489	12191.000
616.688	12233.000
616.886	12408.000
617.085	12393.000
617.283	12386.000
617.482	12406.000
617.681	12392.000
617.879	12381.000
618.078	12428.000
618.277	12375.000
618.475	12385.000
618.674	12399.000
618.873	12404.000
619.071	12504.000
619.270	12424.000
619.468	12416.000
619.667	12524.000
619.866	12630.000
620.064	12454.000
620.263	12507.000
620.462	12527.000
620.660	12473.000
620.859	12378.000
621.058	12319.000
621.256	12328.000
621.455	12441.000
621.654	12415.000
621.852	12225.000
622.051	12313.000
622.249	12308.000
622.448	12133.000
622.647	12028.000
622.845	12125.000
623.044	12116.000
623.243	12066.000
623.441	12197.000
623.640	12134.000
623.839	12015.000
624.037	12001.000
624.236	11967.000
624.434	11797.000
624.633	11740.000
624.832	11831.000
625.030	11808.000
625.229	11875.000
625.428	11794.000
625.626	11867.000
625.825	11873.000
626.024	11847.000
626.222	11872.000
626.421	11860.000
626.619	11866.000
626.818	11952.000
627.017	11893.000
627.215	11795.000
627.414	11785.000
627.613	11759.000
627.811	11724.000
628.010	11648.000
628.209	11729.000
628.407	11692.000
628.606	11591.000
628.804	11578.000
629.003	11588.000
629.202	11563.000
629.400	11623.000
629.599	11538.000
629.798	11428.000
629.996	11512.000
630.195	11466.000
630.394	11451.000
630.592	11441.000
630.791	11453.000
630.990	11314.000
631.188	11442.000
631.387	11468.000
631.585	11353.000
631.784	11320.000
631.983	11400.000
632.181	11590.000
632.380	11551.000
632.579	11461.000
632.777	11429.000
632.976	11474.000
633.175	11482.000
633.373	11428.000
633.572	11491.000
633.770	11460.000
633.969	11496.000
634.168	11488.000
634.366	11608.000
634.565	11687.000
634.764	11695.000
634.962	11606.000
635.161	11613.000
635.360	11646.000
635.558	11465.000
635.757	11559.000
635.955	11653.000
636.154	11496.000
636.353	11546.000
636.551	11692.000
636.750	11635.000
636.949	11591.000
637.147	11550.000
637.346	11566.000
637.545	11610.000
637.743	11691.000
637.942	11733.000
638.140	11631.000
638.339	11753.000
638.538	11755.000
638.736	11660.000
638.935	11579.000
639.134	11513.000
639.332	11604.000
639.531	11553.000
639.730	11525.000
639.928	11481.000
640.127	11571.000
640.325	11621.000
640.524	11584.000
640.723	11427.000
640.921	11339.000
641.120	11288.000
641.319	11367.000
641.517	11458.000
641.716	11625.000
641.915	11515.000
642.113	11515.000
642.312	11630.000
642.510	11481.000
642.709	11458.000
642.908	11484.000
643.106	11518.000
643.305	11612.000
643.504	11532.000
643.702	11401.000
643.901	11562.000
644.100	11599.000
644.298	11597.000
644.497	11700.000
644.696	11620.000
644.894	11555.000
645.093	11460.000
645.291	11425.000
645.490	11518.000
645.689	11478.000
645.887	11426.000
646.086	11442.000
646.285	11330.000
646.483	11333.000
646.682	11414.000
646.881	11316.000
647.079	11106.000
647.278	11042.000
647.476	11213.000
647.675	11199.000
647.874	11158.000
648.072	11151.000
648.271	11109.000
648.470	11104.000
648.668	11084.000
648.867	11004.000
649.066	10858.000
649.264	10930.000
649.463	10995.000
649.661	11057.000
649.860	11102.000
650.059	11277.000
650.257	11223.000
650.456	11245.000
650.655	11325.000
650.853	11223.000
651.052	11220.000
651.251	11202.000
651.449	11233.000
651.648	11177.000
651.846	11183.000
652.045	11184.000
652.244	11146.000
652.442	11197.000
652.641	11299.000
652.840	11384.000
653.038	11271.000
653.237	11297.000
653.436	11405.000
653.634	11374.000
653.833	11351.000
654.032	11297.000
654.230	11300.000
654.429	11175.000
654.627	11125.000
654.826	11120.000
655.025	10983.000
655.223	10756.000
655.422	10623.000
655.621	10510.000
655.819	10223.000
656.018	10101.000
656.217	10041.000
656.415	10165.000
656.614	10262.000
656.812	10388.000
657.011	10517.000
657.210	10527.000
657.408	10549.000
657.607	10627.000
657.806	10700.000
658.004	10851.000
658.203	10985.000
658.402	10996.000
658.600	10999.000
658.799	11028.000
658.997	11196.000
659.196	11225.000
659.395	11168.000
659.593	11291.000
659.792	11443.000
659.991	11310.000
660.189	11340.000
660.388	11403.000
660.587	11451.000
660.785	11499.000
660.984	11509.000
661.182	11577.000
661.381	11450.000
661.580	11567.000
661.778	11600.000
661.977	11584.000
662.176	11595.000
662.374	11472.000
662.573	11464.000
662.772	11496.000
662.970	11571.000
663.169	11433.000
663.367	11420.000
663.566	11459.000
663.765	11356.000
663.963	11397.000
664.162	11441.000
664.361	11423.000
664.559	11420.000
664.758	11469.000
664.957	11466.000
665.155	11423.000
665.354	11311.000
665.552	11402.000
665.751	11453.000
665.950	11380.000
666.148	11370.000
666.347	11474.000
666.546	11494.000
666.744	11394.000
666.943	11404.000
667.142	11432.000
667.340	11372.000
667.539	11359.000
667.738	11373.000
667.936	11382.000
668.135	11341.000
668.333	11351.000
668.532	11330.000
668.731	11273.000
668.929	11475.000
669.128	11467.000
669.327	11276.000
669.525	11288.000
669.724	11283.000
669.923	11294.000
670.121	11298.000
670.320	11308.000
670.518	11258.000
670.717	11221.000
670.916	11262.000
671.114	11148.000
671.313	11064.000
671.512	11163.000
671.710	11125.000
671.909	11060.000
672.108	11097.000
672.306	11200.000
672.505	11040.000
672.703	10983.000
672.902	11077.000
673.101	11085.000
673.299	11132.000
673.498	11037.000
673.697	11065.000
673.895	11069.000
674.094	11009.000
674.293	10948.000
674.491	11005.000
674.690	11068.000
674.888	10950.000
675.087	10974.000
675.286	10930.000
675.484	10873.000
675.683	10903.000
675.882	10877.000
676.080	10823.000
676.279	10680.000
676.478	10778.000
676.676	10969.000
676.875	10902.000
677.073	10810.000
677.272	10832.000
677.471	10789.000
677.669	10869.000
677.868	10926.000
678.067	10815.000
678.265	10900.000
678.464	10856.000
678.663	10774.000
678.861	10790.000
679.060	10749.000
679.259	10657.000
679.457	10670.000
679.656	10716.000
679.854	10668.000
680.053	10667.000
680.252	10572.000
680.450	10596.000
680.649	10665.000
680.848	10579.000
681.046	10567.000
681.245	10574.000
681.444	10542.000
681.642	10585.000
681.841	10496.000
682.039	10388.000
682.238	10438.000
682.437	10439.000
682.635	10425.000
682.834	10484.000
683.033	10422.000
683.231	10499.000
683.430	10432.000
683.629	10426.000
683.827	10340.000
684.026	10323.000
684.224	10277.000
684.423	10325.000
684.622	10385.000
684.820	10226.000
685.019	10244.000
685.218	10333.000
685.416	10093.000
685.615	9959.000
685.814	9598.000
686.012	9357.000
686.211	9064.000
686.409	8770.000
686.608	8608.000
686.807	8537.000
687.005	8585.000
687.204	8620.000
687.403	8659.000
687.601	8636.000
687.800	8603.000
687.999	8528.000
688.197	8503.000
688.396	8605.000
688.594	8581.000
688.793	8585.000
688.992	8571.000
689.190	8736.000
689.389	8765.000
689.588	8744.000
689.786	8841.000
689.985	8976.000
690.184	9001.000
690.382	9081.000
690.581	8971.000
690.779	8963.000
690.978	9114.000
691.177	9085.000
691.375	9037.000
691.574	9211.000
691.773	9149.000
691.971	9159.000
692.170	9274.000
692.369	9137.000
692.567	9046.000
692.766	9071.000
692.965	9129.000
693.163	9158.000
693.362	9184.000
693.560	9120.000
693.759	9029.000
693.958	8960.000
694.156	8950.000
694.355	9182.000
694.554	9262.000
694.752	9083.000
694.951	9102.000
695.150	9152.000
695.348	9124.000
695.547	9193.000
695.745	9227.000
695.944	9264.000
696.143	9377.000
696.341	9310.000
696.540	9343.000
696.743	9492.000
696.946	9474.000
697.149	9451.000
697.352	9362.000
697.555	9407.000
697.757	9453.000
697.960	9446.000
698.163	9385.000
698.366	9344.000
698.569	9352.000
698.772	9349.000
698.975	9263.000
699.178	9216.000
699.381	9243.000
699.584	9152.000
699.787	9107.000
699.989	9106.000
700.192	9066.000
700.395	9098.000
700.598	9139.000
700.801	9091.000
701.004	8965.000
701.207	8962.000
701.410	8995.000
701.613	9066.000
701.816	9001.000
702.019	9028.000
702.221	9089.000
702.424	9085.000
702.627	9068.000
702.830	9039.000
703.033	9077.000
703.236	9057.000
703.439	9070.000
703.642	9241.000
703.845	9186.000
704.048	9227.000
704.251	9295.000
704.453	9245.000
704.656	9174.000
704.859	9197.000
705.062	9237.000
705.265	9160.000
705.468	9213.000
705.671	9224.000
705.874	9103.000
706.077	9132.000
706.280	9285.000
706.483	9296.000
706.685	9335.000
706.888	9272.000
707.091	9329.000
707.294	9335.000
707.497	9273.000
707.700	9219.000
707.903	9254.000
708.106	9269.000
708.309	9262.000
708.512	9256.000
708.715	9134.000
708.917	9169.000
709.120	9221.000
709.323	9223.000
709.526	9249.000
709.729	9179.000
709.932	9217.000
710.135	9230.000
710.338	9221.000
710.541	9218.000
710.744	9188.000
710.947	9187.000
711.149	9195.000
711.352	9179.000
711.555	9260.000
711.758	9154.000
711.961	9112.000
712.164	9092.000
712.367	8992.000
712.570	8944.000
712.773	9030.000
712.976	9079.000
713.179	9044.000
713.381	9048.000
713.584	8989.000
713.787	8808.000
713.990	8844.000
714.193	8871.000
714.396	8859.000
714.599	8795.000
714.802	8741.000
715.005	8704.000
715.208	8691.000
715.411	8574.000
715.613	8474.000
715.816	8402.000
716.019	8155.000
716.222	7999.000
716.425	7774.000
716.628	7587.000
716.831	7500.000
717.034	7443.000
717.237	7253.000
717.440	7173.000
717.643	7088.000
717.845	6827.000
718.048	6766.000
718.251	6658.000
718.454	6626.000
718.657	6581.000
718.860	6502.000
719.063	6474.000
719.266	6380.000
719.469	6465.000
719.672	6457.000
719.875	6507.000
720.077	6706.000
720.280	6838.000
720.483	7000.000
720.686	7137.000
720.889	7198.000
721.092	7183.000
721.295	7321.000
721.498	7398.000
721.701	7408.000
721.904	7431.000
722.107	7365.000
722.309	7366.000
722.512	7329.000
722.715	7128.000
722.918	6999.000
723.121	7033.000
723.324	6958.000
723.527	7026.000
723.730	6957.000
723.933	6945.000
724.136	6928.000
724.339	6956.000
724.541	6850.000
724.744	6718.000
724.947	6646.000
725.150	6649.000
725.353	6704.000
725.556	6643.000
725.759	6714.000
725.962	6799.000
726.165	6741.000
726.368	6675.000
726.571	6721.000
726.773	6669.000
726.976	6607.000
727.179	6638.000
727.382	6677.000
727.585	6784.000
727.788	6794.000
727.991	6656.000
728.194	6566.000
728.397	6575.000
728.600	6643.000
728.803	6660.000
729.005	6723.000
729.208	6610.000
729.411	6599.000
729.614	6652.000
729.817	6680.000
730.020	6724.000
730.223	6723.000
730.426	6607.000
730.629	6654.000
730.832	6804.000
731.035	6728.000
731.237	6848.000
731.440	7046.000
731.643	6918.000
731.846	6890.000
732.049	6997.000
732.252	7100.000
732.455	7219.000
732.658	7291.000
732.861	7279.000
733.064	7246.000
733.267	7258.000
733.469	7317.000
733.672	7372.000
733.875	7344.000
734.078	7305.000
734.281	7365.000
734.484	7353.000
734.687	7435.000
734.890	7379.000
735.093	7333.000
735.296	7375.000
735.499	7298.000
735.701	7265.000
735.904	7306.000
736.107	7306.000
736.310	7242.000
736.513	7216.000
736.716	7315.000
736.919	7239.000
737.122	7171.000
737.325	7180.000
737.528	7223.000
737.731	7208.000
737.933	7200.000
738.136	7214.000
738.339	7097.000
738.542	7117.000
738.745	7155.000
738.948	7104.000
739.151	7110.000
739.354	7216.000
739.557	7236.000
739.760	7199.000
739.963	7189.000
740.165	7157.000
740.368	7138.000
740.571	7123.000
740.774	6996.000
740.977	7107.000
741.180	7048.000
741.383	7058.000
741.586	7082.000
741.789	7092.000
741.992	7122.000
742.195	7178.000
742.397	7117.000
742.600	7162.000
742.803	7107.000
743.006	7085.000
743.209	7118.000
743.412	7178.000
743.615	7157.000
743.818	7139.000
744.021	6937.000
744.224	7062.000
744.427	7161.000
744.629	7137.000
744.832	7020.000
745.035	7003.000
745.238	7062.000
745.441	7059.000
745.644	7098.000
745.847	6982.000
746.050	6946.000
746.253	6952.000
746.456	7032.000
746.659	6947.000
746.861	6934.000
747.064	6904.000
747.267	6887.000
747.470	6986.000
747.673	6998.000
747.876	6962.000
748.079	6963.000
748.282	6970.000
748.485	6881.000
748.688	6781.000
748.891	6714.000
749.093	6774.000
749.296	6776.000
749.499	6741.000
749.702	6714.000
749.905	6747.000
750.108	6723.000
750.311	6692.000
750.514	6608.000
750.717	6637.000
750.920	6690.000
751.123	6600.000
751.325	6516.000
751.528	6599.000
751.731	6595.000
751.934	6589.000
752.137	6609.000
752.340	6552.000
752.543	6584.000
752.746	6600.000
752.949	6572.000
753.152	6553.000
753.355	6570.000
753.557	6530.000
753.760	6455.000
753.963	6496.000
754.166	6460.000
754.369	6436.000
754.572	6392.000
754.775	6461.000
754.978	6502.000
755.181	6458.000
755.384	6444.000
755.587	6389.000
755.789	6398.000
755.992	6377.000
756.195	6365.000
756.398	6342.000
756.601	6361.000
756.804	6355.000
757.007	6248.000
757.210	6286.000
757.413	6287.000
757.616	6190.000
757.819	6095.000
758.021	5914.000
758.224	5576.000
758.427	5216.000
758.630	4771.000
758.833	4418.000
759.036	4046.000
759.239	3742.000
759.442	3385.000
759.645	3107.000
759.848	2992.000
760.051	2912.000
760.253	2883.000
760.456	2913.000
760.659	2926.000
760.862	2907.000
761.065	2903.000
761.268	2958.000
761.471	2872.000
761.674	2739.000
761.877	2774.000
762.080	2742.000
762.283	2721.000
762.485	2744.000
762.688	2755.000
762.891	2896.000
763.094	2987.000
763.297	3088.000
763.500	3179.000
763.706	3288.000
763.912	3387.000
764.118	3430.000
764.325	3498.000
764.531	3579.000
764.737	3707.000
764.943	3735.000
765.149	3912.000
765.355	4136.000
765.561	4242.000
765.768	4308.000
765.974	4375.000
766.180	4590.000
766.386	4736.000
766.592	4812.000
766.798	4844.000
767.004	4870.000
767.210	5046.000
767.417	5097.000
767.623	5155.000
767.829	5227.000
768.035	5263.000
768.241	5259.000
768.447	5283.000
768.653	5392.000
768.860	5410.000
769.066	5315.000
769.272	5292.000
769.478	5460.000
769.684	5501.000
769.890	5421.000
770.096	5501.000
770.303	5531.000
770.509	5445.000
770.715	5399.000
770.921	5493.000
771.127	5513.000
771.333	5441.000
771.539	5533.000
771.745	5487.000
771.952	5456.000
772.158	5473.000
772.364	5515.000
772.570	5450.000
772.776	5501.000
772.982	5382.000
773.188	5358.000
773.395	5452.000
773.601	5424.000
773.807	5395.000
774.013	5390.000
774.219	5390.000
774.425	5389.000
774.631	5378.000
774.838	5393.000
775.044	5416.000
775.250	5343.000
775.456	5344.000
775.662	5361.000
775.868	5302.000
776.074	5365.000
776.281	5267.000
776.487	5208.000
776.693	5236.000
776.899	5219.000
777.105	5241.000
777.311	5207.000
777.517	5237.000
777.723	5325.000
777.930	5193.000
778.136	5201.000
778.342	5206.000
778.548	5225.000
778.754	5155.000
778.960	5126.000
779.166	5224.000
779.373	5151.000
779.579	5067.000
779.785	5068.000
779.991	5029.000
780.197	4925.000
780.403	4982.000
780.609	5083.000
780.816	5088.000
781.022	5065.000
781.228	5058.000
781.434	5045.000
781.640	4960.000
781.846	4968.000
782.052	4982.000
782.259	5007.000
782.465	4961.000
782.671	4963.000
782.877	4957.000
783.083	5032.000
783.289	4991.000
783.495	5021.000
783.701	4953.000
783.908	4849.000
784.114	4860.000
784.320	4904.000
784.526	4843.000
784.732	4819.000
784.938	4793.000
785.144	4827.000
785.351	4868.000
785.557	4772.000
785.763	4727.000
785.969	4788.000
786.175	4782.000
786.381	4726.000
786.587	4574.000
786.794	4594.000
787.000	4683.000
787.206	4582.000
787.412	4634.000
787.618	4604.000
787.824	4583.000
788.030	4613.000
788.236	4583.000
788.443	4609.000
788.649	4537.000
788.855	4486.000
789.061	4503.000
789.267	4499.000
789.473	4347.000
789.679	4313.000
789.886	4425.000
790.092	4500.000
790.298	4408.000
790.504	4355.000
790.710	4435.000
790.916	4399.000
791.122	4388.000
791.329	4401.000
791.535	4386.000
791.741	4286.000
791.947	4244.000
792.153	4198.000
792.359	4207.000
792.565	4304.000
792.771	4212.000
792.978	4201.000
793.184	4218.000
793.390	4244.000
793.596	4289.000
793.802	4259.000
794.008	4212.000
794.214	4234.000
794.421	4214.000
794.627	4128.000
794.833	4171.000
795.039	4192.000
795.245	4135.000
795.451	4130.000
795.657	4163.000
795.864	4090.000
796.070	4135.000
796.276	4155.000
796.482	4067.000
796.688	4062.000
796.894	4054.000
797.100	4118.000
797.307	4052.000
797.513	4095.000
797.719	4039.000
797.925	4005.000
798.131	3997.000
798.337	4072.000
798.543	4054.000
798.749	3948.000
798.956	3884.000
799.162	4007.000
799.368	3964.000
799.574	3996.000
799.780	3951.000
799.986	3805.000
800.192	3852.000
800.399	3916.000
800.605	3904.000
800.811	3869.000
801.017	3885.000
801.223	3925.000
801.429	3947.000
801.635	3886.000
801.842	3777.000
802.048	3803.000
802.254	3806.000
802.460	3769.000
802.666	3769.000
802.872	3727.000
803.078	3715.000
803.285	3760.000
803.491	3786.000
803.697	3804.000
803.903	3810.000
804.109	3835.000
804.315	3768.000
804.521	3769.000
804.727	3772.000
804.934	3647.000
805.140	3702.000
805.346	3803.000
805.552	3752.000
805.758	3674.000
805.964	3728.000
806.170	3680.000
806.377	3646.000
806.583	3612.000
806.789	3653.000
806.995	3608.000
807.201	3668.000
807.407	3626.000
807.613	3610.000
807.820	3728.000
808.026	3624.000
808.232	3578.000
808.438	3573.000
808.644	3525.000
808.850	3497.000
809.056	3568.000
809.262	3544.000
809.469	3528.000
809.675	3536.000
809.881	3437.000
810.087	3387.000
810.293	3377.000
810.499	3313.000
810.705	3267.000
810.912	3319.000
811.118	3347.000
811.324	3350.000
811.530	3332.000
811.739	3239.000
811.947	3196.000
812.156	3183.000
812.365	3141.000
812.573	3053.000
812.782	2994.000
812.990	3019.000
813.199	3034.000
813.408	2954.000
813.616	2945.000
813.825	2848.000
814.034	2822.000
814.242	2781.000
814.451	2722.000
814.659	2758.000
814.868	2716.000
815.077	2619.000
815.285	2601.000
815.494	2626.000
815.703	2572.000
815.911	2606.000
816.120	2549.000
816.329	2540.000
816.537	2549.000
816.746	2549.000
816.954	2519.000
817.163	2523.000
817.372	2500.000
817.580	2512.000
817.789	2547.000
817.998	2559.000
818.206	2502.000
818.415	2452.000
818.624	2421.000
818.832	2468.000
819.041	2512.000
819.249	2570.000
819.458	2639.000
819.667	2714.000
819.875	2728.000
820.084	2754.000
820.293	2644.000
820.501	2627.000
820.710	2672.000
820.919	2693.000
821.127	2689.000
821.336	2607.000
821.544	2469.000
821.753	2467.000
821.962	2451.000
822.170	2360.000
822.379	2327.000
822.588	2335.000
822.796	2374.000
823.005	2421.000
823.213	2500.000
823.422	2521.000
823.631	2547.000
823.839	2523.000
824.048	2553.000
824.257	2595.000
824.465	2592.000
824.674	2548.000
824.883	2562.000
825.091	2544.000
825.300	2592.000
825.508	2559.000
825.717	2594.000
825.926	2628.000
826.134	2621.000
826.343	2618.000
826.552	2562.000
826.760	2492.000
826.969	2476.000
827.178	2488.000
827.386	2506.000
827.595	2431.000
827.803	2439.000
828.012	2490.000
828.221	2467.000
828.429	2419.000
828.638	2451.000
828.847	2482.000
829.055	2445.000
829.264	2463.000
829.472	2476.000
829.681	2462.000
829.890	2460.000
830.098	2455.000
830.307	2521.000
830.516	2526.000
830.724	2476.000
830.933	2401.000
831.142	2451.000
831.350	2509.000
831.559	2474.000
831.767	2422.000
831.976	2501.000
832.185	2440.000
832.393	2364.000
832.602	2406.000
832.811	2422.000
833.019	2372.000
833.228	2412.000
833.437	2411.000
833.645	2433.000
833.854	2432.000
834.062	2458.000
834.271	2480.000
834.480	2455.000
834.688	2429.000
834.897	2389.000
835.106	2377.000
835.314	2456.000
835.523	2459.000
835.731	2447.000
835.940	2470.000
836.149	2483.000
836.357	2419.000
836.566	2398.000
836.775	2424.000
836.983	2466.000
837.192	2434.000
837.401	2420.000
837.609	2388.000
837.818	2429.000
838.026	2424.000
838.235	2384.000
838.444	2376.000
838.652	2449.000
838.861	2435.000
839.070	2439.000
839.278	2365.000
839.487	2392.000
839.696	2460.000
839.904	2429.000
840.113	2407.000
840.321	2369.000
840.530	2336.000
840.739	2397.000
840.947	2384.000
841.156	2391.000
841.365	2334.000
841.573	2301.000
841.782	2371.000
841.991	2365.000
842.199	2403.000
842.408	2421.000
842.616	2328.000
842.825	2299.000
843.034	2323.000
843.242	2276.000
843.451	2273.000
843.660	2357.000
843.868	2347.000
844.077	2375.000
844.285	2343.000
844.494	2293.000
844.703	2255.000
844.911	2283.000
845.120	2317.000
845.329	2285.000
845.537	2297.000
845.746	2302.000
845.955	2252.000
846.163	2270.000
846.372	2295.000
846.580	2295.000
846.789	2234.000
846.998	2252.000
847.206	2260.000
847.415	2262.000
847.624	2302.000
847.832	2308.000
848.041	2252.000
848.250	2230.000
848.458	2190.000
848.667	2198.000
848.875	2205.000
849.084	2184.000
849.293	2129.000
849.501	2129.000
849.710	2056.000
849.919	2051.000
850.127	2087.000
850.336	2075.000
850.544	2057.000
850.753	2063.000
850.962	2107.000
851.170	2123.000
851.379	2123.000
851.588	2114.000
851.796	2093.000
852.005	2048.000
852.214	2052.000
852.422	2060.000
852.631	2085.000
852.839	1988.000
853.048	1947.000
853.257	1937.000
853.465	1934.000
853.674	1891.000
853.883	1866.000
854.091	1888.000
854.300	1926.000
854.509	1842.000
854.717	1862.000
854.926	1877.000
855.134	1901.000
855.343	1865.000
855.552	1906.000
855.760	1996.000
855.969	1997.000
856.178	1925.000
856.386	1879.000
856.595	1888.000
856.803	1921.000
857.012	1934.000
857.221	1910.000
857.429	1975.000
857.638	2040.000
857.847	1947.000
858.055	1898.000
858.264	2007.000
858.473	2014.000
858.681	1974.000
858.890	1979.000
859.098	1982.000
859.307	1924.000
859.516	1787.000
859.724	1872.000
859.933	1935.000
860.142	1939.000
860.350	1896.000
860.559	1910.000
860.768	1865.000
860.976	1886.000
861.185	1859.000
861.393	1843.000
861.602	1862.000
861.811	1868.000
862.019	1845.000
862.228	1840.000
862.437	1854.000
862.645	1874.000
862.854	1901.000
863.062	1921.000
863.271	1818.000
863.480	1848.000
863.688	1904.000
863.897	1828.000
864.106	1755.000
864.314	1773.000
864.523	1789.000
864.732	1740.000
864.940	1718.000
865.149	1632.000
865.357	1597.000
865.566	1616.000
865.775	1629.000
865.983	1628.000
866.192	1601.000
866.401	1614.000
866.609	1633.000
866.818	1614.000
867.027	1589.000
867.235	1622.000
867.444	1600.000
867.652	1586.000
867.861	1604.000
868.070	1576.000
868.278	1619.000
868.487	1594.000
868.696	1586.000
868.904	1568.000
869.113	1576.000
869.321	1615.000
869.530	1635.000
869.739	1621.000
869.947	1637.000
870.156	1609.000
870.365	1570.000
870.573	1558.000
870.782	1538.000
870.991	1574.000
871.199	1527.000
871.408	1528.000
871.616	1553.000
871.825	1562.000
872.034	1547.000
872.242	1536.000
872.451	1553.000
872.660	1504.000
872.868	1498.000
873.077	1477.000
873.286	1463.000
873.494	1470.000
873.703	1411.000
873.911	1485.000
874.120	1445.000
874.329	1409.000
874.537	1397.000
874.746	1396.000
874.955	1443.000
875.163	1502.000
875.372	1450.000
875.581	1377.000
875.789	1399.000
875.998	1393.000
876.206	1383.000
876.415	1390.000
876.624	1391.000
876.832	1401.000
877.041	1393.000
877.250	1362.000
877.458	1395.000
877.667	1415.000
877.875	1394.000
878.084	1403.000
878.293	1409.000
878.501	1347.000
878.710	1320.000
878.919	1323.000
879.127	1301.000
879.336	1290.000
879.545	1303.000
879.753	1324.000
879.962	1380.000
880.170	1405.000
880.379	1293.000
880.588	1256.000
880.796	1290.000
881.005	1329.000
881.214	1318.000
881.422	1346.000
881.631	1330.000
881.840	1318.000
882.048	1294.000
882.257	1303.000
882.465	1293.000
882.674	1259.000
882.883	1218.000
883.091	1243.000
883.300	1304.000
883.509	1330.000
883.717	1326.000
883.926	1346.000
884.134	1266.000
884.343	1217.000
884.552	1187.000
884.760	1267.000
884.969	1265.000
885.178	1220.000
885.386	1183.000
885.595	1182.000
885.804	1221.000
886.012	1220.000
886.221	1240.000
886.429	1195.000
886.638	1209.000
886.847	1228.000
887.055	1195.000
887.264	1182.000
887.473	1164.000
887.681	1163.000
887.890	1129.000
888.099	1181.000
888.307	1168.000
888.516	1202.000
888.724	1225.000
888.933	1165.000
889.142	1158.000
889.350	1099.000
889.559	1068.000
889.768	1075.000
889.976	1136.000
890.185	1152.000
890.393	1139.000
890.602	1159.000
890.811	1162.000
891.019	1095.000
891.228	1097.000
891.437	1128.000
891.645	1136.000
891.854	1129.000
892.063	1109.000
892.271	1127.000
892.480	1122.000
892.688	1039.000
892.897	1056.000
893.106	1090.000
893.314	1095.000
893.523	1055.000
893.732	1011.000
893.940	1008.000
894.149	974.000
894.358	984.000
894.566	1021.000
894.775	960.000
894.983	944.000
895.192	928.000
895.401	917.000
895.609	938.000
895.818	900.000
896.027	876.000
896.235	900.000
896.444	899.000
896.652	897.000
896.861	869.000
897.070	864.000
897.278	879.000
897.487	841.000
897.696	853.000
897.904	794.000
898.113	799.000
898.322	793.000
898.530	817.000
898.739	792.000
898.947	816.000
899.156	846.000
899.365	766.000
899.573	760.000
899.782	740.000
899.991	747.000
900.199	806.000
900.408	782.000
900.617	787.000
900.825	753.000
901.034	775.000
901.242	798.000
901.451	804.000
901.660	774.000
901.868	762.000
902.077	805.000
902.286	817.000
902.494	829.000
902.703	849.000
902.911	849.000
903.120	892.000
903.329	955.000
903.537	922.000
903.746	873.000
903.955	902.000
904.163	911.000
904.372	893.000
904.581	853.000
904.789	846.000
904.998	895.000
905.206	863.000
905.415	834.000
905.624	841.000
905.832	799.000
906.041	731.000
906.250	741.000
906.458	785.000
906.667	809.000
906.876	770.000
907.084	776.000
907.293	768.000
907.501	757.000
907.710	749.000
907.919	787.000
908.127	719.000
908.336	697.000
908.545	711.000
908.753	697.000
908.962	725.000
909.170	703.000
909.379	679.000
909.588	733.000
909.796	768.000
910.005	713.000
910.214	706.000
910.422	714.000
910.631	732.000
910.840	751.000
911.048	736.000
911.257	692.000
911.465	714.000
911.674	690.000
911.883	658.000
912.091	661.000
912.300	656.000
912.508	616.000
912.716	682.000
912.924	668.000
913.132	692.000
913.340	704.000
913.549	676.000
913.757	655.000
913.965	632.000
914.173	633.000
914.381	642.000
914.589	646.000
914.797	601.000
915.005	585.000
915.213	677.000
915.421	681.000
915.629	585.000
915.838	609.000
916.046	673.000
916.254	648.000
916.462	613.000
916.670	631.000
916.878	602.000
917.086	604.000
917.294	596.000
917.502	620.000
917.710	649.000
917.919	665.000
918.127	639.000
918.335	670.000
918.543	686.000
918.751	661.000
918.959	652.000
919.167	693.000
919.375	676.000
919.583	695.000
919.791	663.000
919.999	620.000
920.208	672.000
920.416	653.000
920.624	613.000
920.832	612.000
921.040	625.000
921.248	661.000
921.456	665.000
921.664	612.000
921.872	651.000
922.080	673.000
922.288	638.000
922.497	615.000
922.705	621.000
922.913	636.000
923.121	652.000
923.329	634.000
923.537	563.000
923.745	555.000
923.953	521.000
924.161	573.000
924.369	627.000
924.578	647.000
924.786	623.000
924.994	614.000
925.202	619.000
925.410	565.000
925.618	565.000
925.826	637.000
926.034	663.000
926.242	598.000
926.450	561.000
926.658	573.000
926.867	556.000
927.075	487.000
927.283	467.000
927.491	487.000
927.699	478.000
927.907	505.000
928.115	484.000
928.323	432.000
928.531	438.000
928.739	435.000
928.947	418.000
929.156	402.000
929.364	415.000
929.572	365.000
929.780	373.000
929.988	366.000
930.196	342.000
930.404	369.000
930.612	355.000
930.820	337.000
931.028	310.000
931.236	293.000
931.445	273.000
931.653	289.000
931.861	274.000
932.069	256.000
932.277	258.000
932.485	287.000
932.693	277.000
932.901	263.000
933.109	236.000
933.317	202.000
933.526	185.000
933.734	166.000
933.942	172.000
934.150	230.000
934.358	202.000
934.566	196.000
934.774	180.000
934.982	180.000
935.190	215.000
935.398	221.000
935.606	216.000
935.815	185.000
936.023	144.000
936.231	171.000
936.439	196.000
936.647	193.000
936.855	180.000
937.063	157.000
937.271	184.000
937.479	215.000
937.687	233.000
937.895	222.000
938.104	231.000
938.312	258.000
938.520	267.000
938.728	248.000
938.936	266.000
939.144	256.000
939.352	272.000
939.560	256.000
939.768	256.000
939.976	239.000
940.185	202.000
940.393	229.000
940.601	258.000
940.809	266.000
941.017	241.000
941.225	246.000
941.433	209.000
941.641	162.000
941.849	160.000
942.057	213.000
942.265	207.000
942.474	212.000
942.682	241.000
942.890	219.000
943.098	173.000
943.306	156.000
943.514	165.000
943.722	175.000
943.930	178.000
944.138	187.000
944.346	191.000
944.554	233.000
944.763	214.000
944.971	204.000
945.179	214.000
945.387	211.000
945.595	206.000
945.803	222.000
946.011	218.000
946.219	211.000
946.427	207.000
946.635	207.000
946.843	204.000
947.052	192.000
947.260	160.000
947.468	217.000
947.676	217.000
947.884	177.000
948.092	162.000
948.300	189.000
948.508	163.000
948.716	175.000
948.924	178.000
949.133	178.000
949.341	230.000
949.549	210.000
949.757	188.000
949.965	170.000
950.173	215.000
950.381	233.000
950.589	245.000
950.797	209.000
951.005	174.000
951.213	162.000
951.422	184.000
951.630	158.000
951.838	183.000
952.046	193.000
952.254	166.000
952.462	159.000
952.670	220.000
952.878	242.000
953.086	184.000
953.294	167.000
953.502	170.000
953.711	184.000
953.919	180.000
954.127	141.000
954.335	201.000
954.543	184.000
954.751	197.000
954.959	205.000
955.167	167.000
955.375	148.000
955.583	163.000
955.792	221.000
956.000	220.000
956.208	164.000
956.416	206.000
956.624	214.000
956.832	216.000
957.040	195.000
957.248	172.000
957.456	215.000
957.664	199.000
957.872	178.000
958.081	185.000
958.289	167.000
958.497	195.000
958.705	237.000
958.913	209.000
959.121	192.000
959.329	181.000
959.537	165.000
959.745	179.000
959.953	167.000
960.161	166.000
960.370	224.000
960.578	200.000
960.786	203.000
960.994	207.000
961.202	189.000
961.410	202.000
961.618	195.000
961.826	196.000
962.034	218.000
962.242	190.000
962.451	178.000
962.659	192.000
962.867	184.000
963.075	177.000
963.283	193.000
963.491	208.000
963.699	191.000
963.907	197.000
964.115	194.000
964.323	214.000
964.531	191.000
964.740	228.000
964.948	248.000
965.156	221.000
965.364	218.000
965.572	218.000
965.780	180.000
965.999	176.000
966.218	185.000
966.438	191.000
966.657	201.000
966.876	211.000
967.095	233.000
967.315	226.000
967.534	190.000
967.753	224.000
967.972	228.000
968.192	234.000
968.411	239.000
968.630	234.000
968.849	230.000
969.068	246.000
969.288	231.000
969.507	225.000
969.726	221.000
969.945	209.000
970.165	191.000
970.384	191.000
970.603	212.000
970.822	225.000
971.042	246.000
971.261	232.000
971.480	226.000
971.699	216.000
971.919	233.000
972.138	248.000
972.357	245.000
972.576	209.000
972.795	163.000
973.015	207.000
973.234	228.000
973.453	225.000
973.672	261.000
973.892	232.000
974.111	186.000
974.330	223.000
974.549	213.000
974.769	201.000
974.988	206.000
975.207	197.000
975.426	215.000
975.646	214.000
975.865	221.000
976.084	232.000
976.303	215.000
976.522	181.000
976.742	217.000
976.961	184.000
977.180	221.000
977.399	233.000
977.619	206.000
977.838	184.000
978.057	196.000
978.276	210.000
978.496	207.000
978.715	196.000
978.934	189.000
979.153	177.000
979.372	204.000
979.592	225.000
979.811	155.000
980.030	157.000
980.249	173.000
980.469	174.000
980.688	187.000
980.907	199.000
981.126	211.000
981.346	203.000
981.565	189.000
981.784	197.000
982.003	196.000
982.223	196.000
982.442	241.000
982.661	217.000
982.880	188.000
983.099	189.000
983.319	182.000
983.538	179.000
983.757	195.000
983.976	209.000
984.196	195.000
984.415	185.000
984.634	146.000
984.853	194.000
985.073	192.000
985.292	187.000
985.511	161.000
985.730	142.000
985.949	190.000
986.169	195.000
986.388	228.000
986.607	205.000
986.826	176.000
987.046	185.000
987.265	181.000
987.484	188.000
987.703	161.000
987.923	173.000
988.142	224.000
988.361	195.000
988.580	185.000
988.800	154.000
989.019	177.000
989.238	202.000
989.457	166.000
989.676	157.000
989.896	156.000
990.115	182.000
990.334	195.000
990.553	157.000
990.773	146.000
990.992	176.000
991.211	201.000
991.430	215.000
991.650	211.000
991.869	192.000
992.088	163.000
992.307	165.000
992.527	157.000
992.746	174.000
992.965	177.000
993.184	158.000
993.403	150.000
993.623	154.000
993.842	135.000
994.061	162.000
994.280	163.000
994.500	192.000
994.719	160.000
994.938	119.000
995.157	138.000
995.377	157.000
995.596	164.000
995.815	167.000
996.034	156.000
996.253	141.000
996.473	125.000
996.692	141.000
996.911	162.000
997.130	166.000
997.350	162.000
997.569	146.000
997.788	135.000
998.007	167.000
998.227	153.000
998.446	128.000
998.665	140.000
998.884	160.000
999.104	156.000
999.323	146.000
999.542	121.000
999.761	139.000
999.980	173.000
1000.200	158.000
1000.419	131.000
1000.638	100.000
1000.857	133.000
1001.077	173.000
1001.296	145.000
1001.515	133.000
1001.734	149.000
1001.954	179.000
1002.173	167.000
1002.392	134.000
1002.611	114.000
1002.830	133.000
1003.050	145.000
1003.269	138.000
1003.488	125.000
1003.707	107.000
1003.927	128.000
1004.146	135.000
1004.365	146.000
1004.584	120.000
1004.804	134.000
1005.023	142.000
1005.242	120.000
1005.461	149.000
1005.681	131.000
1005.900	142.000
1006.119	144.000
1006.338	161.000
1006.557	140.000
1006.777	132.000
1006.996	71.000
1007.215	99.000
1007.434	118.000
1007.654	165.000
1007.873	154.000
1008.092	153.000
1008.311	155.000
1008.531	117.000
1008.750	109.000
1008.969	109.000
1009.188	98.000
1009.407	146.000
1009.627	142.000
1009.846	149.000
1010.065	130.000
1010.284	120.000
1010.504	131.000
1010.723	117.000
1010.942	129.000
1011.161	119.000
1011.381	129.000
1011.600	126.000
1011.819	104.000
1012.038	126.000
1012.258	136.000
1012.477	121.000
1012.696	107.000
1012.915	98.000
1013.134	85.000
1013.354	93.000
1013.573	127.000
1013.792	126.000
1014.011	113.000
1014.231	133.000
1014.450	116.000
1014.669	82.000
1014.888	109.000
1015.108	101.000
1015.327	82.000
1015.546	118.000
1015.765	136.000
1015.984	103.000
1016.204	86.000
1016.423	100.000
1016.642	111.000
1016.861	91.000
1017.081	103.000
1017.300	108.000
1017.519	122.000
