296.912	49.500
297.101	58.500
297.290	-2.500
297.479	-9.500
297.668	11.500
297.858	21.500
298.047	95.500
298.236	99.500
298.425	52.500
298.614	22.500
298.803	11.500
298.992	54.500
299.181	43.500
299.370	-22.500
299.559	17.500
299.748	87.500
299.937	39.500
300.126	61.500
300.315	52.500
300.504	39.500
300.693	33.500
300.882	38.500
301.071	23.500
301.260	30.500
301.449	59.500
301.638	47.500
301.827	32.500
302.016	45.500
302.205	38.500
302.395	-1.500
302.584	-38.500
302.773	6.500
302.962	56.500
303.151	44.500
303.340	15.500
303.529	-13.500
303.718	4.500
303.907	12.500
304.096	10.500
304.285	9.500
304.474	60.500
304.663	64.500
304.852	17.500
305.041	78.500
305.230	93.500
305.419	65.500
305.608	60.500
305.797	38.500
305.986	-2.500
306.175	-9.500
306.364	2.500
306.553	7.500
306.743	71.500
306.932	98.500
307.121	66.500
307.310	49.500
307.499	36.500
307.688	-3.500
307.877	6.500
308.066	16.500
308.255	-8.500
308.444	51.500
308.633	109.500
308.822	53.500
309.011	61.500
309.200	91.500
309.389	65.500
309.578	58.500
309.767	67.500
309.956	91.500
310.145	37.500
310.334	-19.500
310.523	40.500
310.712	40.500
310.901	-30.500
311.091	29.500
311.280	71.500
311.469	61.500
311.658	119.500
311.847	38.500
312.036	-43.500
312.225	6.500
312.414	24.500
312.603	18.500
312.792	7.500
312.981	39.500
313.170	49.500
313.349	-8.500
313.527	-12.500
313.706	33.500
313.884	37.500
314.063	53.500
314.241	73.500
314.420	92.500
314.598	68.500
314.777	56.500
314.955	-3.500
315.134	16.500
315.312	34.500
315.491	35.500
315.669	27.500
315.848	41.500
316.027	36.500
316.205	10.500
316.384	-3.500
316.562	40.500
316.741	4.500
316.919	27.500
317.098	27.500
317.276	14.500
317.455	51.500
317.633	77.500
317.812	91.500
317.990	28.500
318.169	33.500
318.347	35.500
318.526	59.500
318.705	-14.500
318.883	19.500
319.062	30.500
319.240	30.500
319.419	49.500
319.597	70.500
319.776	85.500
319.954	20.500
320.133	43.500
320.311	70.500
320.490	82.500
320.668	50.500
320.847	47.500
321.025	44.500
321.204	35.500
321.382	36.500
321.561	30.500
321.740	59.500
321.918	17.500
322.097	14.500
322.275	-16.500
322.454	14.500
322.632	36.500
322.811	5.500
322.989	-3.500
323.168	14.500
323.346	41.500
323.525	0.500
323.703	-19.500
323.882	8.500
324.060	34.500
324.239	50.500
324.418	64.500
324.596	40.500
324.775	10.500
324.953	30.500
325.132	34.500
325.310	62.500
325.489	55.500
325.667	59.500
325.846	26.500
326.024	40.500
326.203	68.500
326.381	49.500
326.560	71.500
326.738	19.500
326.917	8.500
327.096	39.500
327.274	71.500
327.453	55.500
327.631	39.500
327.810	26.500
327.988	59.500
328.167	67.500
328.345	51.500
328.524	44.500
328.702	37.500
328.881	33.500
329.059	6.500
329.238	-2.500
329.416	50.500
329.595	61.500
329.774	49.500
329.952	63.500
330.131	105.500
330.309	56.500
330.488	28.500
330.666	18.500
330.845	22.500
331.023	56.500
331.202	23.500
331.380	13.500
331.559	56.500
331.737	70.500
331.916	27.500
332.094	28.500
332.273	60.500
332.452	22.500
332.630	0.500
332.809	14.500
332.987	18.500
333.166	83.500
333.344	103.500
333.523	75.500
333.701	31.500
333.880	61.500
334.058	20.500
334.237	53.500
334.415	98.500
334.594	31.500
334.772	2.500
334.951	70.500
335.129	29.500
335.308	37.500
335.487	76.500
335.665	78.500
335.844	99.500
336.022	139.500
336.201	56.500
336.379	-11.500
336.558	58.500
336.736	52.500
336.915	40.500
337.093	59.500
337.272	48.500
337.450	10.500
337.629	37.500
337.807	49.500
337.986	30.500
338.165	54.500
338.343	73.500
338.522	94.500
338.700	95.500
338.879	56.500
339.057	78.500
339.236	82.500
339.414	33.500
339.593	12.500
339.771	28.500
339.950	83.500
340.128	67.500
340.307	51.500
340.485	28.500
340.664	60.500
340.843	43.500
341.021	-21.500
341.200	6.500
341.378	38.500
341.557	43.500
341.735	61.500
341.914	29.500
342.092	38.500
342.271	71.500
342.449	61.500
342.628	23.500
342.806	13.500
342.985	62.500
343.163	39.500
343.342	38.500
343.521	-16.500
343.699	-11.500
343.878	9.500
344.056	51.500
344.235	46.500
344.413	65.500
344.592	97.500
344.770	40.500
344.949	53.500
345.127	79.500
345.306	59.500
345.484	-20.500
345.663	13.500
345.841	60.500
346.020	42.500
346.199	39.500
346.377	49.500
346.556	79.500
346.734	67.500
346.913	22.500
347.091	43.500
347.270	57.500
347.448	33.500
347.627	60.500
347.805	58.500
347.984	50.500
348.162	44.500
348.341	59.500
348.519	76.500
348.698	47.500
348.876	56.500
349.055	55.500
349.234	41.500
349.412	56.500
349.591	21.500
349.769	30.500
349.948	58.500
350.126	61.500
350.305	89.500
350.483	101.500
350.662	99.500
350.840	95.500
351.019	53.500
351.197	76.500
351.376	18.500
351.554	3.500
351.733	29.500
351.912	57.500
352.090	87.500
352.269	95.500
352.447	35.500
352.626	35.500
352.804	78.500
352.983	15.500
353.161	41.500
353.340	43.500
353.518	-1.500
353.697	57.500
353.875	75.500
354.054	83.500
354.232	78.500
354.411	60.500
354.590	11.500
354.768	68.500
354.947	39.500
355.125	24.500
355.304	65.500
355.482	63.500
355.661	27.500
355.839	18.500
356.018	15.500
356.196	33.500
356.375	26.500
356.553	71.500
356.732	52.500
356.910	8.500
357.089	48.500
357.268	68.500
357.446	62.500
357.625	43.500
357.803	48.500
357.982	11.500
358.160	-1.500
358.339	59.500
358.517	65.500
358.696	32.500
358.874	43.500
359.053	43.500
359.231	10.500
359.410	27.500
359.588	19.500
359.767	23.500
359.945	56.500
360.124	32.500
360.303	12.500
360.481	31.500
360.660	81.500
360.838	76.500
361.017	86.500
361.195	74.500
361.374	39.500
361.552	39.500
361.731	59.500
361.909	66.500
362.088	34.500
362.266	67.500
362.445	85.500
362.623	68.500
362.802	63.500
362.981	64.500
363.159	89.500
363.338	65.500
363.516	59.500
363.695	42.500
363.873	3.500
364.052	27.500
364.230	104.500
364.409	110.500
364.587	61.500
364.766	87.500
364.944	65.500
365.123	54.500
365.301	44.500
365.480	60.500
365.660	58.500
365.839	97.500
366.019	119.500
366.199	88.500
366.379	133.500
366.558	105.500
366.738	55.500
366.918	37.500
367.098	13.500
367.277	29.500
367.457	72.500
367.637	57.500
367.816	61.500
367.996	54.500
368.176	86.500
368.356	99.500
368.535	9.500
368.715	41.500
368.895	66.500
369.075	28.500
369.254	55.500
369.434	81.500
369.614	117.500
369.793	79.500
369.973	61.500
370.153	55.500
370.333	46.500
370.512	64.500
370.692	74.500
370.872	47.500
371.051	79.500
371.231	136.500
371.411	117.500
371.591	45.500
371.770	71.500
371.950	63.500
372.130	45.500
372.310	40.500
372.489	89.500
372.669	83.500
372.849	71.500
373.028	87.500
373.208	121.500
373.388	96.500
373.568	18.500
373.747	61.500
373.927	45.500
374.107	1.500
374.287	30.500
374.466	30.500
374.646	30.500
374.826	74.500
375.005	78.500
375.185	79.500
375.365	125.500
375.545	96.500
375.724	59.500
375.904	74.500
376.084	81.500
376.263	52.500
376.443	81.500
376.623	134.500
376.803	120.500
376.982	39.500
377.162	63.500
377.342	57.500
377.522	44.500
377.701	45.500
377.881	45.500
378.061	117.500
378.240	74.500
378.420	30.500
378.600	48.500
378.780	67.500
378.959	66.500
379.139	106.500
379.319	150.500
379.499	95.500
379.678	89.500
379.858	107.500
380.038	76.500
380.217	99.500
380.397	65.500
380.577	46.500
380.757	23.500
380.936	85.500
381.116	50.500
381.296	18.500
381.476	124.500
381.655	112.500
381.835	83.500
382.015	32.500
382.194	37.500
382.374	63.500
382.554	89.500
382.734	74.500
382.913	50.500
383.093	49.500
383.273	51.500
383.452	101.500
383.632	117.500
383.812	102.500
383.992	83.500
384.171	68.500
384.351	82.500
384.531	99.500
384.711	87.500
384.890	92.500
385.070	82.500
385.250	64.500
385.429	87.500
385.609	85.500
385.789	76.500
385.969	42.500
386.148	47.500
386.328	76.500
386.508	65.500
386.688	65.500
386.867	74.500
387.047	80.500
387.227	66.500
387.406	71.500
387.586	46.500
387.766	79.500
387.946	60.500
388.125	65.500
388.305	68.500
388.485	71.500
388.664	65.500
388.844	88.500
389.024	83.500
389.204	71.500
389.383	70.500
389.563	19.500
389.743	-9.500
389.923	24.500
390.102	58.500
390.282	64.500
390.462	67.500
390.641	88.500
390.821	66.500
391.001	62.500
391.181	114.500
391.360	140.500
391.540	92.500
391.720	61.500
391.900	75.500
392.079	68.500
392.259	112.500
392.439	116.500
392.618	111.500
392.798	91.500
392.978	89.500
393.158	59.500
393.337	54.500
393.517	52.500
393.697	108.500
393.877	128.500
394.056	84.500
394.236	111.500
394.416	106.500
394.595	57.500
394.775	49.500
394.955	90.500
395.135	109.500
395.314	146.500
395.494	191.500
395.674	136.500
395.853	106.500
396.033	111.500
396.213	109.500
396.393	90.500
396.572	130.500
396.752	152.500
396.932	122.500
397.112	105.500
397.291	134.500
397.471	136.500
397.651	104.500
397.830	105.500
398.010	83.500
398.190	95.500
398.370	91.500
398.549	81.500
398.729	94.500
398.909	133.500
399.089	122.500
399.268	144.500
399.448	195.500
399.628	174.500
399.807	144.500
399.987	147.500
400.167	170.500
400.347	168.500
400.526	199.500
400.706	182.500
400.886	166.500
401.065	156.500
401.245	144.500
401.425	168.500
401.605	141.500
401.784	157.500
401.964	148.500
402.144	177.500
402.324	192.500
402.503	149.500
402.683	162.500
402.863	143.500
403.042	217.500
403.222	183.500
403.402	200.500
403.582	190.500
403.761	189.500
403.941	221.500
404.121	148.500
404.301	184.500
404.480	229.500
404.660	315.500
404.844	352.500
405.029	269.500
405.213	269.500
405.398	258.500
405.582	256.500
405.767	292.500
405.951	337.500
406.136	337.500
406.320	334.500
406.505	377.500
406.689	423.500
406.874	370.500
407.058	418.500
407.243	464.500
407.427	463.500
407.612	539.500
407.796	543.500
407.981	600.500
408.165	613.500
408.350	628.500
408.534	665.500
408.719	718.500
408.903	775.500
409.088	868.500
409.272	890.500
409.457	901.500
409.641	971.500
409.826	1103.500
410.010	1190.500
410.195	1236.500
410.379	1396.500
410.564	1566.500
410.748	1731.500
410.933	1769.500
411.117	1879.500
411.302	2079.500
411.486	2183.500
411.671	2317.500
411.855	2493.500
412.040	2655.500
412.224	2669.500
412.409	2755.500
412.593	2926.500
412.778	3118.500
412.962	3319.500
413.147	3511.500
413.331	3734.500
413.516	3978.500
413.700	4064.500
413.885	4217.500
414.069	4290.500
414.254	4484.500
414.438	4677.500
414.623	4855.500
414.807	5106.500
414.992	5325.500
415.176	5523.500
415.361	5652.500
415.545	5846.500
415.730	6181.500
415.914	6342.500
416.099	6570.500
416.283	6685.500
416.468	6846.500
416.652	7015.500
416.837	7108.500
417.021	7136.500
417.206	7235.500
417.390	7317.500
417.575	7630.500
417.759	7686.500
417.944	7882.500
418.128	7988.500
418.313	8146.500
418.497	8291.500
418.682	8431.500
418.866	8574.500
419.051	8704.500
419.235	8799.500
419.420	8935.500
419.604	9089.500
419.789	9251.500
419.973	9518.500
420.158	9891.500
420.342	10084.500
420.527	10302.500
420.711	10391.500
420.896	10568.500
421.080	10666.500
421.265	10755.500
421.449	10677.500
421.634	10706.500
421.818	10781.500
422.003	10757.500
422.187	10874.500
422.372	10984.500
422.556	10929.500
422.741	10996.500
422.925	11215.500
423.110	11311.500
423.294	11372.500
423.479	11619.500
423.663	11857.500
423.848	11871.500
424.032	11921.500
424.217	11996.500
424.401	11951.500
424.586	12088.500
424.770	12123.500
424.955	12142.500
425.139	12216.500
425.324	12296.500
425.508	12505.500
425.693	12576.500
425.877	12475.500
426.062	12667.500
426.246	12588.500
426.431	12363.500
426.615	12301.500
426.800	12439.500
426.984	12441.500
427.169	12496.500
427.353	12666.500
427.538	12683.500
427.722	12776.500
427.907	12687.500
428.091	12545.500
428.276	12462.500
428.460	12590.500
428.645	12470.500
428.829	12069.500
429.014	11863.500
429.198	11593.500
429.383	11408.500
429.567	10968.500
429.752	10490.500
429.936	10472.500
430.121	10355.500
430.305	10467.500
430.490	10633.500
430.674	10998.500
430.859	11509.500
431.043	11982.500
431.228	12533.500
431.412	12956.500
431.597	13114.500
431.781	13205.500
431.966	13410.500
432.150	13532.500
432.335	13756.500
432.519	14046.500
432.704	14138.500
432.888	14192.500
433.073	14038.500
433.257	13893.500
433.442	13686.500
433.626	13783.500
433.811	13748.500
433.995	13815.500
434.180	13993.500
434.364	14184.500
434.549	14295.500
434.733	14557.500
434.918	14688.500
435.102	14672.500
435.287	15018.500
435.471	15124.500
435.656	15447.500
435.840	15547.500
436.030	15806.500
436.219	15864.500
436.409	15847.500
436.599	15724.500
436.789	15509.500
436.978	15331.500
437.168	15151.500
437.358	15052.500
437.548	14918.500
437.737	14574.500
437.927	14528.500
438.117	14551.500
438.306	14588.500
438.496	14698.500
438.686	14930.500
438.876	14776.500
439.065	14982.500
439.255	15237.500
439.445	15344.500
439.634	15327.500
439.824	15160.500
440.014	15262.500
440.204	15594.500
440.393	15865.500
440.583	16102.500
440.773	16256.500
440.963	16401.500
441.152	16487.500
441.342	16727.500
441.532	16959.500
441.721	17082.500
441.911	17313.500
442.101	17371.500
442.291	17366.500
442.480	17390.500
442.670	17590.500
442.860	17644.500
443.050	17560.500
443.239	17601.500
443.429	17615.500
443.619	17689.500
443.808	18098.500
443.998	18184.500
444.188	18199.500
444.378	18283.500
444.567	18191.500
444.757	18076.500
444.947	17901.500
445.137	17919.500
445.326	17725.500
445.516	17693.500
445.706	17719.500
445.895	17770.500
446.085	17888.500
446.275	18076.500
446.465	18328.500
446.654	18661.500
446.844	18761.500
447.034	18904.500
447.223	19277.500
447.413	19318.500
447.603	19443.500
447.793	19327.500
447.982	19437.500
448.172	19418.500
448.362	19561.500
448.552	19534.500
448.741	19463.500
448.931	19491.500
449.121	19703.500
449.310	19826.500
449.500	19872.500
449.690	20034.500
449.880	20253.500
450.069	20444.500
450.259	20676.500
450.449	20799.500
450.639	20733.500
450.828	20880.500
451.018	20765.500
451.208	20829.500
451.397	20855.500
451.587	20527.500
451.777	20327.500
451.967	20120.500
452.156	19999.500
452.346	19731.500
452.536	19470.500
452.725	19483.500
452.915	19136.500
453.105	19105.500
453.295	19203.500
453.484	19339.500
453.674	19462.500
453.864	19749.500
454.054	19745.500
454.243	19480.500
454.433	19341.500
454.623	19516.500
454.812	19376.500
455.002	19554.500
455.192	19636.500
455.382	19671.500
455.571	19855.500
455.761	19789.500
455.951	20007.500
456.141	20181.500
456.330	20062.500
456.520	20005.500
456.710	20064.500
456.899	20095.500
457.089	20152.500
457.279	20153.500
457.469	19911.500
457.658	19954.500
457.848	19588.500
458.038	19657.500
458.228	19621.500
458.417	19492.500
458.607	19389.500
458.797	19533.500
458.986	19514.500
459.176	19386.500
459.366	19320.500
459.556	19291.500
459.745	19355.500
459.935	19358.500
460.125	19483.500
460.314	19443.500
460.504	19575.500
460.694	19591.500
460.884	19561.500
461.073	19750.500
461.263	19838.500
461.453	19958.500
461.643	19960.500
461.832	19912.500
462.022	19995.500
462.212	20027.500
462.401	20168.500
462.591	20031.500
462.781	19867.500
462.971	19803.500
463.160	19889.500
463.350	19840.500
463.540	19873.500
463.730	19730.500
463.919	19408.500
464.109	19375.500
464.299	19415.500
464.488	19296.500
464.678	19244.500
464.868	19070.500
465.058	19119.500
465.247	19176.500
465.437	19336.500
465.627	19575.500
465.816	19497.500
466.006	19223.500
466.196	19033.500
466.386	19155.500
466.575	19227.500
466.765	19097.500
466.955	18974.500
467.145	18833.500
467.334	19089.500
467.524	19281.500
467.714	19150.500
467.903	19125.500
468.093	19183.500
468.283	19092.500
468.473	19089.500
468.662	19398.500
468.852	19494.500
469.042	19460.500
469.232	19273.500
469.421	19327.500
469.611	19239.500
469.801	19223.500
469.990	19005.500
470.180	18912.500
470.370	19092.500
470.560	19004.500
470.749	18982.500
470.939	19105.500
471.129	19186.500
471.318	19342.500
471.508	19526.500
471.698	19585.500
471.888	19759.500
472.077	19904.500
472.267	19828.500
472.457	19892.500
472.647	19873.500
472.836	19903.500
473.026	19919.500
473.216	19732.500
473.405	19645.500
473.595	19667.500
473.785	19739.500
473.975	19863.500
474.164	19847.500
474.354	20064.500
474.544	20102.500
474.734	20108.500
474.923	20069.500
475.113	20161.500
475.303	20025.500
475.492	19983.500
475.682	19731.500
475.872	19616.500
476.062	19674.500
476.251	19725.500
476.441	19604.500
476.631	19402.500
476.821	19475.500
477.010	19658.500
477.200	19851.500
477.390	19783.500
477.579	19903.500
477.769	20135.500
477.959	20065.500
478.149	20104.500
478.338	20009.500
478.528	19917.500
478.718	19946.500
478.907	19842.500
479.097	19914.500
479.287	20084.500
479.477	20039.500
479.666	20011.500
479.856	19978.500
480.046	19954.500
480.236	19938.500
480.425	20079.500
480.615	19930.500
480.805	19731.500
480.994	19912.500
481.184	19897.500
481.374	19981.500
481.564	19875.500
481.753	19935.500
481.943	20053.500
482.133	19967.500
482.323	19841.500
482.512	19662.500
482.702	19533.500
482.892	19442.500
483.081	19349.500
483.271	19432.500
483.461	19403.500
483.651	19224.500
483.840	19102.500
484.030	18905.500
484.220	18828.500
484.409	18877.500
484.599	18955.500
484.789	18779.500
484.979	18534.500
485.168	18184.500
485.358	17838.500
485.548	17421.500
485.738	17039.500
485.927	16597.500
486.117	16180.500
486.307	15974.500
486.496	15944.500
486.686	16027.500
486.876	16183.500
487.066	16336.500
487.255	16464.500
487.445	16787.500
487.635	16933.500
487.825	17005.500
488.014	17229.500
488.204	17497.500
488.394	17481.500
488.583	17456.500
488.773	17551.500
488.963	17516.500
489.153	17516.500
489.342	17691.500
489.532	17811.500
489.722	17966.500
489.912	18132.500
490.101	18282.500
490.291	18360.500
490.481	18329.500
490.670	18127.500
490.860	18132.500
491.050	18191.500
491.240	17962.500
491.429	17745.500
491.619	17669.500
491.809	17596.500
491.998	17264.500
492.188	17181.500
492.378	17288.500
492.568	17380.500
492.757	17539.500
492.947	17759.500
493.137	17811.500
493.327	17774.500
493.516	17616.500
493.706	17883.500
493.896	17868.500
494.085	17825.500
494.275	18034.500
494.465	18024.500
494.655	17985.500
494.844	18261.500
495.034	18261.500
495.224	18243.500
495.414	18145.500
495.603	18174.500
495.793	18066.500
495.983	18001.500
496.172	18001.500
496.362	18062.500
496.552	17991.500
496.742	18175.500
496.931	18246.500
497.121	18354.500
497.311	18360.500
497.500	18210.500
497.690	17829.500
497.880	17726.500
498.070	17564.500
498.259	17544.500
498.449	17280.500
498.639	17261.500
498.829	17389.500
499.018	17547.500
499.208	17617.500
499.398	17597.500
499.587	17638.500
499.777	17540.500
499.967	17398.500
500.157	17345.500
500.346	17289.500
500.536	17167.500
500.726	17085.500
500.916	16934.500
501.105	16842.500
501.295	16733.500
501.485	16805.500
501.674	16740.500
501.864	16718.500
502.054	16809.500
502.244	16798.500
502.433	16802.500
502.623	16849.500
502.813	16854.500
503.003	16964.500
503.192	16969.500
503.382	16787.500
503.572	16839.500
503.761	16800.500
503.951	16659.500
504.141	16696.500
504.331	16820.500
504.520	16844.500
504.710	16972.500
504.900	16919.500
505.089	16808.500
505.279	16816.500
505.469	17142.500
505.659	17164.500
505.848	17311.500
506.038	17297.500
506.228	17127.500
506.418	17191.500
506.607	17050.500
506.797	17007.500
506.987	16967.500
507.176	16707.500
507.366	16524.500
507.556	16501.500
507.746	16394.500
507.935	16351.500
508.125	16267.500
508.315	16259.500
508.505	16360.500
508.694	16274.500
508.884	16480.500
509.074	16442.500
509.263	16383.500
509.453	16430.500
509.643	16266.500
509.833	16174.500
510.022	16295.500
510.212	16188.500
510.402	15987.500
510.592	16024.500
510.781	16194.500
510.971	16226.500
511.161	16386.500
511.350	16439.500
511.540	16358.500
511.730	16192.500
511.920	16090.500
512.109	16019.500
512.299	15858.500
512.489	15822.500
512.678	15892.500
512.868	15862.500
513.058	15751.500
513.248	15618.500
513.437	15462.500
513.627	15311.500
513.817	15290.500
514.007	15119.500
514.196	15155.500
514.386	15178.500
514.576	15136.500
514.765	15099.500
514.955	15174.500
515.145	15203.500
515.335	15176.500
515.524	15021.500
515.714	14829.500
515.904	14854.500
516.094	14754.500
516.283	14412.500
516.473	14071.500
516.663	13760.500
516.852	13500.500
517.042	13400.500
517.232	13371.500
517.422	13405.500
517.611	13496.500
517.801	13584.500
517.991	13557.500
518.180	13459.500
518.370	13404.500
518.560	13472.500
518.750	13502.500
518.939	13620.500
519.129	13928.500
519.319	14021.500
519.509	14059.500
519.698	14185.500
519.888	14318.500
520.078	14140.500
520.267	14283.500
520.457	14380.500
520.647	14468.500
520.837	14495.500
521.026	14557.500
521.216	14588.500
521.406	14561.500
521.596	14623.500
521.785	14546.500
521.975	14459.500
522.165	14448.500
522.354	14394.500
522.544	14363.500
522.734	14362.500
522.924	14265.500
523.113	14352.500
523.303	14352.500
523.493	14383.500
523.683	14594.500
523.872	14609.500
524.062	14675.500
524.252	14596.500
524.441	14696.500
524.631	14888.500
524.821	14828.500
525.011	14844.500
525.200	14829.500
525.390	14642.500
525.580	14435.500
525.769	14346.500
525.959	14362.500
526.149	13930.500
526.339	13819.500
526.528	13737.500
526.718	13678.500
526.908	13525.500
527.098	13549.500
527.287	13732.500
527.477	13585.500
527.667	13717.500
527.856	13992.500
528.046	14218.500
528.236	14287.500
528.426	14339.500
528.615	14388.500
528.805	14459.500
528.995	14560.500
529.185	14636.500
529.374	14645.500
529.564	14708.500
529.754	14494.500
529.943	14419.500
530.133	14491.500
530.323	14618.500
530.513	14445.500
530.702	14504.500
530.892	14646.500
531.082	14561.500
531.271	14405.500
531.461	14223.500
531.651	14126.500
531.841	14056.500
532.030	13915.500
532.220	13723.500
532.410	13618.500
532.600	13431.500
532.789	13394.500
532.979	13365.500
533.169	13346.500
533.358	13198.500
533.548	13241.500
533.738	13241.500
533.928	13222.500
534.117	13193.500
534.307	13282.500
534.497	13271.500
534.687	13404.500
534.876	13475.500
535.066	13449.500
535.256	13386.500
535.445	13478.500
535.635	13479.500
535.825	13312.500
536.015	13199.500
536.204	12994.500
536.394	12901.500
536.584	12795.500
536.773	12702.500
536.963	12803.500
537.153	12897.500
537.343	12871.500
537.532	12995.500
537.722	12996.500
537.912	12974.500
538.102	12907.500
538.291	12775.500
538.481	12673.500
538.671	12642.500
538.860	12648.500
539.050	12621.500
539.240	12414.500
539.430	12273.500
539.619	12245.500
539.809	12265.500
539.999	12094.500
540.189	11905.500
540.378	11888.500
540.568	11970.500
540.758	12094.500
540.947	12024.500
541.137	12211.500
541.327	12232.500
541.517	12275.500
541.706	12285.500
541.896	12243.500
542.086	12162.500
542.276	12113.500
542.465	12081.500
542.655	12120.500
542.845	12078.500
543.034	11980.500
543.224	11963.500
543.414	12102.500
543.604	12081.500
543.793	12107.500
543.983	12087.500
544.173	11996.500
544.362	12084.500
544.552	12196.500
544.742	12141.500
544.932	11900.500
545.121	11876.500
545.311	11955.500
545.501	11960.500
545.691	11933.500
545.880	11924.500
546.070	11893.500
546.264	11901.500
546.459	11813.500
546.653	11693.500
546.847	11675.500
547.041	11723.500
547.236	11763.500
547.430	11732.500
547.624	11728.500
547.818	11721.500
548.013	11667.500
548.207	11692.500
548.401	11598.500
548.596	11616.500
548.790	11492.500
548.984	11470.500
549.178	11569.500
549.373	11538.500
549.567	11501.500
549.761	11472.500
549.956	11480.500
550.150	11492.500
550.344	11572.500
550.538	11462.500
550.733	11534.500
550.927	11616.500
551.121	11549.500
551.315	11474.500
551.510	11485.500
551.704	11375.500
551.898	11398.500
552.093	11468.500
552.287	11342.500
552.481	11316.500
552.675	11205.500
552.870	11181.500
553.064	11250.500
553.258	11281.500
553.453	11145.500
553.647	11300.500
553.841	11331.500
554.035	11377.500
554.230	11228.500
554.424	11088.500
554.618	11265.500
554.812	11284.500
555.007	11277.500
555.201	11267.500
555.395	11170.500
555.590	11207.500
555.784	11203.500
555.978	11014.500
556.172	10981.500
556.367	10911.500
556.561	10817.500
556.755	10765.500
556.949	10840.500
557.144	10886.500
557.338	10975.500
557.532	10763.500
557.727	10691.500
557.921	10624.500
558.115	10524.500
558.309	10508.500
558.504	10633.500
558.698	10541.500
558.892	10684.500
559.087	10453.500
559.281	10448.500
559.475	10506.500
559.669	10454.500
559.864	10474.500
560.058	10546.500
560.252	10633.500
560.446	10684.500
560.641	10753.500
560.835	10904.500
561.029	10822.500
561.224	10723.500
561.418	10580.500
561.612	10586.500
561.806	10705.500
562.001	10651.500
562.195	10653.500
562.389	10604.500
562.584	10642.500
562.778	10563.500
562.972	10481.500
563.166	10614.500
563.361	10612.500
563.555	10607.500
563.749	10550.500
563.943	10426.500
564.138	10503.500
564.332	10495.500
564.526	10397.500
564.721	10324.500
564.915	10287.500
565.109	10255.500
565.303	10256.500
565.498	10231.500
565.692	10315.500
565.886	10270.500
566.081	10205.500
566.275	10170.500
566.469	10170.500
566.663	10172.500
566.858	10174.500
567.052	10228.500
567.246	10146.500
567.440	10151.500
567.635	10158.500
567.829	10110.500
568.023	10066.500
568.218	10124.500
568.412	10004.500
568.606	9911.500
568.800	9944.500
568.995	9903.500
569.189	9865.500
569.383	9910.500
569.577	9780.500
569.772	9657.500
569.966	9638.500
570.160	9721.500
570.355	9642.500
570.549	9705.500
570.743	9623.500
570.937	9554.500
571.132	9624.500
571.326	9662.500
571.520	9646.500
571.715	9692.500
571.909	9742.500
572.103	9622.500
572.297	9552.500
572.492	9545.500
572.686	9615.500
572.880	9739.500
573.074	9643.500
573.269	9523.500
573.463	9586.500
573.657	9576.500
573.852	9441.500
574.046	9434.500
574.240	9369.500
574.434	9310.500
574.629	9194.500
574.823	9334.500
575.017	9319.500
575.212	9259.500
575.406	9207.500
575.600	9263.500
575.794	9216.500
575.989	9126.500
576.183	9181.500
576.377	9298.500
576.571	9239.500
576.766	9179.500
576.960	9154.500
577.159	9056.500
577.357	9007.500
577.556	9097.500
577.755	9081.500
577.953	8907.500
578.152	8863.500
578.350	8777.500
578.549	8822.500
578.748	8892.500
578.946	8867.500
579.145	8879.500
579.344	8894.500
579.542	8907.500
579.741	8953.500
579.940	9007.500
580.138	9005.500
580.337	8896.500
580.535	8995.500
580.734	9124.500
580.933	9127.500
581.131	9180.500
581.330	9243.500
581.529	9259.500
581.727	9287.500
581.926	9412.500
582.125	9399.500
582.323	9410.500
582.522	9388.500
582.721	9472.500
582.919	9444.500
583.118	9495.500
583.316	9408.500
583.515	9451.500
583.714	9577.500
583.912	9597.500
584.111	9648.500
584.310	9711.500
584.508	9512.500
584.707	9547.500
584.906	9466.500
585.104	9406.500
585.303	9406.500
585.501	9370.500
585.700	9374.500
585.899	9584.500
586.097	9523.500
586.296	9457.500
586.495	9395.500
586.693	9469.500
586.892	9437.500
587.091	9424.500
587.289	9401.500
587.488	9338.500
587.686	9188.500
587.885	8958.500
588.084	8791.500
588.282	8620.500
588.481	8580.500
588.680	8433.500
588.878	8360.500
589.077	8236.500
589.276	8239.500
589.474	8321.500
589.673	8313.500
589.871	8321.500
590.070	8402.500
590.269	8498.500
590.467	8556.500
590.666	8647.500
590.865	8548.500
591.063	8472.500
591.262	8567.500
591.461	8599.500
591.659	8564.500
591.858	8606.500
592.056	8629.500
592.255	8569.500
592.454	8530.500
592.652	8508.500
592.851	8679.500
593.050	8770.500
593.248	8692.500
593.447	8635.500
593.646	8625.500
593.844	8527.500
594.043	8543.500
594.241	8579.500
594.440	8548.500
594.639	8471.500
594.837	8525.500
595.036	8599.500
595.235	8484.500
595.433	8536.500
595.632	8557.500
595.831	8618.500
596.029	8612.500
596.228	8653.500
596.427	8543.500
596.625	8539.500
596.824	8635.500
597.022	8615.500
597.221	8570.500
597.420	8571.500
597.618	8597.500
597.817	8568.500
598.016	8493.500
598.214	8456.500
598.413	8559.500
598.612	8506.500
598.810	8363.500
599.009	8524.500
599.207	8549.500
599.406	8498.500
599.605	8433.500
599.803	8545.500
600.002	8556.500
600.201	8415.500
600.399	8526.500
600.598	8550.500
600.797	8481.500
600.995	8503.500
601.194	8437.500
601.392	8375.500
601.591	8431.500
601.790	8495.500
601.988	8298.500
602.187	8293.500
602.386	8243.500
602.584	8373.500
602.783	8502.500
602.982	8574.500
603.180	8631.500
603.379	8630.500
603.577	8528.500
603.776	8427.500
603.975	8369.500
604.173	8453.500
604.372	8489.500
604.571	8421.500
604.769	8430.500
604.968	8634.500
605.167	8583.500
605.365	8400.500
605.564	8365.500
605.762	8539.500
605.961	8562.500
606.160	8444.500
606.358	8473.500
606.557	8436.500
606.756	8401.500
606.954	8469.500
607.153	8543.500
607.352	8461.500
607.550	8326.500
607.749	8217.500
607.948	8320.500
608.146	8340.500
608.345	8293.500
608.543	8242.500
608.742	8326.500
608.941	8334.500
609.139	8343.500
609.338	8188.500
609.537	8276.500
609.735	8316.500
609.934	8261.500
610.133	8265.500
610.331	8218.500
610.530	8219.500
610.728	8285.500
610.927	8187.500
611.126	8160.500
611.324	8092.500
611.523	7988.500
611.722	8029.500
611.920	8044.500
612.119	8041.500
612.318	8037.500
612.516	8019.500
612.715	8054.500
612.913	8065.500
613.112	8038.500
613.311	7952.500
613.509	7837.500
613.708	7805.500
613.907	7864.500
614.105	7945.500
614.304	7973.500
614.503	7939.500
614.701	7903.500
614.900	7966.500
615.098	7840.500
615.297	7807.500
615.496	7719.500
615.694	7740.500
615.893	7708.500
616.092	7664.500
616.290	7604.500
616.489	7498.500
616.688	7403.500
616.886	7585.500
617.085	7647.500
617.283	7662.500
617.482	7653.500
617.681	7665.500
617.879	7695.500
618.078	7703.500
618.277	7678.500
618.475	7651.500
618.674	7652.500
618.873	7552.500
619.071	7685.500
619.270	7675.500
619.468	7626.500
619.667	7647.500
619.866	7841.500
620.064	7767.500
620.263	7614.500
620.462	7716.500
620.660	7662.500
620.859	7751.500
621.058	7745.500
621.256	7681.500
621.455	7536.500
621.654	7503.500
621.852	7623.500
622.051	7522.500
622.249	7413.500
622.448	7327.500
622.647	7320.500
622.845	7410.500
623.044	7388.500
623.243	7357.500
623.441	7362.500
623.640	7313.500
623.839	7254.500
624.037	7237.500
624.236	7205.500
624.434	7329.500
624.633	7263.500
624.832	7118.500
625.030	7114.500
625.229	7077.500
625.428	6985.500
625.626	7118.500
625.825	7070.500
626.024	7114.500
626.222	7310.500
626.421	7259.500
626.619	7131.500
626.818	7052.500
627.017	7017.500
627.215	6945.500
627.414	6777.500
627.613	6776.500
627.811	6891.500
628.010	6932.500
628.209	6966.500
628.407	6922.500
628.606	6805.500
628.804	6914.500
629.003	6886.500
629.202	6820.500
629.400	6775.500
629.599	6815.500
629.798	6778.500
629.996	6821.500
630.195	6907.500
630.394	6879.500
630.592	6830.500
630.791	6775.500
630.990	6758.500
631.188	6773.500
631.387	6743.500
631.585	6724.500
631.784	6694.500
631.983	6623.500
632.181	6798.500
632.380	6880.500
632.579	6831.500
632.777	6949.500
632.976	6730.500
633.175	6611.500
633.373	6784.500
633.572	6791.500
633.770	6872.500
633.969	6921.500
634.168	6897.500
634.366	6791.500
634.565	6830.500
634.764	6832.500
634.962	6785.500
635.161	6794.500
635.360	6775.500
635.558	6878.500
635.757	6864.500
635.955	6817.500
636.154	6883.500
636.353	6832.500
636.551	6689.500
636.750	6715.500
636.949	6829.500
637.147	6834.500
637.346	6759.500
637.545	6877.500
637.743	6818.500
637.942	6851.500
638.140	6730.500
638.339	6709.500
638.538	6843.500
638.736	6911.500
638.935	6863.500
639.134	6755.500
639.332	6640.500
639.531	6756.500
639.730	6747.500
639.928	6681.500
640.127	6601.500
640.325	6664.500
640.524	6773.500
640.723	6680.500
640.921	6700.500
641.120	6665.500
641.319	6558.500
641.517	6636.500
641.716	6690.500
641.915	6624.500
642.113	6619.500
642.312	6542.500
642.510	6514.500
642.709	6606.500
642.908	6616.500
643.106	6515.500
643.305	6531.500
643.504	6601.500
643.702	6567.500
643.901	6545.500
644.100	6588.500
644.298	6631.500
644.497	6562.500
644.696	6539.500
644.894	6532.500
645.093	6601.500
645.291	6679.500
645.490	6609.500
645.689	6458.500
645.887	6465.500
646.086	6481.500
646.285	6464.500
646.483	6324.500
646.682	6348.500
646.881	6339.500
647.079	6278.500
647.278	6327.500
647.476	6260.500
647.675	6336.500
647.874	6364.500
648.072	6282.500
648.271	6249.500
648.470	6218.500
648.668	6113.500
648.867	6133.500
649.066	6139.500
649.264	6154.500
649.463	6141.500
649.661	5988.500
649.860	6166.500
650.059	6318.500
650.257	6267.500
650.456	6263.500
650.655	6226.500
650.853	6205.500
651.052	6223.500
651.251	6279.500
651.449	6221.500
651.648	6222.500
651.846	6327.500
652.045	6326.500
652.244	6294.500
652.442	6310.500
652.641	6313.500
652.840	6334.500
653.038	6333.500
653.237	6326.500
653.436	6232.500
653.634	6195.500
653.833	6281.500
654.032	6269.500
654.230	6216.500
654.429	6161.500
654.627	6148.500
654.826	6077.500
655.025	6006.500
655.223	6006.500
655.422	5796.500
655.621	5655.500
655.819	5639.500
656.018	5489.500
656.217	5400.500
656.415	5505.500
656.614	5516.500
656.812	5548.500
657.011	5713.500
657.210	5757.500
657.408	5790.500
657.607	5823.500
657.806	5881.500
658.004	5891.500
658.203	5928.500
658.402	5947.500
658.600	5995.500
658.799	6054.500
658.997	6081.500
659.196	6121.500
659.395	6176.500
659.593	6125.500
659.792	6237.500
659.991	6178.500
660.189	6158.500
660.388	6183.500
660.587	6253.500
660.785	6269.500
660.984	6340.500
661.182	6325.500
661.381	6340.500
661.580	6295.500
661.778	6200.500
661.977	6265.500
662.176	6300.500
662.374	6247.500
662.573	6189.500
662.772	6237.500
662.970	6239.500
663.169	6121.500
663.367	6241.500
663.566	6264.500
663.765	6194.500
663.963	6114.500
664.162	6175.500
664.361	6182.500
664.559	6119.500
664.758	6150.500
664.957	6209.500
665.155	6199.500
665.354	6135.500
665.552	6151.500
665.751	6159.500
665.950	6051.500
666.148	6077.500
666.347	6090.500
666.546	6101.500
666.744	6077.500
666.943	6191.500
667.142	6095.500
667.340	6111.500
667.539	6119.500
667.738	6090.500
667.936	6146.500
668.135	5962.500
668.333	5962.500
668.532	6127.500
668.731	6092.500
668.929	5925.500
669.128	5843.500
669.327	5971.500
669.525	5991.500
669.724	5987.500
669.923	6022.500
670.121	5987.500
670.320	5881.500
670.518	5910.500
670.717	5919.500
670.916	5943.500
671.114	5929.500
671.313	5973.500
671.512	5916.500
671.710	5867.500
671.909	5827.500
672.108	5929.500
672.306	5903.500
672.505	5784.500
672.703	5823.500
672.902	5879.500
673.101	5807.500
673.299	5821.500
673.498	5830.500
673.697	5793.500
673.895	5820.500
674.094	5778.500
674.293	5727.500
674.491	5668.500
674.690	5697.500
674.888	5690.500
675.087	5688.500
675.286	5683.500
675.484	5605.500
675.683	5636.500
675.882	5652.500
676.080	5687.500
676.279	5583.500
676.478	5714.500
676.676	5776.500
676.875	5665.500
677.073	5664.500
677.272	5608.500
677.471	5552.500
677.669	5600.500
677.868	5539.500
678.067	5508.500
678.265	5626.500
678.464	5656.500
678.663	5562.500
678.861	5610.500
679.060	5587.500
679.259	5543.500
679.457	5589.500
679.656	5464.500
679.854	5451.500
680.053	5455.500
680.252	5419.500
680.450	5451.500
680.649	5431.500
680.848	5432.500
681.046	5358.500
681.245	5477.500
681.444	5472.500
681.642	5425.500
681.841	5392.500
682.039	5488.500
682.238	5415.500
682.437	5354.500
682.635	5374.500
682.834	5415.500
683.033	5339.500
683.231	5331.500
683.430	5294.500
683.629	5188.500
683.827	5250.500
684.026	5325.500
684.224	5225.500
684.423	5222.500
684.622	5233.500
684.820	5217.500
685.019	5264.500
685.218	5205.500
685.416	5051.500
685.615	5002.500
685.814	4843.500
686.012	4658.500
686.211	4501.500
686.409	4472.500
686.608	4243.500
686.807	4216.500
687.005	4226.500
687.204	4289.500
687.403	4271.500
687.601	4244.500
687.800	4174.500
687.999	4250.500
688.197	4173.500
688.396	4151.500
688.594	4151.500
688.793	4260.500
688.992	4299.500
689.190	4209.500
689.389	4208.500
689.588	4324.500
689.786	4387.500
689.985	4372.500
690.184	4467.500
690.382	4484.500
690.581	4514.500
690.779	4505.500
690.978	4520.500
691.177	4627.500
691.375	4649.500
691.574	4656.500
691.773	4649.500
691.971	4595.500
692.170	4685.500
692.369	4582.500
692.567	4541.500
692.766	4510.500
692.965	4583.500
693.163	4550.500
693.362	4634.500
693.560	4633.500
693.759	4539.500
693.958	4555.500
694.156	4554.500
694.355	4483.500
694.554	4604.500
694.752	4566.500
694.951	4436.500
695.150	4512.500
695.348	4590.500
695.547	4624.500
695.745	4645.500
695.944	4615.500
696.143	4689.500
696.341	4731.500
696.540	4758.500
696.743	4785.500
696.946	4713.500
697.149	4803.500
697.352	4780.500
697.555	4754.500
697.757	4745.500
697.960	4749.500
698.163	4588.500
698.366	4650.500
698.569	4631.500
698.772	4611.500
698.975	4596.500
699.178	4611.500
699.381	4573.500
699.584	4626.500
699.787	4571.500
699.989	4524.500
700.192	4621.500
700.395	4632.500
700.598	4629.500
700.801	4698.500
701.004	4596.500
701.207	4609.500
701.410	4591.500
701.613	4562.500
701.816	4615.500
702.019	4559.500
702.221	4561.500
702.424	4571.500
702.627	4519.500
702.830	4540.500
703.033	4588.500
703.236	4533.500
703.439	4552.500
703.642	4662.500
703.845	4737.500
704.048	4690.500
704.251	4648.500
704.453	4664.500
704.656	4783.500
704.859	4823.500
705.062	4754.500
705.265	4648.500
705.468	4626.500
705.671	4660.500
705.874	4642.500
706.077	4723.500
706.280	4716.500
706.483	4688.500
706.685	4641.500
706.888	4662.500
707.091	4760.500
707.294	4774.500
707.497	4645.500
707.700	4687.500
707.903	4862.500
708.106	4769.500
708.309	4688.500
708.512	4719.500
708.715	4746.500
708.917	4805.500
709.120	4790.500
709.323	4803.500
709.526	4741.500
709.729	4740.500
709.932	4717.500
710.135	4775.500
710.338	4734.500
710.541	4694.500
710.744	4694.500
710.947	4711.500
711.149	4675.500
711.352	4687.500
711.555	4782.500
711.758	4755.500
711.961	4620.500
712.164	4669.500
712.367	4672.500
712.570	4699.500
712.773	4749.500
712.976	4701.500
713.179	4624.500
713.381	4650.500
713.584	4723.500
713.787	4630.500
713.990	4537.500
714.193	4524.500
714.396	4526.500
714.599	4617.500
714.802	4614.500
715.005	4602.500
715.208	4495.500
715.411	4408.500
715.613	4435.500
715.816	4361.500
716.019	4159.500
716.222	3968.500
716.425	3930.500
716.628	3832.500
716.831	3742.500
717.034	3650.500
717.237	3642.500
717.440	3609.500
717.643	3573.500
717.845	3363.500
718.048	3301.500
718.251	3283.500
718.454	3262.500
718.657	3262.500
718.860	3207.500
719.063	3148.500
719.266	3065.500
719.469	3175.500
719.672	3276.500
719.875	3255.500
720.077	3295.500
720.280	3392.500
720.483	3493.500
720.686	3613.500
720.889	3624.500
721.092	3613.500
721.295	3624.500
721.498	3665.500
721.701	3671.500
721.904	3681.500
722.107	3745.500
722.309	3728.500
722.512	3583.500
722.715	3580.500
722.918	3568.500
723.121	3486.500
723.324	3475.500
723.527	3403.500
723.730	3436.500
723.933	3475.500
724.136	3456.500
724.339	3383.500
724.541	3337.500
724.744	3283.500
724.947	3259.500
725.150	3363.500
725.353	3368.500
725.556	3333.500
725.759	3378.500
725.962	3433.500
726.165	3303.500
726.368	3320.500
726.571	3363.500
726.773	3380.500
726.976	3359.500
727.179	3369.500
727.382	3397.500
727.585	3427.500
727.788	3371.500
727.991	3317.500
728.194	3226.500
728.397	3198.500
728.600	3248.500
728.803	3292.500
729.005	3316.500
729.208	3309.500
729.411	3319.500
729.614	3295.500
729.817	3297.500
730.020	3321.500
730.223	3321.500
730.426	3303.500
730.629	3336.500
730.832	3399.500
731.035	3372.500
731.237	3367.500
731.440	3393.500
731.643	3516.500
731.846	3478.500
732.049	3554.500
732.252	3674.500
732.455	3708.500
732.658	3643.500
732.861	3697.500
733.064	3682.500
733.267	3786.500
733.469	3789.500
733.672	3741.500
733.875	3725.500
734.078	3775.500
734.281	3810.500
734.484	3788.500
734.687	3764.500
734.890	3820.500
735.093	3788.500
735.296	3696.500
735.499	3695.500
735.701	3685.500
735.904	3805.500
736.107	3786.500
736.310	3750.500
736.513	3784.500
736.716	3742.500
736.919	3700.500
737.122	3715.500
737.325	3662.500
737.528	3630.500
737.731	3666.500
737.933	3661.500
738.136	3629.500
738.339	3649.500
738.542	3718.500
738.745	3670.500
738.948	3641.500
739.151	3696.500
739.354	3592.500
739.557	3586.500
739.760	3728.500
739.963	3653.500
740.165	3712.500
740.368	3676.500
740.571	3678.500
740.774	3654.500
740.977	3646.500
741.180	3659.500
741.383	3670.500
741.586	3638.500
741.789	3637.500
741.992	3666.500
742.195	3648.500
742.397	3702.500
742.600	3673.500
742.803	3589.500
743.006	3604.500
743.209	3618.500
743.412	3608.500
743.615	3562.500
743.818	3653.500
744.021	3576.500
744.224	3615.500
744.427	3629.500
744.629	3638.500
744.832	3671.500
745.035	3706.500
745.238	3649.500
745.441	3663.500
745.644	3623.500
745.847	3599.500
746.050	3641.500
746.253	3663.500
746.456	3664.500
746.659	3671.500
746.861	3593.500
747.064	3672.500
747.267	3594.500
747.470	3552.500
747.673	3617.500
747.876	3623.500
748.079	3581.500
748.282	3595.500
748.485	3516.500
748.688	3490.500
748.891	3464.500
749.093	3451.500
749.296	3445.500
749.499	3393.500
749.702	3358.500
749.905	3374.500
750.108	3364.500
750.311	3363.500
750.514	3373.500
750.717	3440.500
750.920	3406.500
751.123	3417.500
751.325	3353.500
751.528	3277.500
751.731	3256.500
751.934	3361.500
752.137	3429.500
752.340	3429.500
752.543	3369.500
752.746	3353.500
752.949	3309.500
753.152	3286.500
753.355	3280.500
753.557	3387.500
753.760	3403.500
753.963	3418.500
754.166	3343.500
754.369	3292.500
754.572	3320.500
754.775	3280.500
754.978	3294.500
755.181	3373.500
755.384	3262.500
755.587	3238.500
755.789	3231.500
755.992	3209.500
756.195	3240.500
756.398	3199.500
756.601	3167.500
756.804	3152.500
757.007	3148.500
757.210	3138.500
757.413	3163.500
757.616	3129.500
757.819	3027.500
758.021	2995.500
758.224	2819.500
758.427	2651.500
758.630	2341.500
758.833	2117.500
759.036	1852.500
759.239	1615.500
759.442	1464.500
759.645	1362.500
759.848	1259.500
760.051	1252.500
760.253	1242.500
760.456	1272.500
760.659	1305.500
760.862	1313.500
761.065	1233.500
761.268	1169.500
761.471	1152.500
761.674	1127.500
761.877	1080.500
762.080	1171.500
762.283	1177.500
762.485	1220.500
762.688	1191.500
762.891	1182.500
763.094	1185.500
763.297	1270.500
763.500	1346.500
763.706	1347.500
763.912	1430.500
764.118	1494.500
764.325	1497.500
764.531	1461.500
764.737	1570.500
764.943	1714.500
765.149	1765.500
765.355	1823.500
765.561	1934.500
765.768	1951.500
765.974	2001.500
766.180	2075.500
766.386	2178.500
766.592	2288.500
766.798	2321.500
767.004	2373.500
767.210	2363.500
767.417	2421.500
767.623	2390.500
767.829	2516.500
768.035	2557.500
768.241	2566.500
768.447	2572.500
768.653	2597.500
768.860	2638.500
769.066	2607.500
769.272	2561.500
769.478	2665.500
769.684	2685.500
769.890	2748.500
770.096	2784.500
770.303	2746.500
770.509	2671.500
770.715	2758.500
770.921	2757.500
771.127	2712.500
771.333	2642.500
771.539	2678.500
771.745	2714.500
771.952	2703.500
772.158	2698.500
772.364	2641.500
772.570	2658.500
772.776	2696.500
772.982	2603.500
773.188	2582.500
773.395	2652.500
773.601	2680.500
773.807	2598.500
774.013	2596.500
774.219	2587.500
774.425	2560.500
774.631	2584.500
774.838	2571.500
775.044	2522.500
775.250	2594.500
775.456	2572.500
775.662	2529.500
775.868	2631.500
776.074	2590.500
776.281	2499.500
776.487	2519.500
776.693	2585.500
776.899	2515.500
777.105	2476.500
777.311	2468.500
777.517	2542.500
777.723	2631.500
777.930	2600.500
778.136	2519.500
778.342	2440.500
778.548	2477.500
778.754	2456.500
778.960	2478.500
779.166	2395.500
779.373	2387.500
779.579	2403.500
779.785	2447.500
779.991	2438.500
780.197	2459.500
780.403	2503.500
780.609	2451.500
780.816	2394.500
781.022	2451.500
781.228	2488.500
781.434	2423.500
781.640	2448.500
781.846	2481.500
782.052	2461.500
782.259	2416.500
782.465	2359.500
782.671	2365.500
782.877	2295.500
783.083	2357.500
783.289	2342.500
783.495	2281.500
783.701	2252.500
783.908	2311.500
784.114	2341.500
784.320	2267.500
784.526	2228.500
784.732	2203.500
784.938	2267.500
785.144	2318.500
785.351	2290.500
785.557	2335.500
785.763	2359.500
785.969	2252.500
786.175	2219.500
786.381	2184.500
786.587	2198.500
786.794	2200.500
787.000	2199.500
787.206	2182.500
787.412	2137.500
787.618	2144.500
787.824	2167.500
788.030	2140.500
788.236	2128.500
788.443	2130.500
788.649	2036.500
788.855	2017.500
789.061	1922.500
789.267	1950.500
789.473	2002.500
789.679	2023.500
789.886	1990.500
790.092	2015.500
790.298	1993.500
790.504	1969.500
790.710	1996.500
790.916	2008.500
791.122	1997.500
791.329	1974.500
791.535	1982.500
791.741	1975.500
791.947	1889.500
792.153	1903.500
792.359	1929.500
792.565	1943.500
792.771	1946.500
792.978	1919.500
793.184	1899.500
793.390	1863.500
793.596	1863.500
793.802	1946.500
794.008	1990.500
794.214	1975.500
794.421	1918.500
794.627	1880.500
794.833	1856.500
795.039	1861.500
795.245	1862.500
795.451	1801.500
795.657	1837.500
795.864	1824.500
796.070	1876.500
796.276	1923.500
796.482	1915.500
796.688	1899.500
796.894	1802.500
797.100	1867.500
797.307	1873.500
797.513	1799.500
797.719	1782.500
797.925	1857.500
798.131	1787.500
798.337	1788.500
798.543	1760.500
798.749	1728.500
798.956	1782.500
799.162	1731.500
799.368	1723.500
799.574	1763.500
799.780	1803.500
799.986	1739.500
800.192	1766.500
800.399	1739.500
800.605	1672.500
800.811	1742.500
801.017	1691.500
801.223	1647.500
801.429	1620.500
801.635	1643.500
801.842	1686.500
802.048	1727.500
802.254	1705.500
802.460	1704.500
802.666	1649.500
802.872	1679.500
803.078	1717.500
803.285	1684.500
803.491	1547.500
803.697	1594.500
803.903	1653.500
804.109	1656.500
804.315	1724.500
804.521	1697.500
804.727	1699.500
804.934	1688.500
805.140	1638.500
805.346	1546.500
805.552	1610.500
805.758	1649.500
805.964	1610.500
806.170	1664.500
806.377	1666.500
806.583	1607.500
806.789	1602.500
806.995	1550.500
807.201	1534.500
807.407	1618.500
807.613	1689.500
807.820	1681.500
808.026	1584.500
808.232	1520.500
808.438	1536.500
808.644	1543.500
808.850	1483.500
809.056	1514.500
809.262	1451.500
809.469	1361.500
809.675	1383.500
809.881	1463.500
810.087	1483.500
810.293	1472.500
810.499	1507.500
810.705	1518.500
810.912	1419.500
811.118	1444.500
811.324	1433.500
811.530	1399.500
811.739	1349.500
811.947	1395.500
812.156	1375.500
812.365	1378.500
812.573	1339.500
812.782	1245.500
812.990	1259.500
813.199	1266.500
813.408	1211.500
813.616	1198.500
813.825	1175.500
814.034	1215.500
814.242	1150.500
814.451	1125.500
814.659	1128.500
814.868	1084.500
815.077	1039.500
815.285	1062.500
815.494	995.500
815.703	988.500
815.911	1034.500
816.120	1029.500
816.329	1016.500
816.537	1046.500
816.746	1031.500
816.954	1001.500
817.163	1012.500
817.372	976.500
817.580	916.500
817.789	996.500
817.998	1027.500
818.206	1032.500
818.415	1059.500
818.624	1024.500
818.832	963.500
819.041	963.500
819.249	1019.500
819.458	1077.500
819.667	1075.500
819.875	1120.500
820.084	1098.500
820.293	1076.500
820.501	1087.500
820.710	1078.500
820.919	1100.500
821.127	1099.500
821.336	1013.500
821.544	1012.500
821.753	1050.500
821.962	989.500
822.170	978.500
822.379	974.500
822.588	940.500
822.796	922.500
823.005	903.500
823.213	899.500
823.422	990.500
823.631	1057.500
823.839	1066.500
824.048	1050.500
824.257	1057.500
824.465	1113.500
824.674	1084.500
824.883	1053.500
825.091	1001.500
825.300	987.500
825.508	982.500
825.717	1057.500
825.926	1087.500
826.134	1055.500
826.343	1118.500
826.552	1095.500
826.760	1013.500
826.969	969.500
827.178	992.500
827.386	1025.500
827.595	990.500
827.803	933.500
828.012	973.500
828.221	998.500
828.429	995.500
828.638	1034.500
828.847	1060.500
829.055	1001.500
829.264	987.500
829.472	952.500
829.681	895.500
829.890	937.500
830.098	944.500
830.307	974.500
830.516	994.500
830.724	960.500
830.933	871.500
831.142	932.500
831.350	972.500
831.559	978.500
831.767	939.500
831.976	988.500
832.185	990.500
832.393	978.500
832.602	970.500
832.811	966.500
833.019	951.500
833.228	940.500
833.437	920.500
833.645	987.500
833.854	968.500
834.062	996.500
834.271	1016.500
834.480	1011.500
834.688	987.500
834.897	919.500
835.106	898.500
835.314	964.500
835.523	1015.500
835.731	999.500
835.940	1015.500
836.149	982.500
836.357	971.500
836.566	937.500
836.775	996.500
836.983	992.500
837.192	979.500
837.401	951.500
837.609	963.500
837.818	1016.500
838.026	1015.500
838.235	987.500
838.444	1013.500
838.652	991.500
838.861	959.500
839.070	970.500
839.278	987.500
839.487	993.500
839.696	951.500
839.904	943.500
840.113	999.500
840.321	1022.500
840.530	975.500
840.739	977.500
840.947	967.500
841.156	966.500
841.365	980.500
841.573	952.500
841.782	953.500
841.991	979.500
842.199	925.500
842.408	931.500
842.616	991.500
842.825	981.500
843.034	977.500
843.242	897.500
843.451	911.500
843.660	955.500
843.868	905.500
844.077	898.500
844.285	950.500
844.494	971.500
844.703	948.500
844.911	878.500
845.120	872.500
845.329	915.500
845.537	878.500
845.746	885.500
845.955	898.500
846.163	868.500
846.372	867.500
846.580	842.500
846.789	897.500
846.998	934.500
847.206	934.500
847.415	869.500
847.624	823.500
847.832	863.500
848.041	888.500
848.250	841.500
848.458	856.500
848.667	878.500
848.875	873.500
849.084	861.500
849.293	849.500
849.501	818.500
849.710	757.500
849.919	799.500
850.127	786.500
850.336	756.500
850.544	780.500
850.753	846.500
850.962	832.500
851.170	838.500
851.379	908.500
851.588	848.500
851.796	775.500
852.005	811.500
852.214	856.500
852.422	870.500
852.631	774.500
852.839	726.500
853.048	725.500
853.257	698.500
853.465	670.500
853.674	710.500
853.883	714.500
854.091	695.500
854.300	740.500
854.509	781.500
854.717	824.500
854.926	826.500
855.134	761.500
855.343	673.500
855.552	697.500
855.760	758.500
855.969	739.500
856.178	684.500
856.386	731.500
856.595	779.500
856.803	787.500
857.012	757.500
857.221	739.500
857.429	777.500
857.638	716.500
857.847	725.500
858.055	745.500
858.264	755.500
858.473	769.500
858.681	781.500
858.890	725.500
859.098	720.500
859.307	739.500
859.516	682.500
859.724	728.500
859.933	755.500
860.142	753.500
860.350	732.500
860.559	708.500
860.768	703.500
860.976	710.500
861.185	708.500
861.393	668.500
861.602	680.500
861.811	702.500
862.019	692.500
862.228	685.500
862.437	688.500
862.645	653.500
862.854	702.500
863.062	730.500
863.271	711.500
863.480	734.500
863.688	700.500
863.897	652.500
864.106	642.500
864.314	677.500
864.523	691.500
864.732	626.500
864.940	576.500
865.149	638.500
865.357	630.500
865.566	600.500
865.775	569.500
865.983	610.500
866.192	640.500
866.401	553.500
866.609	552.500
866.818	627.500
867.027	629.500
867.235	582.500
867.444	566.500
867.652	546.500
867.861	603.500
868.070	625.500
868.278	615.500
868.487	622.500
868.696	639.500
868.904	631.500
869.113	619.500
869.321	573.500
869.530	595.500
869.739	613.500
869.947	656.500
870.156	621.500
870.365	546.500
870.573	581.500
870.782	593.500
870.991	609.500
871.199	586.500
871.408	555.500
871.616	593.500
871.825	615.500
872.034	630.500
872.242	622.500
872.451	628.500
872.660	672.500
872.868	664.500
873.077	603.500
873.286	543.500
873.494	553.500
873.703	559.500
873.911	497.500
874.120	473.500
874.329	516.500
874.537	584.500
874.746	561.500
874.955	510.500
875.163	474.500
875.372	527.500
875.581	512.500
875.789	475.500
875.998	503.500
876.206	568.500
876.415	557.500
876.624	542.500
876.832	527.500
877.041	558.500
877.250	588.500
877.458	536.500
877.667	522.500
877.875	544.500
878.084	525.500
878.293	554.500
878.501	490.500
878.710	460.500
878.919	518.500
879.127	515.500
879.336	471.500
879.545	479.500
879.753	447.500
879.962	455.500
880.170	465.500
880.379	478.500
880.588	478.500
880.796	499.500
881.005	526.500
881.214	546.500
881.422	470.500
881.631	483.500
881.840	532.500
882.048	511.500
882.257	542.500
882.465	493.500
882.674	497.500
882.883	535.500
883.091	505.500
883.300	433.500
883.509	436.500
883.717	451.500
883.926	489.500
884.134	506.500
884.343	466.500
884.552	459.500
884.760	457.500
884.969	541.500
885.178	499.500
885.386	470.500
885.595	456.500
885.804	461.500
886.012	371.500
886.221	366.500
886.429	432.500
886.638	410.500
886.847	401.500
887.055	436.500
887.264	437.500
887.473	450.500
887.681	445.500
887.890	412.500
888.099	434.500
888.307	446.500
888.516	433.500
888.724	511.500
888.933	474.500
889.142	464.500
889.350	469.500
889.559	441.500
889.768	377.500
889.976	359.500
890.185	370.500
890.393	368.500
890.602	392.500
890.811	417.500
891.019	451.500
891.228	499.500
891.437	388.500
891.645	374.500
891.854	372.500
892.063	406.500
892.271	436.500
892.480	395.500
892.688	382.500
892.897	416.500
893.106	392.500
893.314	366.500
893.523	332.500
893.732	326.500
893.940	316.500
894.149	275.500
894.358	340.500
894.566	339.500
894.775	323.500
894.983	322.500
895.192	310.500
895.401	380.500
895.609	344.500
895.818	299.500
896.027	264.500
896.235	268.500
896.444	293.500
896.652	285.500
896.861	293.500
897.070	360.500
897.278	368.500
897.487	393.500
897.696	336.500
897.904	268.500
898.113	302.500
898.322	295.500
898.530	301.500
898.739	292.500
898.947	298.500
899.156	269.500
899.365	258.500
899.573	262.500
899.782	261.500
899.991	239.500
900.199	235.500
900.408	298.500
900.617	305.500
900.825	276.500
901.034	310.500
901.242	253.500
901.451	218.500
901.660	301.500
901.868	305.500
902.077	280.500
902.286	265.500
902.494	293.500
902.703	313.500
902.911	361.500
903.120	340.500
903.329	303.500
903.537	264.500
903.746	250.500
903.955	284.500
904.163	272.500
904.372	294.500
904.581	303.500
904.789	348.500
904.998	352.500
905.206	296.500
905.415	315.500
905.624	318.500
905.832	272.500
906.041	255.500
906.250	242.500
906.458	288.500
906.667	278.500
906.876	230.500
907.084	252.500
907.293	242.500
907.501	264.500
907.710	216.500
907.919	266.500
908.127	319.500
908.336	256.500
908.545	298.500
908.753	286.500
908.962	295.500
909.170	314.500
909.379	264.500
909.588	281.500
909.796	268.500
910.005	210.500
910.214	175.500
910.422	235.500
910.631	227.500
910.840	274.500
911.048	298.500
911.257	239.500
911.465	213.500
911.674	220.500
911.883	255.500
912.091	254.500
912.300	231.500
912.508	214.500
912.716	262.500
912.924	279.500
913.132	290.500
913.340	313.500
913.549	257.500
913.757	216.500
913.965	227.500
914.173	200.500
914.381	120.500
914.589	196.500
914.797	219.500
915.005	201.500
915.213	219.500
915.421	214.500
915.629	189.500
915.838	175.500
916.046	147.500
916.254	192.500
916.462	228.500
916.670	197.500
916.878	204.500
917.086	234.500
917.294	235.500
917.502	222.500
917.710	258.500
917.919	203.500
918.127	169.500
918.335	224.500
918.543	257.500
918.751	251.500
918.959	247.500
919.167	246.500
919.375	251.500
919.583	256.500
919.791	246.500
919.999	232.500
920.208	251.500
920.416	230.500
920.624	241.500
920.832	251.500
921.040	233.500
921.248	260.500
921.456	204.500
921.664	139.500
921.872	145.500
922.080	187.500
922.288	171.500
922.497	214.500
922.705	255.500
922.913	258.500
923.121	215.500
923.329	153.500
923.537	142.500
923.745	148.500
923.953	144.500
924.161	194.500
924.369	236.500
924.578	230.500
924.786	254.500
924.994	268.500
925.202	260.500
925.410	248.500
925.618	211.500
925.826	183.500
926.034	206.500
926.242	190.500
926.450	178.500
926.658	183.500
926.867	199.500
927.075	216.500
927.283	213.500
927.491	142.500
927.699	113.500
927.907	158.500
928.115	207.500
928.323	140.500
928.531	108.500
928.739	102.500
928.947	131.500
929.156	143.500
929.364	157.500
929.572	179.500
929.780	134.500
929.988	95.500
930.196	93.500
930.404	116.500
930.612	133.500
930.820	138.500
931.028	129.500
931.236	107.500
931.445	76.500
931.653	68.500
931.861	94.500
932.069	56.500
932.277	45.500
932.485	118.500
932.693	85.500
932.901	25.500
933.109	60.500
933.317	80.500
933.526	60.500
933.734	61.500
933.942	87.500
934.150	58.500
934.358	49.500
934.566	64.500
934.774	53.500
934.982	32.500
935.190	47.500
935.398	68.500
935.606	64.500
935.815	21.500
936.023	69.500
936.231	55.500
936.439	52.500
936.647	86.500
936.855	85.500
937.063	95.500
937.271	100.500
937.479	93.500
937.687	73.500
937.895	77.500
938.104	124.500
938.312	147.500
938.520	94.500
938.728	74.500
938.936	75.500
939.144	68.500
939.352	41.500
939.560	58.500
939.768	47.500
939.976	6.500
940.185	1.500
940.393	28.500
940.601	59.500
940.809	35.500
941.017	91.500
941.225	79.500
941.433	33.500
941.641	66.500
941.849	37.500
942.057	43.500
942.265	21.500
942.474	33.500
942.682	62.500
942.890	31.500
943.098	34.500
943.306	14.500
943.514	1.500
943.722	34.500
943.930	45.500
944.138	39.500
944.346	63.500
944.554	68.500
944.763	65.500
944.971	34.500
945.179	32.500
945.387	48.500
945.595	67.500
945.803	85.500
946.011	50.500
946.219	78.500
946.427	65.500
946.635	62.500
946.843	103.500
947.052	102.500
947.260	59.500
947.468	73.500
947.676	55.500
947.884	46.500
948.092	69.500
948.300	92.500
948.508	39.500
948.716	83.500
948.924	128.500
949.133	163.500
949.341	92.500
949.549	33.500
949.757	109.500
949.965	57.500
950.173	-12.500
950.381	18.500
950.589	62.500
950.797	60.500
951.005	44.500
951.213	32.500
951.422	12.500
951.630	51.500
951.838	49.500
952.046	108.500
952.254	50.500
952.462	6.500
952.670	42.500
952.878	71.500
953.086	100.500
953.294	59.500
953.502	87.500
953.711	95.500
953.919	58.500
954.127	23.500
954.335	23.500
954.543	63.500
954.751	94.500
954.959	77.500
955.167	109.500
955.375	91.500
955.583	36.500
955.792	42.500
956.000	74.500
956.208	113.500
956.416	98.500
956.624	48.500
956.832	51.500
957.040	50.500
957.248	19.500
957.456	56.500
957.664	80.500
957.872	42.500
958.081	17.500
958.289	19.500
958.497	8.500
958.705	56.500
958.913	71.500
959.121	37.500
959.329	26.500
959.537	30.500
959.745	7.500
959.953	27.500
960.161	17.500
960.370	-13.500
960.578	56.500
960.786	126.500
960.994	93.500
961.202	127.500
961.410	96.500
961.618	76.500
961.826	61.500
962.034	75.500
962.242	28.500
962.451	28.500
962.659	46.500
962.867	70.500
963.075	116.500
963.283	94.500
963.491	75.500
963.699	59.500
963.907	41.500
964.115	51.500
964.323	97.500
964.531	101.500
964.740	68.500
964.948	84.500
965.156	99.500
965.364	97.500
965.572	148.500
965.780	135.500
965.999	83.500
966.218	40.500
966.438	28.500
966.657	16.500
966.876	42.500
967.095	98.500
967.315	91.500
967.534	46.500
967.753	75.500
967.972	50.500
968.192	32.500
968.411	37.500
968.630	35.500
968.849	31.500
969.068	91.500
969.288	125.500
969.507	125.500
969.726	113.500
969.945	109.500
970.165	87.500
970.384	60.500
970.603	74.500
970.822	54.500
971.042	81.500
971.261	142.500
971.480	142.500
971.699	58.500
971.919	42.500
972.138	58.500
972.357	86.500
972.576	83.500
972.795	109.500
973.015	120.500
973.234	135.500
973.453	86.500
973.672	32.500
973.892	33.500
974.111	37.500
974.330	56.500
974.549	89.500
974.769	57.500
974.988	78.500
975.207	52.500
975.426	49.500
975.646	71.500
975.865	73.500
976.084	42.500
976.303	45.500
976.522	73.500
976.742	68.500
976.961	29.500
977.180	67.500
977.399	80.500
977.619	74.500
977.838	94.500
978.057	45.500
978.276	56.500
978.496	28.500
978.715	42.500
978.934	30.500
979.153	-26.500
979.372	-4.500
979.592	64.500
979.811	54.500
980.030	27.500
980.249	22.500
980.469	62.500
980.688	63.500
980.907	33.500
981.126	61.500
981.346	83.500
981.565	86.500
981.784	80.500
982.003	109.500
982.223	99.500
982.442	126.500
982.661	77.500
982.880	89.500
983.099	60.500
983.319	28.500
983.538	59.500
983.757	47.500
983.976	77.500
984.196	77.500
984.415	89.500
984.634	77.500
984.853	92.500
985.073	114.500
985.292	54.500
985.511	31.500
985.730	19.500
985.949	56.500
986.169	117.500
986.388	144.500
986.607	55.500
986.826	7.500
987.046	-26.500
987.265	28.500
987.484	42.500
987.703	53.500
987.923	25.500
988.142	78.500
988.361	109.500
988.580	83.500
988.800	9.500
989.019	33.500
989.238	11.500
989.457	22.500
989.676	54.500
989.896	36.500
990.115	49.500
990.334	43.500
990.553	6.500
990.773	14.500
990.992	27.500
991.211	18.500
991.430	44.500
991.650	24.500
991.869	14.500
992.088	-13.500
992.307	42.500
992.527	62.500
992.746	61.500
992.965	61.500
993.184	51.500
993.403	44.500
993.623	37.500
993.842	22.500
994.061	44.500
994.280	23.500
994.500	26.500
994.719	35.500
994.938	40.500
995.157	44.500
995.377	19.500
995.596	60.500
995.815	79.500
996.034	36.500
996.253	3.500
996.473	38.500
996.692	81.500
996.911	63.500
997.130	53.500
997.350	48.500
997.569	52.500
997.788	56.500
998.007	34.500
998.227	29.500
998.446	40.500
998.665	67.500
998.884	71.500
999.104	19.500
999.323	0.500
999.542	44.500
999.761	80.500
999.980	47.500
1000.200	50.500
1000.419	54.500
1000.638	62.500
1000.857	79.500
1001.077	15.500
1001.296	13.500
1001.515	13.500
1001.734	17.500
1001.954	27.500
1002.173	36.500
1002.392	19.500
1002.611	-18.500
1002.830	0.500
1003.050	-10.500
1003.269	35.500
1003.488	83.500
1003.707	57.500
1003.927	51.500
1004.146	23.500
1004.365	15.500
1004.584	31.500
1004.804	1.500
1005.023	36.500
1005.242	24.500
1005.461	30.500
1005.681	76.500
1005.900	47.500
1006.119	27.500
1006.338	44.500
1006.557	50.500
1006.777	86.500
1006.996	89.500
1007.215	59.500
1007.434	20.500
1007.654	37.500
1007.873	27.500
1008.092	20.500
1008.311	66.500
1008.531	13.500
1008.750	-12.500
1008.969	7.500
1009.188	12.500
1009.407	42.500
1009.627	49.500
1009.846	19.500
1010.065	45.500
1010.284	31.500
1010.504	23.500
1010.723	15.500
1010.942	39.500
1011.161	11.500
1011.381	1.500
1011.600	-17.500
1011.819	25.500
1012.038	75.500
1012.258	25.500
1012.477	-7.500
1012.696	3.500
1012.915	2.500
1013.134	19.500
1013.354	36.500
1013.573	70.500
1013.792	47.500
1014.011	46.500
1014.231	59.500
1014.450	83.500
1014.669	22.500
1014.888	-39.500
1015.108	21.500
1015.327	55.500
1015.546	102.500
1015.765	156.500
1015.984	121.500
1016.204	62.500
1016.423	22.500
1016.642	42.500
1016.861	13.500
1017.081	-1.500
1017.300	0.500
1017.519	-8.500
