296.912	319.500
297.101	65.500
297.290	24.500
297.479	146.500
297.668	-204.500
297.858	-58.500
298.047	214.500
298.236	125.500
298.425	24.500
298.614	-72.500
298.803	-241.500
298.992	6.500
299.181	131.500
299.370	-35.500
299.559	24.500
299.748	182.500
299.937	193.500
300.126	251.500
300.315	-123.500
300.504	-97.500
300.693	133.500
300.882	-4.500
301.071	-21.500
301.260	-94.500
301.449	-101.500
301.638	58.500
301.827	-20.500
302.016	-37.500
302.205	-1.500
302.395	-174.500
302.584	-118.500
302.773	171.500
302.962	213.500
303.151	-60.500
303.340	-206.500
303.529	-307.500
303.718	-130.500
303.907	43.500
304.096	37.500
304.285	-28.500
304.474	-10.500
304.663	-18.500
304.852	78.500
305.041	186.500
305.230	114.500
305.419	-30.500
305.608	68.500
305.797	116.500
305.986	-79.500
306.175	-264.500
306.364	-327.500
306.553	-115.500
306.743	64.500
306.932	35.500
307.121	65.500
307.310	43.500
307.499	-13.500
307.688	-173.500
307.877	-27.500
308.066	-42.500
308.255	-14.500
308.444	190.500
308.633	46.500
308.822	-206.500
309.011	-406.500
309.200	-118.500
309.389	93.500
309.578	-67.500
309.767	-7.500
309.956	52.500
310.145	-62.500
310.334	-223.500
310.523	-79.500
310.712	-156.500
310.901	-279.500
311.091	-61.500
311.280	68.500
311.469	-79.500
311.658	241.500
311.847	132.500
312.036	-177.500
312.225	-119.500
312.414	-253.500
312.603	-213.500
312.792	170.500
312.981	73.500
313.170	-18.500
313.349	-113.500
313.527	-36.500
313.706	14.500
313.884	7.500
314.063	12.500
314.241	36.500
314.420	238.500
314.598	121.500
314.777	127.500
314.955	-124.500
315.134	-83.500
315.312	-122.500
315.491	-178.500
315.669	44.500
315.848	-49.500
316.027	-118.500
316.205	-0.500
316.384	-146.500
316.562	-37.500
316.741	-163.500
316.919	-60.500
317.098	-38.500
317.276	-320.500
317.455	-205.500
317.633	61.500
317.812	161.500
317.990	-116.500
318.169	44.500
318.347	126.500
318.526	243.500
318.705	-67.500
318.883	-87.500
319.062	68.500
319.240	178.500
319.419	-193.500
319.597	-68.500
319.776	97.500
319.954	-99.500
320.133	-256.500
320.311	-98.500
320.490	237.500
320.668	100.500
320.847	-60.500
321.025	-18.500
321.204	196.500
321.382	132.500
321.561	-152.500
321.740	-160.500
321.918	66.500
322.097	198.500
322.275	-21.500
322.454	-121.500
322.632	-46.500
322.811	-66.500
322.989	-316.500
323.168	-202.500
323.346	-127.500
323.525	-198.500
323.703	-246.500
323.882	-289.500
324.060	-149.500
324.239	145.500
324.418	93.500
324.596	116.500
324.775	-77.500
324.953	-309.500
325.132	-207.500
325.310	9.500
325.489	-77.500
325.667	-34.500
325.846	-45.500
326.024	73.500
326.203	217.500
326.381	-1.500
326.560	95.500
326.738	11.500
326.917	-53.500
327.096	8.500
327.274	51.500
327.453	-81.500
327.631	-120.500
327.810	-53.500
327.988	-204.500
328.167	-87.500
328.345	-111.500
328.524	-111.500
328.702	-156.500
328.881	-135.500
329.059	-101.500
329.238	-136.500
329.416	-5.500
329.595	-89.500
329.774	-47.500
329.952	88.500
330.131	100.500
330.309	152.500
330.488	233.500
330.666	-72.500
330.845	-173.500
331.023	-94.500
331.202	-183.500
331.380	-251.500
331.559	-111.500
331.737	-58.500
331.916	-327.500
332.094	-95.500
332.273	173.500
332.452	-82.500
332.630	-46.500
332.809	99.500
332.987	-51.500
333.166	11.500
333.344	139.500
333.523	23.500
333.701	-205.500
333.880	29.500
334.058	9.500
334.237	135.500
334.415	108.500
334.594	-29.500
334.772	-321.500
334.951	-278.500
335.129	-327.500
335.308	28.500
335.487	193.500
335.665	78.500
335.844	215.500
336.022	359.500
336.201	71.500
336.379	-48.500
336.558	57.500
336.736	131.500
336.915	181.500
337.093	293.500
337.272	-13.500
337.450	-74.500
337.629	-57.500
337.807	-165.500
337.986	-37.500
338.165	50.500
338.343	92.500
338.522	134.500
338.700	68.500
338.879	-132.500
339.057	62.500
339.236	205.500
339.414	28.500
339.593	-16.500
339.771	174.500
339.950	221.500
340.128	-10.500
340.307	-59.500
340.485	-41.500
340.664	113.500
340.843	-117.500
341.021	-120.500
341.200	-0.500
341.378	97.500
341.557	160.500
341.735	16.500
341.914	-223.500
342.092	-96.500
342.271	38.500
342.449	-42.500
342.628	-186.500
342.806	-246.500
342.985	131.500
343.163	202.500
343.342	18.500
343.521	-182.500
343.699	-284.500
343.878	-183.500
344.056	0.500
344.235	-130.500
344.413	-118.500
344.592	97.500
344.770	-51.500
344.949	146.500
345.127	-38.500
345.306	1.500
345.484	-157.500
345.663	-182.500
345.841	45.500
346.020	118.500
346.199	79.500
346.377	-96.500
346.556	207.500
346.734	359.500
346.913	-70.500
347.091	-113.500
347.270	57.500
347.448	-12.500
347.627	-128.500
347.805	-9.500
347.984	-99.500
348.162	-159.500
348.341	135.500
348.519	155.500
348.698	-153.500
348.876	-234.500
349.055	-194.500
349.234	49.500
349.412	64.500
349.591	-198.500
349.769	-198.500
349.948	238.500
350.126	250.500
350.305	267.500
350.483	206.500
350.662	-166.500
350.840	-110.500
351.019	-224.500
351.197	-23.500
351.376	56.500
351.554	17.500
351.733	40.500
351.912	182.500
352.090	169.500
352.269	18.500
352.447	-22.500
352.626	-8.500
352.804	121.500
352.983	-11.500
353.161	3.500
353.340	26.500
353.518	-132.500
353.697	82.500
353.875	208.500
354.054	310.500
354.232	266.500
354.411	166.500
354.590	-25.500
354.768	209.500
354.947	-50.500
355.125	-203.500
355.304	-159.500
355.482	-143.500
355.661	-46.500
355.839	-130.500
356.018	-128.500
356.196	-132.500
356.375	-263.500
356.553	-53.500
356.732	-162.500
356.910	-159.500
357.089	36.500
357.268	69.500
357.446	211.500
357.625	59.500
357.803	-24.500
357.982	-138.500
358.160	-141.500
358.339	46.500
358.517	9.500
358.696	-54.500
358.874	-112.500
359.053	-174.500
359.231	-395.500
359.410	-187.500
359.588	31.500
359.767	86.500
359.945	149.500
360.124	6.500
360.303	-156.500
360.481	-202.500
360.660	-94.500
360.838	-26.500
361.017	-79.500
361.195	-99.500
361.374	-46.500
361.552	32.500
361.731	67.500
361.909	56.500
362.088	-211.500
362.266	-155.500
362.445	-180.500
362.623	-21.500
362.802	81.500
362.981	-134.500
363.159	22.500
363.338	53.500
363.516	149.500
363.695	125.500
363.873	49.500
364.052	-59.500
364.230	168.500
364.409	-14.500
364.587	-23.500
364.766	-4.500
364.944	103.500
365.123	167.500
365.301	38.500
365.480	143.500
365.660	-28.500
365.839	-12.500
366.019	251.500
366.199	166.500
366.379	80.500
366.558	-25.500
366.738	281.500
366.918	91.500
367.098	-438.500
367.277	-300.500
367.457	-22.500
367.637	-36.500
367.816	-120.500
367.996	1.500
368.176	3.500
368.356	234.500
368.535	60.500
368.715	128.500
368.895	213.500
369.075	-71.500
369.254	-94.500
369.434	177.500
369.614	314.500
369.793	148.500
369.973	233.500
370.153	31.500
370.333	-47.500
370.512	84.500
370.692	101.500
370.872	-20.500
371.051	80.500
371.231	407.500
371.411	232.500
371.591	-136.500
371.770	22.500
371.950	151.500
372.130	-21.500
372.310	-163.500
372.489	-16.500
372.669	22.500
372.849	-17.500
373.028	98.500
373.208	123.500
373.388	15.500
373.568	37.500
373.747	21.500
373.927	-72.500
374.107	-131.500
374.287	79.500
374.466	-75.500
374.646	1.500
374.826	73.500
375.005	-88.500
375.185	-40.500
375.365	286.500
375.545	378.500
375.724	120.500
375.904	53.500
376.084	-12.500
376.263	-46.500
376.443	68.500
376.623	162.500
376.803	173.500
376.982	102.500
377.162	-84.500
377.342	-62.500
377.522	190.500
377.701	140.500
377.881	-60.500
378.061	146.500
378.240	-43.500
378.420	-169.500
378.600	-107.500
378.780	56.500
378.959	-56.500
379.139	116.500
379.319	147.500
379.499	139.500
379.678	228.500
379.858	261.500
380.038	-56.500
380.217	-29.500
380.397	91.500
380.577	135.500
380.757	-119.500
380.936	90.500
381.116	96.500
381.296	25.500
381.476	125.500
381.655	-53.500
381.835	6.500
382.015	2.500
382.194	133.500
382.374	167.500
382.554	83.500
382.734	138.500
382.913	77.500
383.093	136.500
383.273	163.500
383.452	231.500
383.632	55.500
383.812	10.500
383.992	59.500
384.171	197.500
384.351	98.500
384.531	74.500
384.711	-72.500
384.890	-169.500
385.070	-61.500
385.250	-3.500
385.429	147.500
385.609	124.500
385.789	76.500
385.969	-43.500
386.148	-141.500
386.328	142.500
386.508	189.500
386.688	-6.500
386.867	58.500
387.047	214.500
387.227	127.500
387.406	-12.500
387.586	-49.500
387.766	223.500
387.946	139.500
388.125	4.500
388.305	-21.500
388.485	-4.500
388.664	236.500
388.844	215.500
389.024	147.500
389.204	193.500
389.383	97.500
389.563	-82.500
389.743	-42.500
389.923	112.500
390.102	7.500
390.282	-37.500
390.462	170.500
390.641	76.500
390.821	-144.500
391.001	-19.500
391.181	84.500
391.360	229.500
391.540	210.500
391.720	-2.500
391.900	-58.500
392.079	-48.500
392.259	85.500
392.439	83.500
392.618	103.500
392.798	165.500
392.978	2.500
393.158	-134.500
393.337	150.500
393.517	357.500
393.697	261.500
393.877	300.500
394.056	273.500
394.236	431.500
394.416	177.500
394.595	-102.500
394.775	47.500
394.955	159.500
395.135	-7.500
395.314	-157.500
395.494	244.500
395.674	349.500
395.853	-85.500
396.033	128.500
396.213	247.500
396.393	21.500
396.572	172.500
396.752	55.500
396.932	218.500
397.112	299.500
397.291	229.500
397.471	92.500
397.651	-122.500
397.830	-322.500
398.010	52.500
398.190	140.500
398.370	55.500
398.549	259.500
398.729	41.500
398.909	-75.500
399.089	11.500
399.268	221.500
399.448	210.500
399.628	125.500
399.807	183.500
399.987	155.500
400.167	146.500
400.347	116.500
400.526	219.500
400.706	107.500
400.886	-16.500
401.065	-50.500
401.245	-20.500
401.425	184.500
401.605	90.500
401.784	61.500
401.964	163.500
402.144	322.500
402.324	102.500
402.503	-85.500
402.683	-51.500
402.863	86.500
403.042	-9.500
403.222	-76.500
403.402	160.500
403.582	166.500
403.761	-95.500
403.941	147.500
404.121	-105.500
404.301	-226.500
404.480	173.500
404.660	285.500
404.844	393.500
405.029	338.500
405.213	164.500
405.398	23.500
405.582	9.500
405.767	66.500
405.951	-36.500
406.136	101.500
406.320	221.500
406.505	400.500
406.689	429.500
406.874	240.500
407.058	404.500
407.243	306.500
407.427	161.500
407.612	259.500
407.796	173.500
407.981	253.500
408.165	353.500
408.350	425.500
408.534	11.500
408.719	-100.500
408.903	230.500
409.088	372.500
409.272	134.500
409.457	452.500
409.641	519.500
409.826	523.500
410.010	832.500
410.195	700.500
410.379	593.500
410.564	892.500
410.748	913.500
410.933	861.500
411.117	906.500
411.302	1037.500
411.486	1068.500
411.671	1257.500
411.855	1202.500
412.040	1039.500
412.224	938.500
412.409	896.500
412.593	1208.500
412.778	1159.500
412.962	1122.500
413.147	1714.500
413.331	2090.500
413.516	1956.500
413.700	1738.500
413.885	2164.500
414.069	2049.500
414.254	2110.500
414.438	2202.500
414.623	2030.500
414.807	2275.500
414.992	2153.500
415.176	2241.500
415.361	2653.500
415.545	2986.500
415.730	2848.500
415.914	2701.500
416.099	3320.500
416.283	3222.500
416.468	2876.500
416.652	3117.500
416.837	3297.500
417.021	3289.500
417.206	3265.500
417.390	3012.500
417.575	3173.500
417.759	3390.500
417.944	3525.500
418.128	3608.500
418.313	3782.500
418.497	3796.500
418.682	3825.500
418.866	4199.500
419.051	3874.500
419.235	3901.500
419.420	4415.500
419.604	4499.500
419.789	4646.500
419.973	4637.500
420.158	4582.500
420.342	4524.500
420.527	4787.500
420.711	5015.500
420.896	5252.500
421.080	5096.500
421.265	5287.500
421.449	5238.500
421.634	5226.500
421.818	5247.500
422.003	4986.500
422.187	5004.500
422.372	5267.500
422.556	5200.500
422.741	5355.500
422.925	5770.500
423.110	5637.500
423.294	5749.500
423.479	5956.500
423.663	6030.500
423.848	5939.500
424.032	5675.500
424.217	5829.500
424.401	5964.500
424.586	5831.500
424.770	5877.500
424.955	6196.500
425.139	6356.500
425.324	6219.500
425.508	6312.500
425.693	6545.500
425.877	6633.500
426.062	6264.500
426.246	6564.500
426.431	6534.500
426.615	6356.500
426.800	6439.500
426.984	6222.500
427.169	6514.500
427.353	6777.500
427.538	6593.500
427.722	6505.500
427.907	6694.500
428.091	6752.500
428.276	6785.500
428.460	6840.500
428.645	6919.500
428.829	6425.500
429.014	6383.500
429.198	6401.500
429.383	6669.500
429.567	6421.500
429.752	5902.500
429.936	6068.500
430.121	5878.500
430.305	6102.500
430.490	6005.500
430.674	6339.500
430.859	6978.500
431.043	7102.500
431.228	7315.500
431.412	7542.500
431.597	7579.500
431.781	7621.500
431.966	7781.500
432.150	8011.500
432.335	8252.500
432.519	8283.500
432.704	8264.500
432.888	8299.500
433.073	8165.500
433.257	8058.500
433.442	8286.500
433.626	8248.500
433.811	8444.500
433.995	8520.500
434.180	8471.500
434.364	8733.500
434.549	9122.500
434.733	9150.500
434.918	9004.500
435.102	9162.500
435.287	9385.500
435.471	9432.500
435.656	9574.500
435.840	9780.500
436.030	9810.500
436.219	9547.500
436.409	9930.500
436.599	10014.500
436.789	9781.500
436.978	9655.500
437.168	9868.500
437.358	9819.500
437.548	9450.500
437.737	9599.500
437.927	9829.500
438.117	10077.500
438.306	10236.500
438.496	10199.500
438.686	10209.500
438.876	10188.500
439.065	10719.500
439.255	10878.500
439.445	10724.500
439.634	10880.500
439.824	10952.500
440.014	10760.500
440.204	11055.500
440.393	11512.500
440.583	11982.500
440.773	11679.500
440.963	11708.500
441.152	11848.500
441.342	12048.500
441.532	12358.500
441.721	12373.500
441.911	12631.500
442.101	12651.500
442.291	12870.500
442.480	13102.500
442.670	13343.500
442.860	13457.500
443.050	13562.500
443.239	13827.500
443.429	13966.500
443.619	14159.500
443.808	14070.500
443.998	14211.500
444.188	14571.500
444.378	14946.500
444.567	14675.500
444.757	14648.500
444.947	14901.500
445.137	15269.500
445.326	15384.500
445.516	15245.500
445.706	15723.500
445.895	16087.500
446.085	16219.500
446.275	16219.500
446.465	16432.500
446.654	16856.500
446.844	17028.500
447.034	17018.500
447.223	17467.500
447.413	17821.500
447.603	18033.500
447.793	17820.500
447.982	18142.500
448.172	17862.500
448.362	18217.500
448.552	18549.500
448.741	18998.500
448.931	19208.500
449.121	19325.500
449.310	19676.500
449.500	20039.500
449.690	20368.500
449.880	20413.500
450.069	20971.500
450.259	21404.500
450.449	21192.500
450.639	21655.500
450.828	21841.500
451.018	22041.500
451.208	22131.500
451.397	22254.500
451.587	22508.500
451.777	22376.500
451.967	22415.500
452.156	22853.500
452.346	23121.500
452.536	23156.500
452.725	22951.500
452.915	23076.500
453.105	23268.500
453.295	23490.500
453.484	23916.500
453.674	24343.500
453.864	24174.500
454.054	24281.500
454.243	24371.500
454.433	24245.500
454.623	24420.500
454.812	24506.500
455.002	24864.500
455.192	25065.500
455.382	25103.500
455.571	25096.500
455.761	25070.500
455.951	25579.500
456.141	25480.500
456.330	25607.500
456.520	25534.500
456.710	25663.500
456.899	25590.500
457.089	25517.500
457.279	25657.500
457.469	25524.500
457.658	25339.500
457.848	25339.500
458.038	25505.500
458.228	25248.500
458.417	25083.500
458.607	25133.500
458.797	25232.500
458.986	25057.500
459.176	24589.500
459.366	24346.500
459.556	24331.500
459.745	24310.500
459.935	24304.500
460.125	24455.500
460.314	24056.500
460.504	23874.500
460.694	24102.500
460.884	24236.500
461.073	23621.500
461.263	23550.500
461.453	23731.500
461.643	23608.500
461.832	23730.500
462.022	23539.500
462.212	23029.500
462.401	23092.500
462.591	23414.500
462.781	23142.500
462.971	22821.500
463.160	22561.500
463.350	22450.500
463.540	22308.500
463.730	22101.500
463.919	22085.500
464.109	21793.500
464.299	21746.500
464.488	21742.500
464.678	21724.500
464.868	21697.500
465.058	21375.500
465.247	21490.500
465.437	21368.500
465.627	21186.500
465.816	21103.500
466.006	20857.500
466.196	20740.500
466.386	20835.500
466.575	20615.500
466.765	20226.500
466.955	20388.500
467.145	20329.500
467.334	20263.500
467.524	20327.500
467.714	20178.500
467.903	20264.500
468.093	20120.500
468.283	20207.500
468.473	20514.500
468.662	20539.500
468.852	20675.500
469.042	20429.500
469.232	20447.500
469.421	20474.500
469.611	20374.500
469.801	20231.500
469.990	20090.500
470.180	19777.500
470.370	19709.500
470.560	19780.500
470.749	19818.500
470.939	20138.500
471.129	19954.500
471.318	19692.500
471.508	19861.500
471.698	20160.500
471.888	19991.500
472.077	19659.500
472.267	20172.500
472.457	20279.500
472.647	19746.500
472.836	19599.500
473.026	19758.500
473.216	19919.500
473.405	19746.500
473.595	19625.500
473.785	19497.500
473.975	19598.500
474.164	19533.500
474.354	19474.500
474.544	19572.500
474.734	19862.500
474.923	19449.500
475.113	19245.500
475.303	18887.500
475.492	19297.500
475.682	19159.500
475.872	18823.500
476.062	18914.500
476.251	19093.500
476.441	18789.500
476.631	18527.500
476.821	18412.500
477.010	18394.500
477.200	18239.500
477.390	18365.500
477.579	18673.500
477.769	18812.500
477.959	18632.500
478.149	18339.500
478.338	18625.500
478.528	18749.500
478.718	18406.500
478.907	18237.500
479.097	18066.500
479.287	18074.500
479.477	18020.500
479.666	18043.500
479.856	18379.500
480.046	18236.500
480.236	17873.500
480.425	17736.500
480.615	17863.500
480.805	17841.500
480.994	17963.500
481.184	17864.500
481.374	18097.500
481.564	18020.500
481.753	18113.500
481.943	17827.500
482.133	17953.500
482.323	17640.500
482.512	17404.500
482.702	17276.500
482.892	17335.500
483.081	17318.500
483.271	17406.500
483.461	17407.500
483.651	17286.500
483.840	17237.500
484.030	17237.500
484.220	16952.500
484.409	16942.500
484.599	17074.500
484.789	16593.500
484.979	16424.500
485.168	16307.500
485.358	15957.500
485.548	15527.500
485.738	15624.500
485.927	15462.500
486.117	15173.500
486.307	14953.500
486.496	14714.500
486.686	14903.500
486.876	15134.500
487.066	15249.500
487.255	15305.500
487.445	15531.500
487.635	15840.500
487.825	15744.500
488.014	15660.500
488.204	15929.500
488.394	16251.500
488.583	16295.500
488.773	16040.500
488.963	15956.500
489.153	16238.500
489.342	16186.500
489.532	16049.500
489.722	16317.500
489.912	16825.500
490.101	16970.500
490.291	16585.500
490.481	16631.500
490.670	16727.500
490.860	16549.500
491.050	16523.500
491.240	16581.500
491.429	16596.500
491.619	16566.500
491.809	16281.500
491.998	16072.500
492.188	16102.500
492.378	16266.500
492.568	15984.500
492.757	16135.500
492.947	16381.500
493.137	16366.500
493.327	16380.500
493.516	16208.500
493.706	16427.500
493.896	16276.500
494.085	16505.500
494.275	16678.500
494.465	16762.500
494.655	17021.500
494.844	17047.500
495.034	17037.500
495.224	17184.500
495.414	17333.500
495.603	16979.500
495.793	16975.500
495.983	16965.500
496.172	16836.500
496.362	16904.500
496.552	17294.500
496.742	17079.500
496.931	17039.500
497.121	17186.500
497.311	17211.500
497.500	17312.500
497.690	17429.500
497.880	17000.500
498.070	16599.500
498.259	16626.500
498.449	16732.500
498.639	16634.500
498.829	16776.500
499.018	16955.500
499.208	16875.500
499.398	16736.500
499.587	17194.500
499.777	17343.500
499.967	17146.500
500.157	17094.500
500.346	16923.500
500.536	16881.500
500.726	16649.500
500.916	16818.500
501.105	16733.500
501.295	16834.500
501.485	17284.500
501.674	16646.500
501.864	16681.500
502.054	17202.500
502.244	17244.500
502.433	16784.500
502.623	17085.500
502.813	17419.500
503.003	17298.500
503.192	17295.500
503.382	17380.500
503.572	17436.500
503.761	17126.500
503.951	16853.500
504.141	17143.500
504.331	16889.500
504.520	16715.500
504.710	17393.500
504.900	17342.500
505.089	17514.500
505.279	17696.500
505.469	17951.500
505.659	18066.500
505.848	18292.500
506.038	18007.500
506.228	17727.500
506.418	17432.500
506.607	17607.500
506.797	17628.500
506.987	17599.500
507.176	17368.500
507.366	17711.500
507.556	17694.500
507.746	17400.500
507.935	17676.500
508.125	17666.500
508.315	17220.500
508.505	17421.500
508.694	17642.500
508.884	18132.500
509.074	18019.500
509.263	17778.500
509.453	17566.500
509.643	17645.500
509.833	17505.500
510.022	17223.500
510.212	17480.500
510.402	17738.500
510.592	17969.500
510.781	17764.500
510.971	17608.500
511.161	17860.500
511.350	17937.500
511.540	17933.500
511.730	17843.500
511.920	17576.500
512.109	17396.500
512.299	17693.500
512.489	17580.500
512.678	17675.500
512.868	17687.500
513.058	17585.500
513.248	17302.500
513.437	17347.500
513.627	17473.500
513.817	17158.500
514.007	17389.500
514.196	17565.500
514.386	17185.500
514.576	17077.500
514.765	17243.500
514.955	17504.500
515.145	17216.500
515.335	17072.500
515.524	17291.500
515.714	17255.500
515.904	16979.500
516.094	16967.500
516.283	16838.500
516.473	16977.500
516.663	16645.500
516.852	16437.500
517.042	16174.500
517.232	15802.500
517.422	15974.500
517.611	16121.500
517.801	16253.500
517.991	16530.500
518.180	16315.500
518.370	16021.500
518.560	16282.500
518.750	16453.500
518.939	16456.500
519.129	16481.500
519.319	16816.500
519.509	16966.500
519.698	16815.500
519.888	16986.500
520.078	16814.500
520.267	17173.500
520.457	17301.500
520.647	16969.500
520.837	17052.500
521.026	17502.500
521.216	17666.500
521.406	17469.500
521.596	17455.500
521.785	17467.500
521.975	17302.500
522.165	17080.500
522.354	17407.500
522.544	17342.500
522.734	17194.500
522.924	17137.500
523.113	17171.500
523.303	17314.500
523.493	17388.500
523.683	17155.500
523.872	17356.500
524.062	17602.500
524.252	17396.500
524.441	17421.500
524.631	17664.500
524.821	17716.500
525.011	17554.500
525.200	17450.500
525.390	17535.500
525.580	17533.500
525.769	17430.500
525.959	17401.500
526.149	17088.500
526.339	17069.500
526.528	17231.500
526.718	16898.500
526.908	16583.500
527.098	16865.500
527.287	17376.500
527.477	16831.500
527.667	17138.500
527.856	17483.500
528.046	17383.500
528.236	17485.500
528.426	17870.500
528.615	17884.500
528.805	17595.500
528.995	17788.500
529.185	17767.500
529.374	18179.500
529.564	18066.500
529.754	17588.500
529.943	17932.500
530.133	17810.500
530.323	18009.500
530.513	17923.500
530.702	17808.500
530.892	18014.500
531.082	17528.500
531.271	17389.500
531.461	17440.500
531.651	17485.500
531.841	17229.500
532.030	17510.500
532.220	17204.500
532.410	17240.500
532.600	17081.500
532.789	16889.500
532.979	16703.500
533.169	17159.500
533.358	17225.500
533.548	17096.500
533.738	16894.500
533.928	16863.500
534.117	16393.500
534.307	16492.500
534.497	16654.500
534.687	16900.500
534.876	17038.500
535.066	16913.500
535.256	16788.500
535.445	16872.500
535.635	16561.500
535.825	16428.500
536.015	16215.500
536.204	16339.500
536.394	16358.500
536.584	16072.500
536.773	16215.500
536.963	16471.500
537.153	16382.500
537.343	16058.500
537.532	16271.500
537.722	16477.500
537.912	16519.500
538.102	16334.500
538.291	16240.500
538.481	16264.500
538.671	16218.500
538.860	16203.500
539.050	16244.500
539.240	16109.500
539.430	15869.500
539.619	15899.500
539.809	15953.500
539.999	15878.500
540.189	15965.500
540.378	15730.500
540.568	15881.500
540.758	16102.500
540.947	15998.500
541.137	15954.500
541.327	16386.500
541.517	16273.500
541.706	15647.500
541.896	15814.500
542.086	16010.500
542.276	16016.500
542.465	15742.500
542.655	15504.500
542.845	15349.500
543.034	15655.500
543.224	16226.500
543.414	15938.500
543.604	15799.500
543.793	15993.500
543.983	15999.500
544.173	15693.500
544.362	15855.500
544.552	16157.500
544.742	16040.500
544.932	15442.500
545.121	15571.500
545.311	15626.500
545.501	16112.500
545.691	15525.500
545.880	15413.500
546.070	15966.500
546.264	15842.500
546.459	15489.500
546.653	15331.500
546.847	15559.500
547.041	15595.500
547.236	15633.500
547.430	15567.500
547.624	15611.500
547.818	15422.500
548.013	15499.500
548.207	15568.500
548.401	15166.500
548.596	15410.500
548.790	15558.500
548.984	15305.500
549.178	15450.500
549.373	15690.500
549.567	15499.500
549.761	15178.500
549.956	15104.500
550.150	15351.500
550.344	15348.500
550.538	15376.500
550.733	15340.500
550.927	15492.500
551.121	15308.500
551.315	15101.500
551.510	15225.500
551.704	15471.500
551.898	15268.500
552.093	15474.500
552.287	15433.500
552.481	15480.500
552.675	15232.500
552.870	15066.500
553.064	14970.500
553.258	15434.500
553.453	15188.500
553.647	15190.500
553.841	15224.500
554.035	15267.500
554.230	15098.500
554.424	15193.500
554.618	15334.500
554.812	15326.500
555.007	15094.500
555.201	15342.500
555.395	15306.500
555.590	15077.500
555.784	15251.500
555.978	15239.500
556.172	15350.500
556.367	15436.500
556.561	14806.500
556.755	14770.500
556.949	14921.500
557.144	14899.500
557.338	14984.500
557.532	14825.500
557.727	15071.500
557.921	15170.500
558.115	14613.500
558.309	14718.500
558.504	15017.500
558.698	14931.500
558.892	14801.500
559.087	14551.500
559.281	14590.500
559.475	14624.500
559.669	14490.500
559.864	14400.500
560.058	14948.500
560.252	14975.500
560.446	14777.500
560.641	15020.500
560.835	15567.500
561.029	14909.500
561.224	14708.500
561.418	14717.500
561.612	14815.500
561.806	15073.500
562.001	14969.500
562.195	14906.500
562.389	14595.500
562.584	14605.500
562.778	14574.500
562.972	14644.500
563.166	15137.500
563.361	14953.500
563.555	14612.500
563.749	14902.500
563.943	15070.500
564.138	14897.500
564.332	14770.500
564.526	14720.500
564.721	14727.500
564.915	14567.500
565.109	14452.500
565.303	14695.500
565.498	14937.500
565.692	14716.500
565.886	14270.500
566.081	14512.500
566.275	14809.500
566.469	14836.500
566.663	14476.500
566.858	14428.500
567.052	15047.500
567.246	14796.500
567.440	14475.500
567.635	14655.500
567.829	14859.500
568.023	14748.500
568.218	14308.500
568.412	14353.500
568.606	14619.500
568.800	14466.500
568.995	14196.500
569.189	14555.500
569.383	14890.500
569.577	14950.500
569.772	14582.500
569.966	14152.500
570.160	14591.500
570.355	14343.500
570.549	14377.500
570.743	14246.500
570.937	14226.500
571.132	14166.500
571.326	14044.500
571.520	14021.500
571.715	13966.500
571.909	13921.500
572.103	13994.500
572.297	14216.500
572.492	14183.500
572.686	13979.500
572.880	14035.500
573.074	14184.500
573.269	14060.500
573.463	14317.500
573.657	14029.500
573.852	14033.500
574.046	13858.500
574.240	13713.500
574.434	13715.500
574.629	13660.500
574.823	13991.500
575.017	14245.500
575.212	13810.500
575.406	13623.500
575.600	13803.500
575.794	13900.500
575.989	13719.500
576.183	13757.500
576.377	14199.500
576.571	13955.500
576.766	13693.500
576.960	13861.500
577.159	14003.500
577.357	13665.500
577.556	13370.500
577.755	13404.500
577.953	13595.500
578.152	13444.500
578.350	13396.500
578.549	13590.500
578.748	13724.500
578.946	13395.500
579.145	13370.500
579.344	13478.500
579.542	13989.500
579.741	13676.500
579.940	13312.500
580.138	13478.500
580.337	13544.500
580.535	13386.500
580.734	13463.500
580.933	13579.500
581.131	13629.500
581.330	13422.500
581.529	13653.500
581.727	13989.500
581.926	14696.500
582.125	14617.500
582.323	14116.500
582.522	14160.500
582.721	14301.500
582.919	14389.500
583.118	14064.500
583.316	14179.500
583.515	14532.500
583.714	14891.500
583.912	14605.500
584.111	14791.500
584.310	15017.500
584.508	14280.500
584.707	14268.500
584.906	14598.500
585.104	14652.500
585.303	14676.500
585.501	14325.500
585.700	14373.500
585.899	14596.500
586.097	14497.500
586.296	14460.500
586.495	14494.500
586.693	14753.500
586.892	14726.500
587.091	14513.500
587.289	14530.500
587.488	14781.500
587.686	14116.500
587.885	13907.500
588.084	13738.500
588.282	13490.500
588.481	13580.500
588.680	13594.500
588.878	13233.500
589.077	13072.500
589.276	13162.500
589.474	13385.500
589.673	13500.500
589.871	13774.500
590.070	13931.500
590.269	13577.500
590.467	13687.500
590.666	13883.500
590.865	13389.500
591.063	13460.500
591.262	13861.500
591.461	13900.500
591.659	13490.500
591.858	13420.500
592.056	13457.500
592.255	13789.500
592.454	13569.500
592.652	13433.500
592.851	13772.500
593.050	14011.500
593.248	13619.500
593.447	13286.500
593.646	13439.500
593.844	13917.500
594.043	13784.500
594.241	13376.500
594.440	13675.500
594.639	13605.500
594.837	13161.500
595.036	13424.500
595.235	13498.500
595.433	13501.500
595.632	13608.500
595.831	13460.500
596.029	13528.500
596.228	13339.500
596.427	12972.500
596.625	13510.500
596.824	13504.500
597.022	13501.500
597.221	13339.500
597.420	13301.500
597.618	13490.500
597.817	13673.500
598.016	13561.500
598.214	13303.500
598.413	13316.500
598.612	13141.500
598.810	13391.500
599.009	13242.500
599.207	13595.500
599.406	13842.500
599.605	13028.500
599.803	12763.500
600.002	13095.500
600.201	13518.500
600.399	13579.500
600.598	13257.500
600.797	13274.500
600.995	13239.500
601.194	13076.500
601.392	13048.500
601.591	13062.500
601.790	13344.500
601.988	12997.500
602.187	12964.500
602.386	13073.500
602.584	13444.500
602.783	13415.500
602.982	13207.500
603.180	13370.500
603.379	13856.500
603.577	13394.500
603.776	12821.500
603.975	13067.500
604.173	13210.500
604.372	13136.500
604.571	12899.500
604.769	12821.500
604.968	12934.500
605.167	12781.500
605.365	12515.500
605.564	12884.500
605.762	13158.500
605.961	12873.500
606.160	12682.500
606.358	12961.500
606.557	13402.500
606.756	12972.500
606.954	12741.500
607.153	13180.500
607.352	13307.500
607.550	12933.500
607.749	12429.500
607.948	12589.500
608.146	12787.500
608.345	12724.500
608.543	12326.500
608.742	12618.500
608.941	13016.500
609.139	12889.500
609.338	12496.500
609.537	12501.500
609.735	12714.500
609.934	12315.500
610.133	12177.500
610.331	12615.500
610.530	13071.500
610.728	12851.500
610.927	12109.500
611.126	12151.500
611.324	12543.500
611.523	12609.500
611.722	12340.500
611.920	12367.500
612.119	12108.500
612.318	11988.500
612.516	12124.500
612.715	12353.500
612.913	12413.500
613.112	12034.500
613.311	11954.500
613.509	11853.500
613.708	12102.500
613.907	11885.500
614.105	11928.500
614.304	11847.500
614.503	12027.500
614.701	11747.500
614.900	11615.500
615.098	11814.500
615.297	11912.500
615.496	11407.500
615.694	11371.500
615.893	11770.500
616.092	11817.500
616.290	11651.500
616.489	11599.500
616.688	11695.500
616.886	11720.500
617.085	11432.500
617.283	11301.500
617.482	11140.500
617.681	11323.500
617.879	11340.500
618.078	11190.500
618.277	11561.500
618.475	11546.500
618.674	11329.500
618.873	11319.500
619.071	11283.500
619.270	11410.500
619.468	11230.500
619.667	11026.500
619.866	11189.500
620.064	11416.500
620.263	11221.500
620.462	10954.500
620.660	10989.500
620.859	11153.500
621.058	11147.500
621.256	10821.500
621.455	10701.500
621.654	10860.500
621.852	10941.500
622.051	10932.500
622.249	10926.500
622.448	10829.500
622.647	10481.500
622.845	10768.500
623.044	10777.500
623.243	10699.500
623.441	10713.500
623.640	10181.500
623.839	10104.500
624.037	10295.500
624.236	10377.500
624.434	10179.500
624.633	10379.500
624.832	10521.500
625.030	10047.500
625.229	9931.500
625.428	9943.500
625.626	10219.500
625.825	10244.500
626.024	10234.500
626.222	10196.500
626.421	10347.500
626.619	10433.500
626.818	9866.500
627.017	10176.500
627.215	10295.500
627.414	9691.500
627.613	9697.500
627.811	9552.500
628.010	9558.500
628.209	9856.500
628.407	9425.500
628.606	9591.500
628.804	10077.500
629.003	10182.500
629.202	9580.500
629.400	9487.500
629.599	9889.500
629.798	9542.500
629.996	9459.500
630.195	9354.500
630.394	9465.500
630.592	9745.500
630.791	9283.500
630.990	9371.500
631.188	9506.500
631.387	9424.500
631.585	9438.500
631.784	9268.500
631.983	9225.500
632.181	9306.500
632.380	9292.500
632.579	9389.500
632.777	9444.500
632.976	9160.500
633.175	9054.500
633.373	9490.500
633.572	9628.500
633.770	9166.500
633.969	9201.500
634.168	9064.500
634.366	8982.500
634.565	8923.500
634.764	9052.500
634.962	9175.500
635.161	9395.500
635.360	9161.500
635.558	9063.500
635.757	9091.500
635.955	9064.500
636.154	8886.500
636.353	8948.500
636.551	8463.500
636.750	8344.500
636.949	8587.500
637.147	8638.500
637.346	8386.500
637.545	8506.500
637.743	8452.500
637.942	8417.500
638.140	8419.500
638.339	8677.500
638.538	8858.500
638.736	8626.500
638.935	8440.500
639.134	8193.500
639.332	8330.500
639.531	8290.500
639.730	8284.500
639.928	8829.500
640.127	8564.500
640.325	8213.500
640.524	8217.500
640.723	8395.500
640.921	8502.500
641.120	8254.500
641.319	8314.500
641.517	8356.500
641.716	8253.500
641.915	8333.500
642.113	8225.500
642.312	7893.500
642.510	7808.500
642.709	8006.500
642.908	8211.500
643.106	7966.500
643.305	7748.500
643.504	7893.500
643.702	8207.500
643.901	8217.500
644.100	7716.500
644.298	7760.500
644.497	7693.500
644.696	7953.500
644.894	7699.500
645.093	7753.500
645.291	7795.500
645.490	8063.500
645.689	7837.500
645.887	7793.500
646.086	8213.500
646.285	7857.500
646.483	7253.500
646.682	7363.500
646.881	7266.500
647.079	7335.500
647.278	7547.500
647.476	7236.500
647.675	7292.500
647.874	7772.500
648.072	7641.500
648.271	7086.500
648.470	7125.500
648.668	7579.500
648.867	7493.500
649.066	7141.500
649.264	7305.500
649.463	7350.500
649.661	7031.500
649.860	6826.500
650.059	6971.500
650.257	7031.500
650.456	7227.500
650.655	7151.500
650.853	7085.500
651.052	7168.500
651.251	6762.500
651.449	6579.500
651.648	6757.500
651.846	6758.500
652.045	6693.500
652.244	6833.500
652.442	6998.500
652.641	7070.500
652.840	6970.500
653.038	6806.500
653.237	7064.500
653.436	7090.500
653.634	6809.500
653.833	6943.500
654.032	6882.500
654.230	6685.500
654.429	6385.500
654.627	6489.500
654.826	6588.500
655.025	6434.500
655.223	6612.500
655.422	6387.500
655.621	6458.500
655.819	6569.500
656.018	6398.500
656.217	6252.500
656.415	6080.500
656.614	6131.500
656.812	6473.500
657.011	6334.500
657.210	6273.500
657.408	6375.500
657.607	6506.500
657.806	6363.500
658.004	6329.500
658.203	6241.500
658.402	6097.500
658.600	6280.500
658.799	6218.500
658.997	6207.500
659.196	6054.500
659.395	6058.500
659.593	6079.500
659.792	6328.500
659.991	6347.500
660.189	6142.500
660.388	6385.500
660.587	6452.500
660.785	6267.500
660.984	5934.500
661.182	5860.500
661.381	6125.500
661.580	6103.500
661.778	5917.500
661.977	6261.500
662.176	6297.500
662.374	6043.500
662.573	6099.500
662.772	6247.500
662.970	5869.500
663.169	5601.500
663.367	5768.500
663.566	5873.500
663.765	6189.500
663.963	5886.500
664.162	5666.500
664.361	5918.500
664.559	6142.500
664.758	6219.500
664.957	5773.500
665.155	5494.500
665.354	5844.500
665.552	5935.500
665.751	5865.500
665.950	5525.500
666.148	5524.500
666.347	5581.500
666.546	5389.500
666.744	5598.500
666.943	5777.500
667.142	5322.500
667.340	5570.500
667.539	6012.500
667.738	5766.500
667.936	5729.500
668.135	5583.500
668.333	5397.500
668.532	5624.500
668.731	5453.500
668.929	5183.500
669.128	5370.500
669.327	5470.500
669.525	5525.500
669.724	5373.500
669.923	5116.500
670.121	4941.500
670.320	4952.500
670.518	5136.500
670.717	4844.500
670.916	5074.500
671.114	5088.500
671.313	4933.500
671.512	4955.500
671.710	4958.500
671.909	5152.500
672.108	5279.500
672.306	5222.500
672.505	4983.500
672.703	4791.500
672.902	4770.500
673.101	4820.500
673.299	5256.500
673.498	5136.500
673.697	4783.500
673.895	4679.500
674.094	4885.500
674.293	4789.500
674.491	4489.500
674.690	4562.500
674.888	4490.500
675.087	4642.500
675.286	4586.500
675.484	4619.500
675.683	4726.500
675.882	4542.500
676.080	4719.500
676.279	4589.500
676.478	4637.500
676.676	4701.500
676.875	4383.500
677.073	4331.500
677.272	4563.500
677.471	4370.500
677.669	4480.500
677.868	4568.500
678.067	4553.500
678.265	4395.500
678.464	4203.500
678.663	4252.500
678.861	4352.500
679.060	4358.500
679.259	4078.500
679.457	4308.500
679.656	4419.500
679.854	4167.500
680.053	3869.500
680.252	4112.500
680.450	4027.500
680.649	4342.500
680.848	4217.500
681.046	4083.500
681.245	4086.500
681.444	3931.500
681.642	4166.500
681.841	4242.500
682.039	4356.500
682.238	4382.500
682.437	3687.500
682.635	3763.500
682.834	4080.500
683.033	4046.500
683.231	3775.500
683.430	3535.500
683.629	3645.500
683.827	4007.500
684.026	3989.500
684.224	3829.500
684.423	3757.500
684.622	3646.500
684.820	3591.500
685.019	3872.500
685.218	4086.500
685.416	3594.500
685.615	3304.500
685.814	3472.500
686.012	3651.500
686.211	3445.500
686.409	3264.500
686.608	3042.500
686.807	3025.500
687.005	2945.500
687.204	3021.500
687.403	2925.500
687.601	3261.500
687.800	3340.500
687.999	2949.500
688.197	2849.500
688.396	2716.500
688.594	2785.500
688.793	2602.500
688.992	2923.500
689.190	3258.500
689.389	3125.500
689.588	2941.500
689.786	3022.500
689.985	3082.500
690.184	3001.500
690.382	3111.500
690.581	2977.500
690.779	3332.500
690.978	3023.500
691.177	2910.500
691.375	2963.500
691.574	3456.500
691.773	3553.500
691.971	2903.500
692.170	2822.500
692.369	2968.500
692.567	2781.500
692.766	2751.500
692.965	2911.500
693.163	3109.500
693.362	3035.500
693.560	2908.500
693.759	2954.500
693.958	3183.500
694.156	3096.500
694.355	2602.500
694.554	2661.500
694.752	2841.500
694.951	2644.500
695.150	2398.500
695.348	2665.500
695.547	2924.500
695.745	2607.500
695.944	2488.500
696.143	2643.500
696.341	2846.500
696.540	2790.500
696.743	2719.500
696.946	2678.500
697.149	2847.500
697.352	2896.500
697.555	2686.500
697.757	2608.500
697.960	2731.500
698.163	2547.500
698.366	2575.500
698.569	2593.500
698.772	2614.500
698.975	2763.500
699.178	2437.500
699.381	2459.500
699.584	2971.500
699.787	2942.500
699.989	2458.500
700.192	2684.500
700.395	2737.500
700.598	2927.500
700.801	2628.500
701.004	2381.500
701.207	2624.500
701.410	2563.500
701.613	2618.500
701.816	2628.500
702.019	2640.500
702.221	2760.500
702.424	2317.500
702.627	2359.500
702.830	2484.500
703.033	2538.500
703.236	2333.500
703.439	2450.500
703.642	2537.500
703.845	2511.500
704.048	2467.500
704.251	2270.500
704.453	2093.500
704.656	2291.500
704.859	2412.500
705.062	2569.500
705.265	2783.500
705.468	2335.500
705.671	2250.500
705.874	2301.500
706.077	2348.500
706.280	2149.500
706.483	2126.500
706.685	2316.500
706.888	2357.500
707.091	2470.500
707.294	2385.500
707.497	2260.500
707.700	2592.500
707.903	2642.500
708.106	2264.500
708.309	2134.500
708.512	2346.500
708.715	2379.500
708.917	2475.500
709.120	2500.500
709.323	2361.500
709.526	2230.500
709.729	2003.500
709.932	2158.500
710.135	2148.500
710.338	2125.500
710.541	2134.500
710.744	2130.500
710.947	2278.500
711.149	2330.500
711.352	2072.500
711.555	2099.500
711.758	2308.500
711.961	2203.500
712.164	2132.500
712.367	2121.500
712.570	1961.500
712.773	1852.500
712.976	1810.500
713.179	1573.500
713.381	1768.500
713.584	2088.500
713.787	1931.500
713.990	1851.500
714.193	2022.500
714.396	2023.500
714.599	2405.500
714.802	2065.500
715.005	1996.500
715.208	1833.500
715.411	1633.500
715.613	1736.500
715.816	1911.500
716.019	1744.500
716.222	1661.500
716.425	1710.500
716.628	1732.500
716.831	1609.500
717.034	1276.500
717.237	1339.500
717.440	1329.500
717.643	1416.500
717.845	1431.500
718.048	1403.500
718.251	1407.500
718.454	1515.500
718.657	1422.500
718.860	1437.500
719.063	1517.500
719.266	1328.500
719.469	1249.500
719.672	1370.500
719.875	1571.500
720.077	1533.500
720.280	1286.500
720.483	1475.500
720.686	1638.500
720.889	1527.500
721.092	1354.500
721.295	1267.500
721.498	1385.500
721.701	1553.500
721.904	1361.500
722.107	1407.500
722.309	1641.500
722.512	1193.500
722.715	1202.500
722.918	1288.500
723.121	1390.500
723.324	1483.500
723.527	1290.500
723.730	1341.500
723.933	1721.500
724.136	1525.500
724.339	1123.500
724.541	1206.500
724.744	1477.500
724.947	1237.500
725.150	1030.500
725.353	1145.500
725.556	1074.500
725.759	1217.500
725.962	1245.500
726.165	1209.500
726.368	1448.500
726.571	1269.500
726.773	1182.500
726.976	1443.500
727.179	1625.500
727.382	1290.500
727.585	1184.500
727.788	1045.500
727.991	1039.500
728.194	1191.500
728.397	819.500
728.600	947.500
728.803	1213.500
729.005	1136.500
729.208	1192.500
729.411	1361.500
729.614	1494.500
729.817	1284.500
730.020	1098.500
730.223	1183.500
730.426	1162.500
730.629	1107.500
730.832	958.500
731.035	1032.500
731.237	1244.500
731.440	1093.500
731.643	1141.500
731.846	1052.500
732.049	1253.500
732.252	1592.500
732.455	1361.500
732.658	1083.500
732.861	1180.500
733.064	947.500
733.267	910.500
733.469	1238.500
733.672	1236.500
733.875	1142.500
734.078	1238.500
734.281	1183.500
734.484	1368.500
734.687	971.500
734.890	854.500
735.093	1239.500
735.296	1628.500
735.499	1460.500
735.701	1006.500
735.904	1323.500
736.107	1312.500
736.310	1045.500
736.513	1013.500
736.716	1058.500
736.919	871.500
737.122	776.500
737.325	945.500
737.528	1027.500
737.731	1059.500
737.933	1199.500
738.136	1225.500
738.339	1204.500
738.542	1361.500
738.745	1213.500
738.948	903.500
739.151	949.500
739.354	866.500
739.557	902.500
739.760	824.500
739.963	901.500
740.165	1311.500
740.368	1121.500
740.571	714.500
740.774	739.500
740.977	1022.500
741.180	1002.500
741.383	965.500
741.586	1050.500
741.789	1267.500
741.992	1105.500
742.195	832.500
742.397	1059.500
742.600	1349.500
742.803	1077.500
743.006	961.500
743.209	889.500
743.412	816.500
743.615	699.500
743.818	832.500
744.021	711.500
744.224	855.500
744.427	1032.500
744.629	876.500
744.832	887.500
745.035	1003.500
745.238	854.500
745.441	801.500
745.644	723.500
745.847	914.500
746.050	1075.500
746.253	935.500
746.456	962.500
746.659	1033.500
746.861	535.500
747.064	742.500
747.267	812.500
747.470	713.500
747.673	854.500
747.876	896.500
748.079	989.500
748.282	1021.500
748.485	679.500
748.688	672.500
748.891	658.500
749.093	1028.500
749.296	939.500
749.499	578.500
749.702	599.500
749.905	741.500
750.108	701.500
750.311	637.500
750.514	753.500
750.717	972.500
750.920	945.500
751.123	679.500
751.325	541.500
751.528	462.500
751.731	360.500
751.934	547.500
752.137	949.500
752.340	768.500
752.543	780.500
752.746	787.500
752.949	545.500
753.152	699.500
753.355	662.500
753.557	416.500
753.760	566.500
753.963	811.500
754.166	861.500
754.369	546.500
754.572	564.500
754.775	697.500
754.978	789.500
755.181	487.500
755.384	685.500
755.587	1020.500
755.789	493.500
755.992	751.500
756.195	810.500
756.398	741.500
756.601	767.500
756.804	752.500
757.007	742.500
757.210	616.500
757.413	317.500
757.616	299.500
757.819	702.500
758.021	911.500
758.224	524.500
758.427	482.500
758.630	382.500
758.833	701.500
759.036	481.500
759.239	257.500
759.442	274.500
759.645	109.500
759.848	73.500
760.051	305.500
760.253	382.500
760.456	635.500
760.659	401.500
760.862	208.500
761.065	70.500
761.268	198.500
761.471	393.500
761.674	284.500
761.877	165.500
762.080	374.500
762.283	237.500
762.485	-22.500
762.688	137.500
762.891	316.500
763.094	187.500
763.297	293.500
763.500	335.500
763.706	486.500
763.912	319.500
764.118	121.500
764.325	208.500
764.531	298.500
764.737	217.500
764.943	107.500
765.149	104.500
765.355	234.500
765.561	541.500
765.768	203.500
765.974	8.500
766.180	237.500
766.386	582.500
766.592	563.500
766.798	407.500
767.004	353.500
767.210	456.500
767.417	530.500
767.623	528.500
767.829	565.500
768.035	354.500
768.241	314.500
768.447	533.500
768.653	491.500
768.860	464.500
769.066	225.500
769.272	310.500
769.478	474.500
769.684	510.500
769.890	413.500
770.096	491.500
770.303	602.500
770.509	491.500
770.715	456.500
770.921	549.500
771.127	733.500
771.333	761.500
771.539	578.500
771.745	400.500
771.952	626.500
772.158	506.500
772.364	201.500
772.570	605.500
772.776	681.500
772.982	147.500
773.188	294.500
773.395	369.500
773.601	500.500
773.807	338.500
774.013	213.500
774.219	288.500
774.425	422.500
774.631	476.500
774.838	6.500
775.044	152.500
775.250	410.500
775.456	333.500
775.662	336.500
775.868	468.500
776.074	429.500
776.281	373.500
776.487	24.500
776.693	61.500
776.899	303.500
777.105	488.500
777.311	499.500
777.517	623.500
777.723	743.500
777.930	381.500
778.136	207.500
778.342	276.500
778.548	585.500
778.754	369.500
778.960	430.500
779.166	448.500
779.373	573.500
779.579	286.500
779.785	-9.500
779.991	205.500
780.197	207.500
780.403	120.500
780.609	315.500
780.816	312.500
781.022	605.500
781.228	827.500
781.434	488.500
781.640	553.500
781.846	704.500
782.052	545.500
782.259	289.500
782.465	135.500
782.671	366.500
782.877	208.500
783.083	94.500
783.289	465.500
783.495	408.500
783.701	465.500
783.908	447.500
784.114	374.500
784.320	375.500
784.526	75.500
784.732	-19.500
784.938	308.500
785.144	402.500
785.351	236.500
785.557	536.500
785.763	498.500
785.969	476.500
786.175	470.500
786.381	334.500
786.587	345.500
786.794	499.500
787.000	569.500
787.206	408.500
787.412	592.500
787.618	466.500
787.824	282.500
788.030	301.500
788.236	289.500
788.443	355.500
788.649	238.500
788.855	177.500
789.061	142.500
789.267	428.500
789.473	268.500
789.679	311.500
789.886	191.500
790.092	45.500
790.298	-2.500
790.504	172.500
790.710	236.500
790.916	256.500
791.122	216.500
791.329	133.500
791.535	325.500
791.741	383.500
791.947	263.500
792.153	149.500
792.359	121.500
792.565	431.500
792.771	442.500
792.978	165.500
793.184	279.500
793.390	207.500
793.596	68.500
793.802	270.500
794.008	458.500
794.214	458.500
794.421	472.500
794.627	256.500
794.833	129.500
795.039	255.500
795.245	119.500
795.451	149.500
795.657	297.500
795.864	234.500
796.070	183.500
796.276	347.500
796.482	472.500
796.688	382.500
796.894	222.500
797.100	30.500
797.307	153.500
797.513	308.500
797.719	224.500
797.925	275.500
798.131	35.500
798.337	-57.500
798.543	-2.500
798.749	48.500
798.956	400.500
799.162	597.500
799.368	241.500
799.574	108.500
799.780	157.500
799.986	277.500
800.192	167.500
800.399	93.500
800.605	149.500
800.811	204.500
801.017	379.500
801.223	60.500
801.429	93.500
801.635	404.500
801.842	357.500
802.048	239.500
802.254	208.500
802.460	299.500
802.666	-10.500
802.872	21.500
803.078	281.500
803.285	179.500
803.491	-66.500
803.697	87.500
803.903	-8.500
804.109	127.500
804.315	508.500
804.521	313.500
804.727	334.500
804.934	320.500
805.140	334.500
805.346	281.500
805.552	418.500
805.758	389.500
805.964	136.500
806.170	111.500
806.377	163.500
806.583	103.500
806.789	98.500
806.995	-157.500
807.201	-151.500
807.407	173.500
807.613	305.500
807.820	125.500
808.026	173.500
808.232	325.500
808.438	147.500
808.644	19.500
808.850	1.500
809.056	149.500
809.262	-39.500
809.469	-140.500
809.675	-124.500
809.881	122.500
810.087	210.500
810.293	280.500
810.499	392.500
810.705	371.500
810.912	106.500
811.118	27.500
811.324	61.500
811.530	117.500
811.739	5.500
811.947	89.500
812.156	125.500
812.365	53.500
812.573	224.500
812.782	-70.500
812.990	57.500
813.199	65.500
813.408	146.500
813.616	84.500
813.825	-71.500
814.034	5.500
814.242	185.500
814.451	109.500
814.659	7.500
814.868	256.500
815.077	222.500
815.285	91.500
815.494	19.500
815.703	-1.500
815.911	72.500
816.120	103.500
816.329	179.500
816.537	320.500
816.746	232.500
816.954	64.500
817.163	3.500
817.372	32.500
817.580	-7.500
817.789	100.500
817.998	78.500
818.206	137.500
818.415	277.500
818.624	-97.500
818.832	-298.500
819.041	-75.500
819.249	273.500
819.458	342.500
819.667	248.500
819.875	154.500
820.084	-4.500
820.293	82.500
820.501	-175.500
820.710	-37.500
820.919	305.500
821.127	133.500
821.336	82.500
821.544	67.500
821.753	105.500
821.962	102.500
822.170	80.500
822.379	172.500
822.588	-46.500
822.796	-267.500
823.005	-199.500
823.213	-65.500
823.422	86.500
823.631	174.500
823.839	77.500
824.048	91.500
824.257	143.500
824.465	271.500
824.674	76.500
824.883	157.500
825.091	234.500
825.300	1.500
825.508	355.500
825.717	387.500
825.926	51.500
826.134	-102.500
826.343	26.500
826.552	104.500
826.760	-11.500
826.969	25.500
827.178	-54.500
827.386	90.500
827.595	303.500
827.803	-63.500
828.012	-127.500
828.221	-23.500
828.429	362.500
828.638	263.500
828.847	241.500
829.055	98.500
829.264	-43.500
829.472	328.500
829.681	140.500
829.890	47.500
830.098	-62.500
830.307	18.500
830.516	-43.500
830.724	-174.500
830.933	-180.500
831.142	-25.500
831.350	220.500
831.559	302.500
831.767	-34.500
831.976	27.500
832.185	237.500
832.393	360.500
832.602	38.500
832.811	-30.500
833.019	22.500
833.228	134.500
833.437	106.500
833.645	107.500
833.854	62.500
834.062	175.500
834.271	187.500
834.480	38.500
834.688	125.500
834.897	-54.500
835.106	-170.500
835.314	-80.500
835.523	37.500
835.731	134.500
835.940	219.500
836.149	25.500
836.357	-12.500
836.566	120.500
836.775	127.500
836.983	39.500
837.192	68.500
837.401	-26.500
837.609	-35.500
837.818	222.500
838.026	38.500
838.235	196.500
838.444	351.500
838.652	202.500
838.861	212.500
839.070	281.500
839.278	245.500
839.487	57.500
839.696	264.500
839.904	176.500
840.113	-6.500
840.321	133.500
840.530	79.500
840.739	69.500
840.947	105.500
841.156	-178.500
841.365	-53.500
841.573	294.500
841.782	291.500
841.991	102.500
842.199	-29.500
842.408	-0.500
842.616	132.500
842.825	34.500
843.034	208.500
843.242	51.500
843.451	144.500
843.660	64.500
843.868	-166.500
844.077	-190.500
844.285	202.500
844.494	195.500
844.703	-24.500
844.911	-232.500
845.120	-228.500
845.329	-111.500
845.537	-45.500
845.746	9.500
845.955	121.500
846.163	-22.500
846.372	76.500
846.580	-54.500
846.789	-138.500
846.998	73.500
847.206	120.500
847.415	253.500
847.624	34.500
847.832	189.500
848.041	248.500
848.250	119.500
848.458	73.500
848.667	-1.500
848.875	43.500
849.084	36.500
849.293	52.500
849.501	-19.500
849.710	-107.500
849.919	21.500
850.127	-49.500
850.336	-30.500
850.544	-135.500
850.753	64.500
850.962	19.500
851.170	69.500
851.379	416.500
851.588	281.500
851.796	214.500
852.005	-44.500
852.214	110.500
852.422	353.500
852.631	228.500
852.839	-178.500
853.048	24.500
853.257	255.500
853.465	-99.500
853.674	-171.500
853.883	1.500
854.091	-192.500
854.300	-95.500
854.509	-70.500
854.717	182.500
854.926	247.500
855.134	118.500
855.343	-124.500
855.552	22.500
855.760	300.500
855.969	157.500
856.178	-177.500
856.386	-136.500
856.595	310.500
856.803	316.500
857.012	8.500
857.221	-3.500
857.429	207.500
857.638	162.500
857.847	162.500
858.055	108.500
858.264	229.500
858.473	286.500
858.681	193.500
858.890	50.500
859.098	69.500
859.307	0.500
859.516	-114.500
859.724	154.500
859.933	193.500
860.142	95.500
860.350	26.500
860.559	-178.500
860.768	-130.500
860.976	-167.500
861.185	-290.500
861.393	-183.500
861.602	114.500
861.811	53.500
862.019	3.500
862.228	19.500
862.437	-78.500
862.645	-153.500
862.854	25.500
863.062	182.500
863.271	185.500
863.480	335.500
863.688	229.500
863.897	-38.500
864.106	-253.500
864.314	-8.500
864.523	-39.500
864.732	-107.500
864.940	-71.500
865.149	48.500
865.357	61.500
865.566	102.500
865.775	221.500
865.983	212.500
866.192	-125.500
866.401	-256.500
866.609	-167.500
866.818	102.500
867.027	234.500
867.235	162.500
867.444	101.500
867.652	-114.500
867.861	95.500
868.070	9.500
868.278	30.500
868.487	98.500
868.696	162.500
868.904	58.500
869.113	-62.500
869.321	137.500
869.530	116.500
869.739	49.500
869.947	282.500
870.156	111.500
870.365	-184.500
870.573	-33.500
870.782	137.500
870.991	161.500
871.199	-33.500
871.408	-256.500
871.616	-202.500
871.825	-128.500
872.034	259.500
872.242	385.500
872.451	342.500
872.660	236.500
872.868	319.500
873.077	116.500
873.286	-15.500
873.494	275.500
873.703	232.500
873.911	229.500
874.120	-147.500
874.329	-186.500
874.537	94.500
874.746	204.500
874.955	229.500
875.163	-132.500
875.372	-197.500
875.581	68.500
875.789	260.500
875.998	145.500
876.206	76.500
876.415	146.500
876.624	92.500
876.832	-76.500
877.041	-40.500
877.250	37.500
877.458	53.500
877.667	277.500
877.875	234.500
878.084	61.500
878.293	95.500
878.501	31.500
878.710	6.500
878.919	85.500
879.127	-90.500
879.336	-289.500
879.545	-141.500
879.753	-198.500
879.962	-72.500
880.170	-48.500
880.379	18.500
880.588	-20.500
880.796	246.500
881.005	265.500
881.214	9.500
881.422	75.500
881.631	213.500
881.840	302.500
882.048	177.500
882.257	186.500
882.465	26.500
882.674	-52.500
882.883	86.500
883.091	120.500
883.300	108.500
883.509	-66.500
883.717	74.500
883.926	209.500
884.134	285.500
884.343	-42.500
884.552	17.500
884.760	69.500
884.969	361.500
885.178	-35.500
885.386	-69.500
885.595	10.500
885.804	89.500
886.012	-7.500
886.221	-62.500
886.429	-94.500
886.638	-223.500
886.847	-285.500
887.055	-73.500
887.264	103.500
887.473	191.500
887.681	103.500
887.890	-153.500
888.099	-40.500
888.307	4.500
888.516	6.500
888.724	148.500
888.933	85.500
889.142	213.500
889.350	144.500
889.559	189.500
889.768	7.500
889.976	101.500
890.185	177.500
890.393	95.500
890.602	79.500
890.811	124.500
891.019	186.500
891.228	394.500
891.437	158.500
891.645	130.500
891.854	148.500
892.063	142.500
892.271	136.500
892.480	-55.500
892.688	-9.500
892.897	85.500
893.106	152.500
893.314	144.500
893.523	-290.500
893.732	-104.500
893.940	73.500
894.149	-73.500
894.358	185.500
894.566	154.500
894.775	98.500
894.983	148.500
895.192	29.500
895.401	229.500
895.609	156.500
895.818	47.500
896.027	-129.500
896.235	-40.500
896.444	71.500
896.652	18.500
896.861	-140.500
897.070	117.500
897.278	215.500
897.487	357.500
897.696	262.500
897.904	39.500
898.113	239.500
898.322	131.500
898.530	-26.500
898.739	82.500
898.947	-2.500
899.156	-82.500
899.365	103.500
899.573	161.500
899.782	-8.500
899.991	-31.500
900.199	-165.500
900.408	70.500
900.617	72.500
900.825	65.500
901.034	202.500
901.242	13.500
901.451	-167.500
901.660	-151.500
901.868	45.500
902.077	49.500
902.286	-160.500
902.494	-176.500
902.703	167.500
902.911	49.500
903.120	31.500
903.329	29.500
903.537	-35.500
903.746	-98.500
903.955	-25.500
904.163	-90.500
904.372	-198.500
904.581	-150.500
904.789	25.500
904.998	183.500
905.206	48.500
905.415	48.500
905.624	38.500
905.832	54.500
906.041	-70.500
906.250	-120.500
906.458	-2.500
906.667	4.500
906.876	-315.500
907.084	-118.500
907.293	4.500
907.501	231.500
907.710	-55.500
907.919	-152.500
908.127	136.500
908.336	37.500
908.545	155.500
908.753	238.500
908.962	244.500
909.170	123.500
909.379	25.500
909.588	273.500
909.796	92.500
910.005	-112.500
910.214	-307.500
910.422	-82.500
910.631	-240.500
910.840	85.500
911.048	128.500
911.257	-69.500
911.465	88.500
911.674	260.500
911.883	227.500
912.091	147.500
912.300	131.500
912.508	137.500
912.716	150.500
912.924	69.500
913.132	148.500
913.340	205.500
913.549	53.500
913.757	-5.500
913.965	-69.500
914.173	40.500
914.381	17.500
914.589	-26.500
914.797	-17.500
915.005	60.500
915.213	122.500
915.421	95.500
915.629	-73.500
915.838	-269.500
916.046	-226.500
916.254	-23.500
916.462	28.500
916.670	47.500
916.878	-2.500
917.086	-12.500
917.294	55.500
917.502	96.500
917.710	147.500
917.919	-72.500
918.127	-181.500
918.335	-11.500
918.543	-31.500
918.751	140.500
918.959	84.500
919.167	-28.500
919.375	-202.500
919.583	159.500
919.791	90.500
919.999	16.500
920.208	240.500
920.416	3.500
920.624	6.500
920.832	77.500
921.040	-7.500
921.248	-31.500
921.456	-80.500
921.664	-250.500
921.872	-242.500
922.080	-222.500
922.288	-173.500
922.497	53.500
922.705	2.500
922.913	23.500
923.121	146.500
923.329	-48.500
923.537	-253.500
923.745	-67.500
923.953	-198.500
924.161	-128.500
924.369	113.500
924.578	28.500
924.786	30.500
924.994	198.500
925.202	138.500
925.410	115.500
925.618	89.500
925.826	62.500
926.034	169.500
926.242	186.500
926.450	-50.500
926.658	-41.500
926.867	213.500
927.075	1.500
927.283	75.500
927.491	174.500
927.699	209.500
927.907	306.500
928.115	407.500
928.323	-42.500
928.531	-152.500
928.739	-101.500
928.947	-2.500
929.156	149.500
929.364	146.500
929.572	201.500
929.780	-82.500
929.988	-151.500
930.196	8.500
930.404	52.500
930.612	-3.500
930.820	11.500
931.028	62.500
931.236	96.500
931.445	-47.500
931.653	4.500
931.861	198.500
932.069	-169.500
932.277	26.500
932.485	438.500
932.693	178.500
932.901	-38.500
933.109	4.500
933.317	75.500
933.526	48.500
933.734	-85.500
933.942	-116.500
934.150	42.500
934.358	-58.500
934.566	-98.500
934.774	-71.500
934.982	-139.500
935.190	76.500
935.398	100.500
935.606	62.500
935.815	49.500
936.023	190.500
936.231	175.500
936.439	142.500
936.647	143.500
936.855	9.500
937.063	-95.500
937.271	164.500
937.479	371.500
937.687	14.500
937.895	-42.500
938.104	84.500
938.312	34.500
938.520	-158.500
938.728	-214.500
938.936	-130.500
939.144	-29.500
939.352	0.500
939.560	109.500
939.768	10.500
939.976	-33.500
940.185	63.500
940.393	-12.500
940.601	-74.500
940.809	-113.500
941.017	90.500
941.225	71.500
941.433	57.500
941.641	15.500
941.849	-396.500
942.057	-114.500
942.265	-30.500
942.474	19.500
942.682	41.500
942.890	-214.500
943.098	-21.500
943.306	112.500
943.514	-83.500
943.722	-168.500
943.930	2.500
944.138	207.500
944.346	166.500
944.554	158.500
944.763	46.500
944.971	6.500
945.179	-115.500
945.387	-1.500
945.595	112.500
945.803	238.500
946.011	68.500
946.219	-9.500
946.427	-84.500
946.635	-99.500
946.843	216.500
947.052	240.500
947.260	65.500
947.468	97.500
947.676	-38.500
947.884	-42.500
948.092	162.500
948.300	294.500
948.508	105.500
948.716	-113.500
948.924	11.500
949.133	343.500
949.341	259.500
949.549	-23.500
949.757	199.500
949.965	76.500
950.173	-293.500
950.381	-46.500
950.589	148.500
950.797	225.500
951.005	-39.500
951.213	-176.500
951.422	-112.500
951.630	-24.500
951.838	58.500
952.046	320.500
952.254	38.500
952.462	38.500
952.670	225.500
952.878	187.500
953.086	273.500
953.294	293.500
953.502	60.500
953.711	94.500
953.919	56.500
954.127	-51.500
954.335	-142.500
954.543	-34.500
954.751	33.500
954.959	150.500
955.167	292.500
955.375	63.500
955.583	-47.500
955.792	249.500
956.000	218.500
956.208	91.500
956.416	5.500
956.624	174.500
956.832	130.500
957.040	-41.500
957.248	0.500
957.456	149.500
957.664	-14.500
957.872	-340.500
958.081	-274.500
958.289	15.500
958.497	65.500
958.705	11.500
958.913	-178.500
959.121	-205.500
959.329	-45.500
959.537	-307.500
959.745	-103.500
959.953	29.500
960.161	-17.500
960.370	-204.500
960.578	-135.500
960.786	237.500
960.994	120.500
961.202	-44.500
961.410	55.500
961.618	61.500
961.826	-58.500
962.034	231.500
962.242	63.500
962.451	-288.500
962.659	-302.500
962.867	-218.500
963.075	102.500
963.283	268.500
963.491	144.500
963.699	-8.500
963.907	57.500
964.115	115.500
964.323	177.500
964.531	126.500
964.740	-36.500
964.948	333.500
965.156	100.500
965.364	50.500
965.572	201.500
965.780	226.500
965.999	-30.500
966.218	-213.500
966.438	-272.500
966.657	-288.500
966.876	-60.500
967.095	-75.500
967.315	-302.500
967.534	-256.500
967.753	149.500
967.972	233.500
968.192	251.500
968.411	59.500
968.630	-173.500
968.849	-222.500
969.068	148.500
969.288	202.500
969.507	165.500
969.726	57.500
969.945	72.500
970.165	17.500
970.384	126.500
970.603	-146.500
970.822	-211.500
971.042	-229.500
971.261	-124.500
971.480	94.500
971.699	28.500
971.919	35.500
972.138	228.500
972.357	107.500
972.576	-91.500
972.795	41.500
973.015	21.500
973.234	58.500
973.453	-48.500
973.672	-121.500
973.892	-139.500
974.111	-120.500
974.330	42.500
974.549	160.500
974.769	-12.500
974.988	240.500
975.207	-60.500
975.426	-181.500
975.646	-87.500
975.865	-95.500
976.084	-7.500
976.303	54.500
976.522	-83.500
976.742	-216.500
976.961	-207.500
977.180	110.500
977.399	40.500
977.619	-39.500
977.838	147.500
978.057	234.500
978.276	146.500
978.496	28.500
978.715	86.500
978.934	52.500
979.153	-379.500
979.372	-263.500
979.592	28.500
979.811	163.500
980.030	112.500
980.249	-116.500
980.469	38.500
980.688	126.500
980.907	-137.500
981.126	-112.500
981.346	207.500
981.565	171.500
981.784	-132.500
982.003	76.500
982.223	262.500
982.442	476.500
982.661	7.500
982.880	-71.500
983.099	37.500
983.319	50.500
983.538	-29.500
983.757	-16.500
983.976	250.500
984.196	369.500
984.415	370.500
984.634	181.500
984.853	152.500
985.073	353.500
985.292	154.500
985.511	44.500
985.730	3.500
985.949	116.500
986.169	173.500
986.388	85.500
986.607	-320.500
986.826	-239.500
987.046	-329.500
987.265	-141.500
987.484	-7.500
987.703	117.500
987.923	-56.500
988.142	143.500
988.361	183.500
988.580	269.500
988.800	-15.500
989.019	174.500
989.238	112.500
989.457	-58.500
989.676	191.500
989.896	6.500
990.115	-196.500
990.334	-107.500
990.553	-136.500
990.773	-293.500
990.992	-90.500
991.211	4.500
991.430	189.500
991.650	-99.500
991.869	-125.500
992.088	-109.500
992.307	110.500
992.527	99.500
992.746	11.500
992.965	107.500
993.184	76.500
993.403	160.500
993.623	217.500
993.842	65.500
994.061	-58.500
994.280	-17.500
994.500	-158.500
994.719	-106.500
994.938	24.500
995.157	-242.500
995.377	-232.500
995.596	-12.500
995.815	37.500
996.034	-129.500
996.253	-198.500
996.473	-108.500
996.692	159.500
996.911	1.500
997.130	53.500
997.350	12.500
997.569	123.500
997.788	27.500
998.007	-344.500
998.227	-278.500
998.446	111.500
998.665	110.500
998.884	226.500
999.104	166.500
999.323	128.500
999.542	-43.500
999.761	-164.500
999.980	-129.500
1000.200	139.500
1000.419	28.500
1000.638	96.500
1000.857	269.500
1001.077	24.500
1001.296	8.500
1001.515	-120.500
1001.734	18.500
1001.954	18.500
1002.173	76.500
1002.392	245.500
1002.611	297.500
1002.830	50.500
1003.050	-169.500
1003.269	99.500
1003.488	217.500
1003.707	123.500
1003.927	6.500
1004.146	139.500
1004.365	185.500
1004.584	121.500
1004.804	80.500
1005.023	99.500
1005.242	18.500
1005.461	69.500
1005.681	-5.500
1005.900	69.500
1006.119	149.500
1006.338	-9.500
1006.557	-3.500
1006.777	259.500
1006.996	301.500
1007.215	-32.500
1007.434	-58.500
1007.654	267.500
1007.873	345.500
1008.092	63.500
1008.311	-69.500
1008.531	-220.500
1008.750	48.500
1008.969	167.500
1009.188	-251.500
1009.407	-131.500
1009.627	-48.500
1009.846	-159.500
1010.065	-13.500
1010.284	-169.500
1010.504	-327.500
1010.723	-207.500
1010.942	-134.500
1011.161	1.500
1011.381	-109.500
1011.600	-200.500
1011.819	126.500
1012.038	-48.500
1012.258	70.500
1012.477	274.500
1012.696	116.500
1012.915	88.500
1013.134	113.500
1013.354	-67.500
1013.573	-20.500
1013.792	81.500
1014.011	-49.500
1014.231	-2.500
1014.450	155.500
1014.669	-124.500
1014.888	-242.500
1015.108	134.500
1015.327	81.500
1015.546	90.500
1015.765	233.500
1015.984	122.500
1016.204	158.500
1016.423	126.500
1016.642	285.500
1016.861	188.500
1017.081	-88.500
1017.300	-26.500
1017.519	81.500
