296.912	91.000
297.101	111.000
297.290	106.000
297.479	74.000
297.668	96.000
297.858	110.000
298.047	111.000
298.236	122.000
298.425	118.000
298.614	108.000
298.803	130.000
298.992	129.000
299.181	151.000
299.370	105.000
299.559	85.000
299.748	68.000
299.937	65.000
300.126	83.000
300.315	97.000
300.504	146.000
300.693	128.000
300.882	113.000
301.071	134.000
301.260	124.000
301.449	96.000
301.638	59.000
301.827	106.000
302.016	80.000
302.205	108.000
302.395	121.000
302.584	152.000
302.773	131.000
302.962	83.000
303.151	79.000
303.340	84.000
303.529	75.000
303.718	64.000
303.907	77.000
304.096	100.000
304.285	129.000
304.474	101.000
304.663	108.000
304.852	86.000
305.041	66.000
305.230	83.000
305.419	84.000
305.608	76.000
305.797	67.000
305.986	102.000
306.175	130.000
306.364	98.000
306.553	125.000
306.743	144.000
306.932	74.000
307.121	46.000
307.310	79.000
307.499	80.000
307.688	64.000
307.877	122.000
308.066	115.000
308.255	68.000
308.444	76.000
308.633	88.000
308.822	84.000
309.011	93.000
309.200	90.000
309.389	107.000
309.578	108.000
309.767	115.000
309.956	119.000
310.145	136.000
310.334	113.000
310.523	101.000
310.712	86.000
310.901	102.000
311.091	108.000
311.280	70.000
311.469	28.000
311.658	59.000
311.847	86.000
312.036	67.000
312.225	84.000
312.414	102.000
312.603	95.000
312.792	94.000
312.981	96.000
313.170	78.000
313.349	116.000
313.527	112.000
313.706	94.000
313.884	53.000
314.063	70.000
314.241	100.000
314.420	111.000
314.598	98.000
314.777	102.000
314.955	61.000
315.134	95.000
315.312	134.000
315.491	124.000
315.669	80.000
315.848	79.000
316.027	80.000
316.205	75.000
316.384	99.000
316.562	94.000
316.741	45.000
316.919	80.000
317.098	115.000
317.276	97.000
317.455	113.000
317.633	113.000
317.812	116.000
317.990	118.000
318.169	94.000
318.347	129.000
318.526	132.000
318.705	103.000
318.883	99.000
319.062	120.000
319.240	80.000
319.419	110.000
319.597	134.000
319.776	97.000
319.954	86.000
320.133	108.000
320.311	124.000
320.490	138.000
320.668	141.000
320.847	98.000
321.025	97.000
321.204	138.000
321.382	98.000
321.561	73.000
321.740	112.000
321.918	118.000
322.097	92.000
322.275	113.000
322.454	120.000
322.632	104.000
322.811	97.000
322.989	114.000
323.168	104.000
323.346	103.000
323.525	81.000
323.703	96.000
323.882	138.000
324.060	80.000
324.239	85.000
324.418	144.000
324.596	109.000
324.775	75.000
324.953	68.000
325.132	87.000
325.310	106.000
325.489	95.000
325.667	72.000
325.846	120.000
326.024	130.000
326.203	105.000
326.381	108.000
326.560	135.000
326.738	131.000
326.917	111.000
327.096	99.000
327.274	164.000
327.453	154.000
327.631	112.000
327.810	137.000
327.988	117.000
328.167	116.000
328.345	111.000
328.524	84.000
328.702	79.000
328.881	142.000
329.059	140.000
329.238	84.000
329.416	106.000
329.595	107.000
329.774	121.000
329.952	138.000
330.131	125.000
330.309	109.000
330.488	144.000
330.666	163.000
330.845	117.000
331.023	145.000
331.202	137.000
331.380	124.000
331.559	112.000
331.737	94.000
331.916	114.000
332.094	111.000
332.273	84.000
332.452	102.000
332.630	131.000
332.809	129.000
332.987	139.000
333.166	153.000
333.344	99.000
333.523	127.000
333.701	115.000
333.880	124.000
334.058	101.000
334.237	99.000
334.415	171.000
334.594	186.000
334.772	121.000
334.951	99.000
335.129	106.000
335.308	132.000
335.487	120.000
335.665	114.000
335.844	116.000
336.022	131.000
336.201	123.000
336.379	165.000
336.558	151.000
336.736	144.000
336.915	172.000
337.093	137.000
337.272	103.000
337.450	123.000
337.629	126.000
337.807	115.000
337.986	130.000
338.165	138.000
338.343	120.000
338.522	107.000
338.700	117.000
338.879	107.000
339.057	116.000
339.236	122.000
339.414	143.000
339.593	133.000
339.771	117.000
339.950	120.000
340.128	133.000
340.307	131.000
340.485	166.000
340.664	153.000
340.843	136.000
341.021	132.000
341.200	139.000
341.378	126.000
341.557	106.000
341.735	116.000
341.914	84.000
342.092	98.000
342.271	129.000
342.449	111.000
342.628	104.000
342.806	136.000
342.985	159.000
343.163	176.000
343.342	136.000
343.521	132.000
343.699	126.000
343.878	113.000
344.056	106.000
344.235	95.000
344.413	95.000
344.592	147.000
344.770	118.000
344.949	82.000
345.127	115.000
345.306	147.000
345.484	116.000
345.663	110.000
345.841	135.000
346.020	134.000
346.199	125.000
346.377	138.000
346.556	139.000
346.734	151.000
346.913	126.000
347.091	133.000
347.270	158.000
347.448	153.000
347.627	141.000
347.805	124.000
347.984	162.000
348.162	177.000
348.341	141.000
348.519	137.000
348.698	173.000
348.876	169.000
349.055	149.000
349.234	131.000
349.412	126.000
349.591	112.000
349.769	145.000
349.948	138.000
350.126	131.000
350.305	144.000
350.483	142.000
350.662	159.000
350.840	145.000
351.019	152.000
351.197	124.000
351.376	78.000
351.554	148.000
351.733	168.000
351.912	167.000
352.090	162.000
352.269	133.000
352.447	122.000
352.626	121.000
352.804	138.000
352.983	151.000
353.161	150.000
353.340	178.000
353.518	195.000
353.697	143.000
353.875	156.000
354.054	180.000
354.232	164.000
354.411	176.000
354.590	162.000
354.768	148.000
354.947	174.000
355.125	185.000
355.304	169.000
355.482	151.000
355.661	151.000
355.839	138.000
356.018	133.000
356.196	148.000
356.375	158.000
356.553	130.000
356.732	122.000
356.910	124.000
357.089	164.000
357.268	176.000
357.446	180.000
357.625	156.000
357.803	126.000
357.982	156.000
358.160	116.000
358.339	90.000
358.517	116.000
358.696	165.000
358.874	127.000
359.053	143.000
359.231	191.000
359.410	179.000
359.588	140.000
359.767	135.000
359.945	139.000
360.124	142.000
360.303	147.000
360.481	139.000
360.660	138.000
360.838	167.000
361.017	160.000
361.195	148.000
361.374	193.000
361.552	168.000
361.731	162.000
361.909	189.000
362.088	145.000
362.266	164.000
362.445	131.000
362.623	141.000
362.802	177.000
362.981	153.000
363.159	162.000
363.338	151.000
363.516	152.000
363.695	168.000
363.873	135.000
364.052	115.000
364.230	146.000
364.409	143.000
364.587	142.000
364.766	144.000
364.944	123.000
365.123	158.000
365.301	187.000
365.480	172.000
365.660	157.000
365.839	153.000
366.019	156.000
366.199	165.000
366.379	159.000
366.558	140.000
366.738	173.000
366.918	149.000
367.098	142.000
367.277	126.000
367.457	170.000
367.637	199.000
367.816	193.000
367.996	195.000
368.176	162.000
368.356	144.000
368.535	148.000
368.715	140.000
368.895	169.000
369.075	159.000
369.254	160.000
369.434	179.000
369.614	167.000
369.793	132.000
369.973	154.000
370.153	172.000
370.333	145.000
370.512	142.000
370.692	150.000
370.872	168.000
371.051	163.000
371.231	153.000
371.411	147.000
371.591	147.000
371.770	140.000
371.950	160.000
372.130	145.000
372.310	155.000
372.489	196.000
372.669	188.000
372.849	162.000
373.028	151.000
373.208	129.000
373.388	137.000
373.568	169.000
373.747	137.000
373.927	120.000
374.107	156.000
374.287	174.000
374.466	169.000
374.646	128.000
374.826	159.000
375.005	169.000
375.185	177.000
375.365	147.000
375.545	162.000
375.724	165.000
375.904	167.000
376.084	199.000
376.263	212.000
376.443	205.000
376.623	184.000
376.803	159.000
376.982	172.000
377.162	140.000
377.342	119.000
377.522	160.000
377.701	174.000
377.881	133.000
378.061	165.000
378.240	188.000
378.420	178.000
378.600	162.000
378.780	155.000
378.959	130.000
379.139	154.000
379.319	196.000
379.499	189.000
379.678	158.000
379.858	136.000
380.038	159.000
380.217	182.000
380.397	164.000
380.577	136.000
380.757	131.000
380.936	139.000
381.116	175.000
381.296	199.000
381.476	173.000
381.655	176.000
381.835	157.000
382.015	153.000
382.194	199.000
382.374	177.000
382.554	156.000
382.734	185.000
382.913	173.000
383.093	157.000
383.273	147.000
383.452	132.000
383.632	134.000
383.812	171.000
383.992	150.000
384.171	129.000
384.351	134.000
384.531	160.000
384.711	183.000
384.890	187.000
385.070	189.000
385.250	188.000
385.429	192.000
385.609	152.000
385.789	113.000
385.969	140.000
386.148	168.000
386.328	188.000
386.508	168.000
386.688	138.000
386.867	132.000
387.047	173.000
387.227	145.000
387.406	136.000
387.586	126.000
387.766	149.000
387.946	169.000
388.125	174.000
388.305	146.000
388.485	143.000
388.664	145.000
388.844	116.000
389.024	121.000
389.204	101.000
389.383	122.000
389.563	144.000
389.743	132.000
389.923	121.000
390.102	126.000
390.282	125.000
390.462	152.000
390.641	151.000
390.821	125.000
391.001	132.000
391.181	131.000
391.360	171.000
391.540	149.000
391.720	111.000
391.900	149.000
392.079	149.000
392.259	142.000
392.439	171.000
392.618	141.000
392.798	135.000
392.978	140.000
393.158	149.000
393.337	160.000
393.517	160.000
393.697	169.000
393.877	168.000
394.056	161.000
394.236	206.000
394.416	187.000
394.595	190.000
394.775	197.000
394.955	227.000
395.135	195.000
395.314	192.000
395.494	222.000
395.674	210.000
395.853	191.000
396.033	221.000
396.213	195.000
396.393	187.000
396.572	179.000
396.752	201.000
396.932	216.000
397.112	227.000
397.291	195.000
397.471	192.000
397.651	240.000
397.830	170.000
398.010	178.000
398.190	226.000
398.370	264.000
398.549	261.000
398.729	202.000
398.909	183.000
399.089	213.000
399.268	227.000
399.448	240.000
399.628	209.000
399.807	200.000
399.987	284.000
400.167	280.000
400.347	247.000
400.526	254.000
400.706	252.000
400.886	237.000
401.065	239.000
401.245	223.000
401.425	231.000
401.605	233.000
401.784	192.000
401.964	215.000
402.144	282.000
402.324	280.000
402.503	225.000
402.683	238.000
402.863	253.000
403.042	214.000
403.222	224.000
403.402	268.000
403.582	255.000
403.761	270.000
403.941	296.000
404.121	270.000
404.301	280.000
404.480	279.000
404.660	291.000
404.844	291.000
405.029	302.000
405.213	340.000
405.398	324.000
405.582	306.000
405.767	338.000
405.951	395.000
406.136	379.000
406.320	377.000
406.505	389.000
406.689	368.000
406.874	384.000
407.058	406.000
407.243	464.000
407.427	524.000
407.612	556.000
407.796	548.000
407.981	583.000
408.165	647.000
408.350	683.000
408.534	688.000
408.719	712.000
408.903	727.000
409.088	785.000
409.272	803.000
409.457	821.000
409.641	905.000
409.826	989.000
410.010	1090.000
410.195	1177.000
410.379	1279.000
410.564	1340.000
410.748	1449.000
410.933	1567.000
411.117	1647.000
411.302	1723.000
411.486	1832.000
411.671	1898.000
411.855	1952.000
412.040	2048.000
412.224	2190.000
412.409	2381.000
412.593	2478.000
412.778	2455.000
412.962	2607.000
413.147	2741.000
413.331	2870.000
413.516	2964.000
413.700	3073.000
413.885	3181.000
414.069	3335.000
414.254	3499.000
414.438	3687.000
414.623	3753.000
414.807	3770.000
414.992	3922.000
415.176	4100.000
415.361	4186.000
415.545	4284.000
415.730	4515.000
415.914	4709.000
416.099	4820.000
416.283	4941.000
416.468	4916.000
416.652	5029.000
416.837	5133.000
417.021	5219.000
417.206	5346.000
417.390	5373.000
417.575	5491.000
417.759	5633.000
417.944	5754.000
418.128	5892.000
418.313	6017.000
418.497	6080.000
418.682	6162.000
418.866	6266.000
419.051	6317.000
419.235	6423.000
419.420	6529.000
419.604	6668.000
419.789	6863.000
419.973	6998.000
420.158	7135.000
420.342	7290.000
420.527	7432.000
420.711	7644.000
420.896	7786.000
421.080	7917.000
421.265	7955.000
421.449	7893.000
421.634	7996.000
421.818	7981.000
422.003	7889.000
422.187	7870.000
422.372	7875.000
422.556	7884.000
422.741	8080.000
422.925	8236.000
423.110	8402.000
423.294	8491.000
423.479	8604.000
423.663	8702.000
423.848	8679.000
424.032	8681.000
424.217	8812.000
424.401	8988.000
424.586	8996.000
424.770	8933.000
424.955	9081.000
425.139	9137.000
425.324	9200.000
425.508	9325.000
425.693	9347.000
425.877	9375.000
426.062	9387.000
426.246	9382.000
426.431	9308.000
426.615	9356.000
426.800	9348.000
426.984	9364.000
427.169	9408.000
427.353	9482.000
427.538	9617.000
427.722	9559.000
427.907	9582.000
428.091	9682.000
428.276	9531.000
428.460	9432.000
428.645	9398.000
428.829	9138.000
429.014	9120.000
429.198	9052.000
429.383	8724.000
429.567	8419.000
429.752	8202.000
429.936	8036.000
430.121	8004.000
430.305	7992.000
430.490	8182.000
430.674	8504.000
430.859	9021.000
431.043	9396.000
431.228	9677.000
431.412	9915.000
431.597	10182.000
431.781	10307.000
431.966	10399.000
432.150	10626.000
432.335	10856.000
432.519	10997.000
432.704	11000.000
432.888	10968.000
433.073	10945.000
433.257	10752.000
433.442	10556.000
433.626	10599.000
433.811	10755.000
433.995	10841.000
434.180	10956.000
434.364	11129.000
434.549	11323.000
434.733	11287.000
434.918	11427.000
435.102	11605.000
435.287	11912.000
435.471	12127.000
435.656	12210.000
435.840	12436.000
436.030	12409.000
436.219	12466.000
436.409	12511.000
436.599	12456.000
436.789	12237.000
436.978	12191.000
437.168	12158.000
437.358	12009.000
437.548	11930.000
437.737	11866.000
437.927	11734.000
438.117	11651.000
438.306	11695.000
438.496	11726.000
438.686	11856.000
438.876	12060.000
439.065	12236.000
439.255	12235.000
439.445	12305.000
439.634	12476.000
439.824	12487.000
440.014	12647.000
440.204	12652.000
440.393	12817.000
440.583	13030.000
440.773	13120.000
440.963	13369.000
441.152	13646.000
441.342	13692.000
441.532	13841.000
441.721	14028.000
441.911	14161.000
442.101	14301.000
442.291	14253.000
442.480	14351.000
442.670	14491.000
442.860	14445.000
443.050	14588.000
443.239	14553.000
443.429	14667.000
443.619	14856.000
443.808	14846.000
443.998	14924.000
444.188	15072.000
444.378	15155.000
444.567	15253.000
444.757	15218.000
444.947	15004.000
445.137	14853.000
445.326	14761.000
445.516	14728.000
445.706	14751.000
445.895	14832.000
446.085	15142.000
446.275	15138.000
446.465	15291.000
446.654	15504.000
446.844	15548.000
447.034	15907.000
447.223	16175.000
447.413	16219.000
447.603	16313.000
447.793	16335.000
447.982	16213.000
448.172	16237.000
448.362	16285.000
448.552	16566.000
448.741	16667.000
448.931	16525.000
449.121	16670.000
449.310	16826.000
449.500	16851.000
449.690	17068.000
449.880	17211.000
450.069	17535.000
450.259	17551.000
450.449	17659.000
450.639	17737.000
450.828	17709.000
451.018	17834.000
451.208	17723.000
451.397	17702.000
451.587	17637.000
451.777	17542.000
451.967	17695.000
452.156	17370.000
452.346	17241.000
452.536	16979.000
452.725	16657.000
452.915	16681.000
453.105	16715.000
453.295	16681.000
453.484	16785.000
453.674	17043.000
453.864	17187.000
454.054	17040.000
454.243	17223.000
454.433	17188.000
454.623	16982.000
454.812	16992.000
455.002	17182.000
455.192	17313.000
455.382	17347.000
455.571	17398.000
455.761	17495.000
455.951	17555.000
456.141	17696.000
456.330	17755.000
456.520	17713.000
456.710	17691.000
456.899	17866.000
457.089	17987.000
457.279	18057.000
457.469	17977.000
457.658	17892.000
457.848	17684.000
458.038	17503.000
458.228	17458.000
458.417	17620.000
458.607	17562.000
458.797	17468.000
458.986	17540.000
459.176	17492.000
459.366	17388.000
459.556	17400.000
459.745	17517.000
459.935	17473.000
460.125	17446.000
460.314	17568.000
460.504	17751.000
460.694	17823.000
460.884	18014.000
461.073	18065.000
461.263	17978.000
461.453	18110.000
461.643	18123.000
461.832	18234.000
462.022	18266.000
462.212	18461.000
462.401	18503.000
462.591	18319.000
462.781	18182.000
462.971	18340.000
463.160	18299.000
463.350	18349.000
463.540	18377.000
463.730	18250.000
463.919	17841.000
464.109	17888.000
464.299	18084.000
464.488	17926.000
464.678	17706.000
464.868	17800.000
465.058	17905.000
465.247	18036.000
465.437	18026.000
465.627	18011.000
465.816	17946.000
466.006	17918.000
466.196	17785.000
466.386	17805.000
466.575	17749.000
466.765	17722.000
466.955	17743.000
467.145	17769.000
467.334	17778.000
467.524	17887.000
467.714	17895.000
467.903	17984.000
468.093	18033.000
468.283	18148.000
468.473	18195.000
468.662	18449.000
468.852	18499.000
469.042	18491.000
469.232	18385.000
469.421	18444.000
469.611	18473.000
469.801	18228.000
469.990	18130.000
470.180	18150.000
470.370	18123.000
470.560	18140.000
470.749	18207.000
470.939	18154.000
471.129	18415.000
471.318	18651.000
471.508	18935.000
471.698	19004.000
471.888	19031.000
472.077	19076.000
472.267	19096.000
472.457	19082.000
472.647	19271.000
472.836	19122.000
473.026	19266.000
473.216	19214.000
473.405	19056.000
473.595	19111.000
473.785	19240.000
473.975	19128.000
474.164	19402.000
474.354	19558.000
474.544	19664.000
474.734	19737.000
474.923	19639.000
475.113	19656.000
475.303	19696.000
475.492	19642.000
475.682	19599.000
475.872	19286.000
476.062	19284.000
476.251	19450.000
476.441	19301.000
476.631	19216.000
476.821	19162.000
477.010	19445.000
477.200	19720.000
477.390	19816.000
477.579	19832.000
477.769	19978.000
477.959	19964.000
478.149	20107.000
478.338	20032.000
478.528	19966.000
478.718	19832.000
478.907	19757.000
479.097	20050.000
479.287	20041.000
479.477	19765.000
479.666	19930.000
479.856	20096.000
480.046	19968.000
480.236	19982.000
480.425	20027.000
480.615	20077.000
480.805	20011.000
480.994	19923.000
481.184	19886.000
481.374	20027.000
481.564	20153.000
481.753	20063.000
481.943	20007.000
482.133	19969.000
482.323	19936.000
482.512	19893.000
482.702	19825.000
482.892	19849.000
483.081	19830.000
483.271	19693.000
483.461	19445.000
483.651	19516.000
483.840	19543.000
484.030	19428.000
484.220	19329.000
484.409	19359.000
484.599	19274.000
484.789	19221.000
484.979	19177.000
485.168	18820.000
485.358	18406.000
485.548	18030.000
485.738	17425.000
485.927	17058.000
486.117	16867.000
486.307	16728.000
486.496	16508.000
486.686	16529.000
486.876	16786.000
487.066	17055.000
487.255	17320.000
487.445	17457.000
487.635	17700.000
487.825	17999.000
488.014	18160.000
488.204	18055.000
488.394	18227.000
488.583	18106.000
488.773	18113.000
488.963	18234.000
489.153	18285.000
489.342	18558.000
489.532	18803.000
489.722	18967.000
489.912	19025.000
490.101	19098.000
490.291	19095.000
490.481	19129.000
490.670	19277.000
490.860	19166.000
491.050	19134.000
491.240	19077.000
491.429	18851.000
491.619	18593.000
491.809	18443.000
491.998	18442.000
492.188	18369.000
492.378	18464.000
492.568	18548.000
492.757	18665.000
492.947	18898.000
493.137	18888.000
493.327	18865.000
493.516	18787.000
493.706	18819.000
493.896	18729.000
494.085	19026.000
494.275	19084.000
494.465	19280.000
494.655	19466.000
494.844	19569.000
495.034	19600.000
495.224	19573.000
495.414	19648.000
495.603	19437.000
495.793	19348.000
495.983	19501.000
496.172	19478.000
496.362	19415.000
496.552	19510.000
496.742	19686.000
496.931	19648.000
497.121	19711.000
497.311	19758.000
497.500	19705.000
497.690	19570.000
497.880	19349.000
498.070	19209.000
498.259	19134.000
498.449	19155.000
498.639	19003.000
498.829	19022.000
499.018	19227.000
499.208	19358.000
499.398	19195.000
499.587	19139.000
499.777	19067.000
499.967	19165.000
500.157	19152.000
500.346	18903.000
500.536	18915.000
500.726	18819.000
500.916	18794.000
501.105	18594.000
501.295	18674.000
501.485	18581.000
501.674	18438.000
501.864	18506.000
502.054	18674.000
502.244	18692.000
502.433	18673.000
502.623	18952.000
502.813	18897.000
503.003	18946.000
503.192	19106.000
503.382	18838.000
503.572	18705.000
503.761	18621.000
503.951	18660.000
504.141	18726.000
504.331	18703.000
504.520	18668.000
504.710	18732.000
504.900	18827.000
505.089	18996.000
505.279	19106.000
505.469	19279.000
505.659	19380.000
505.848	19238.000
506.038	19201.000
506.228	19370.000
506.418	19249.000
506.607	19079.000
506.797	19084.000
506.987	19121.000
507.176	19058.000
507.366	18896.000
507.556	18816.000
507.746	18705.000
507.935	18758.000
508.125	18884.000
508.315	18848.000
508.505	18732.000
508.694	18718.000
508.884	18771.000
509.074	18981.000
509.263	18884.000
509.453	18874.000
509.643	18863.000
509.833	18804.000
510.022	18566.000
510.212	18561.000
510.402	18748.000
510.592	18524.000
510.781	18590.000
510.971	18582.000
511.161	18503.000
511.350	18773.000
511.540	18910.000
511.730	18684.000
511.920	18662.000
512.109	18457.000
512.299	18257.000
512.489	18251.000
512.678	18199.000
512.868	18006.000
513.058	17978.000
513.248	17960.000
513.437	17949.000
513.627	17757.000
513.817	17573.000
514.007	17526.000
514.196	17615.000
514.386	17688.000
514.576	17737.000
514.765	17639.000
514.955	17521.000
515.145	17595.000
515.335	17644.000
515.524	17677.000
515.714	17594.000
515.904	17347.000
516.094	17262.000
516.283	16942.000
516.473	16460.000
516.663	16192.000
516.852	15905.000
517.042	15811.000
517.232	15771.000
517.422	15894.000
517.611	16063.000
517.801	16104.000
517.991	16124.000
518.180	16044.000
518.370	15886.000
518.560	15936.000
518.750	16024.000
518.939	16183.000
519.129	16374.000
519.319	16500.000
519.509	16664.000
519.698	16851.000
519.888	16763.000
520.078	16774.000
520.267	16905.000
520.457	17071.000
520.647	17184.000
520.837	17167.000
521.026	17196.000
521.216	17421.000
521.406	17412.000
521.596	17443.000
521.785	17511.000
521.975	17305.000
522.165	17259.000
522.354	17129.000
522.544	17189.000
522.734	17069.000
522.924	16911.000
523.113	17147.000
523.303	17186.000
523.493	17300.000
523.683	17406.000
523.872	17424.000
524.062	17571.000
524.252	17749.000
524.441	17628.000
524.631	17682.000
524.821	17688.000
525.011	17787.000
525.200	17747.000
525.390	17756.000
525.580	17517.000
525.769	17404.000
525.959	17254.000
526.149	16894.000
526.339	16817.000
526.528	16641.000
526.718	16532.000
526.908	16492.000
527.098	16506.000
527.287	16509.000
527.477	16507.000
527.667	16817.000
527.856	17113.000
528.046	17174.000
528.236	17295.000
528.426	17349.000
528.615	17570.000
528.805	17809.000
528.995	17796.000
529.185	17708.000
529.374	17766.000
529.564	17732.000
529.754	17575.000
529.943	17715.000
530.133	17803.000
530.323	17786.000
530.513	17734.000
530.702	17763.000
530.892	17738.000
531.082	17676.000
531.271	17622.000
531.461	17611.000
531.651	17505.000
531.841	17231.000
532.030	17042.000
532.220	16868.000
532.410	16812.000
532.600	16683.000
532.789	16394.000
532.979	16440.000
533.169	16650.000
533.358	16515.000
533.548	16428.000
533.738	16376.000
533.928	16327.000
534.117	16473.000
534.307	16637.000
534.497	16403.000
534.687	16493.000
534.876	16672.000
535.066	16795.000
535.256	16877.000
535.445	16808.000
535.635	16648.000
535.825	16507.000
536.015	16335.000
536.204	16132.000
536.394	16109.000
536.584	16076.000
536.773	16057.000
536.963	16096.000
537.153	16211.000
537.343	16240.000
537.532	16172.000
537.722	16077.000
537.912	16045.000
538.102	16136.000
538.291	15998.000
538.481	15901.000
538.671	15769.000
538.860	15708.000
539.050	15617.000
539.240	15621.000
539.430	15506.000
539.619	15427.000
539.809	15338.000
539.999	15441.000
540.189	15222.000
540.378	15172.000
540.568	15176.000
540.758	15255.000
540.947	15348.000
541.137	15443.000
541.327	15531.000
541.517	15441.000
541.706	15579.000
541.896	15498.000
542.086	15268.000
542.276	15233.000
542.465	15396.000
542.655	15325.000
542.845	15187.000
543.034	15287.000
543.224	15326.000
543.414	15428.000
543.604	15486.000
543.793	15507.000
543.983	15516.000
544.173	15498.000
544.362	15468.000
544.552	15370.000
544.742	15485.000
544.932	15455.000
545.121	15280.000
545.311	15405.000
545.501	15350.000
545.691	15307.000
545.880	15321.000
546.070	15424.000
546.264	15423.000
546.459	15282.000
546.653	15202.000
546.847	15035.000
547.041	14856.000
547.236	14929.000
547.430	14954.000
547.624	14972.000
547.818	14978.000
548.013	14852.000
548.207	14965.000
548.401	15007.000
548.596	15088.000
548.790	15172.000
548.984	15223.000
549.178	15113.000
549.373	15093.000
549.567	15213.000
549.761	15106.000
549.956	14973.000
550.150	14910.000
550.344	14947.000
550.538	14961.000
550.733	15033.000
550.927	15099.000
551.121	14963.000
551.315	14996.000
551.510	14967.000
551.704	14940.000
551.898	14979.000
552.093	14785.000
552.287	14639.000
552.481	14775.000
552.675	14789.000
552.870	14916.000
553.064	14868.000
553.258	14818.000
553.453	14836.000
553.647	14934.000
553.841	14866.000
554.035	14857.000
554.230	14929.000
554.424	15016.000
554.618	14928.000
554.812	14826.000
555.007	14869.000
555.201	14915.000
555.395	14702.000
555.590	14663.000
555.784	14647.000
555.978	14541.000
556.172	14491.000
556.367	14522.000
556.561	14489.000
556.755	14463.000
556.949	14373.000
557.144	14333.000
557.338	14326.000
557.532	14376.000
557.727	14368.000
557.921	14376.000
558.115	14267.000
558.309	14050.000
558.504	13917.000
558.698	14059.000
558.892	14185.000
559.087	14094.000
559.281	14017.000
559.475	14083.000
559.669	14146.000
559.864	14190.000
560.058	14278.000
560.252	14138.000
560.446	14268.000
560.641	14325.000
560.835	14308.000
561.029	14407.000
561.224	14353.000
561.418	14348.000
561.612	14314.000
561.806	14331.000
562.001	14327.000
562.195	14275.000
562.389	14345.000
562.584	14423.000
562.778	14430.000
562.972	14340.000
563.166	14365.000
563.361	14417.000
563.555	14361.000
563.749	14360.000
563.943	14223.000
564.138	14273.000
564.332	14342.000
564.526	14278.000
564.721	14100.000
564.915	14064.000
565.109	14099.000
565.303	13939.000
565.498	13903.000
565.692	13964.000
565.886	13984.000
566.081	13968.000
566.275	13959.000
566.469	13993.000
566.663	13971.000
566.858	14161.000
567.052	14131.000
567.246	14020.000
567.440	13967.000
567.635	13914.000
567.829	13831.000
568.023	13766.000
568.218	13720.000
568.412	13658.000
568.606	13748.000
568.800	13817.000
568.995	13702.000
569.189	13541.000
569.383	13599.000
569.577	13559.000
569.772	13428.000
569.966	13301.000
570.160	13255.000
570.355	13236.000
570.549	13204.000
570.743	13279.000
570.937	13446.000
571.132	13445.000
571.326	13468.000
571.520	13559.000
571.715	13477.000
571.909	13480.000
572.103	13538.000
572.297	13661.000
572.492	13401.000
572.686	13522.000
572.880	13686.000
573.074	13619.000
573.269	13496.000
573.463	13400.000
573.657	13427.000
573.852	13514.000
574.046	13499.000
574.240	13330.000
574.434	13222.000
574.629	13169.000
574.823	13112.000
575.017	13025.000
575.212	13103.000
575.406	13106.000
575.600	13117.000
575.794	13152.000
575.989	13149.000
576.183	13145.000
576.377	12999.000
576.571	12966.000
576.766	12938.000
576.960	12929.000
577.159	13006.000
577.357	12814.000
577.556	12779.000
577.755	12650.000
577.953	12664.000
578.152	12699.000
578.350	12742.000
578.549	12669.000
578.748	12646.000
578.946	12706.000
579.145	12674.000
579.344	12700.000
579.542	12673.000
579.741	12617.000
579.940	12784.000
580.138	12876.000
580.337	13046.000
580.535	13167.000
580.734	13213.000
580.933	13103.000
581.131	13113.000
581.330	13157.000
581.529	13144.000
581.727	13263.000
581.926	13355.000
582.125	13561.000
582.323	13631.000
582.522	13590.000
582.721	13674.000
582.919	13721.000
583.118	13720.000
583.316	13830.000
583.515	13791.000
583.714	13776.000
583.912	13833.000
584.111	13864.000
584.310	13901.000
584.508	13813.000
584.707	13775.000
584.906	13776.000
585.104	13625.000
585.303	13601.000
585.501	13660.000
585.700	13726.000
585.899	13770.000
586.097	13849.000
586.296	14001.000
586.495	13938.000
586.693	13775.000
586.892	13670.000
587.091	13616.000
587.289	13694.000
587.488	13783.000
587.686	13388.000
587.885	13169.000
588.084	13125.000
588.282	12909.000
588.481	12631.000
588.680	12312.000
588.878	12108.000
589.077	12164.000
589.276	12171.000
589.474	12255.000
589.673	12404.000
589.871	12578.000
590.070	12600.000
590.269	12545.000
590.467	12688.000
590.666	12815.000
590.865	12755.000
591.063	12678.000
591.262	12647.000
591.461	12798.000
591.659	12972.000
591.858	12902.000
592.056	12913.000
592.255	12876.000
592.454	12898.000
592.652	12982.000
592.851	12892.000
593.050	12914.000
593.248	12898.000
593.447	12913.000
593.646	12958.000
593.844	12888.000
594.043	12699.000
594.241	12660.000
594.440	12817.000
594.639	12810.000
594.837	12733.000
595.036	12775.000
595.235	12801.000
595.433	12762.000
595.632	12937.000
595.831	12914.000
596.029	12910.000
596.228	12988.000
596.427	13048.000
596.625	12972.000
596.824	12956.000
597.022	12808.000
597.221	12893.000
597.420	12931.000
597.618	12900.000
597.817	12903.000
598.016	12981.000
598.214	12850.000
598.413	12708.000
598.612	12645.000
598.810	12720.000
599.009	12904.000
599.207	12932.000
599.406	12858.000
599.605	12810.000
599.803	12718.000
600.002	12796.000
600.201	12919.000
600.399	12797.000
600.598	12794.000
600.797	12815.000
600.995	12814.000
601.194	12826.000
601.392	12850.000
601.591	12761.000
601.790	12688.000
601.988	12674.000
602.187	12710.000
602.386	12799.000
602.584	13010.000
602.783	12955.000
602.982	12901.000
603.180	12983.000
603.379	12957.000
603.577	13038.000
603.776	13097.000
603.975	13030.000
604.173	12987.000
604.372	13071.000
604.571	13144.000
604.769	12983.000
604.968	12977.000
605.167	13049.000
605.365	13163.000
605.564	12908.000
605.762	12875.000
605.961	12952.000
606.160	12939.000
606.358	12961.000
606.557	13007.000
606.756	12984.000
606.954	12930.000
607.153	12851.000
607.352	12864.000
607.550	12833.000
607.749	12867.000
607.948	12846.000
608.146	12808.000
608.345	12694.000
608.543	12684.000
608.742	12804.000
608.941	12806.000
609.139	12742.000
609.338	12748.000
609.537	12600.000
609.735	12537.000
609.934	12572.000
610.133	12610.000
610.331	12610.000
610.530	12738.000
610.728	12698.000
610.927	12593.000
611.126	12554.000
611.324	12610.000
611.523	12641.000
611.722	12667.000
611.920	12604.000
612.119	12543.000
612.318	12517.000
612.516	12531.000
612.715	12458.000
612.913	12430.000
613.112	12513.000
613.311	12504.000
613.509	12544.000
613.708	12362.000
613.907	12306.000
614.105	12313.000
614.304	12401.000
614.503	12409.000
614.701	12323.000
614.900	12225.000
615.098	12218.000
615.297	12103.000
615.496	12109.000
615.694	12214.000
615.893	12080.000
616.092	12056.000
616.290	11993.000
616.489	11971.000
616.688	12020.000
616.886	12089.000
617.085	12090.000
617.283	12134.000
617.482	12133.000
617.681	12136.000
617.879	12135.000
618.078	11996.000
618.277	12107.000
618.475	12088.000
618.674	12186.000
618.873	12200.000
619.071	12157.000
619.270	12240.000
619.468	12327.000
619.667	12157.000
619.866	12184.000
620.064	12260.000
620.263	12185.000
620.462	12219.000
620.660	12299.000
620.859	12154.000
621.058	12175.000
621.256	12065.000
621.455	12022.000
621.654	12048.000
621.852	12059.000
622.051	12053.000
622.249	12112.000
622.448	11963.000
622.647	11970.000
622.845	11947.000
623.044	11957.000
623.243	11899.000
623.441	11877.000
623.640	11921.000
623.839	11923.000
624.037	11818.000
624.236	11729.000
624.434	11749.000
624.633	11678.000
624.832	11652.000
625.030	11727.000
625.229	11837.000
625.428	11701.000
625.626	11628.000
625.825	11502.000
626.024	11491.000
626.222	11622.000
626.421	11751.000
626.619	11743.000
626.818	11649.000
627.017	11472.000
627.215	11454.000
627.414	11474.000
627.613	11446.000
627.811	11357.000
628.010	11307.000
628.209	11279.000
628.407	11250.000
628.606	11363.000
628.804	11396.000
629.003	11340.000
629.202	11316.000
629.400	11259.000
629.599	11273.000
629.798	11236.000
629.996	11272.000
630.195	11213.000
630.394	11317.000
630.592	11398.000
630.791	11397.000
630.990	11338.000
631.188	11312.000
631.387	11018.000
631.585	11139.000
631.784	11148.000
631.983	11224.000
632.181	11319.000
632.380	11260.000
632.579	11201.000
632.777	11220.000
632.976	11336.000
633.175	11234.000
633.373	11255.000
633.572	11331.000
633.770	11353.000
633.969	11285.000
634.168	11323.000
634.366	11462.000
634.565	11374.000
634.764	11267.000
634.962	11319.000
635.161	11383.000
635.360	11243.000
635.558	11301.000
635.757	11243.000
635.955	11222.000
636.154	11178.000
636.353	11329.000
636.551	11417.000
636.750	11334.000
636.949	11345.000
637.147	11508.000
637.346	11460.000
637.545	11464.000
637.743	11635.000
637.942	11469.000
638.140	11468.000
638.339	11503.000
638.538	11487.000
638.736	11544.000
638.935	11542.000
639.134	11461.000
639.332	11473.000
639.531	11418.000
639.730	11459.000
639.928	11419.000
640.127	11264.000
640.325	11173.000
640.524	11249.000
640.723	11259.000
640.921	11251.000
641.120	11194.000
641.319	11239.000
641.517	11308.000
641.716	11213.000
641.915	11123.000
642.113	11261.000
642.312	11350.000
642.510	11321.000
642.709	11284.000
642.908	11179.000
643.106	11187.000
643.305	11293.000
643.504	11308.000
643.702	11403.000
643.901	11374.000
644.100	11445.000
644.298	11317.000
644.497	11187.000
644.696	11312.000
644.894	11270.000
645.093	11335.000
645.291	11288.000
645.490	11202.000
645.689	11217.000
645.887	11313.000
646.086	11318.000
646.285	11159.000
646.483	11051.000
646.682	11011.000
646.881	10940.000
647.079	10936.000
647.278	11012.000
647.476	11018.000
647.675	11089.000
647.874	11009.000
648.072	10975.000
648.271	11009.000
648.470	10978.000
648.668	10849.000
648.867	10867.000
649.066	10874.000
649.264	10935.000
649.463	10868.000
649.661	10788.000
649.860	10869.000
650.059	10920.000
650.257	11007.000
650.456	10984.000
650.655	10982.000
650.853	11032.000
651.052	11086.000
651.251	11049.000
651.449	10972.000
651.648	11025.000
651.846	10997.000
652.045	10979.000
652.244	10925.000
652.442	11061.000
652.641	11070.000
652.840	11086.000
653.038	11173.000
653.237	11135.000
653.436	11233.000
653.634	11253.000
653.833	11171.000
654.032	11065.000
654.230	10964.000
654.429	11007.000
654.627	11002.000
654.826	10923.000
655.025	10813.000
655.223	10608.000
655.422	10344.000
655.621	10149.000
655.819	10032.000
656.018	9947.000
656.217	9852.000
656.415	9830.000
656.614	10014.000
656.812	10048.000
657.011	10155.000
657.210	10218.000
657.408	10332.000
657.607	10441.000
657.806	10514.000
658.004	10530.000
658.203	10572.000
658.402	10725.000
658.600	10787.000
658.799	11004.000
658.997	11124.000
659.196	11110.000
659.395	11119.000
659.593	11104.000
659.792	11136.000
659.991	11120.000
660.189	11157.000
660.388	11177.000
660.587	11172.000
660.785	11224.000
660.984	11327.000
661.182	11260.000
661.381	11167.000
661.580	11243.000
661.778	11247.000
661.977	11265.000
662.176	11257.000
662.374	11207.000
662.573	11125.000
662.772	11254.000
662.970	11108.000
663.169	11152.000
663.367	11267.000
663.566	11178.000
663.765	11198.000
663.963	11255.000
664.162	11270.000
664.361	11254.000
664.559	11168.000
664.758	11283.000
664.957	11281.000
665.155	11210.000
665.354	11255.000
665.552	11224.000
665.751	11162.000
665.950	11065.000
666.148	11180.000
666.347	11219.000
666.546	11104.000
666.744	11270.000
666.943	11203.000
667.142	11147.000
667.340	11243.000
667.539	11122.000
667.738	11080.000
667.936	11109.000
668.135	11138.000
668.333	11077.000
668.532	11039.000
668.731	11025.000
668.929	11069.000
669.128	11089.000
669.327	11084.000
669.525	11042.000
669.724	11049.000
669.923	11019.000
670.121	10985.000
670.320	10934.000
670.518	11030.000
670.717	10827.000
670.916	10773.000
671.114	10761.000
671.313	10906.000
671.512	10831.000
671.710	10688.000
671.909	10870.000
672.108	10805.000
672.306	10764.000
672.505	10837.000
672.703	10901.000
672.902	10888.000
673.101	10869.000
673.299	10911.000
673.498	10871.000
673.697	10732.000
673.895	10682.000
674.094	10839.000
674.293	10799.000
674.491	10897.000
674.690	10852.000
674.888	10717.000
675.087	10724.000
675.286	10742.000
675.484	10814.000
675.683	10736.000
675.882	10632.000
676.080	10718.000
676.279	10700.000
676.478	10618.000
676.676	10665.000
676.875	10621.000
677.073	10605.000
677.272	10559.000
677.471	10591.000
677.669	10591.000
677.868	10645.000
678.067	10565.000
678.265	10516.000
678.464	10515.000
678.663	10497.000
678.861	10510.000
679.060	10495.000
679.259	10448.000
679.457	10596.000
679.656	10560.000
679.854	10417.000
680.053	10503.000
680.252	10363.000
680.450	10237.000
680.649	10289.000
680.848	10365.000
681.046	10382.000
681.245	10437.000
681.444	10360.000
681.642	10370.000
681.841	10174.000
682.039	10307.000
682.238	10444.000
682.437	10400.000
682.635	10287.000
682.834	10136.000
683.033	10167.000
683.231	10178.000
683.430	10178.000
683.629	10073.000
683.827	9914.000
684.026	9977.000
684.224	10083.000
684.423	10048.000
684.622	10083.000
684.820	10015.000
685.019	10031.000
685.218	10031.000
685.416	9896.000
685.615	9685.000
685.814	9383.000
686.012	9132.000
686.211	8948.000
686.409	8640.000
686.608	8362.000
686.807	8270.000
687.005	8300.000
687.204	8366.000
687.403	8374.000
687.601	8295.000
687.800	8386.000
687.999	8268.000
688.197	8291.000
688.396	8408.000
688.594	8422.000
688.793	8382.000
688.992	8469.000
689.190	8476.000
689.389	8472.000
689.588	8492.000
689.786	8565.000
689.985	8573.000
690.184	8696.000
690.382	8838.000
690.581	8783.000
690.779	8772.000
690.978	8938.000
691.177	8912.000
691.375	9030.000
691.574	9010.000
691.773	8983.000
691.971	8999.000
692.170	8985.000
692.369	8954.000
692.567	8980.000
692.766	8861.000
692.965	9003.000
693.163	9049.000
693.362	8899.000
693.560	8797.000
693.759	8772.000
693.958	8917.000
694.156	8861.000
694.355	8708.000
694.554	8771.000
694.752	8889.000
694.951	8906.000
695.150	8943.000
695.348	9035.000
695.547	9070.000
695.745	9207.000
695.944	9190.000
696.143	9020.000
696.341	9174.000
696.540	9310.000
696.743	9253.000
696.946	9157.000
697.149	9143.000
697.352	9038.000
697.555	9105.000
697.757	9173.000
697.960	9080.000
698.163	9069.000
698.366	9154.000
698.569	9008.000
698.772	8983.000
698.975	8899.000
699.178	8921.000
699.381	8801.000
699.584	8839.000
699.787	8886.000
699.989	8834.000
700.192	8835.000
700.395	8830.000
700.598	8748.000
700.801	8832.000
701.004	8770.000
701.207	8777.000
701.410	8780.000
701.613	8740.000
701.816	8663.000
702.019	8729.000
702.221	8912.000
702.424	8940.000
702.627	8808.000
702.830	8845.000
703.033	8805.000
703.236	8754.000
703.439	8812.000
703.642	8878.000
703.845	8936.000
704.048	8850.000
704.251	8792.000
704.453	8980.000
704.656	9021.000
704.859	8952.000
705.062	8990.000
705.265	8968.000
705.468	8952.000
705.671	8865.000
705.874	8980.000
706.077	9021.000
706.280	8954.000
706.483	9027.000
706.685	9029.000
706.888	9003.000
707.091	8914.000
707.294	8934.000
707.497	9037.000
707.700	8912.000
707.903	8864.000
708.106	8831.000
708.309	8920.000
708.512	8989.000
708.715	8990.000
708.917	8927.000
709.120	8891.000
709.323	8861.000
709.526	8863.000
709.729	8903.000
709.932	8947.000
710.135	8925.000
710.338	8907.000
710.541	8910.000
710.744	8909.000
710.947	8908.000
711.149	8864.000
711.352	8890.000
711.555	8945.000
711.758	8792.000
711.961	8847.000
712.164	8816.000
712.367	8800.000
712.570	8763.000
712.773	8795.000
712.976	8870.000
713.179	8876.000
713.381	8713.000
713.584	8582.000
713.787	8544.000
713.990	8613.000
714.193	8707.000
714.396	8713.000
714.599	8619.000
714.802	8591.000
715.005	8489.000
715.208	8454.000
715.411	8374.000
715.613	8294.000
715.816	8063.000
716.019	7747.000
716.222	7665.000
716.425	7474.000
716.628	7374.000
716.831	7369.000
717.034	7219.000
717.237	6969.000
717.440	6978.000
717.643	6887.000
717.845	6674.000
718.048	6576.000
718.251	6504.000
718.454	6468.000
718.657	6398.000
718.860	6307.000
719.063	6246.000
719.266	6226.000
719.469	6088.000
719.672	6198.000
719.875	6371.000
720.077	6528.000
720.280	6556.000
720.483	6689.000
720.686	6845.000
720.889	6813.000
721.092	6901.000
721.295	7110.000
721.498	7063.000
721.701	7141.000
721.904	7252.000
722.107	7137.000
722.309	7006.000
722.512	6951.000
722.715	6981.000
722.918	6874.000
723.121	6678.000
723.324	6660.000
723.527	6758.000
723.730	6690.000
723.933	6609.000
724.136	6605.000
724.339	6588.000
724.541	6601.000
724.744	6469.000
724.947	6455.000
725.150	6450.000
725.353	6532.000
725.556	6577.000
725.759	6517.000
725.962	6529.000
726.165	6477.000
726.368	6449.000
726.571	6313.000
726.773	6312.000
726.976	6290.000
727.179	6428.000
727.382	6571.000
727.585	6478.000
727.788	6455.000
727.991	6495.000
728.194	6431.000
728.397	6312.000
728.600	6301.000
728.803	6324.000
729.005	6373.000
729.208	6456.000
729.411	6463.000
729.614	6413.000
729.817	6453.000
730.020	6416.000
730.223	6443.000
730.426	6477.000
730.629	6439.000
730.832	6461.000
731.035	6440.000
731.237	6496.000
731.440	6581.000
731.643	6670.000
731.846	6641.000
732.049	6637.000
732.252	6653.000
732.455	6754.000
732.658	6806.000
732.861	6796.000
733.064	6960.000
733.267	7045.000
733.469	6978.000
733.672	6971.000
733.875	6943.000
734.078	7070.000
734.281	7116.000
734.484	7096.000
734.687	7002.000
734.890	6972.000
735.093	6944.000
735.296	6863.000
735.499	6836.000
735.701	6881.000
735.904	6910.000
736.107	6920.000
736.310	7060.000
736.513	7067.000
736.716	7031.000
736.919	6993.000
737.122	6953.000
737.325	6902.000
737.528	6935.000
737.731	6880.000
737.933	6802.000
738.136	6789.000
738.339	6865.000
738.542	6965.000
738.745	6812.000
738.948	6779.000
739.151	6889.000
739.354	6961.000
739.557	6895.000
739.760	6799.000
739.963	6798.000
740.165	6816.000
740.368	6783.000
740.571	6793.000
740.774	6648.000
740.977	6745.000
741.180	6793.000
741.383	6734.000
741.586	6687.000
741.789	6728.000
741.992	6736.000
742.195	6742.000
742.397	6716.000
742.600	6747.000
742.803	6840.000
743.006	6820.000
743.209	6671.000
743.412	6694.000
743.615	6748.000
743.818	6739.000
744.021	6858.000
744.224	6804.000
744.427	6722.000
744.629	6675.000
744.832	6642.000
745.035	6657.000
745.238	6642.000
745.441	6688.000
745.644	6705.000
745.847	6717.000
746.050	6739.000
746.253	6737.000
746.456	6596.000
746.659	6687.000
746.861	6695.000
747.064	6615.000
747.267	6646.000
747.470	6627.000
747.673	6688.000
747.876	6658.000
748.079	6544.000
748.282	6445.000
748.485	6508.000
748.688	6559.000
748.891	6515.000
749.093	6457.000
749.296	6438.000
749.499	6510.000
749.702	6475.000
749.905	6394.000
750.108	6383.000
750.311	6402.000
750.514	6332.000
750.717	6430.000
750.920	6452.000
751.123	6410.000
751.325	6312.000
751.528	6320.000
751.731	6228.000
751.934	6241.000
752.137	6331.000
752.340	6232.000
752.543	6308.000
752.746	6330.000
752.949	6253.000
753.152	6257.000
753.355	6243.000
753.557	6304.000
753.760	6244.000
753.963	6117.000
754.166	6239.000
754.369	6246.000
754.572	6216.000
754.775	6111.000
754.978	6085.000
755.181	6132.000
755.384	6067.000
755.587	6180.000
755.789	6104.000
755.992	6112.000
756.195	6115.000
756.398	6072.000
756.601	6083.000
756.804	6010.000
757.007	6010.000
757.210	5996.000
757.413	6017.000
757.616	5983.000
757.819	5810.000
758.021	5690.000
758.224	5329.000
758.427	5018.000
758.630	4668.000
758.833	4215.000
759.036	3786.000
759.239	3450.000
759.442	3165.000
759.645	2972.000
759.848	2902.000
760.051	2777.000
760.253	2688.000
760.456	2723.000
760.659	2795.000
760.862	2866.000
761.065	2783.000
761.268	2704.000
761.471	2671.000
761.674	2604.000
761.877	2617.000
762.080	2592.000
762.283	2593.000
762.485	2624.000
762.688	2649.000
762.891	2704.000
763.094	2759.000
763.297	2922.000
763.500	2934.000
763.706	2989.000
763.912	3129.000
764.118	3217.000
764.325	3305.000
764.531	3367.000
764.737	3488.000
764.943	3561.000
765.149	3623.000
765.355	3837.000
765.561	3961.000
765.768	4029.000
765.974	4207.000
766.180	4298.000
766.386	4389.000
766.592	4508.000
766.798	4541.000
767.004	4651.000
767.210	4701.000
767.417	4723.000
767.623	4803.000
767.829	4896.000
768.035	4997.000
768.241	5034.000
768.447	5000.000
768.653	5116.000
768.860	5123.000
769.066	5093.000
769.272	5172.000
769.478	5194.000
769.684	5212.000
769.890	5165.000
770.096	5197.000
770.303	5188.000
770.509	5223.000
770.715	5292.000
770.921	5262.000
771.127	5176.000
771.333	5156.000
771.539	5227.000
771.745	5143.000
771.952	5148.000
772.158	5148.000
772.364	5103.000
772.570	5199.000
772.776	5178.000
772.982	5121.000
773.188	5091.000
773.395	5064.000
773.601	5113.000
773.807	5133.000
774.013	5200.000
774.219	5151.000
774.425	5031.000
774.631	4973.000
774.838	4975.000
775.044	5082.000
775.250	5203.000
775.456	5176.000
775.662	5098.000
775.868	5115.000
776.074	5055.000
776.281	4938.000
776.487	4975.000
776.693	4961.000
776.899	4951.000
777.105	5000.000
777.311	5041.000
777.517	5068.000
777.723	4980.000
777.930	4900.000
778.136	4867.000
778.342	4889.000
778.548	4868.000
778.754	4818.000
778.960	4906.000
779.166	4885.000
779.373	4866.000
779.579	4834.000
779.785	4770.000
779.991	4745.000
780.197	4756.000
780.403	4795.000
780.609	4874.000
780.816	4802.000
781.022	4798.000
781.228	4762.000
781.434	4728.000
781.640	4815.000
781.846	4912.000
782.052	4740.000
782.259	4647.000
782.465	4643.000
782.671	4664.000
782.877	4709.000
783.083	4743.000
783.289	4791.000
783.495	4673.000
783.701	4548.000
783.908	4582.000
784.114	4572.000
784.320	4523.000
784.526	4480.000
784.732	4589.000
784.938	4609.000
785.144	4565.000
785.351	4504.000
785.557	4569.000
785.763	4575.000
785.969	4504.000
786.175	4553.000
786.381	4526.000
786.587	4438.000
786.794	4476.000
787.000	4448.000
787.206	4382.000
787.412	4386.000
787.618	4382.000
787.824	4415.000
788.030	4418.000
788.236	4383.000
788.443	4334.000
788.649	4311.000
788.855	4288.000
789.061	4274.000
789.267	4266.000
789.473	4229.000
789.679	4208.000
789.886	4209.000
790.092	4180.000
790.298	4118.000
790.504	4114.000
790.710	4150.000
790.916	4175.000
791.122	4054.000
791.329	3954.000
791.535	4009.000
791.741	4025.000
791.947	4010.000
792.153	3987.000
792.359	3973.000
792.565	4007.000
792.771	3938.000
792.978	3898.000
793.184	3979.000
793.390	4021.000
793.596	4007.000
793.802	3993.000
794.008	3974.000
794.214	3995.000
794.421	3936.000
794.627	4022.000
794.833	3965.000
795.039	3888.000
795.245	3843.000
795.451	3825.000
795.657	3873.000
795.864	3899.000
796.070	3914.000
796.276	3880.000
796.482	3903.000
796.688	3930.000
796.894	3887.000
797.100	3875.000
797.307	3848.000
797.513	3809.000
797.719	3850.000
797.925	3855.000
798.131	3804.000
798.337	3782.000
798.543	3816.000
798.749	3854.000
798.956	3823.000
799.162	3780.000
799.368	3783.000
799.574	3753.000
799.780	3729.000
799.986	3724.000
800.192	3641.000
800.399	3713.000
800.605	3786.000
800.811	3688.000
801.017	3635.000
801.223	3632.000
801.429	3588.000
801.635	3604.000
801.842	3614.000
802.048	3600.000
802.254	3552.000
802.460	3549.000
802.666	3539.000
802.872	3528.000
803.078	3562.000
803.285	3525.000
803.491	3560.000
803.697	3507.000
803.903	3420.000
804.109	3421.000
804.315	3525.000
804.521	3548.000
804.727	3538.000
804.934	3589.000
805.140	3564.000
805.346	3483.000
805.552	3532.000
805.758	3499.000
805.964	3416.000
806.170	3464.000
806.377	3443.000
806.583	3477.000
806.789	3547.000
806.995	3476.000
807.201	3456.000
807.407	3430.000
807.613	3416.000
807.820	3323.000
808.026	3330.000
808.232	3375.000
808.438	3329.000
808.644	3362.000
808.850	3333.000
809.056	3327.000
809.262	3287.000
809.469	3314.000
809.675	3288.000
809.881	3259.000
810.087	3233.000
810.293	3222.000
810.499	3216.000
810.705	3190.000
810.912	3158.000
811.118	3117.000
811.324	3204.000
811.530	3175.000
811.739	3075.000
811.947	3084.000
812.156	2966.000
812.365	2966.000
812.573	2996.000
812.782	2912.000
812.990	2920.000
813.199	2818.000
813.408	2805.000
813.616	2809.000
813.825	2686.000
814.034	2654.000
814.242	2638.000
814.451	2617.000
814.659	2580.000
814.868	2585.000
815.077	2481.000
815.285	2484.000
815.494	2421.000
815.703	2413.000
815.911	2450.000
816.120	2483.000
816.329	2455.000
816.537	2413.000
816.746	2449.000
816.954	2397.000
817.163	2384.000
817.372	2394.000
817.580	2440.000
817.789	2357.000
817.998	2299.000
818.206	2295.000
818.415	2294.000
818.624	2349.000
818.832	2406.000
819.041	2418.000
819.249	2478.000
819.458	2488.000
819.667	2501.000
819.875	2513.000
820.084	2566.000
820.293	2497.000
820.501	2472.000
820.710	2569.000
820.919	2543.000
821.127	2495.000
821.336	2443.000
821.544	2413.000
821.753	2337.000
821.962	2245.000
822.170	2202.000
822.379	2214.000
822.588	2254.000
822.796	2277.000
823.005	2305.000
823.213	2338.000
823.422	2342.000
823.631	2432.000
823.839	2488.000
824.048	2392.000
824.257	2355.000
824.465	2347.000
824.674	2421.000
824.883	2465.000
825.091	2432.000
825.300	2462.000
825.508	2549.000
825.717	2480.000
825.926	2393.000
826.134	2427.000
826.343	2396.000
826.552	2383.000
826.760	2383.000
826.969	2398.000
827.178	2352.000
827.386	2318.000
827.595	2361.000
827.803	2306.000
828.012	2313.000
828.221	2259.000
828.429	2280.000
828.638	2296.000
828.847	2243.000
829.055	2287.000
829.264	2344.000
829.472	2348.000
829.681	2337.000
829.890	2258.000
830.098	2296.000
830.307	2278.000
830.516	2275.000
830.724	2254.000
830.933	2218.000
831.142	2253.000
831.350	2291.000
831.559	2314.000
831.767	2315.000
831.976	2269.000
832.185	2240.000
832.393	2305.000
832.602	2274.000
832.811	2272.000
833.019	2256.000
833.228	2278.000
833.437	2244.000
833.645	2203.000
833.854	2208.000
834.062	2232.000
834.271	2287.000
834.480	2312.000
834.688	2336.000
834.897	2293.000
835.106	2289.000
835.314	2318.000
835.523	2352.000
835.731	2326.000
835.940	2309.000
836.149	2227.000
836.357	2265.000
836.566	2292.000
836.775	2303.000
836.983	2322.000
837.192	2277.000
837.401	2258.000
837.609	2323.000
837.818	2287.000
838.026	2288.000
838.235	2337.000
838.444	2366.000
838.652	2283.000
838.861	2276.000
839.070	2318.000
839.278	2398.000
839.487	2312.000
839.696	2252.000
839.904	2335.000
840.113	2347.000
840.321	2305.000
840.530	2247.000
840.739	2302.000
840.947	2405.000
841.156	2332.000
841.365	2322.000
841.573	2302.000
841.782	2247.000
841.991	2212.000
842.199	2225.000
842.408	2208.000
842.616	2192.000
842.825	2190.000
843.034	2245.000
843.242	2221.000
843.451	2162.000
843.660	2116.000
843.868	2147.000
844.077	2204.000
844.285	2201.000
844.494	2154.000
844.703	2076.000
844.911	2052.000
845.120	2128.000
845.329	2235.000
845.537	2213.000
845.746	2228.000
845.955	2228.000
846.163	2190.000
846.372	2144.000
846.580	2066.000
846.789	2104.000
846.998	2114.000
847.206	2108.000
847.415	2141.000
847.624	2129.000
847.832	2127.000
848.041	2152.000
848.250	2073.000
848.458	1972.000
848.667	2002.000
848.875	1995.000
849.084	2016.000
849.293	2028.000
849.501	1973.000
849.710	1963.000
849.919	1963.000
850.127	2009.000
850.336	1998.000
850.544	1979.000
850.753	1977.000
850.962	1957.000
851.170	1994.000
851.379	1982.000
851.588	1965.000
851.796	1972.000
852.005	1938.000
852.214	1961.000
852.422	1931.000
852.631	1933.000
852.839	1852.000
853.048	1856.000
853.257	1832.000
853.465	1758.000
853.674	1720.000
853.883	1715.000
854.091	1739.000
854.300	1751.000
854.509	1767.000
854.717	1753.000
854.926	1732.000
855.134	1754.000
855.343	1799.000
855.552	1820.000
855.760	1851.000
855.969	1829.000
856.178	1781.000
856.386	1828.000
856.595	1849.000
856.803	1824.000
857.012	1847.000
857.221	1870.000
857.429	1860.000
857.638	1844.000
857.847	1813.000
858.055	1812.000
858.264	1852.000
858.473	1832.000
858.681	1790.000
858.890	1832.000
859.098	1817.000
859.307	1853.000
859.516	1890.000
859.724	1895.000
859.933	1808.000
860.142	1753.000
860.350	1796.000
860.559	1777.000
860.768	1709.000
860.976	1740.000
861.185	1754.000
861.393	1738.000
861.602	1769.000
861.811	1786.000
862.019	1754.000
862.228	1740.000
862.437	1695.000
862.645	1690.000
862.854	1713.000
863.062	1672.000
863.271	1743.000
863.480	1739.000
863.688	1697.000
863.897	1737.000
864.106	1750.000
864.314	1671.000
864.523	1648.000
864.732	1600.000
864.940	1591.000
865.149	1592.000
865.357	1517.000
865.566	1437.000
865.775	1476.000
865.983	1497.000
866.192	1482.000
866.401	1542.000
866.609	1528.000
866.818	1468.000
867.027	1489.000
867.235	1543.000
867.444	1533.000
867.652	1510.000
867.861	1546.000
868.070	1555.000
868.278	1555.000
868.487	1557.000
868.696	1576.000
868.904	1570.000
869.113	1504.000
869.321	1472.000
869.530	1451.000
869.739	1473.000
869.947	1480.000
870.156	1502.000
870.365	1505.000
870.573	1492.000
870.782	1483.000
870.991	1485.000
871.199	1521.000
871.408	1523.000
871.616	1504.000
871.825	1495.000
872.034	1483.000
872.242	1426.000
872.451	1398.000
872.660	1441.000
872.868	1382.000
873.077	1334.000
873.286	1333.000
873.494	1390.000
873.703	1346.000
873.911	1398.000
874.120	1394.000
874.329	1350.000
874.537	1340.000
874.746	1282.000
874.955	1326.000
875.163	1340.000
875.372	1402.000
875.581	1396.000
875.789	1351.000
875.998	1345.000
876.206	1338.000
876.415	1366.000
876.624	1397.000
876.832	1307.000
877.041	1280.000
877.250	1333.000
877.458	1307.000
877.667	1319.000
877.875	1352.000
878.084	1312.000
878.293	1293.000
878.501	1262.000
878.710	1215.000
878.919	1198.000
879.127	1202.000
879.336	1230.000
879.545	1308.000
879.753	1300.000
879.962	1232.000
880.170	1222.000
880.379	1184.000
880.588	1201.000
880.796	1200.000
881.005	1238.000
881.214	1231.000
881.422	1215.000
881.631	1229.000
881.840	1265.000
882.048	1244.000
882.257	1252.000
882.465	1234.000
882.674	1209.000
882.883	1212.000
883.091	1197.000
883.300	1180.000
883.509	1238.000
883.717	1198.000
883.926	1177.000
884.134	1191.000
884.343	1194.000
884.552	1197.000
884.760	1199.000
884.969	1195.000
885.178	1149.000
885.386	1140.000
885.595	1180.000
885.804	1186.000
886.012	1143.000
886.221	1120.000
886.429	1121.000
886.638	1180.000
886.847	1192.000
887.055	1128.000
887.264	1120.000
887.473	1143.000
887.681	1161.000
887.890	1124.000
888.099	1132.000
888.307	1138.000
888.516	1101.000
888.724	1112.000
888.933	1103.000
889.142	1100.000
889.350	1068.000
889.559	1084.000
889.768	1055.000
889.976	1023.000
890.185	1040.000
890.393	1103.000
890.602	1067.000
890.811	1035.000
891.019	1045.000
891.228	1047.000
891.437	1032.000
891.645	1039.000
891.854	1008.000
892.063	989.000
892.271	976.000
892.480	999.000
892.688	987.000
892.897	991.000
893.106	998.000
893.314	1017.000
893.523	1007.000
893.732	1014.000
893.940	1020.000
894.149	932.000
894.358	906.000
894.566	946.000
894.775	874.000
894.983	937.000
895.192	988.000
895.401	922.000
895.609	841.000
895.818	827.000
896.027	825.000
896.235	816.000
896.444	830.000
896.652	835.000
896.861	826.000
897.070	816.000
897.278	811.000
897.487	789.000
897.696	758.000
897.904	757.000
898.113	738.000
898.322	737.000
898.530	718.000
898.739	708.000
898.947	757.000
899.156	746.000
899.365	692.000
899.573	728.000
899.782	726.000
899.991	729.000
900.199	732.000
900.408	700.000
900.617	723.000
900.825	728.000
901.034	708.000
901.242	709.000
901.451	724.000
901.660	782.000
901.868	744.000
902.077	765.000
902.286	750.000
902.494	754.000
902.703	731.000
902.911	765.000
903.120	801.000
903.329	759.000
903.537	759.000
903.746	814.000
903.955	884.000
904.163	838.000
904.372	832.000
904.581	842.000
904.789	836.000
904.998	807.000
905.206	825.000
905.415	786.000
905.624	744.000
905.832	766.000
906.041	741.000
906.250	783.000
906.458	760.000
906.667	736.000
906.876	722.000
907.084	668.000
907.293	641.000
907.501	649.000
907.710	709.000
907.919	721.000
908.127	708.000
908.336	660.000
908.545	695.000
908.753	697.000
908.962	654.000
909.170	611.000
909.379	585.000
909.588	605.000
909.796	633.000
910.005	708.000
910.214	734.000
910.422	705.000
910.631	659.000
910.840	644.000
911.048	658.000
911.257	659.000
911.465	689.000
911.674	670.000
911.883	623.000
912.091	656.000
912.300	608.000
912.508	571.000
912.716	584.000
912.924	625.000
913.132	643.000
913.340	638.000
913.549	663.000
913.757	675.000
913.965	569.000
914.173	545.000
914.381	555.000
914.589	587.000
914.797	612.000
915.005	558.000
915.213	540.000
915.421	579.000
915.629	581.000
915.838	636.000
916.046	655.000
916.254	625.000
916.462	623.000
916.670	599.000
916.878	551.000
917.086	585.000
917.294	593.000
917.502	599.000
917.710	612.000
917.919	587.000
918.127	637.000
918.335	630.000
918.543	638.000
918.751	665.000
918.959	640.000
919.167	623.000
919.375	616.000
919.583	584.000
919.791	636.000
919.999	657.000
920.208	596.000
920.416	610.000
920.624	675.000
920.832	646.000
921.040	605.000
921.248	597.000
921.456	611.000
921.664	604.000
921.872	626.000
922.080	609.000
922.288	597.000
922.497	606.000
922.705	609.000
922.913	586.000
923.121	569.000
923.329	607.000
923.537	587.000
923.745	570.000
923.953	564.000
924.161	550.000
924.369	594.000
924.578	597.000
924.786	542.000
924.994	523.000
925.202	584.000
925.410	544.000
925.618	499.000
925.826	496.000
926.034	532.000
926.242	572.000
926.450	515.000
926.658	512.000
926.867	560.000
927.075	524.000
927.283	482.000
927.491	486.000
927.699	466.000
927.907	429.000
928.115	453.000
928.323	414.000
928.531	381.000
928.739	373.000
928.947	379.000
929.156	416.000
929.364	409.000
929.572	407.000
929.780	375.000
929.988	335.000
930.196	327.000
930.404	322.000
930.612	332.000
930.820	330.000
931.028	316.000
931.236	291.000
931.445	266.000
931.653	249.000
931.861	288.000
932.069	235.000
932.277	228.000
932.485	333.000
932.693	260.000
932.901	202.000
933.109	214.000
933.317	220.000
933.526	216.000
933.734	203.000
933.942	187.000
934.150	194.000
934.358	198.000
934.566	185.000
934.774	166.000
934.982	154.000
935.190	192.000
935.398	212.000
935.606	188.000
935.815	130.000
936.023	144.000
936.231	177.000
936.439	165.000
936.647	165.000
936.855	199.000
937.063	175.000
937.271	177.000
937.479	169.000
937.687	146.000
937.895	243.000
938.104	287.000
938.312	255.000
938.520	253.000
938.728	259.000
938.936	253.000
939.144	208.000
939.352	208.000
939.560	258.000
939.768	248.000
939.976	204.000
940.185	212.000
940.393	228.000
940.601	234.000
940.809	232.000
941.017	231.000
941.225	237.000
941.433	194.000
941.641	198.000
941.849	181.000
942.057	245.000
942.265	269.000
942.474	229.000
942.682	226.000
942.890	175.000
943.098	179.000
943.306	188.000
943.514	198.000
943.722	197.000
943.930	180.000
944.138	188.000
944.346	207.000
944.554	208.000
944.763	184.000
944.971	213.000
945.179	175.000
945.387	152.000
945.595	135.000
945.803	166.000
946.011	205.000
946.219	178.000
946.427	163.000
946.635	207.000
946.843	214.000
947.052	200.000
947.260	182.000
947.468	193.000
947.676	172.000
947.884	156.000
948.092	192.000
948.300	182.000
948.508	215.000
948.716	177.000
948.924	179.000
949.133	193.000
949.341	192.000
949.549	232.000
949.757	212.000
949.965	188.000
950.173	182.000
950.381	175.000
950.589	188.000
950.797	173.000
951.005	186.000
951.213	179.000
951.422	178.000
951.630	136.000
951.838	151.000
952.046	215.000
952.254	159.000
952.462	170.000
952.670	197.000
952.878	179.000
953.086	188.000
953.294	235.000
953.502	212.000
953.711	178.000
953.919	148.000
954.127	203.000
954.335	181.000
954.543	155.000
954.751	167.000
954.959	180.000
955.167	167.000
955.375	196.000
955.583	199.000
955.792	163.000
956.000	168.000
956.208	209.000
956.416	205.000
956.624	171.000
956.832	189.000
957.040	211.000
957.248	197.000
957.456	201.000
957.664	177.000
957.872	168.000
958.081	160.000
958.289	172.000
958.497	171.000
958.705	188.000
958.913	220.000
959.121	178.000
959.329	162.000
959.537	199.000
959.745	197.000
959.953	187.000
960.161	205.000
960.370	238.000
960.578	219.000
960.786	200.000
960.994	186.000
961.202	160.000
961.410	191.000
961.618	191.000
961.826	177.000
962.034	185.000
962.242	186.000
962.451	164.000
962.659	185.000
962.867	183.000
963.075	215.000
963.283	192.000
963.491	172.000
963.699	187.000
963.907	168.000
964.115	183.000
964.323	217.000
964.531	223.000
964.740	210.000
964.948	224.000
965.156	217.000
965.364	222.000
965.572	196.000
965.780	130.000
965.999	193.000
966.218	236.000
966.438	227.000
966.657	235.000
966.876	225.000
967.095	236.000
967.315	219.000
967.534	218.000
967.753	209.000
967.972	201.000
968.192	183.000
968.411	236.000
968.630	220.000
968.849	197.000
969.068	179.000
969.288	211.000
969.507	234.000
969.726	273.000
969.945	244.000
970.165	189.000
970.384	184.000
970.603	233.000
970.822	247.000
971.042	244.000
971.261	224.000
971.480	207.000
971.699	191.000
971.919	160.000
972.138	171.000
972.357	191.000
972.576	206.000
972.795	156.000
973.015	158.000
973.234	242.000
973.453	221.000
973.672	162.000
973.892	136.000
974.111	143.000
974.330	193.000
974.549	191.000
974.769	189.000
974.988	180.000
975.207	200.000
975.426	176.000
975.646	165.000
975.865	152.000
976.084	179.000
976.303	177.000
976.522	165.000
976.742	165.000
976.961	192.000
977.180	218.000
977.399	178.000
977.619	174.000
977.838	195.000
978.057	187.000
978.276	162.000
978.496	142.000
978.715	152.000
978.934	184.000
979.153	169.000
979.372	164.000
979.592	158.000
979.811	205.000
980.030	205.000
980.249	199.000
980.469	208.000
980.688	186.000
980.907	213.000
981.126	238.000
981.346	208.000
981.565	217.000
981.784	167.000
982.003	186.000
982.223	176.000
982.442	167.000
982.661	191.000
982.880	200.000
983.099	197.000
983.319	202.000
983.538	186.000
983.757	177.000
983.976	201.000
984.196	209.000
984.415	188.000
984.634	206.000
984.853	167.000
985.073	172.000
985.292	206.000
985.511	227.000
985.730	190.000
985.949	183.000
986.169	202.000
986.388	201.000
986.607	176.000
986.826	159.000
987.046	145.000
987.265	139.000
987.484	156.000
987.703	182.000
987.923	214.000
988.142	191.000
988.361	182.000
988.580	193.000
988.800	175.000
989.019	193.000
989.238	166.000
989.457	181.000
989.676	156.000
989.896	159.000
990.115	144.000
990.334	161.000
990.553	154.000
990.773	121.000
990.992	123.000
991.211	186.000
991.430	189.000
991.650	146.000
991.869	159.000
992.088	139.000
992.307	138.000
992.527	176.000
992.746	152.000
992.965	127.000
993.184	164.000
993.403	146.000
993.623	117.000
993.842	146.000
994.061	162.000
994.280	142.000
994.500	159.000
994.719	188.000
994.938	125.000
995.157	132.000
995.377	151.000
995.596	168.000
995.815	152.000
996.034	159.000
996.253	135.000
996.473	116.000
996.692	141.000
996.911	115.000
997.130	120.000
997.350	145.000
997.569	136.000
997.788	93.000
998.007	93.000
998.227	147.000
998.446	176.000
998.665	172.000
998.884	156.000
999.104	160.000
999.323	137.000
999.542	142.000
999.761	166.000
999.980	188.000
1000.200	144.000
1000.419	112.000
1000.638	155.000
1000.857	177.000
1001.077	154.000
1001.296	122.000
1001.515	93.000
1001.734	106.000
1001.954	115.000
1002.173	94.000
1002.392	138.000
1002.611	128.000
1002.830	138.000
1003.050	145.000
1003.269	135.000
1003.488	120.000
1003.707	116.000
1003.927	101.000
1004.146	92.000
1004.365	89.000
1004.584	101.000
1004.804	165.000
1005.023	160.000
1005.242	112.000
1005.461	104.000
1005.681	89.000
1005.900	89.000
1006.119	134.000
1006.338	109.000
1006.557	111.000
1006.777	134.000
1006.996	127.000
1007.215	131.000
1007.434	156.000
1007.654	132.000
1007.873	130.000
1008.092	101.000
1008.311	101.000
1008.531	101.000
1008.750	123.000
1008.969	115.000
1009.188	109.000
1009.407	141.000
1009.627	138.000
1009.846	100.000
1010.065	107.000
1010.284	107.000
1010.504	87.000
1010.723	82.000
1010.942	102.000
1011.161	126.000
1011.381	124.000
1011.600	81.000
1011.819	100.000
1012.038	115.000
1012.258	119.000
1012.477	155.000
1012.696	149.000
1012.915	110.000
1013.134	94.000
1013.354	97.000
1013.573	106.000
1013.792	124.000
1014.011	106.000
1014.231	103.000
1014.450	122.000
1014.669	133.000
1014.888	115.000
1015.108	166.000
1015.327	191.000
1015.546	148.000
1015.765	135.000
1015.984	122.000
1016.204	101.000
1016.423	99.000
1016.642	85.000
1016.861	71.000
1017.081	94.000
1017.300	106.000
1017.519	99.000
