296.912	111.500
297.101	99.500
297.290	104.500
297.479	102.500
297.668	80.500
297.858	93.500
298.047	71.500
298.236	57.500
298.425	26.500
298.614	47.500
298.803	101.500
298.992	117.500
299.181	111.500
299.370	62.500
299.559	51.500
299.748	66.500
299.937	79.500
300.126	78.500
300.315	48.500
300.504	101.500
300.693	156.500
300.882	155.500
301.071	113.500
301.260	88.500
301.449	107.500
301.638	121.500
301.827	118.500
302.016	87.500
302.205	121.500
302.395	142.500
302.584	109.500
302.773	126.500
302.962	93.500
303.151	78.500
303.340	52.500
303.529	53.500
303.718	110.500
303.907	94.500
304.096	97.500
304.285	101.500
304.474	73.500
304.663	66.500
304.852	79.500
305.041	83.500
305.230	126.500
305.419	151.500
305.608	109.500
305.797	86.500
305.986	86.500
306.175	74.500
306.364	79.500
306.553	102.500
306.743	85.500
306.932	93.500
307.121	93.500
307.310	53.500
307.499	34.500
307.688	60.500
307.877	71.500
308.066	48.500
308.255	88.500
308.444	95.500
308.633	100.500
308.822	94.500
309.011	53.500
309.200	69.500
309.389	80.500
309.578	27.500
309.767	85.500
309.956	134.500
310.145	50.500
310.334	-0.500
310.523	71.500
310.712	111.500
310.901	85.500
311.091	84.500
311.280	90.500
311.469	82.500
311.658	100.500
311.847	111.500
312.036	94.500
312.225	71.500
312.414	64.500
312.603	93.500
312.792	128.500
312.981	82.500
313.170	88.500
313.349	99.500
313.527	93.500
313.706	68.500
313.884	68.500
314.063	78.500
314.241	83.500
314.420	104.500
314.598	115.500
314.777	122.500
314.955	111.500
315.134	116.500
315.312	103.500
315.491	108.500
315.669	140.500
315.848	144.500
316.027	88.500
316.205	87.500
316.384	74.500
316.562	76.500
316.741	94.500
316.919	141.500
317.098	114.500
317.276	75.500
317.455	73.500
317.633	76.500
317.812	104.500
317.990	105.500
318.169	112.500
318.347	125.500
318.526	132.500
318.705	113.500
318.883	119.500
319.062	116.500
319.240	106.500
319.419	129.500
319.597	132.500
319.776	121.500
319.954	110.500
320.133	98.500
320.311	67.500
320.490	72.500
320.668	108.500
320.847	100.500
321.025	72.500
321.204	99.500
321.382	137.500
321.561	87.500
321.740	87.500
321.918	100.500
322.097	106.500
322.275	135.500
322.454	147.500
322.632	89.500
322.811	65.500
322.989	85.500
323.168	89.500
323.346	104.500
323.525	111.500
323.703	119.500
323.882	89.500
324.060	85.500
324.239	131.500
324.418	142.500
324.596	134.500
324.775	93.500
324.953	77.500
325.132	123.500
325.310	149.500
325.489	137.500
325.667	85.500
325.846	65.500
326.024	115.500
326.203	125.500
326.381	80.500
326.560	85.500
326.738	97.500
326.917	133.500
327.096	137.500
327.274	127.500
327.453	90.500
327.631	74.500
327.810	60.500
327.988	68.500
328.167	87.500
328.345	84.500
328.524	98.500
328.702	105.500
328.881	83.500
329.059	113.500
329.238	95.500
329.416	74.500
329.595	120.500
329.774	99.500
329.952	97.500
330.131	81.500
330.309	93.500
330.488	135.500
330.666	147.500
330.845	176.500
331.023	141.500
331.202	91.500
331.380	87.500
331.559	98.500
331.737	131.500
331.916	129.500
332.094	105.500
332.273	102.500
332.452	84.500
332.630	129.500
332.809	106.500
332.987	106.500
333.166	79.500
333.344	127.500
333.523	135.500
333.701	117.500
333.880	105.500
334.058	115.500
334.237	118.500
334.415	129.500
334.594	124.500
334.772	120.500
334.951	116.500
335.129	69.500
335.308	83.500
335.487	140.500
335.665	172.500
335.844	141.500
336.022	111.500
336.201	160.500
336.379	162.500
336.558	120.500
336.736	112.500
336.915	109.500
337.093	121.500
337.272	123.500
337.450	124.500
337.629	84.500
337.807	95.500
337.986	109.500
338.165	110.500
338.343	119.500
338.522	138.500
338.700	90.500
338.879	99.500
339.057	94.500
339.236	114.500
339.414	130.500
339.593	117.500
339.771	106.500
339.950	125.500
340.128	135.500
340.307	143.500
340.485	126.500
340.664	113.500
340.843	134.500
341.021	104.500
341.200	87.500
341.378	137.500
341.557	126.500
341.735	102.500
341.914	55.500
342.092	55.500
342.271	97.500
342.449	120.500
342.628	109.500
342.806	113.500
342.985	107.500
343.163	108.500
343.342	99.500
343.521	107.500
343.699	102.500
343.878	102.500
344.056	140.500
344.235	113.500
344.413	94.500
344.592	93.500
344.770	83.500
344.949	126.500
345.127	102.500
345.306	116.500
345.484	122.500
345.663	112.500
345.841	149.500
346.020	121.500
346.199	79.500
346.377	134.500
346.556	139.500
346.734	148.500
346.913	119.500
347.091	105.500
347.270	123.500
347.448	136.500
347.627	126.500
347.805	101.500
347.984	118.500
348.162	105.500
348.341	113.500
348.519	96.500
348.698	95.500
348.876	134.500
349.055	109.500
349.234	116.500
349.412	124.500
349.591	138.500
349.769	170.500
349.948	120.500
350.126	116.500
350.305	157.500
350.483	127.500
350.662	101.500
350.840	135.500
351.019	81.500
351.197	134.500
351.376	179.500
351.554	163.500
351.733	139.500
351.912	128.500
352.090	121.500
352.269	110.500
352.447	155.500
352.626	179.500
352.804	168.500
352.983	137.500
353.161	125.500
353.340	131.500
353.518	171.500
353.697	159.500
353.875	128.500
354.054	94.500
354.232	143.500
354.411	153.500
354.590	143.500
354.768	141.500
354.947	151.500
355.125	147.500
355.304	122.500
355.482	116.500
355.661	134.500
355.839	126.500
356.018	107.500
356.196	126.500
356.375	119.500
356.553	127.500
356.732	98.500
356.910	71.500
357.089	96.500
357.268	113.500
357.446	142.500
357.625	161.500
357.803	141.500
357.982	144.500
358.160	156.500
358.339	170.500
358.517	131.500
358.696	140.500
358.874	94.500
359.053	63.500
359.231	110.500
359.410	151.500
359.588	135.500
359.767	133.500
359.945	148.500
360.124	105.500
360.303	104.500
360.481	123.500
360.660	149.500
360.838	107.500
361.017	132.500
361.195	152.500
361.374	152.500
361.552	160.500
361.731	134.500
361.909	135.500
362.088	130.500
362.266	127.500
362.445	114.500
362.623	86.500
362.802	112.500
362.981	123.500
363.159	160.500
363.338	160.500
363.516	151.500
363.695	142.500
363.873	134.500
364.052	116.500
364.230	80.500
364.409	130.500
364.587	162.500
364.766	152.500
364.944	154.500
365.123	153.500
365.301	123.500
365.480	95.500
365.660	105.500
365.839	121.500
366.019	134.500
366.199	185.500
366.379	157.500
366.558	164.500
366.738	175.500
366.918	146.500
367.098	93.500
367.277	133.500
367.457	155.500
367.637	155.500
367.816	166.500
367.996	165.500
368.176	158.500
368.356	169.500
368.535	142.500
368.715	138.500
368.895	137.500
369.075	131.500
369.254	119.500
369.434	117.500
369.614	183.500
369.793	200.500
369.973	153.500
370.153	138.500
370.333	175.500
370.512	139.500
370.692	148.500
370.872	123.500
371.051	108.500
371.231	136.500
371.411	153.500
371.591	166.500
371.770	191.500
371.950	170.500
372.130	138.500
372.310	147.500
372.489	119.500
372.669	103.500
372.849	90.500
373.028	140.500
373.208	153.500
373.388	168.500
373.568	145.500
373.747	146.500
373.927	163.500
374.107	156.500
374.287	124.500
374.466	139.500
374.646	174.500
374.826	176.500
375.005	148.500
375.185	161.500
375.365	154.500
375.545	164.500
375.724	121.500
375.904	133.500
376.084	99.500
376.263	87.500
376.443	182.500
376.623	144.500
376.803	147.500
376.982	150.500
377.162	151.500
377.342	158.500
377.522	163.500
377.701	119.500
377.881	96.500
378.061	152.500
378.240	158.500
378.420	203.500
378.600	192.500
378.780	189.500
378.959	169.500
379.139	127.500
379.319	112.500
379.499	148.500
379.678	163.500
379.858	192.500
380.038	192.500
380.217	182.500
380.397	124.500
380.577	138.500
380.757	141.500
380.936	202.500
381.116	149.500
381.296	117.500
381.476	136.500
381.655	157.500
381.835	189.500
382.015	167.500
382.194	143.500
382.374	132.500
382.554	136.500
382.734	145.500
382.913	161.500
383.093	165.500
383.273	135.500
383.452	102.500
383.632	154.500
383.812	121.500
383.992	118.500
384.171	105.500
384.351	103.500
384.531	128.500
384.711	142.500
384.890	140.500
385.070	148.500
385.250	204.500
385.429	178.500
385.609	189.500
385.789	162.500
385.969	87.500
386.148	111.500
386.328	127.500
386.508	140.500
386.688	118.500
386.867	129.500
387.047	164.500
387.227	182.500
387.406	190.500
387.586	131.500
387.766	96.500
387.946	103.500
388.125	124.500
388.305	122.500
388.485	116.500
388.664	119.500
388.844	158.500
389.024	146.500
389.204	128.500
389.383	146.500
389.563	148.500
389.743	144.500
389.923	146.500
390.102	147.500
390.282	179.500
390.462	153.500
390.641	132.500
390.821	156.500
391.001	163.500
391.181	156.500
391.360	110.500
391.540	107.500
391.720	156.500
391.900	150.500
392.079	95.500
392.259	125.500
392.439	179.500
392.618	147.500
392.798	146.500
392.978	148.500
393.158	142.500
393.337	166.500
393.517	151.500
393.697	193.500
393.877	203.500
394.056	202.500
394.236	197.500
394.416	158.500
394.595	137.500
394.775	161.500
394.955	145.500
395.135	188.500
395.314	252.500
395.494	229.500
395.674	170.500
395.853	124.500
396.033	148.500
396.213	147.500
396.393	110.500
396.572	139.500
396.752	156.500
396.932	145.500
397.112	176.500
397.291	166.500
397.471	131.500
397.651	127.500
397.830	158.500
398.010	175.500
398.190	159.500
398.370	177.500
398.549	220.500
398.729	189.500
398.909	181.500
399.089	186.500
399.268	184.500
399.448	205.500
399.628	242.500
399.807	209.500
399.987	201.500
400.167	214.500
400.347	189.500
400.526	244.500
400.706	238.500
400.886	205.500
401.065	190.500
401.245	255.500
401.425	249.500
401.605	217.500
401.784	209.500
401.964	202.500
402.144	222.500
402.324	264.500
402.503	279.500
402.683	246.500
402.863	223.500
403.042	266.500
403.222	230.500
403.402	270.500
403.582	244.500
403.761	225.500
403.941	301.500
404.121	302.500
404.301	265.500
404.480	310.500
404.660	339.500
404.844	323.500
405.029	334.500
405.213	323.500
405.398	307.500
405.582	314.500
405.767	356.500
405.951	362.500
406.136	385.500
406.320	395.500
406.505	419.500
406.689	427.500
406.874	430.500
407.058	443.500
407.243	553.500
407.427	562.500
407.612	616.500
407.796	662.500
407.981	682.500
408.165	755.500
408.350	785.500
408.534	781.500
408.719	808.500
408.903	881.500
409.088	917.500
409.272	945.500
409.457	940.500
409.641	1038.500
409.826	1135.500
410.010	1244.500
410.195	1266.500
410.379	1365.500
410.564	1492.500
410.748	1699.500
410.933	1813.500
411.117	1838.500
411.302	1940.500
411.486	2006.500
411.671	2040.500
411.855	2246.500
412.040	2293.500
412.224	2386.500
412.409	2543.500
412.593	2624.500
412.778	2794.500
412.962	2899.500
413.147	3121.500
413.331	3184.500
413.516	3313.500
413.700	3475.500
413.885	3612.500
414.069	3657.500
414.254	3796.500
414.438	3955.500
414.623	4066.500
414.807	4270.500
414.992	4456.500
415.176	4639.500
415.361	4721.500
415.545	4807.500
415.730	4943.500
415.914	5149.500
416.099	5277.500
416.283	5349.500
416.468	5404.500
416.652	5499.500
416.837	5726.500
417.021	5825.500
417.206	5866.500
417.390	5964.500
417.575	6041.500
417.759	6152.500
417.944	6235.500
418.128	6493.500
418.313	6637.500
418.497	6734.500
418.682	6776.500
418.866	6912.500
419.051	6973.500
419.235	7013.500
419.420	7123.500
419.604	7317.500
419.789	7405.500
419.973	7588.500
420.158	7795.500
420.342	7902.500
420.527	8033.500
420.711	8197.500
420.896	8358.500
421.080	8479.500
421.265	8583.500
421.449	8524.500
421.634	8440.500
421.818	8506.500
422.003	8520.500
422.187	8562.500
422.372	8654.500
422.556	8680.500
422.741	8801.500
422.925	8901.500
423.110	8992.500
423.294	9209.500
423.479	9178.500
423.663	9186.500
423.848	9315.500
424.032	9531.500
424.217	9548.500
424.401	9515.500
424.586	9697.500
424.770	9691.500
424.955	9726.500
425.139	9759.500
425.324	9782.500
425.508	10013.500
425.693	10034.500
425.877	9980.500
426.062	10071.500
426.246	9920.500
426.431	9824.500
426.615	9849.500
426.800	9867.500
426.984	9966.500
427.169	9994.500
427.353	10037.500
427.538	10178.500
427.722	10153.500
427.907	10126.500
428.091	9993.500
428.276	9927.500
428.460	10057.500
428.645	10095.500
428.829	9879.500
429.014	9551.500
429.198	9361.500
429.383	9177.500
429.567	8810.500
429.752	8630.500
429.936	8558.500
430.121	8394.500
430.305	8491.500
430.490	8666.500
430.674	9001.500
430.859	9469.500
431.043	9888.500
431.228	10342.500
431.412	10606.500
431.597	10645.500
431.781	10745.500
431.966	10992.500
432.150	11066.500
432.335	11320.500
432.519	11623.500
432.704	11681.500
432.888	11611.500
433.073	11421.500
433.257	11280.500
433.442	11149.500
433.626	11246.500
433.811	11213.500
433.995	11446.500
434.180	11572.500
434.364	11757.500
434.549	11790.500
434.733	11953.500
434.918	12177.500
435.102	12332.500
435.287	12428.500
435.471	12582.500
435.656	12811.500
435.840	12967.500
436.030	13054.500
436.219	13199.500
436.409	13138.500
436.599	13058.500
436.789	13090.500
436.978	12954.500
437.168	12763.500
437.358	12609.500
437.548	12539.500
437.737	12443.500
437.927	12398.500
438.117	12307.500
438.306	12266.500
438.496	12448.500
438.686	12710.500
438.876	12840.500
439.065	12839.500
439.255	12856.500
439.445	12845.500
439.634	12930.500
439.824	13024.500
440.014	13246.500
440.204	13277.500
440.393	13491.500
440.583	13758.500
440.773	13903.500
440.963	14057.500
441.152	14221.500
441.342	14358.500
441.532	14389.500
441.721	14652.500
441.911	14916.500
442.101	14909.500
442.291	14973.500
442.480	14989.500
442.670	15116.500
442.860	15152.500
443.050	15159.500
443.239	15252.500
443.429	15263.500
443.619	15297.500
443.808	15436.500
443.998	15677.500
444.188	15640.500
444.378	15743.500
444.567	15793.500
444.757	15581.500
444.947	15360.500
445.137	15427.500
445.326	15437.500
445.516	15441.500
445.706	15337.500
445.895	15483.500
446.085	15660.500
446.275	15781.500
446.465	15986.500
446.654	16214.500
446.844	16442.500
447.034	16563.500
447.223	16740.500
447.413	16864.500
447.603	16865.500
447.793	16863.500
447.982	16979.500
448.172	17050.500
448.362	17217.500
448.552	17134.500
448.741	17302.500
448.931	17311.500
449.121	17351.500
449.310	17518.500
449.500	17676.500
449.690	17835.500
449.880	17914.500
450.069	18214.500
450.259	18442.500
450.449	18528.500
450.639	18546.500
450.828	18443.500
451.018	18436.500
451.208	18473.500
451.397	18368.500
451.587	18246.500
451.777	18173.500
451.967	18131.500
452.156	17913.500
452.346	17816.500
452.536	17513.500
452.725	17326.500
452.915	17331.500
453.105	17251.500
453.295	17409.500
453.484	17737.500
453.674	17710.500
453.864	17706.500
454.054	17701.500
454.243	17670.500
454.433	17657.500
454.623	17649.500
454.812	17716.500
455.002	17830.500
455.192	17813.500
455.382	17874.500
455.571	17957.500
455.761	18128.500
455.951	18419.500
456.141	18262.500
456.330	18146.500
456.520	18312.500
456.710	18462.500
456.899	18517.500
457.089	18417.500
457.279	18382.500
457.469	18470.500
457.658	18503.500
457.848	18312.500
458.038	18221.500
458.228	18130.500
458.417	18224.500
458.607	18147.500
458.797	18130.500
458.986	17951.500
459.176	17875.500
459.366	17960.500
459.556	17948.500
459.745	18081.500
459.935	18068.500
460.125	18132.500
460.314	18321.500
460.504	18341.500
460.694	18569.500
460.884	18571.500
461.073	18569.500
461.263	18616.500
461.453	18538.500
461.643	18558.500
461.832	18595.500
462.022	18642.500
462.212	18792.500
462.401	18802.500
462.591	18866.500
462.781	18860.500
462.971	18827.500
463.160	18952.500
463.350	18795.500
463.540	18733.500
463.730	18678.500
463.919	18636.500
464.109	18536.500
464.299	18524.500
464.488	18309.500
464.678	18229.500
464.868	18129.500
465.058	18220.500
465.247	18408.500
465.437	18580.500
465.627	18578.500
465.816	18494.500
466.006	18402.500
466.196	18409.500
466.386	18257.500
466.575	18222.500
466.765	18041.500
466.955	18183.500
467.145	18300.500
467.334	18351.500
467.524	18439.500
467.714	18445.500
467.903	18381.500
468.093	18327.500
468.283	18524.500
468.473	18543.500
468.662	18700.500
468.852	18823.500
469.042	18768.500
469.232	18815.500
469.421	18670.500
469.611	18759.500
469.801	18684.500
469.990	18530.500
470.180	18392.500
470.370	18529.500
470.560	18554.500
470.749	18598.500
470.939	18518.500
471.129	18553.500
471.318	18895.500
471.508	19179.500
471.698	19365.500
471.888	19349.500
472.077	19473.500
472.267	19451.500
472.457	19538.500
472.647	19582.500
472.836	19542.500
473.026	19448.500
473.216	19375.500
473.405	19327.500
473.595	19549.500
473.785	19669.500
473.975	19689.500
474.164	19674.500
474.354	19853.500
474.544	19943.500
474.734	20015.500
474.923	19896.500
475.113	19870.500
475.303	19807.500
475.492	19828.500
475.682	19682.500
475.872	19532.500
476.062	19710.500
476.251	19613.500
476.441	19520.500
476.631	19388.500
476.821	19623.500
477.010	19709.500
477.200	19991.500
477.390	20170.500
477.579	20280.500
477.769	20242.500
477.959	20092.500
478.149	20156.500
478.338	20093.500
478.528	20163.500
478.718	20013.500
478.907	19922.500
479.097	20185.500
479.287	20240.500
479.477	20106.500
479.666	20273.500
479.856	20420.500
480.046	20272.500
480.236	20242.500
480.425	20323.500
480.615	20252.500
480.805	20243.500
480.994	20143.500
481.184	20047.500
481.374	20144.500
481.564	20347.500
481.753	20323.500
481.943	20371.500
482.133	20509.500
482.323	20197.500
482.512	20112.500
482.702	20100.500
482.892	20121.500
483.081	19968.500
483.271	19818.500
483.461	19853.500
483.651	19852.500
483.840	19875.500
484.030	19602.500
484.220	19526.500
484.409	19698.500
484.599	19371.500
484.789	19206.500
484.979	19205.500
485.168	19041.500
485.358	18580.500
485.548	18130.500
485.738	17712.500
485.927	17339.500
486.117	16851.500
486.307	16743.500
486.496	16609.500
486.686	16719.500
486.876	16980.500
487.066	17108.500
487.255	17312.500
487.445	17525.500
487.635	17782.500
487.825	17830.500
488.014	17842.500
488.204	17970.500
488.394	18224.500
488.583	18135.500
488.773	18190.500
488.963	18230.500
489.153	18345.500
489.342	18568.500
489.532	18682.500
489.722	18875.500
489.912	19045.500
490.101	19221.500
490.291	19288.500
490.481	19320.500
490.670	19374.500
490.860	19352.500
491.050	19185.500
491.240	19076.500
491.429	18940.500
491.619	18731.500
491.809	18611.500
491.998	18450.500
492.188	18470.500
492.378	18572.500
492.568	18660.500
492.757	18762.500
492.947	18816.500
493.137	18946.500
493.327	18893.500
493.516	18909.500
493.706	18801.500
493.896	18889.500
494.085	18907.500
494.275	19112.500
494.465	19402.500
494.655	19492.500
494.844	19531.500
495.034	19629.500
495.224	19513.500
495.414	19434.500
495.603	19470.500
495.793	19448.500
495.983	19290.500
496.172	19499.500
496.362	19676.500
496.552	19568.500
496.742	19617.500
496.931	19806.500
497.121	19818.500
497.311	19866.500
497.500	19696.500
497.690	19589.500
497.880	19377.500
498.070	19285.500
498.259	19131.500
498.449	19065.500
498.639	18937.500
498.829	18984.500
499.018	19251.500
499.208	19271.500
499.398	19236.500
499.587	19314.500
499.777	19215.500
499.967	19245.500
500.157	19124.500
500.346	19056.500
500.536	18756.500
500.726	18577.500
500.916	18518.500
501.105	18568.500
501.295	18509.500
501.485	18474.500
501.674	18348.500
501.864	18322.500
502.054	18413.500
502.244	18621.500
502.433	18778.500
502.623	18712.500
502.813	18808.500
503.003	18843.500
503.192	18945.500
503.382	18894.500
503.572	18673.500
503.761	18557.500
503.951	18629.500
504.141	18652.500
504.331	18456.500
504.520	18528.500
504.710	18599.500
504.900	18887.500
505.089	18838.500
505.279	18871.500
505.469	19036.500
505.659	19042.500
505.848	19113.500
506.038	19187.500
506.228	19270.500
506.418	19214.500
506.607	19045.500
506.797	18957.500
506.987	18809.500
507.176	18846.500
507.366	18804.500
507.556	18767.500
507.746	18695.500
507.935	18477.500
508.125	18262.500
508.315	18398.500
508.505	18575.500
508.694	18720.500
508.884	18921.500
509.074	18811.500
509.263	18798.500
509.453	18570.500
509.643	18509.500
509.833	18438.500
510.022	18414.500
510.212	18639.500
510.402	18620.500
510.592	18457.500
510.781	18340.500
510.971	18493.500
511.161	18528.500
511.350	18657.500
511.540	18559.500
511.730	18358.500
511.920	18439.500
512.109	18540.500
512.299	18449.500
512.489	18103.500
512.678	17908.500
512.868	18001.500
513.058	17827.500
513.248	17729.500
513.437	17718.500
513.627	17582.500
513.817	17544.500
514.007	17431.500
514.196	17261.500
514.386	17369.500
514.576	17570.500
514.765	17421.500
514.955	17351.500
515.145	17425.500
515.335	17432.500
515.524	17494.500
515.714	17464.500
515.904	17281.500
516.094	16946.500
516.283	16625.500
516.473	16290.500
516.663	15973.500
516.852	15714.500
517.042	15733.500
517.232	15686.500
517.422	15569.500
517.611	15625.500
517.801	15723.500
517.991	15609.500
518.180	15651.500
518.370	15694.500
518.560	15719.500
518.750	15856.500
518.939	15943.500
519.129	16047.500
519.319	16187.500
519.509	16434.500
519.698	16658.500
519.888	16645.500
520.078	16673.500
520.267	16863.500
520.457	16781.500
520.647	16709.500
520.837	16745.500
521.026	16885.500
521.216	17003.500
521.406	17130.500
521.596	17143.500
521.785	17078.500
521.975	17081.500
522.165	17114.500
522.354	17060.500
522.544	16948.500
522.734	16882.500
522.924	16879.500
523.113	16900.500
523.303	16985.500
523.493	16928.500
523.683	17052.500
523.872	17278.500
524.062	17315.500
524.252	17289.500
524.441	17428.500
524.631	17259.500
524.821	17306.500
525.011	17451.500
525.200	17373.500
525.390	17407.500
525.580	17330.500
525.769	17303.500
525.959	17140.500
526.149	16735.500
526.339	16426.500
526.528	16252.500
526.718	16171.500
526.908	16161.500
527.098	16169.500
527.287	16276.500
527.477	16330.500
527.667	16570.500
527.856	16776.500
528.046	16765.500
528.236	16804.500
528.426	17071.500
528.615	17191.500
528.805	17381.500
528.995	17484.500
529.185	17301.500
529.374	17300.500
529.564	17420.500
529.754	17400.500
529.943	17285.500
530.133	17348.500
530.323	17519.500
530.513	17543.500
530.702	17484.500
530.892	17499.500
531.082	17287.500
531.271	17151.500
531.461	17172.500
531.651	17131.500
531.841	16880.500
532.030	16691.500
532.220	16588.500
532.410	16310.500
532.600	16123.500
532.789	16141.500
532.979	16170.500
533.169	16090.500
533.358	16047.500
533.548	16202.500
533.738	16110.500
533.928	15980.500
534.117	16000.500
534.307	16246.500
534.497	16226.500
534.687	16222.500
534.876	16263.500
535.066	16195.500
535.256	16295.500
535.445	16352.500
535.635	16260.500
535.825	16100.500
536.015	15934.500
536.204	15907.500
536.394	15794.500
536.584	15868.500
536.773	15704.500
536.963	15539.500
537.153	15529.500
537.343	15597.500
537.532	15724.500
537.722	15636.500
537.912	15627.500
538.102	15618.500
538.291	15728.500
538.481	15761.500
538.671	15511.500
538.860	15345.500
539.050	15260.500
539.240	15350.500
539.430	15318.500
539.619	15093.500
539.809	14894.500
539.999	14745.500
540.189	14747.500
540.378	14821.500
540.568	14855.500
540.758	14835.500
540.947	14857.500
541.137	14976.500
541.327	14993.500
541.517	15027.500
541.706	14986.500
541.896	14934.500
542.086	14915.500
542.276	14990.500
542.465	14952.500
542.655	14963.500
542.845	14987.500
543.034	15027.500
543.224	15099.500
543.414	15016.500
543.604	14982.500
543.793	15039.500
543.983	15042.500
544.173	14874.500
544.362	14866.500
544.552	14941.500
544.742	15038.500
544.932	15064.500
545.121	14943.500
545.311	14878.500
545.501	15032.500
545.691	14930.500
545.880	14887.500
546.070	14860.500
546.264	14785.500
546.459	14854.500
546.653	14808.500
546.847	14699.500
547.041	14678.500
547.236	14863.500
547.430	14683.500
547.624	14621.500
547.818	14712.500
548.013	14603.500
548.207	14638.500
548.401	14544.500
548.596	14617.500
548.790	14624.500
548.984	14552.500
549.178	14538.500
549.373	14630.500
549.567	14599.500
549.761	14577.500
549.956	14498.500
550.150	14557.500
550.344	14447.500
550.538	14441.500
550.733	14658.500
550.927	14600.500
551.121	14464.500
551.315	14417.500
551.510	14461.500
551.704	14322.500
551.898	14498.500
552.093	14546.500
552.287	14344.500
552.481	14391.500
552.675	14452.500
552.870	14448.500
553.064	14476.500
553.258	14408.500
553.453	14258.500
553.647	14354.500
553.841	14475.500
554.035	14478.500
554.230	14512.500
554.424	14409.500
554.618	14502.500
554.812	14347.500
555.007	14217.500
555.201	14300.500
555.395	14274.500
555.590	14311.500
555.784	14204.500
555.978	14068.500
556.172	14107.500
556.367	14116.500
556.561	14146.500
556.755	14063.500
556.949	14058.500
557.144	14044.500
557.338	13972.500
557.532	13882.500
557.727	13898.500
557.921	13944.500
558.115	13834.500
558.309	13714.500
558.504	13699.500
558.698	13689.500
558.892	13671.500
559.087	13720.500
559.281	13671.500
559.475	13689.500
559.669	13646.500
559.864	13528.500
560.058	13654.500
560.252	13774.500
560.446	13669.500
560.641	13690.500
560.835	13913.500
561.029	13796.500
561.224	13661.500
561.418	13854.500
561.612	13869.500
561.806	13747.500
562.001	13717.500
562.195	13732.500
562.389	13766.500
562.584	13728.500
562.778	13687.500
562.972	13769.500
563.166	13845.500
563.361	13726.500
563.555	13622.500
563.749	13635.500
563.943	13766.500
564.138	13661.500
564.332	13731.500
564.526	13849.500
564.721	13764.500
564.915	13624.500
565.109	13487.500
565.303	13444.500
565.498	13451.500
565.692	13549.500
565.886	13477.500
566.081	13422.500
566.275	13541.500
566.469	13470.500
566.663	13241.500
566.858	13319.500
567.052	13535.500
567.246	13500.500
567.440	13388.500
567.635	13360.500
567.829	13210.500
568.023	13170.500
568.218	13296.500
568.412	13271.500
568.606	13088.500
568.800	13103.500
568.995	13241.500
569.189	13368.500
569.383	13226.500
569.577	13000.500
569.772	12979.500
569.966	12889.500
570.160	12821.500
570.355	12754.500
570.549	12698.500
570.743	12817.500
570.937	12860.500
571.132	12952.500
571.326	12852.500
571.520	12814.500
571.715	12954.500
571.909	12950.500
572.103	13031.500
572.297	12958.500
572.492	13010.500
572.686	13025.500
572.880	12910.500
573.074	13030.500
573.269	13005.500
573.463	13077.500
573.657	13001.500
573.852	12865.500
574.046	12695.500
574.240	12573.500
574.434	12660.500
574.629	12770.500
574.823	12635.500
575.017	12483.500
575.212	12435.500
575.406	12522.500
575.600	12405.500
575.794	12502.500
575.989	12540.500
576.183	12508.500
576.377	12396.500
576.571	12437.500
576.766	12450.500
576.960	12410.500
577.159	12283.500
577.357	12290.500
577.556	12265.500
577.755	12291.500
577.953	12159.500
578.152	12181.500
578.350	12092.500
578.549	12233.500
578.748	12088.500
578.946	12050.500
579.145	12228.500
579.344	12103.500
579.542	12087.500
579.741	12190.500
579.940	12162.500
580.138	12208.500
580.337	12289.500
580.535	12253.500
580.734	12414.500
580.933	12422.500
581.131	12568.500
581.330	12634.500
581.529	12699.500
581.727	12648.500
581.926	12728.500
582.125	12841.500
582.323	12874.500
582.522	13026.500
582.721	13054.500
582.919	13158.500
583.118	13227.500
583.316	13230.500
583.515	13172.500
583.714	13169.500
583.912	13241.500
584.111	13285.500
584.310	13228.500
584.508	13230.500
584.707	13231.500
584.906	13215.500
585.104	13211.500
585.303	13141.500
585.501	13006.500
585.700	13089.500
585.899	13134.500
586.097	13117.500
586.296	13167.500
586.495	13211.500
586.693	13244.500
586.892	13299.500
587.091	13174.500
587.289	13070.500
587.488	12904.500
587.686	12680.500
587.885	12626.500
588.084	12417.500
588.282	12153.500
588.481	11878.500
588.680	11818.500
588.878	11715.500
589.077	11717.500
589.276	11755.500
589.474	11738.500
589.673	11692.500
589.871	11684.500
590.070	11984.500
590.269	12088.500
590.467	11959.500
590.666	11966.500
590.865	12027.500
591.063	12108.500
591.262	12152.500
591.461	11975.500
591.659	12111.500
591.858	12140.500
592.056	12179.500
592.255	12257.500
592.454	12346.500
592.652	12307.500
592.851	12314.500
593.050	12278.500
593.248	12275.500
593.447	12264.500
593.646	12228.500
593.844	12262.500
594.043	12250.500
594.241	12212.500
594.440	12212.500
594.639	12029.500
594.837	12073.500
595.036	12201.500
595.235	12217.500
595.433	12142.500
595.632	12094.500
595.831	12198.500
596.029	12124.500
596.228	12164.500
596.427	12293.500
596.625	12207.500
596.824	12113.500
597.022	12307.500
597.221	12340.500
597.420	12310.500
597.618	12240.500
597.817	12206.500
598.016	12213.500
598.214	12115.500
598.413	12093.500
598.612	12094.500
598.810	12328.500
599.009	12394.500
599.207	12218.500
599.406	12212.500
599.605	12264.500
599.803	12163.500
600.002	12131.500
600.201	12141.500
600.399	11991.500
600.598	12077.500
600.797	12091.500
600.995	12092.500
601.194	12065.500
601.392	12011.500
601.591	12097.500
601.790	12069.500
601.988	12080.500
602.187	12121.500
602.386	12090.500
602.584	12091.500
602.783	12250.500
602.982	12265.500
603.180	12031.500
603.379	12101.500
603.577	12006.500
603.776	12143.500
603.975	12273.500
604.173	12328.500
604.372	12363.500
604.571	12362.500
604.769	12177.500
604.968	12166.500
605.167	12245.500
605.365	12254.500
605.564	12189.500
605.762	12243.500
605.961	12330.500
606.160	12298.500
606.358	12178.500
606.557	12269.500
606.756	12249.500
606.954	12146.500
607.153	12208.500
607.352	12232.500
607.550	12174.500
607.749	12167.500
607.948	12143.500
608.146	12057.500
608.345	11982.500
608.543	11993.500
608.742	12107.500
608.941	12004.500
609.139	11948.500
609.338	11939.500
609.537	11940.500
609.735	11938.500
609.934	11990.500
610.133	11856.500
610.331	11864.500
610.530	11927.500
610.728	11846.500
610.927	11948.500
611.126	11939.500
611.324	11956.500
611.523	11936.500
611.722	11873.500
611.920	11744.500
612.119	11724.500
612.318	11851.500
612.516	11901.500
612.715	11655.500
612.913	11590.500
613.112	11667.500
613.311	11650.500
613.509	11511.500
613.708	11569.500
613.907	11619.500
614.105	11632.500
614.304	11576.500
614.503	11541.500
614.701	11636.500
614.900	11594.500
615.098	11483.500
615.297	11539.500
615.496	11477.500
615.694	11251.500
615.893	11281.500
616.092	11335.500
616.290	11255.500
616.489	11235.500
616.688	11286.500
616.886	11189.500
617.085	11281.500
617.283	11223.500
617.482	11280.500
617.681	11462.500
617.879	11415.500
618.078	11468.500
618.277	11441.500
618.475	11273.500
618.674	11465.500
618.873	11594.500
619.071	11507.500
619.270	11437.500
619.468	11431.500
619.667	11382.500
619.866	11364.500
620.064	11382.500
620.263	11470.500
620.462	11557.500
620.660	11499.500
620.859	11455.500
621.058	11531.500
621.256	11331.500
621.455	11103.500
621.654	11312.500
621.852	11254.500
622.051	11275.500
622.249	11298.500
622.448	11233.500
622.647	11159.500
622.845	11223.500
623.044	11083.500
623.243	10973.500
623.441	10994.500
623.640	11157.500
623.839	11067.500
624.037	11048.500
624.236	11008.500
624.434	10834.500
624.633	10856.500
624.832	10876.500
625.030	10809.500
625.229	10857.500
625.428	10856.500
625.626	10935.500
625.825	10853.500
626.024	10862.500
626.222	10815.500
626.421	10850.500
626.619	10917.500
626.818	10896.500
627.017	10904.500
627.215	10893.500
627.414	10685.500
627.613	10569.500
627.811	10651.500
628.010	10537.500
628.209	10515.500
628.407	10574.500
628.606	10595.500
628.804	10536.500
629.003	10494.500
629.202	10512.500
629.400	10607.500
629.599	10610.500
629.798	10482.500
629.996	10418.500
630.195	10478.500
630.394	10482.500
630.592	10527.500
630.791	10470.500
630.990	10396.500
631.188	10387.500
631.387	10346.500
631.585	10366.500
631.784	10323.500
631.983	10335.500
632.181	10495.500
632.380	10510.500
632.579	10437.500
632.777	10462.500
632.976	10659.500
633.175	10660.500
633.373	10565.500
633.572	10470.500
633.770	10506.500
633.969	10653.500
634.168	10616.500
634.366	10608.500
634.565	10544.500
634.764	10494.500
634.962	10639.500
635.161	10625.500
635.360	10644.500
635.558	10654.500
635.757	10472.500
635.955	10396.500
636.154	10510.500
636.353	10552.500
636.551	10460.500
636.750	10446.500
636.949	10610.500
637.147	10581.500
637.346	10650.500
637.545	10649.500
637.743	10659.500
637.942	10517.500
638.140	10558.500
638.339	10666.500
638.538	10624.500
638.736	10623.500
638.935	10639.500
639.134	10617.500
639.332	10623.500
639.531	10565.500
639.730	10455.500
639.928	10458.500
640.127	10478.500
640.325	10332.500
640.524	10382.500
640.723	10388.500
640.921	10311.500
641.120	10368.500
641.319	10351.500
641.517	10387.500
641.716	10421.500
641.915	10324.500
642.113	10302.500
642.312	10412.500
642.510	10440.500
642.709	10423.500
642.908	10502.500
643.106	10607.500
643.305	10342.500
643.504	10266.500
643.702	10511.500
643.901	10496.500
644.100	10370.500
644.298	10433.500
644.497	10557.500
644.696	10400.500
644.894	10394.500
645.093	10368.500
645.291	10296.500
645.490	10230.500
645.689	10287.500
645.887	10327.500
646.086	10261.500
646.285	10204.500
646.483	10191.500
646.682	10154.500
646.881	10122.500
647.079	10004.500
647.278	10022.500
647.476	9991.500
647.675	10082.500
647.874	10119.500
648.072	10205.500
648.271	10187.500
648.470	10085.500
648.668	9981.500
648.867	9988.500
649.066	10007.500
649.264	9903.500
649.463	9807.500
649.661	9934.500
649.860	9987.500
650.059	10034.500
650.257	10162.500
650.456	10159.500
650.655	10199.500
650.853	10204.500
651.052	10089.500
651.251	10002.500
651.449	10075.500
651.648	10140.500
651.846	10104.500
652.045	10056.500
652.244	10051.500
652.442	10207.500
652.641	10204.500
652.840	10172.500
653.038	10072.500
653.237	10141.500
653.436	10258.500
653.634	10393.500
653.833	10412.500
654.032	10249.500
654.230	10095.500
654.429	10005.500
654.627	10079.500
654.826	9973.500
655.025	9816.500
655.223	9795.500
655.422	9603.500
655.621	9242.500
655.819	9145.500
656.018	9045.500
656.217	9046.500
656.415	9130.500
656.614	9228.500
656.812	9298.500
657.011	9347.500
657.210	9350.500
657.408	9376.500
657.607	9542.500
657.806	9604.500
658.004	9607.500
658.203	9732.500
658.402	9955.500
658.600	9850.500
658.799	9775.500
658.997	9959.500
659.196	9960.500
659.395	9865.500
659.593	10014.500
659.792	10104.500
659.991	10262.500
660.189	10254.500
660.388	10252.500
660.587	10257.500
660.785	10170.500
660.984	10164.500
661.182	10271.500
661.381	10351.500
661.580	10382.500
661.778	10412.500
661.977	10395.500
662.176	10424.500
662.374	10459.500
662.573	10319.500
662.772	10255.500
662.970	10303.500
663.169	10238.500
663.367	10103.500
663.566	10062.500
663.765	10119.500
663.963	10188.500
664.162	10271.500
664.361	10279.500
664.559	10298.500
664.758	10267.500
664.957	10242.500
665.155	10248.500
665.354	10198.500
665.552	10179.500
665.751	10200.500
665.950	10161.500
666.148	10149.500
666.347	10147.500
666.546	10146.500
666.744	10199.500
666.943	10223.500
667.142	10142.500
667.340	10262.500
667.539	10245.500
667.738	10213.500
667.936	10238.500
668.135	10150.500
668.333	10120.500
668.532	10146.500
668.731	10169.500
668.929	10171.500
669.128	10197.500
669.327	10085.500
669.525	10033.500
669.724	10072.500
669.923	10087.500
670.121	10046.500
670.320	10006.500
670.518	10034.500
670.717	9982.500
670.916	9926.500
671.114	9942.500
671.313	9851.500
671.512	9899.500
671.710	9871.500
671.909	9858.500
672.108	9829.500
672.306	9910.500
672.505	9989.500
672.703	9887.500
672.902	9842.500
673.101	9809.500
673.299	9860.500
673.498	9815.500
673.697	9875.500
673.895	9817.500
674.094	9747.500
674.293	9705.500
674.491	9797.500
674.690	9685.500
674.888	9786.500
675.087	9743.500
675.286	9718.500
675.484	9843.500
675.683	9853.500
675.882	9778.500
676.080	9535.500
676.279	9568.500
676.478	9724.500
676.676	9807.500
676.875	9714.500
677.073	9669.500
677.272	9664.500
677.471	9617.500
677.669	9645.500
677.868	9613.500
678.067	9688.500
678.265	9540.500
678.464	9468.500
678.663	9548.500
678.861	9553.500
679.060	9572.500
679.259	9608.500
679.457	9565.500
679.656	9406.500
679.854	9416.500
680.053	9417.500
680.252	9361.500
680.450	9529.500
680.649	9577.500
680.848	9521.500
681.046	9555.500
681.245	9577.500
681.444	9507.500
681.642	9379.500
681.841	9431.500
682.039	9409.500
682.238	9414.500
682.437	9408.500
682.635	9378.500
682.834	9322.500
683.033	9272.500
683.231	9192.500
683.430	9188.500
683.629	9224.500
683.827	9118.500
684.026	9130.500
684.224	9106.500
684.423	9093.500
684.622	9131.500
684.820	9202.500
685.019	9244.500
685.218	9188.500
685.416	8953.500
685.615	8822.500
685.814	8682.500
686.012	8335.500
686.211	8088.500
686.409	7901.500
686.608	7707.500
686.807	7562.500
687.005	7534.500
687.204	7459.500
687.403	7467.500
687.601	7551.500
687.800	7522.500
687.999	7552.500
688.197	7458.500
688.396	7459.500
688.594	7546.500
688.793	7551.500
688.992	7619.500
689.190	7595.500
689.389	7655.500
689.588	7660.500
689.786	7843.500
689.985	7793.500
690.184	7774.500
690.382	7875.500
690.581	7898.500
690.779	7961.500
690.978	8034.500
691.177	8049.500
691.375	7959.500
691.574	8105.500
691.773	8158.500
691.971	8050.500
692.170	8024.500
692.369	8062.500
692.567	8053.500
692.766	8045.500
692.965	8089.500
693.163	8032.500
693.362	7963.500
693.560	7893.500
693.759	7966.500
693.958	8020.500
694.156	8035.500
694.355	7961.500
694.554	7911.500
694.752	7926.500
694.951	7956.500
695.150	7981.500
695.348	7981.500
695.547	8153.500
695.745	8187.500
695.944	8314.500
696.143	8267.500
696.341	8218.500
696.540	8197.500
696.743	8202.500
696.946	8218.500
697.149	8229.500
697.352	8092.500
697.555	8119.500
697.757	8310.500
697.960	8252.500
698.163	8190.500
698.366	8126.500
698.569	8076.500
698.772	8041.500
698.975	8071.500
699.178	8103.500
699.381	8073.500
699.584	8043.500
699.787	7961.500
699.989	8037.500
700.192	8088.500
700.395	8032.500
700.598	7885.500
700.801	7868.500
701.004	7859.500
701.207	7797.500
701.410	7791.500
701.613	7846.500
701.816	7857.500
702.019	7817.500
702.221	7768.500
702.424	7794.500
702.627	7914.500
702.830	7947.500
703.033	7949.500
703.236	7824.500
703.439	7955.500
703.642	8091.500
703.845	8050.500
704.048	8013.500
704.251	7961.500
704.453	7940.500
704.656	7966.500
704.859	7998.500
705.062	7920.500
705.265	8010.500
705.468	7996.500
705.671	7946.500
705.874	7962.500
706.077	8115.500
706.280	8079.500
706.483	7976.500
706.685	7946.500
706.888	8029.500
707.091	7960.500
707.294	7920.500
707.497	7971.500
707.700	8005.500
707.903	7988.500
708.106	7809.500
708.309	7860.500
708.512	7905.500
708.715	7908.500
708.917	7973.500
709.120	7987.500
709.323	7922.500
709.526	7951.500
709.729	8014.500
709.932	7950.500
710.135	7842.500
710.338	7858.500
710.541	7842.500
710.744	7944.500
710.947	7917.500
711.149	7828.500
711.352	7882.500
711.555	7885.500
711.758	7860.500
711.961	7845.500
712.164	7867.500
712.367	7830.500
712.570	7896.500
712.773	7874.500
712.976	7842.500
713.179	7670.500
713.381	7742.500
713.584	7692.500
713.787	7703.500
713.990	7593.500
714.193	7514.500
714.396	7494.500
714.599	7588.500
714.802	7617.500
715.005	7631.500
715.208	7494.500
715.411	7472.500
715.613	7412.500
715.816	7271.500
716.019	7033.500
716.222	6921.500
716.425	6712.500
716.628	6489.500
716.831	6543.500
717.034	6420.500
717.237	6217.500
717.440	6158.500
717.643	5954.500
717.845	5821.500
718.048	5790.500
718.251	5737.500
718.454	5685.500
718.657	5612.500
718.860	5563.500
719.063	5493.500
719.266	5480.500
719.469	5475.500
719.672	5460.500
719.875	5514.500
720.077	5542.500
720.280	5713.500
720.483	5901.500
720.686	5918.500
720.889	6050.500
721.092	6098.500
721.295	6148.500
721.498	6276.500
721.701	6313.500
721.904	6279.500
722.107	6209.500
722.309	6182.500
722.512	6201.500
722.715	6015.500
722.918	5993.500
723.121	6023.500
723.324	5937.500
723.527	5849.500
723.730	5875.500
723.933	5772.500
724.136	5774.500
724.339	5820.500
724.541	5835.500
724.744	5752.500
724.947	5726.500
725.150	5688.500
725.353	5636.500
725.556	5733.500
725.759	5777.500
725.962	5627.500
726.165	5614.500
726.368	5622.500
726.571	5634.500
726.773	5645.500
726.976	5643.500
727.179	5693.500
727.382	5563.500
727.585	5646.500
727.788	5635.500
727.991	5495.500
728.194	5426.500
728.397	5454.500
728.600	5393.500
728.803	5424.500
729.005	5478.500
729.208	5514.500
729.411	5593.500
729.614	5614.500
729.817	5610.500
730.020	5554.500
730.223	5566.500
730.426	5557.500
730.629	5586.500
730.832	5631.500
731.035	5654.500
731.237	5686.500
731.440	5701.500
731.643	5666.500
731.846	5744.500
732.049	5828.500
732.252	5940.500
732.455	5918.500
732.658	5949.500
732.861	5961.500
733.064	5910.500
733.267	5958.500
733.469	6105.500
733.672	6053.500
733.875	6059.500
734.078	6080.500
734.281	6100.500
734.484	6096.500
734.687	6119.500
734.890	6120.500
735.093	6003.500
735.296	5951.500
735.499	5969.500
735.701	5976.500
735.904	5904.500
736.107	5943.500
736.310	6012.500
736.513	6072.500
736.716	6051.500
736.919	6026.500
737.122	6001.500
737.325	5967.500
737.528	5910.500
737.731	5900.500
737.933	5979.500
738.136	5982.500
738.339	5901.500
738.542	5914.500
738.745	5905.500
738.948	5898.500
739.151	5836.500
739.354	5904.500
739.557	5841.500
739.760	5882.500
739.963	5799.500
740.165	5801.500
740.368	5812.500
740.571	5858.500
740.774	5827.500
740.977	5751.500
741.180	5693.500
741.383	5738.500
741.586	5819.500
741.789	5927.500
741.992	5766.500
742.195	5743.500
742.397	5776.500
742.600	5767.500
742.803	5783.500
743.006	5798.500
743.209	5826.500
743.412	5661.500
743.615	5784.500
743.818	5754.500
744.021	5725.500
744.224	5703.500
744.427	5756.500
744.629	5767.500
744.832	5743.500
745.035	5688.500
745.238	5773.500
745.441	5732.500
745.644	5653.500
745.847	5698.500
746.050	5706.500
746.253	5746.500
746.456	5766.500
746.659	5736.500
746.861	5681.500
747.064	5653.500
747.267	5678.500
747.470	5644.500
747.673	5622.500
747.876	5703.500
748.079	5675.500
748.282	5642.500
748.485	5641.500
748.688	5654.500
748.891	5518.500
749.093	5433.500
749.296	5499.500
749.499	5494.500
749.702	5420.500
749.905	5421.500
750.108	5436.500
750.311	5510.500
750.514	5405.500
750.717	5362.500
750.920	5302.500
751.123	5275.500
751.325	5276.500
751.528	5285.500
751.731	5313.500
751.934	5322.500
752.137	5306.500
752.340	5323.500
752.543	5271.500
752.746	5291.500
752.949	5287.500
753.152	5348.500
753.355	5290.500
753.557	5205.500
753.760	5314.500
753.963	5376.500
754.166	5340.500
754.369	5246.500
754.572	5262.500
754.775	5334.500
754.978	5293.500
755.181	5249.500
755.384	5211.500
755.587	5268.500
755.789	5226.500
755.992	5216.500
756.195	5198.500
756.398	5162.500
756.601	5132.500
756.804	5142.500
757.007	5112.500
757.210	5081.500
757.413	4979.500
757.616	5003.500
757.819	4988.500
758.021	4890.500
758.224	4667.500
758.427	4379.500
758.630	4084.500
758.833	3790.500
759.036	3504.500
759.239	3146.500
759.442	2865.500
759.645	2660.500
759.848	2372.500
760.051	2288.500
760.253	2354.500
760.456	2375.500
760.659	2378.500
760.862	2311.500
761.065	2317.500
761.268	2328.500
761.471	2299.500
761.674	2262.500
761.877	2164.500
762.080	2150.500
762.283	2171.500
762.485	2207.500
762.688	2273.500
762.891	2309.500
763.094	2319.500
763.297	2382.500
763.500	2484.500
763.706	2562.500
763.912	2602.500
764.118	2653.500
764.325	2730.500
764.531	2812.500
764.737	2876.500
764.943	2912.500
765.149	2990.500
765.355	3096.500
765.561	3190.500
765.768	3302.500
765.974	3418.500
766.180	3498.500
766.386	3583.500
766.592	3705.500
766.798	3786.500
767.004	3895.500
767.210	4041.500
767.417	4080.500
767.623	4049.500
767.829	4129.500
768.035	4160.500
768.241	4233.500
768.447	4267.500
768.653	4211.500
768.860	4243.500
769.066	4258.500
769.272	4251.500
769.478	4319.500
769.684	4408.500
769.890	4387.500
770.096	4456.500
770.303	4362.500
770.509	4399.500
770.715	4442.500
770.921	4377.500
771.127	4315.500
771.333	4320.500
771.539	4369.500
771.745	4387.500
771.952	4363.500
772.158	4407.500
772.364	4344.500
772.570	4332.500
772.776	4350.500
772.982	4344.500
773.188	4302.500
773.395	4285.500
773.601	4327.500
773.807	4292.500
774.013	4231.500
774.219	4214.500
774.425	4237.500
774.631	4310.500
774.838	4327.500
775.044	4285.500
775.250	4360.500
775.456	4342.500
775.662	4277.500
775.868	4303.500
776.074	4292.500
776.281	4255.500
776.487	4174.500
776.693	4126.500
776.899	4106.500
777.105	4119.500
777.311	4173.500
777.517	4186.500
777.723	4106.500
777.930	4114.500
778.136	4178.500
778.342	4171.500
778.548	4152.500
778.754	4149.500
778.960	4093.500
779.166	3995.500
779.373	3967.500
779.579	4010.500
779.785	4021.500
779.991	3979.500
780.197	3994.500
780.403	4000.500
780.609	3887.500
780.816	3950.500
781.022	3996.500
781.228	3985.500
781.434	4068.500
781.640	4014.500
781.846	3976.500
782.052	3963.500
782.259	3911.500
782.465	3950.500
782.671	3942.500
782.877	3826.500
783.083	3861.500
783.289	3936.500
783.495	3912.500
783.701	3899.500
783.908	3891.500
784.114	3937.500
784.320	3848.500
784.526	3823.500
784.732	3811.500
784.938	3852.500
785.144	3820.500
785.351	3834.500
785.557	3833.500
785.763	3833.500
785.969	3793.500
786.175	3747.500
786.381	3687.500
786.587	3688.500
786.794	3670.500
787.000	3658.500
787.206	3719.500
787.412	3785.500
787.618	3758.500
787.824	3693.500
788.030	3595.500
788.236	3562.500
788.443	3497.500
788.649	3552.500
788.855	3522.500
789.061	3533.500
789.267	3550.500
789.473	3470.500
789.679	3510.500
789.886	3587.500
790.092	3533.500
790.298	3464.500
790.504	3421.500
790.710	3454.500
790.916	3355.500
791.122	3342.500
791.329	3455.500
791.535	3389.500
791.741	3348.500
791.947	3355.500
792.153	3300.500
792.359	3288.500
792.565	3292.500
792.771	3351.500
792.978	3305.500
793.184	3263.500
793.390	3336.500
793.596	3337.500
793.802	3252.500
794.008	3336.500
794.214	3357.500
794.421	3326.500
794.627	3315.500
794.833	3333.500
795.039	3286.500
795.245	3262.500
795.451	3202.500
795.657	3246.500
795.864	3260.500
796.070	3285.500
796.276	3288.500
796.482	3193.500
796.688	3208.500
796.894	3218.500
797.100	3145.500
797.307	3176.500
797.513	3246.500
797.719	3201.500
797.925	3159.500
798.131	3185.500
798.337	3177.500
798.543	3152.500
798.749	3059.500
798.956	3130.500
799.162	3121.500
799.368	3038.500
799.574	3091.500
799.780	3176.500
799.986	3118.500
800.192	3076.500
800.399	3123.500
800.605	3093.500
800.811	3066.500
801.017	2948.500
801.223	2956.500
801.429	2949.500
801.635	3009.500
801.842	3052.500
802.048	3003.500
802.254	2898.500
802.460	2960.500
802.666	2981.500
802.872	2905.500
803.078	3015.500
803.285	3008.500
803.491	2928.500
803.697	2945.500
803.903	2908.500
804.109	2880.500
804.315	2792.500
804.521	2821.500
804.727	2883.500
804.934	2936.500
805.140	2940.500
805.346	2894.500
805.552	2950.500
805.758	2927.500
805.964	2878.500
806.170	2868.500
806.377	2862.500
806.583	2847.500
806.789	2834.500
806.995	2918.500
807.201	2898.500
807.407	2885.500
807.613	2862.500
807.820	2831.500
808.026	2802.500
808.232	2712.500
808.438	2759.500
808.644	2778.500
808.850	2707.500
809.056	2782.500
809.262	2786.500
809.469	2709.500
809.675	2623.500
809.881	2570.500
810.087	2641.500
810.293	2655.500
810.499	2699.500
810.705	2649.500
810.912	2582.500
811.118	2588.500
811.324	2572.500
811.530	2589.500
811.739	2633.500
811.947	2593.500
812.156	2510.500
812.365	2436.500
812.573	2484.500
812.782	2414.500
812.990	2392.500
813.199	2330.500
813.408	2308.500
813.616	2319.500
813.825	2253.500
814.034	2180.500
814.242	2195.500
814.451	2220.500
814.659	2166.500
814.868	2139.500
815.077	2129.500
815.285	2075.500
815.494	2017.500
815.703	2021.500
815.911	2007.500
816.120	1977.500
816.329	2029.500
816.537	2052.500
816.746	1955.500
816.954	1964.500
817.163	1976.500
817.372	1916.500
817.580	1949.500
817.789	1994.500
817.998	1978.500
818.206	1951.500
818.415	1922.500
818.624	1964.500
818.832	1940.500
819.041	1962.500
819.249	1997.500
819.458	2027.500
819.667	2050.500
819.875	2124.500
820.084	2064.500
820.293	2095.500
820.501	2101.500
820.710	2109.500
820.919	2058.500
821.127	2035.500
821.336	2058.500
821.544	2002.500
821.753	1970.500
821.962	1888.500
822.170	1832.500
822.379	1791.500
822.588	1827.500
822.796	1879.500
823.005	1876.500
823.213	1921.500
823.422	1924.500
823.631	1937.500
823.839	1927.500
824.048	1949.500
824.257	1948.500
824.465	1985.500
824.674	2003.500
824.883	2006.500
825.091	1949.500
825.300	1919.500
825.508	1996.500
825.717	2047.500
825.926	2030.500
826.134	1967.500
826.343	1960.500
826.552	1944.500
826.760	1956.500
826.969	1945.500
827.178	1948.500
827.386	1902.500
827.595	1970.500
827.803	1955.500
828.012	1890.500
828.221	1885.500
828.429	1909.500
828.638	1866.500
828.847	1844.500
829.055	1856.500
829.264	1908.500
829.472	1892.500
829.681	1894.500
829.890	1877.500
830.098	1830.500
830.307	1873.500
830.516	1872.500
830.724	1879.500
830.933	1925.500
831.142	1837.500
831.350	1862.500
831.559	1841.500
831.767	1862.500
831.976	1862.500
832.185	1801.500
832.393	1839.500
832.602	1891.500
832.811	1879.500
833.019	1881.500
833.228	1882.500
833.437	1852.500
833.645	1892.500
833.854	1857.500
834.062	1857.500
834.271	1873.500
834.480	1870.500
834.688	1855.500
834.897	1801.500
835.106	1800.500
835.314	1906.500
835.523	1908.500
835.731	1838.500
835.940	1812.500
836.149	1856.500
836.357	1877.500
836.566	1887.500
836.775	1868.500
836.983	1872.500
837.192	1909.500
837.401	1943.500
837.609	1930.500
837.818	1826.500
838.026	1841.500
838.235	1851.500
838.444	1844.500
838.652	1877.500
838.861	1857.500
839.070	1898.500
839.278	1907.500
839.487	1856.500
839.696	1874.500
839.904	1874.500
840.113	1821.500
840.321	1852.500
840.530	1896.500
840.739	1880.500
840.947	1822.500
841.156	1744.500
841.365	1788.500
841.573	1863.500
841.782	1876.500
841.991	1844.500
842.199	1817.500
842.408	1775.500
842.616	1752.500
842.825	1778.500
843.034	1788.500
843.242	1832.500
843.451	1825.500
843.660	1813.500
843.868	1797.500
844.077	1805.500
844.285	1764.500
844.494	1729.500
844.703	1748.500
844.911	1794.500
845.120	1779.500
845.329	1806.500
845.537	1760.500
845.746	1682.500
845.955	1733.500
846.163	1768.500
846.372	1742.500
846.580	1670.500
846.789	1702.500
846.998	1764.500
847.206	1736.500
847.415	1712.500
847.624	1720.500
847.832	1741.500
848.041	1718.500
848.250	1644.500
848.458	1645.500
848.667	1681.500
848.875	1726.500
849.084	1712.500
849.293	1631.500
849.501	1588.500
849.710	1604.500
849.919	1626.500
850.127	1632.500
850.336	1628.500
850.544	1602.500
850.753	1514.500
850.962	1544.500
851.170	1555.500
851.379	1577.500
851.588	1542.500
851.796	1543.500
852.005	1581.500
852.214	1535.500
852.422	1553.500
852.631	1615.500
852.839	1564.500
853.048	1507.500
853.257	1464.500
853.465	1431.500
853.674	1409.500
853.883	1388.500
854.091	1331.500
854.300	1322.500
854.509	1433.500
854.717	1498.500
854.926	1478.500
855.134	1430.500
855.343	1405.500
855.552	1424.500
855.760	1511.500
855.969	1537.500
856.178	1488.500
856.386	1509.500
856.595	1444.500
856.803	1450.500
857.012	1484.500
857.221	1417.500
857.429	1464.500
857.638	1505.500
857.847	1470.500
858.055	1451.500
858.264	1490.500
858.473	1542.500
858.681	1503.500
858.890	1485.500
859.098	1480.500
859.307	1499.500
859.516	1499.500
859.724	1482.500
859.933	1487.500
860.142	1495.500
860.350	1437.500
860.559	1408.500
860.768	1439.500
860.976	1434.500
861.185	1381.500
861.393	1462.500
861.602	1442.500
861.811	1374.500
862.019	1404.500
862.228	1402.500
862.437	1396.500
862.645	1390.500
862.854	1423.500
863.062	1398.500
863.271	1352.500
863.480	1393.500
863.688	1422.500
863.897	1399.500
864.106	1342.500
864.314	1329.500
864.523	1328.500
864.732	1293.500
864.940	1241.500
865.149	1227.500
865.357	1283.500
865.566	1205.500
865.775	1187.500
865.983	1218.500
866.192	1202.500
866.401	1186.500
866.609	1194.500
866.818	1261.500
867.027	1261.500
867.235	1273.500
867.444	1228.500
867.652	1161.500
867.861	1180.500
868.070	1198.500
868.278	1170.500
868.487	1228.500
868.696	1198.500
868.904	1184.500
869.113	1226.500
869.321	1240.500
869.530	1207.500
869.739	1197.500
869.947	1181.500
870.156	1183.500
870.365	1169.500
870.573	1200.500
870.782	1211.500
870.991	1202.500
871.199	1171.500
871.408	1198.500
871.616	1212.500
871.825	1126.500
872.034	1126.500
872.242	1152.500
872.451	1094.500
872.660	1090.500
872.868	1148.500
873.077	1132.500
873.286	1141.500
873.494	1164.500
873.703	1152.500
873.911	1085.500
874.120	1119.500
874.329	1164.500
874.537	1114.500
874.746	1064.500
874.955	1082.500
875.163	1058.500
875.372	1063.500
875.581	1112.500
875.789	1097.500
875.998	1061.500
876.206	1100.500
876.415	1086.500
876.624	1020.500
876.832	1062.500
877.041	1057.500
877.250	1066.500
877.458	1071.500
877.667	1051.500
877.875	1050.500
878.084	1055.500
878.293	1039.500
878.501	1006.500
878.710	1013.500
878.919	1076.500
879.127	1049.500
879.336	1025.500
879.545	975.500
879.753	959.500
879.962	959.500
880.170	977.500
880.379	945.500
880.588	905.500
880.796	958.500
881.005	990.500
881.214	1041.500
881.422	968.500
881.631	983.500
881.840	1007.500
882.048	979.500
882.257	978.500
882.465	929.500
882.674	912.500
882.883	977.500
883.091	988.500
883.300	1008.500
883.509	958.500
883.717	1006.500
883.926	1006.500
884.134	957.500
884.343	897.500
884.552	942.500
884.760	949.500
884.969	946.500
885.178	906.500
885.386	886.500
885.595	918.500
885.804	927.500
886.012	918.500
886.221	880.500
886.429	884.500
886.638	889.500
886.847	917.500
887.055	911.500
887.264	918.500
887.473	933.500
887.681	897.500
887.890	862.500
888.099	862.500
888.307	891.500
888.516	828.500
888.724	809.500
888.933	852.500
889.142	845.500
889.350	814.500
889.559	810.500
889.768	805.500
889.976	850.500
890.185	859.500
890.393	808.500
890.602	794.500
890.811	861.500
891.019	872.500
891.228	869.500
891.437	813.500
891.645	782.500
891.854	808.500
892.063	807.500
892.271	800.500
892.480	736.500
892.688	774.500
892.897	790.500
893.106	837.500
893.314	846.500
893.523	794.500
893.732	786.500
893.940	733.500
894.149	721.500
894.358	724.500
894.566	735.500
894.775	752.500
894.983	785.500
895.192	756.500
895.401	709.500
895.609	700.500
895.818	689.500
896.027	642.500
896.235	587.500
896.444	586.500
896.652	573.500
896.861	589.500
897.070	615.500
897.278	687.500
897.487	646.500
897.696	588.500
897.904	565.500
898.113	582.500
898.322	559.500
898.530	539.500
898.739	566.500
898.947	571.500
899.156	578.500
899.365	561.500
899.573	559.500
899.782	580.500
899.991	530.500
900.199	523.500
900.408	534.500
900.617	535.500
900.825	531.500
901.034	565.500
901.242	571.500
901.451	496.500
901.660	516.500
901.868	591.500
902.077	566.500
902.286	557.500
902.494	590.500
902.703	595.500
902.911	602.500
903.120	589.500
903.329	607.500
903.537	649.500
903.746	680.500
903.955	625.500
904.163	578.500
904.372	598.500
904.581	626.500
904.789	692.500
904.998	696.500
905.206	658.500
905.415	607.500
905.624	575.500
905.832	602.500
906.041	597.500
906.250	560.500
906.458	572.500
906.667	582.500
906.876	542.500
907.084	531.500
907.293	526.500
907.501	508.500
907.710	468.500
907.919	457.500
908.127	482.500
908.336	511.500
908.545	527.500
908.753	539.500
908.962	543.500
909.170	479.500
909.379	476.500
909.588	511.500
909.796	512.500
910.005	499.500
910.214	479.500
910.422	461.500
910.631	462.500
910.840	475.500
911.048	494.500
911.257	524.500
911.465	495.500
911.674	508.500
911.883	512.500
912.091	444.500
912.300	456.500
912.508	471.500
912.716	494.500
912.924	502.500
913.132	457.500
913.340	478.500
913.549	506.500
913.757	516.500
913.965	474.500
914.173	485.500
914.381	430.500
914.589	406.500
914.797	415.500
915.005	399.500
915.213	442.500
915.421	418.500
915.629	425.500
915.838	458.500
916.046	462.500
916.254	475.500
916.462	447.500
916.670	455.500
916.878	475.500
917.086	496.500
917.294	458.500
917.502	466.500
917.710	484.500
917.919	476.500
918.127	485.500
918.335	503.500
918.543	435.500
918.751	465.500
918.959	495.500
919.167	488.500
919.375	452.500
919.583	469.500
919.791	501.500
919.999	486.500
920.208	446.500
920.416	432.500
920.624	451.500
920.832	503.500
921.040	503.500
921.248	500.500
921.456	452.500
921.664	423.500
921.872	432.500
922.080	432.500
922.288	415.500
922.497	423.500
922.705	463.500
922.913	441.500
923.121	401.500
923.329	374.500
923.537	387.500
923.745	413.500
923.953	415.500
924.161	391.500
924.369	383.500
924.578	416.500
924.786	410.500
924.994	411.500
925.202	423.500
925.410	426.500
925.618	403.500
925.826	381.500
926.034	433.500
926.242	435.500
926.450	378.500
926.658	375.500
926.867	441.500
927.075	423.500
927.283	403.500
927.491	405.500
927.699	351.500
927.907	368.500
928.115	370.500
928.323	303.500
928.531	245.500
928.739	331.500
928.947	341.500
929.156	274.500
929.364	300.500
929.572	297.500
929.780	251.500
929.988	219.500
930.196	239.500
930.404	233.500
930.612	238.500
930.820	196.500
931.028	181.500
931.236	190.500
931.445	163.500
931.653	164.500
931.861	158.500
932.069	195.500
932.277	193.500
932.485	153.500
932.693	189.500
932.901	164.500
933.109	146.500
933.317	148.500
933.526	153.500
933.734	129.500
933.942	105.500
934.150	111.500
934.358	115.500
934.566	150.500
934.774	153.500
934.982	113.500
935.190	159.500
935.398	139.500
935.606	134.500
935.815	149.500
936.023	113.500
936.231	97.500
936.439	102.500
936.647	108.500
936.855	141.500
937.063	131.500
937.271	111.500
937.479	148.500
937.687	151.500
937.895	115.500
938.104	156.500
938.312	152.500
938.520	141.500
938.728	159.500
938.936	141.500
939.144	138.500
939.352	181.500
939.560	185.500
939.768	179.500
939.976	166.500
940.185	147.500
940.393	170.500
940.601	175.500
940.809	205.500
941.017	189.500
941.225	144.500
941.433	166.500
941.641	174.500
941.849	106.500
942.057	108.500
942.265	148.500
942.474	141.500
942.682	167.500
942.890	146.500
943.098	113.500
943.306	117.500
943.514	131.500
943.722	138.500
943.930	126.500
944.138	115.500
944.346	137.500
944.554	135.500
944.763	109.500
944.971	131.500
945.179	126.500
945.387	110.500
945.595	130.500
945.803	123.500
946.011	99.500
946.219	80.500
946.427	104.500
946.635	121.500
946.843	119.500
947.052	146.500
947.260	101.500
947.468	98.500
947.676	117.500
947.884	113.500
948.092	76.500
948.300	83.500
948.508	129.500
948.716	149.500
948.924	122.500
949.133	121.500
949.341	122.500
949.549	125.500
949.757	128.500
949.965	146.500
950.173	125.500
950.381	76.500
950.589	112.500
950.797	130.500
951.005	111.500
951.213	125.500
951.422	140.500
951.630	111.500
951.838	107.500
952.046	133.500
952.254	120.500
952.462	134.500
952.670	158.500
952.878	151.500
953.086	108.500
953.294	107.500
953.502	113.500
953.711	126.500
953.919	101.500
954.127	94.500
954.335	90.500
954.543	144.500
954.751	138.500
954.959	145.500
955.167	161.500
955.375	133.500
955.583	115.500
955.792	113.500
956.000	118.500
956.208	186.500
956.416	164.500
956.624	129.500
956.832	124.500
957.040	151.500
957.248	145.500
957.456	102.500
957.664	90.500
957.872	105.500
958.081	50.500
958.289	69.500
958.497	100.500
958.705	94.500
958.913	129.500
959.121	107.500
959.329	74.500
959.537	77.500
959.745	99.500
959.953	101.500
960.161	83.500
960.370	59.500
960.578	90.500
960.786	140.500
960.994	131.500
961.202	130.500
961.410	153.500
961.618	149.500
961.826	125.500
962.034	93.500
962.242	77.500
962.451	110.500
962.659	152.500
962.867	145.500
963.075	127.500
963.283	133.500
963.491	171.500
963.699	171.500
963.907	114.500
964.115	125.500
964.323	145.500
964.531	159.500
964.740	137.500
964.948	135.500
965.156	144.500
965.364	153.500
965.572	113.500
965.780	105.500
965.999	138.500
966.218	134.500
966.438	100.500
966.657	151.500
966.876	163.500
967.095	152.500
967.315	163.500
967.534	167.500
967.753	160.500
967.972	176.500
968.192	113.500
968.411	116.500
968.630	138.500
968.849	148.500
969.068	154.500
969.288	124.500
969.507	145.500
969.726	190.500
969.945	182.500
970.165	152.500
970.384	142.500
970.603	121.500
970.822	125.500
971.042	149.500
971.261	183.500
971.480	191.500
971.699	150.500
971.919	102.500
972.138	106.500
972.357	115.500
972.576	120.500
972.795	168.500
973.015	132.500
973.234	123.500
973.453	134.500
973.672	117.500
973.892	100.500
974.111	90.500
974.330	108.500
974.549	113.500
974.769	100.500
974.988	129.500
975.207	111.500
975.426	120.500
975.646	133.500
975.865	122.500
976.084	110.500
976.303	86.500
976.522	113.500
976.742	138.500
976.961	111.500
977.180	103.500
977.399	135.500
977.619	137.500
977.838	126.500
978.057	130.500
978.276	110.500
978.496	115.500
978.715	131.500
978.934	84.500
979.153	73.500
979.372	102.500
979.592	101.500
979.811	86.500
980.030	98.500
980.249	81.500
980.469	88.500
980.688	104.500
980.907	100.500
981.126	110.500
981.346	145.500
981.565	143.500
981.784	122.500
982.003	113.500
982.223	134.500
982.442	135.500
982.661	92.500
982.880	86.500
983.099	124.500
983.319	130.500
983.538	106.500
983.757	121.500
983.976	128.500
984.196	123.500
984.415	127.500
984.634	131.500
984.853	114.500
985.073	115.500
985.292	69.500
985.511	121.500
985.730	159.500
985.949	129.500
986.169	134.500
986.388	159.500
986.607	104.500
986.826	86.500
987.046	105.500
987.265	84.500
987.484	87.500
987.703	111.500
987.923	147.500
988.142	113.500
988.361	102.500
988.580	122.500
988.800	126.500
989.019	117.500
989.238	73.500
989.457	50.500
989.676	90.500
989.896	117.500
990.115	114.500
990.334	116.500
990.553	110.500
990.773	87.500
990.992	71.500
991.211	70.500
991.430	59.500
991.650	70.500
991.869	66.500
992.088	80.500
992.307	116.500
992.527	84.500
992.746	84.500
992.965	80.500
993.184	78.500
993.403	108.500
993.623	72.500
993.842	113.500
994.061	92.500
994.280	89.500
994.500	142.500
994.719	151.500
994.938	92.500
995.157	106.500
995.377	70.500
995.596	64.500
995.815	83.500
996.034	52.500
996.253	87.500
996.473	87.500
996.692	74.500
996.911	73.500
997.130	57.500
997.350	37.500
997.569	55.500
997.788	92.500
998.007	111.500
998.227	94.500
998.446	89.500
998.665	69.500
998.884	66.500
999.104	68.500
999.323	70.500
999.542	49.500
999.761	58.500
999.980	53.500
1000.200	87.500
1000.419	82.500
1000.638	91.500
1000.857	102.500
1001.077	102.500
1001.296	54.500
1001.515	49.500
1001.734	37.500
1001.954	47.500
1002.173	96.500
1002.392	116.500
1002.611	109.500
1002.830	97.500
1003.050	100.500
1003.269	103.500
1003.488	91.500
1003.707	54.500
1003.927	31.500
1004.146	36.500
1004.365	97.500
1004.584	84.500
1004.804	104.500
1005.023	79.500
1005.242	29.500
1005.461	33.500
1005.681	61.500
1005.900	101.500
1006.119	75.500
1006.338	53.500
1006.557	61.500
1006.777	55.500
1006.996	93.500
1007.215	57.500
1007.434	50.500
1007.654	86.500
1007.873	76.500
1008.092	41.500
1008.311	46.500
1008.531	37.500
1008.750	59.500
1008.969	83.500
1009.188	72.500
1009.407	61.500
1009.627	39.500
1009.846	20.500
1010.065	70.500
1010.284	87.500
1010.504	15.500
1010.723	16.500
1010.942	10.500
1011.161	-5.500
1011.381	26.500
1011.600	48.500
1011.819	49.500
1012.038	34.500
1012.258	58.500
1012.477	77.500
1012.696	48.500
1012.915	74.500
1013.134	92.500
1013.354	102.500
1013.573	100.500
1013.792	72.500
1014.011	26.500
1014.231	20.500
1014.450	34.500
1014.669	36.500
1014.888	41.500
1015.108	48.500
1015.327	66.500
1015.546	59.500
1015.765	99.500
1015.984	102.500
1016.204	71.500
1016.423	51.500
1016.642	48.500
1016.861	72.500
1017.081	63.500
1017.300	61.500
1017.519	29.500
