296.912	5.000
297.101	19.000
297.290	-21.000
297.479	-59.000
297.668	50.000
297.858	26.000
298.047	-26.000
298.236	-21.000
298.425	5.000
298.614	-17.000
298.803	-37.000
298.992	-44.000
299.181	-24.000
299.370	2.000
299.559	11.000
299.748	37.000
299.937	3.000
300.126	59.000
300.315	-11.000
300.504	18.000
300.693	41.000
300.882	3.000
301.071	-51.000
301.260	-3.000
301.449	22.000
301.638	-14.000
301.827	-55.000
302.016	-6.000
302.205	-17.000
302.395	9.000
302.584	-6.000
302.773	-20.000
302.962	-40.000
303.151	28.000
303.340	44.000
303.529	1.000
303.718	3.000
303.907	-41.000
304.096	-11.000
304.285	31.000
304.474	40.000
304.663	-21.000
304.852	12.000
305.041	-10.000
305.230	-12.000
305.419	28.000
305.608	-4.000
305.797	12.000
305.986	-10.000
306.175	-3.000
306.364	-75.000
306.553	4.000
306.743	37.000
306.932	53.000
307.121	39.000
307.310	-13.000
307.499	38.000
307.688	-44.000
307.877	-32.000
308.066	16.000
308.255	11.000
308.444	33.000
308.633	18.000
308.822	-14.000
309.011	-16.000
309.200	16.000
309.389	-36.000
309.578	19.000
309.767	52.000
309.956	3.000
310.145	-28.000
310.334	5.000
310.523	14.000
310.712	-41.000
310.901	35.000
311.091	0.000
311.280	-7.000
311.469	30.000
311.658	48.000
311.847	36.000
312.036	-26.000
312.225	-5.000
312.414	21.000
312.603	21.000
312.792	-8.000
312.981	30.000
313.170	30.000
313.349	-9.000
313.527	-12.000
313.706	-38.000
313.884	-89.000
314.063	18.000
314.241	19.000
314.420	56.000
314.598	-49.000
314.777	18.000
314.955	21.000
315.134	-34.000
315.312	-14.000
315.491	8.000
315.669	-46.000
315.848	26.000
316.027	32.000
316.205	-20.000
316.384	-15.000
316.562	-33.000
316.741	2.000
316.919	-6.000
317.098	-17.000
317.276	-23.000
317.455	16.000
317.633	-27.000
317.812	20.000
317.990	23.000
318.169	50.000
318.347	16.000
318.526	9.000
318.705	63.000
318.883	-23.000
319.062	-6.000
319.240	-26.000
319.419	-15.000
319.597	12.000
319.776	16.000
319.954	-64.000
320.133	-51.000
320.311	9.000
320.490	6.000
320.668	-25.000
320.847	-25.000
321.025	20.000
321.204	-17.000
321.382	9.000
321.561	-32.000
321.740	23.000
321.918	14.000
322.097	-9.000
322.275	-2.000
322.454	-1.000
322.632	-28.000
322.811	32.000
322.989	1.000
323.168	-12.000
323.346	-27.000
323.525	-29.000
323.703	39.000
323.882	18.000
324.060	44.000
324.239	-4.000
324.418	44.000
324.596	42.000
324.775	21.000
324.953	34.000
325.132	26.000
325.310	52.000
325.489	-17.000
325.667	-21.000
325.846	-58.000
326.024	27.000
326.203	47.000
326.381	-51.000
326.560	46.000
326.738	15.000
326.917	-8.000
327.096	-18.000
327.274	-9.000
327.453	-6.000
327.631	-20.000
327.810	-44.000
327.988	37.000
328.167	-10.000
328.345	38.000
328.524	25.000
328.702	39.000
328.881	7.000
329.059	-4.000
329.238	-53.000
329.416	-44.000
329.595	-23.000
329.774	-12.000
329.952	9.000
330.131	-7.000
330.309	23.000
330.488	-23.000
330.666	7.000
330.845	29.000
331.023	-7.000
331.202	17.000
331.380	40.000
331.559	34.000
331.737	54.000
331.916	59.000
332.094	-20.000
332.273	-1.000
332.452	-20.000
332.630	-16.000
332.809	31.000
332.987	3.000
333.166	36.000
333.344	-60.000
333.523	-12.000
333.701	8.000
333.880	49.000
334.058	3.000
334.237	1.000
334.415	-9.000
334.594	-48.000
334.772	-16.000
334.951	22.000
335.129	11.000
335.308	-16.000
335.487	44.000
335.665	3.000
335.844	10.000
336.022	-7.000
336.201	4.000
336.379	20.000
336.558	25.000
336.736	77.000
336.915	51.000
337.093	-31.000
337.272	25.000
337.450	18.000
337.629	-10.000
337.807	-23.000
337.986	-35.000
338.165	11.000
338.343	15.000
338.522	6.000
338.700	-14.000
338.879	-10.000
339.057	-23.000
339.236	-3.000
339.414	-15.000
339.593	-3.000
339.771	-21.000
339.950	-19.000
340.128	6.000
340.307	19.000
340.485	-2.000
340.664	8.000
340.843	24.000
341.021	-30.000
341.200	-77.000
341.378	-38.000
341.557	-6.000
341.735	44.000
341.914	2.000
342.092	4.000
342.271	27.000
342.449	-21.000
342.628	14.000
342.806	-13.000
342.985	37.000
343.163	35.000
343.342	35.000
343.521	-10.000
343.699	29.000
343.878	31.000
344.056	-31.000
344.235	-2.000
344.413	-2.000
344.592	43.000
344.770	5.000
344.949	8.000
345.127	-26.000
345.306	21.000
345.484	-45.000
345.663	-32.000
345.841	-26.000
346.020	3.000
346.199	-53.000
346.377	-25.000
346.556	11.000
346.734	-29.000
346.913	-17.000
347.091	27.000
347.270	3.000
347.448	1.000
347.627	5.000
347.805	0.000
347.984	-38.000
348.162	-14.000
348.341	-23.000
348.519	24.000
348.698	6.000
348.876	-4.000
349.055	39.000
349.234	36.000
349.412	1.000
349.591	5.000
349.769	-2.000
349.948	-2.000
350.126	-17.000
350.305	-64.000
350.483	12.000
350.662	28.000
350.840	16.000
351.019	-8.000
351.197	-44.000
351.376	-19.000
351.554	-12.000
351.733	12.000
351.912	47.000
352.090	49.000
352.269	17.000
352.447	-11.000
352.626	44.000
352.804	-21.000
352.983	-29.000
353.161	-33.000
353.340	-7.000
353.518	1.000
353.697	-19.000
353.875	42.000
354.054	1.000
354.232	63.000
354.411	20.000
354.590	-17.000
354.768	33.000
354.947	46.000
355.125	8.000
355.304	-9.000
355.482	-51.000
355.661	11.000
355.839	67.000
356.018	31.000
356.196	45.000
356.375	6.000
356.553	-48.000
356.732	20.000
356.910	-7.000
357.089	15.000
357.268	-14.000
357.446	-16.000
357.625	23.000
357.803	26.000
357.982	42.000
358.160	23.000
358.339	13.000
358.517	-44.000
358.696	-30.000
358.874	-9.000
359.053	-32.000
359.231	15.000
359.410	-6.000
359.588	-24.000
359.767	42.000
359.945	10.000
360.124	2.000
360.303	-22.000
360.481	24.000
360.660	24.000
360.838	62.000
361.017	0.000
361.195	-25.000
361.374	-3.000
361.552	14.000
361.731	27.000
361.909	21.000
362.088	23.000
362.266	-1.000
362.445	-4.000
362.623	-3.000
362.802	30.000
362.981	2.000
363.159	-4.000
363.338	11.000
363.516	-16.000
363.695	2.000
363.873	-10.000
364.052	-7.000
364.230	7.000
364.409	8.000
364.587	72.000
364.766	37.000
364.944	44.000
365.123	45.000
365.301	-17.000
365.480	1.000
365.660	15.000
365.839	-27.000
366.019	11.000
366.199	-23.000
366.379	-10.000
366.558	21.000
366.738	47.000
366.918	32.000
367.098	71.000
367.277	-18.000
367.457	-10.000
367.637	8.000
367.816	-10.000
367.996	8.000
368.176	-34.000
368.356	-1.000
368.535	22.000
368.715	-4.000
368.895	-33.000
369.075	-58.000
369.254	-48.000
369.434	34.000
369.614	3.000
369.793	29.000
369.973	50.000
370.153	-13.000
370.333	20.000
370.512	-4.000
370.692	-59.000
370.872	-9.000
371.051	44.000
371.231	30.000
371.411	35.000
371.591	46.000
371.770	44.000
371.950	15.000
372.130	51.000
372.310	54.000
372.489	21.000
372.669	12.000
372.849	-20.000
373.028	5.000
373.208	7.000
373.388	0.000
373.568	-37.000
373.747	35.000
373.927	6.000
374.107	56.000
374.287	17.000
374.466	-45.000
374.646	31.000
374.826	2.000
375.005	-2.000
375.185	-14.000
375.365	-4.000
375.545	-20.000
375.724	-33.000
375.904	3.000
376.084	7.000
376.263	5.000
376.443	38.000
376.623	14.000
376.803	13.000
376.982	8.000
377.162	81.000
377.342	7.000
377.522	6.000
377.701	12.000
377.881	-12.000
378.061	7.000
378.240	42.000
378.420	-15.000
378.600	31.000
378.780	8.000
378.959	35.000
379.139	24.000
379.319	-70.000
379.499	-15.000
379.678	46.000
379.858	31.000
380.038	2.000
380.217	11.000
380.397	-12.000
380.577	41.000
380.757	23.000
380.936	8.000
381.116	24.000
381.296	-45.000
381.476	-77.000
381.655	9.000
381.835	3.000
382.015	-2.000
382.194	-21.000
382.374	16.000
382.554	-25.000
382.734	-6.000
382.913	42.000
383.093	22.000
383.273	65.000
383.452	-14.000
383.632	6.000
383.812	8.000
383.992	-6.000
384.171	32.000
384.351	-21.000
384.531	-13.000
384.711	2.000
384.890	18.000
385.070	33.000
385.250	24.000
385.429	-7.000
385.609	-2.000
385.789	-20.000
385.969	-73.000
386.148	-36.000
386.328	-18.000
386.508	24.000
386.688	-19.000
386.867	2.000
387.047	29.000
387.227	-30.000
387.406	1.000
387.586	-1.000
387.766	37.000
387.946	3.000
388.125	-6.000
388.305	-5.000
388.485	-29.000
388.664	28.000
388.844	25.000
389.024	-25.000
389.204	-16.000
389.383	20.000
389.563	-18.000
389.743	7.000
389.923	-57.000
390.102	9.000
390.282	9.000
390.462	7.000
390.641	1.000
390.821	-3.000
391.001	38.000
391.181	-37.000
391.360	-27.000
391.540	-55.000
391.720	2.000
391.900	-31.000
392.079	45.000
392.259	65.000
392.439	6.000
392.618	18.000
392.798	-14.000
392.978	-9.000
393.158	-8.000
393.337	-17.000
393.517	6.000
393.697	-14.000
393.877	-23.000
394.056	15.000
394.236	39.000
394.416	-13.000
394.595	24.000
394.775	-3.000
394.955	26.000
395.135	7.000
395.314	-6.000
395.494	-1.000
395.674	44.000
395.853	15.000
396.033	4.000
396.213	33.000
396.393	40.000
396.572	1.000
396.752	10.000
396.932	19.000
397.112	29.000
397.291	34.000
397.471	28.000
397.651	25.000
397.830	-11.000
398.010	15.000
398.190	62.000
398.370	13.000
398.549	63.000
398.729	-6.000
398.909	0.000
399.089	59.000
399.268	39.000
399.448	9.000
399.628	24.000
399.807	31.000
399.987	43.000
400.167	-30.000
400.347	-53.000
400.526	-32.000
400.706	15.000
400.886	0.000
401.065	25.000
401.245	4.000
401.425	53.000
401.605	22.000
401.784	18.000
401.964	17.000
402.144	-1.000
402.324	0.000
402.503	34.000
402.683	7.000
402.863	-4.000
403.042	40.000
403.222	-2.000
403.402	-48.000
403.582	44.000
403.761	8.000
403.941	-30.000
404.121	-15.000
404.301	0.000
404.480	21.000
404.660	38.000
404.844	57.000
405.029	55.000
405.213	34.000
405.398	-5.000
405.582	-4.000
405.767	6.000
405.951	20.000
406.136	36.000
406.320	45.000
406.505	2.000
406.689	15.000
406.874	59.000
407.058	-10.000
407.243	35.000
407.427	-30.000
407.612	15.000
407.796	57.000
407.981	62.000
408.165	26.000
408.350	31.000
408.534	12.000
408.719	8.000
408.903	-9.000
409.088	-5.000
409.272	-20.000
409.457	-18.000
409.641	-12.000
409.826	9.000
410.010	0.000
410.195	9.000
410.379	3.000
410.564	5.000
410.748	9.000
410.933	24.000
411.117	-44.000
411.302	-14.000
411.486	7.000
411.671	-1.000
411.855	68.000
412.040	65.000
412.224	15.000
412.409	34.000
412.593	14.000
412.778	13.000
412.962	-32.000
413.147	-56.000
413.331	36.000
413.516	40.000
413.700	20.000
413.885	-17.000
414.069	0.000
414.254	33.000
414.438	11.000
414.623	6.000
414.807	-25.000
414.992	26.000
415.176	15.000
415.361	-13.000
415.545	0.000
415.730	3.000
415.914	32.000
416.099	15.000
416.283	47.000
416.468	54.000
416.652	15.000
416.837	57.000
417.021	52.000
417.206	28.000
417.390	6.000
417.575	47.000
417.759	28.000
417.944	5.000
418.128	29.000
418.313	47.000
418.497	106.000
418.682	108.000
418.866	48.000
419.051	32.000
419.235	66.000
419.420	28.000
419.604	30.000
419.789	-11.000
419.973	56.000
420.158	23.000
420.342	103.000
420.527	76.000
420.711	93.000
420.896	81.000
421.080	94.000
421.265	33.000
421.449	57.000
421.634	48.000
421.818	60.000
422.003	60.000
422.187	75.000
422.372	55.000
422.556	100.000
422.741	129.000
422.925	131.000
423.110	130.000
423.294	127.000
423.479	87.000
423.663	65.000
423.848	74.000
424.032	94.000
424.217	124.000
424.401	143.000
424.586	120.000
424.770	79.000
424.955	80.000
425.139	97.000
425.324	60.000
425.508	123.000
425.693	81.000
425.877	147.000
426.062	140.000
426.246	140.000
426.431	126.000
426.615	159.000
426.800	65.000
426.984	129.000
427.169	182.000
427.353	133.000
427.538	186.000
427.722	172.000
427.907	198.000
428.091	170.000
428.276	161.000
428.460	172.000
428.645	130.000
428.829	213.000
429.014	205.000
429.198	163.000
429.383	225.000
429.567	196.000
429.752	182.000
429.936	257.000
430.121	221.000
430.305	203.000
430.490	184.000
430.674	179.000
430.859	214.000
431.043	279.000
431.228	239.000
431.412	259.000
431.597	274.000
431.781	288.000
431.966	267.000
432.150	280.000
432.335	314.000
432.519	238.000
432.704	230.000
432.888	295.000
433.073	346.000
433.257	396.000
433.442	297.000
433.626	393.000
433.811	328.000
433.995	325.000
434.180	294.000
434.364	360.000
434.549	279.000
434.733	396.000
434.918	424.000
435.102	384.000
435.287	417.000
435.471	391.000
435.656	378.000
435.840	354.000
436.030	374.000
436.219	448.000
436.409	481.000
436.599	483.000
436.789	453.000
436.978	446.000
437.168	482.000
437.358	468.000
437.548	443.000
437.737	470.000
437.927	531.000
438.117	502.000
438.306	547.000
438.496	543.000
438.686	550.000
438.876	567.000
439.065	566.000
439.255	601.000
439.445	565.000
439.634	543.000
439.824	587.000
440.014	574.000
440.204	622.000
440.393	699.000
440.583	566.000
440.773	730.000
440.963	698.000
441.152	705.000
441.342	699.000
441.532	784.000
441.721	853.000
441.911	847.000
442.101	819.000
442.291	896.000
442.480	818.000
442.670	868.000
442.860	964.000
443.050	947.000
443.239	981.000
443.429	992.000
443.619	965.000
443.808	1072.000
443.998	1042.000
444.188	1095.000
444.378	1120.000
444.567	1132.000
444.757	1162.000
444.947	1239.000
445.137	1242.000
445.326	1221.000
445.516	1269.000
445.706	1339.000
445.895	1282.000
446.085	1395.000
446.275	1404.000
446.465	1510.000
446.654	1540.000
446.844	1472.000
447.034	1522.000
447.223	1566.000
447.413	1674.000
447.603	1713.000
447.793	1703.000
447.982	1715.000
448.172	1828.000
448.362	1786.000
448.552	1815.000
448.741	1837.000
448.931	1852.000
449.121	1880.000
449.310	1916.000
449.500	1985.000
449.690	2037.000
449.880	1956.000
450.069	2092.000
450.259	2159.000
450.449	2120.000
450.639	2093.000
450.828	2140.000
451.018	2122.000
451.208	2156.000
451.397	2180.000
451.587	2171.000
451.777	2147.000
451.967	2175.000
452.156	2149.000
452.346	2188.000
452.536	2127.000
452.725	2133.000
452.915	2150.000
453.105	2185.000
453.295	2134.000
453.484	2121.000
453.674	2142.000
453.864	2112.000
454.054	2043.000
454.243	1969.000
454.433	2046.000
454.623	2007.000
454.812	2035.000
455.002	1952.000
455.192	1911.000
455.382	1867.000
455.571	1799.000
455.761	1756.000
455.951	1756.000
456.141	1689.000
456.330	1594.000
456.520	1591.000
456.710	1603.000
456.899	1578.000
457.089	1519.000
457.279	1496.000
457.469	1515.000
457.658	1439.000
457.848	1356.000
458.038	1364.000
458.228	1217.000
458.417	1207.000
458.607	1187.000
458.797	1173.000
458.986	1180.000
459.176	1193.000
459.366	1167.000
459.556	1103.000
459.745	1052.000
459.935	1035.000
460.125	998.000
460.314	1070.000
460.504	1035.000
460.694	959.000
460.884	891.000
461.073	931.000
461.263	968.000
461.453	913.000
461.643	891.000
461.832	869.000
462.022	834.000
462.212	868.000
462.401	795.000
462.591	772.000
462.781	819.000
462.971	839.000
463.160	764.000
463.350	797.000
463.540	761.000
463.730	748.000
463.919	743.000
464.109	788.000
464.299	747.000
464.488	760.000
464.678	751.000
464.868	738.000
465.058	699.000
465.247	695.000
465.437	683.000
465.627	729.000
465.816	690.000
466.006	653.000
466.196	718.000
466.386	672.000
466.575	672.000
466.765	637.000
466.955	691.000
467.145	640.000
467.334	643.000
467.524	598.000
467.714	635.000
467.903	668.000
468.093	613.000
468.283	571.000
468.473	627.000
468.662	617.000
468.852	626.000
469.042	515.000
469.232	540.000
469.421	540.000
469.611	572.000
469.801	562.000
469.990	521.000
470.180	475.000
470.370	561.000
470.560	509.000
470.749	586.000
470.939	503.000
471.129	512.000
471.318	508.000
471.508	529.000
471.698	419.000
471.888	429.000
472.077	451.000
472.267	438.000
472.457	388.000
472.647	295.000
472.836	362.000
473.026	392.000
473.216	486.000
473.405	359.000
473.595	383.000
473.785	331.000
473.975	361.000
474.164	370.000
474.354	417.000
474.544	404.000
474.734	324.000
474.923	331.000
475.113	361.000
475.303	356.000
475.492	350.000
475.682	288.000
475.872	333.000
476.062	295.000
476.251	284.000
476.441	275.000
476.631	316.000
476.821	264.000
477.010	327.000
477.200	300.000
477.390	285.000
477.579	231.000
477.769	286.000
477.959	261.000
478.149	239.000
478.338	272.000
478.528	229.000
478.718	235.000
478.907	276.000
479.097	269.000
479.287	303.000
479.477	289.000
479.666	251.000
479.856	250.000
480.046	213.000
480.236	237.000
480.425	238.000
480.615	286.000
480.805	260.000
480.994	263.000
481.184	245.000
481.374	212.000
481.564	233.000
481.753	242.000
481.943	216.000
482.133	160.000
482.323	206.000
482.512	225.000
482.702	186.000
482.892	243.000
483.081	233.000
483.271	195.000
483.461	242.000
483.651	254.000
483.840	170.000
484.030	163.000
484.220	210.000
484.409	244.000
484.599	204.000
484.789	225.000
484.979	215.000
485.168	156.000
485.358	184.000
485.548	214.000
485.738	203.000
485.927	231.000
486.117	275.000
486.307	267.000
486.496	271.000
486.686	269.000
486.876	222.000
487.066	230.000
487.255	203.000
487.445	186.000
487.635	183.000
487.825	213.000
488.014	231.000
488.204	243.000
488.394	252.000
488.583	208.000
488.773	186.000
488.963	213.000
489.153	195.000
489.342	272.000
489.532	145.000
489.722	237.000
489.912	229.000
490.101	282.000
490.291	201.000
490.481	252.000
490.670	192.000
490.860	127.000
491.050	267.000
491.240	258.000
491.429	248.000
491.619	263.000
491.809	216.000
491.998	257.000
492.188	254.000
492.378	282.000
492.568	201.000
492.757	243.000
492.947	237.000
493.137	236.000
493.327	251.000
493.516	269.000
493.706	314.000
493.896	220.000
494.085	269.000
494.275	292.000
494.465	303.000
494.655	247.000
494.844	259.000
495.034	251.000
495.224	267.000
495.414	328.000
495.603	289.000
495.793	296.000
495.983	257.000
496.172	297.000
496.362	273.000
496.552	317.000
496.742	263.000
496.931	236.000
497.121	278.000
497.311	376.000
497.500	315.000
497.690	370.000
497.880	333.000
498.070	411.000
498.259	373.000
498.449	336.000
498.639	313.000
498.829	347.000
499.018	387.000
499.208	381.000
499.398	393.000
499.587	336.000
499.777	320.000
499.967	353.000
500.157	342.000
500.346	352.000
500.536	352.000
500.726	455.000
500.916	477.000
501.105	406.000
501.295	446.000
501.485	384.000
501.674	449.000
501.864	498.000
502.054	483.000
502.244	427.000
502.433	467.000
502.623	477.000
502.813	472.000
503.003	446.000
503.192	485.000
503.382	538.000
503.572	501.000
503.761	454.000
503.951	498.000
504.141	492.000
504.331	433.000
504.520	467.000
504.710	530.000
504.900	547.000
505.089	569.000
505.279	540.000
505.469	606.000
505.659	540.000
505.848	572.000
506.038	521.000
506.228	562.000
506.418	575.000
506.607	595.000
506.797	624.000
506.987	574.000
507.176	682.000
507.366	615.000
507.556	626.000
507.746	639.000
507.935	634.000
508.125	619.000
508.315	542.000
508.505	684.000
508.694	755.000
508.884	650.000
509.074	683.000
509.263	645.000
509.453	696.000
509.643	655.000
509.833	622.000
510.022	648.000
510.212	646.000
510.402	685.000
510.592	754.000
510.781	779.000
510.971	659.000
511.161	729.000
511.350	744.000
511.540	766.000
511.730	694.000
511.920	742.000
512.109	820.000
512.299	758.000
512.489	830.000
512.678	791.000
512.868	706.000
513.058	766.000
513.248	835.000
513.437	806.000
513.627	785.000
513.817	898.000
514.007	802.000
514.196	859.000
514.386	771.000
514.576	813.000
514.765	853.000
514.955	892.000
515.145	845.000
515.335	852.000
515.524	805.000
515.714	860.000
515.904	881.000
516.094	884.000
516.283	906.000
516.473	902.000
516.663	842.000
516.852	890.000
517.042	833.000
517.232	809.000
517.422	919.000
517.611	977.000
517.801	902.000
517.991	904.000
518.180	908.000
518.370	923.000
518.560	926.000
518.750	945.000
518.939	857.000
519.129	947.000
519.319	865.000
519.509	922.000
519.698	935.000
519.888	900.000
520.078	902.000
520.267	906.000
520.457	947.000
520.647	908.000
520.837	892.000
521.026	955.000
521.216	967.000
521.406	998.000
521.596	1032.000
521.785	980.000
521.975	1014.000
522.165	963.000
522.354	995.000
522.544	1000.000
522.734	1013.000
522.924	996.000
523.113	985.000
523.303	978.000
523.493	963.000
523.683	1022.000
523.872	1003.000
524.062	1004.000
524.252	1024.000
524.441	1013.000
524.631	976.000
524.821	1001.000
525.011	1050.000
525.200	1064.000
525.390	1009.000
525.580	1029.000
525.769	1046.000
525.959	1018.000
526.149	1027.000
526.339	981.000
526.528	1091.000
526.718	1134.000
526.908	1041.000
527.098	1085.000
527.287	1094.000
527.477	1083.000
527.667	1061.000
527.856	1099.000
528.046	1047.000
528.236	1066.000
528.426	1134.000
528.615	1115.000
528.805	1166.000
528.995	1113.000
529.185	1079.000
529.374	1060.000
529.564	1043.000
529.754	1019.000
529.943	1027.000
530.133	1107.000
530.323	1022.000
530.513	1085.000
530.702	1014.000
530.892	1064.000
531.082	1114.000
531.271	1031.000
531.461	1031.000
531.651	1053.000
531.841	1119.000
532.030	1031.000
532.220	1122.000
532.410	1064.000
532.600	1082.000
532.789	1094.000
532.979	1075.000
533.169	1101.000
533.358	1078.000
533.548	1089.000
533.738	1100.000
533.928	1108.000
534.117	1046.000
534.307	1010.000
534.497	1011.000
534.687	1109.000
534.876	1045.000
535.066	1030.000
535.256	1067.000
535.445	1050.000
535.635	1032.000
535.825	1044.000
536.015	960.000
536.204	1114.000
536.394	985.000
536.584	979.000
536.773	1023.000
536.963	1054.000
537.153	1072.000
537.343	1072.000
537.532	1101.000
537.722	1095.000
537.912	1030.000
538.102	1039.000
538.291	1015.000
538.481	1012.000
538.671	1011.000
538.860	997.000
539.050	1002.000
539.240	1035.000
539.430	1048.000
539.619	1006.000
539.809	1005.000
539.999	1025.000
540.189	1043.000
540.378	1084.000
540.568	1075.000
540.758	1112.000
540.947	1095.000
541.137	1035.000
541.327	1039.000
541.517	1087.000
541.706	1015.000
541.896	1053.000
542.086	1051.000
542.276	1025.000
542.465	1114.000
542.655	1008.000
542.845	1012.000
543.034	1040.000
543.224	1074.000
543.414	1046.000
543.604	1100.000
543.793	1151.000
543.983	1108.000
544.173	987.000
544.362	988.000
544.552	1053.000
544.742	1039.000
544.932	1002.000
545.121	1002.000
545.311	1000.000
545.501	991.000
545.691	1067.000
545.880	997.000
546.070	1026.000
546.264	1040.000
546.459	942.000
546.653	1040.000
546.847	1047.000
547.041	1019.000
547.236	1030.000
547.430	1103.000
547.624	990.000
547.818	1053.000
548.013	1088.000
548.207	1029.000
548.401	1043.000
548.596	1049.000
548.790	1012.000
548.984	1093.000
549.178	992.000
549.373	1013.000
549.567	1039.000
549.761	1090.000
549.956	1029.000
550.150	999.000
550.344	987.000
550.538	964.000
550.733	1003.000
550.927	1035.000
551.121	1031.000
551.315	1022.000
551.510	1001.000
551.704	1042.000
551.898	1020.000
552.093	1016.000
552.287	971.000
552.481	1017.000
552.675	982.000
552.870	1047.000
553.064	1048.000
553.258	1038.000
553.453	1005.000
553.647	959.000
553.841	998.000
554.035	1030.000
554.230	1090.000
554.424	1071.000
554.618	1010.000
554.812	973.000
555.007	1007.000
555.201	1008.000
555.395	1031.000
555.590	980.000
555.784	974.000
555.978	1030.000
556.172	1062.000
556.367	1043.000
556.561	972.000
556.755	1070.000
556.949	1082.000
557.144	1049.000
557.338	1025.000
557.532	1031.000
557.727	1020.000
557.921	1023.000
558.115	1026.000
558.309	974.000
558.504	1030.000
558.698	1039.000
558.892	982.000
559.087	1003.000
559.281	997.000
559.475	964.000
559.669	961.000
559.864	1049.000
560.058	1037.000
560.252	1015.000
560.446	961.000
560.641	978.000
560.835	982.000
561.029	971.000
561.224	1047.000
561.418	1073.000
561.612	975.000
561.806	1019.000
562.001	1055.000
562.195	1012.000
562.389	1057.000
562.584	1043.000
562.778	1033.000
562.972	960.000
563.166	1052.000
563.361	955.000
563.555	1037.000
563.749	991.000
563.943	1049.000
564.138	1069.000
564.332	1030.000
564.526	970.000
564.721	967.000
564.915	1051.000
565.109	1003.000
565.303	919.000
565.498	1040.000
565.692	998.000
565.886	971.000
566.081	1032.000
566.275	1032.000
566.469	1039.000
566.663	1014.000
566.858	1005.000
567.052	1021.000
567.246	1068.000
567.440	1113.000
567.635	1032.000
567.829	1091.000
568.023	1059.000
568.218	1071.000
568.412	1010.000
568.606	1085.000
568.800	974.000
568.995	1017.000
569.189	974.000
569.383	1019.000
569.577	1018.000
569.772	1007.000
569.966	1121.000
570.160	1067.000
570.355	1039.000
570.549	1048.000
570.743	1019.000
570.937	995.000
571.132	1001.000
571.326	1026.000
571.520	1048.000
571.715	1040.000
571.909	971.000
572.103	952.000
572.297	1010.000
572.492	997.000
572.686	1029.000
572.880	1026.000
573.074	1058.000
573.269	1036.000
573.463	979.000
573.657	996.000
573.852	1014.000
574.046	1046.000
574.240	1054.000
574.434	1070.000
574.629	993.000
574.823	939.000
575.017	1018.000
575.212	1067.000
575.406	980.000
575.600	1013.000
575.794	1080.000
575.989	1067.000
576.183	1002.000
576.377	1029.000
576.571	1135.000
576.766	1075.000
576.960	1045.000
577.159	1060.000
577.357	1082.000
577.556	1061.000
577.755	1039.000
577.953	1158.000
578.152	1035.000
578.350	1031.000
578.549	949.000
578.748	1122.000
578.946	1080.000
579.145	1093.000
579.344	1065.000
579.542	1059.000
579.741	1029.000
579.940	1058.000
580.138	1076.000
580.337	1104.000
580.535	1057.000
580.734	1096.000
580.933	1090.000
581.131	1068.000
581.330	1180.000
581.529	1127.000
581.727	1145.000
581.926	1191.000
582.125	1131.000
582.323	1201.000
582.522	1183.000
582.721	1193.000
582.919	1211.000
583.118	1206.000
583.316	1288.000
583.515	1251.000
583.714	1324.000
583.912	1198.000
584.111	1255.000
584.310	1252.000
584.508	1281.000
584.707	1276.000
584.906	1344.000
585.104	1311.000
585.303	1343.000
585.501	1359.000
585.700	1336.000
585.899	1375.000
586.097	1457.000
586.296	1423.000
586.495	1448.000
586.693	1478.000
586.892	1409.000
587.091	1410.000
587.289	1499.000
587.488	1467.000
587.686	1464.000
587.885	1541.000
588.084	1490.000
588.282	1568.000
588.481	1533.000
588.680	1546.000
588.878	1611.000
589.077	1581.000
589.276	1503.000
589.474	1545.000
589.673	1567.000
589.871	1575.000
590.070	1558.000
590.269	1741.000
590.467	1671.000
590.666	1729.000
590.865	1676.000
591.063	1643.000
591.262	1712.000
591.461	1667.000
591.659	1697.000
591.858	1733.000
592.056	1770.000
592.255	1764.000
592.454	1802.000
592.652	1897.000
592.851	1932.000
593.050	1920.000
593.248	1906.000
593.447	1948.000
593.646	1995.000
593.844	2089.000
594.043	1957.000
594.241	2049.000
594.440	2156.000
594.639	2062.000
594.837	2163.000
595.036	2188.000
595.235	2204.000
595.433	2251.000
595.632	2220.000
595.831	2278.000
596.029	2260.000
596.228	2390.000
596.427	2398.000
596.625	2406.000
596.824	2437.000
597.022	2543.000
597.221	2467.000
597.420	2619.000
597.618	2659.000
597.817	2532.000
598.016	2649.000
598.214	2727.000
598.413	2768.000
598.612	2825.000
598.810	2881.000
599.009	2960.000
599.207	2968.000
599.406	2983.000
599.605	3085.000
599.803	3077.000
600.002	3175.000
600.201	3131.000
600.399	3221.000
600.598	3303.000
600.797	3335.000
600.995	3432.000
601.194	3538.000
601.392	3568.000
601.591	3600.000
601.790	3545.000
601.988	3756.000
602.187	3962.000
602.386	3934.000
602.584	3985.000
602.783	4048.000
602.982	4116.000
603.180	4264.000
603.379	4252.000
603.577	4342.000
603.776	4463.000
603.975	4440.000
604.173	4599.000
604.372	4595.000
604.571	4795.000
604.769	4780.000
604.968	5038.000
605.167	5170.000
605.365	5160.000
605.564	5262.000
605.762	5369.000
605.961	5502.000
606.160	5639.000
606.358	5739.000
606.557	5845.000
606.756	5895.000
606.954	6103.000
607.153	6185.000
607.352	6238.000
607.550	6473.000
607.749	6503.000
607.948	6581.000
608.146	6824.000
608.345	6891.000
608.543	7021.000
608.742	7164.000
608.941	7345.000
609.139	7566.000
609.338	7603.000
609.537	7898.000
609.735	7954.000
609.934	8175.000
610.133	8276.000
610.331	8546.000
610.530	8697.000
610.728	8828.000
610.927	8842.000
611.126	9042.000
611.324	9389.000
611.523	9577.000
611.722	9849.000
611.920	9804.000
612.119	10043.000
612.318	10355.000
612.516	10474.000
612.715	10697.000
612.913	10934.000
613.112	11062.000
613.311	11168.000
613.509	11441.000
613.708	11660.000
613.907	11876.000
614.105	12005.000
614.304	12393.000
614.503	12771.000
614.701	12803.000
614.900	13148.000
615.098	13309.000
615.297	13589.000
615.496	13915.000
615.694	14126.000
615.893	14275.000
616.092	14586.000
616.290	14766.000
616.489	15197.000
616.688	15360.000
616.886	15538.000
617.085	16036.000
617.283	16251.000
617.482	16537.000
617.681	16807.000
617.879	16989.000
618.078	17373.000
618.277	17871.000
618.475	17971.000
618.674	18061.000
618.873	18349.000
619.071	18522.000
619.270	18944.000
619.468	18847.000
619.667	18998.000
619.866	19293.000
620.064	19506.000
620.263	19614.000
620.462	19836.000
620.660	19716.000
620.859	19727.000
621.058	19977.000
621.256	19837.000
621.455	19940.000
621.654	19857.000
621.852	19655.000
622.051	19655.000
622.249	19487.000
622.448	19250.000
622.647	19132.000
622.845	18574.000
623.044	18541.000
623.243	18246.000
623.441	17928.000
623.640	17364.000
623.839	16947.000
624.037	16416.000
624.236	16101.000
624.434	15916.000
624.633	15301.000
624.832	14620.000
625.030	14485.000
625.229	13897.000
625.428	13560.000
625.626	13084.000
625.825	12472.000
626.024	11978.000
626.222	11704.000
626.421	11233.000
626.619	10855.000
626.818	10247.000
627.017	9850.000
627.215	9645.000
627.414	9240.000
627.613	9009.000
627.811	8529.000
628.010	8125.000
628.209	7788.000
628.407	7619.000
628.606	7296.000
628.804	6980.000
629.003	6742.000
629.202	6377.000
629.400	6160.000
629.599	6029.000
629.798	5748.000
629.996	5540.000
630.195	5353.000
630.394	5118.000
630.592	4944.000
630.791	4625.000
630.990	4571.000
631.188	4469.000
631.387	4274.000
631.585	4095.000
631.784	4011.000
631.983	3735.000
632.181	3596.000
632.380	3488.000
632.579	3376.000
632.777	3262.000
632.976	3169.000
633.175	3132.000
633.373	2925.000
633.572	2744.000
633.770	2640.000
633.969	2576.000
634.168	2482.000
634.366	2409.000
634.565	2327.000
634.764	2298.000
634.962	2178.000
635.161	2088.000
635.360	2025.000
635.558	1985.000
635.757	1888.000
635.955	1826.000
636.154	1704.000
636.353	1721.000
636.551	1672.000
636.750	1496.000
636.949	1595.000
637.147	1559.000
637.346	1482.000
637.545	1409.000
637.743	1353.000
637.942	1195.000
638.140	1219.000
638.339	1144.000
638.538	1207.000
638.736	1188.000
638.935	1135.000
639.134	1067.000
639.332	1037.000
639.531	1019.000
639.730	951.000
639.928	930.000
640.127	877.000
640.325	914.000
640.524	871.000
640.723	848.000
640.921	794.000
641.120	792.000
641.319	767.000
641.517	763.000
641.716	672.000
641.915	715.000
642.113	709.000
642.312	668.000
642.510	646.000
642.709	601.000
642.908	616.000
643.106	597.000
643.305	556.000
643.504	532.000
643.702	545.000
643.901	651.000
644.100	614.000
644.298	524.000
644.497	588.000
644.696	521.000
644.894	484.000
645.093	524.000
645.291	514.000
645.490	448.000
645.689	503.000
645.887	405.000
646.086	431.000
646.285	446.000
646.483	371.000
646.682	395.000
646.881	419.000
647.079	405.000
647.278	355.000
647.476	324.000
647.675	365.000
647.874	352.000
648.072	325.000
648.271	296.000
648.470	329.000
648.668	266.000
648.867	269.000
649.066	273.000
649.264	286.000
649.463	264.000
649.661	214.000
649.860	215.000
650.059	269.000
650.257	203.000
650.456	217.000
650.655	225.000
650.853	203.000
651.052	169.000
651.251	154.000
651.449	134.000
651.648	155.000
651.846	190.000
652.045	149.000
652.244	169.000
652.442	146.000
652.641	159.000
652.840	143.000
653.038	89.000
653.237	94.000
653.436	113.000
653.634	114.000
653.833	103.000
654.032	111.000
654.230	112.000
654.429	84.000
654.627	64.000
654.826	200.000
655.025	91.000
655.223	76.000
655.422	61.000
655.621	36.000
655.819	47.000
656.018	112.000
656.217	111.000
656.415	112.000
656.614	86.000
656.812	55.000
657.011	111.000
657.210	66.000
657.408	27.000
657.607	64.000
657.806	87.000
658.004	95.000
658.203	35.000
658.402	60.000
658.600	74.000
658.799	82.000
658.997	96.000
659.196	76.000
659.395	74.000
659.593	116.000
659.792	78.000
659.991	59.000
660.189	136.000
660.388	78.000
660.587	40.000
660.785	65.000
660.984	98.000
661.182	53.000
661.381	83.000
661.580	63.000
661.778	67.000
661.977	54.000
662.176	46.000
662.374	57.000
662.573	-23.000
662.772	30.000
662.970	38.000
663.169	90.000
663.367	30.000
663.566	59.000
663.765	43.000
663.963	74.000
664.162	40.000
664.361	-1.000
664.559	46.000
664.758	50.000
664.957	73.000
665.155	-10.000
665.354	65.000
665.552	67.000
665.751	60.000
665.950	59.000
666.148	28.000
666.347	39.000
666.546	54.000
666.744	50.000
666.943	40.000
667.142	28.000
667.340	79.000
667.539	67.000
667.738	85.000
667.936	48.000
668.135	66.000
668.333	15.000
668.532	35.000
668.731	40.000
668.929	40.000
669.128	69.000
669.327	89.000
669.525	84.000
669.724	79.000
669.923	52.000
670.121	36.000
670.320	79.000
670.518	43.000
670.717	45.000
670.916	46.000
671.114	60.000
671.313	31.000
671.512	27.000
671.710	31.000
671.909	90.000
672.108	88.000
672.306	79.000
672.505	63.000
672.703	83.000
672.902	56.000
673.101	70.000
673.299	73.000
673.498	27.000
673.697	9.000
673.895	57.000
674.094	53.000
674.293	-3.000
674.491	3.000
674.690	45.000
674.888	30.000
675.087	49.000
675.286	34.000
675.484	5.000
675.683	52.000
675.882	82.000
676.080	-17.000
676.279	17.000
676.478	18.000
676.676	5.000
676.875	80.000
677.073	11.000
677.272	13.000
677.471	-13.000
677.669	45.000
677.868	30.000
678.067	20.000
678.265	67.000
678.464	27.000
678.663	36.000
678.861	46.000
679.060	51.000
679.259	30.000
679.457	92.000
679.656	31.000
679.854	15.000
680.053	-29.000
680.252	23.000
680.450	11.000
680.649	15.000
680.848	50.000
681.046	82.000
681.245	42.000
681.444	40.000
681.642	94.000
681.841	57.000
682.039	74.000
682.238	23.000
682.437	36.000
682.635	63.000
682.834	87.000
683.033	17.000
683.231	93.000
683.430	41.000
683.629	60.000
683.827	43.000
684.026	66.000
684.224	70.000
684.423	65.000
684.622	20.000
684.820	24.000
685.019	47.000
685.218	71.000
685.416	98.000
685.615	60.000
685.814	49.000
686.012	1.000
686.211	17.000
686.409	14.000
686.608	57.000
686.807	51.000
687.005	19.000
687.204	73.000
687.403	42.000
687.601	71.000
687.800	2.000
687.999	19.000
688.197	42.000
688.396	67.000
688.594	43.000
688.793	69.000
688.992	68.000
689.190	47.000
689.389	45.000
689.588	93.000
689.786	57.000
689.985	3.000
690.184	73.000
690.382	99.000
690.581	64.000
690.779	103.000
690.978	49.000
691.177	101.000
691.375	54.000
691.574	40.000
691.773	68.000
691.971	112.000
692.170	42.000
692.369	49.000
692.567	115.000
692.766	90.000
692.965	125.000
693.163	159.000
693.362	130.000
693.560	95.000
693.759	38.000
693.958	13.000
694.156	93.000
694.355	82.000
694.554	120.000
694.752	84.000
694.951	55.000
695.150	45.000
695.348	121.000
695.547	85.000
695.745	55.000
695.944	104.000
696.143	127.000
696.341	87.000
696.540	89.000
696.743	89.000
696.946	139.000
697.149	91.000
697.352	32.000
697.555	84.000
697.757	121.000
697.960	132.000
698.163	126.000
698.366	95.000
698.569	89.000
698.772	155.000
698.975	138.000
699.178	79.000
699.381	124.000
699.584	103.000
699.787	145.000
699.989	103.000
700.192	98.000
700.395	114.000
700.598	102.000
700.801	99.000
701.004	98.000
701.207	125.000
701.410	115.000
701.613	108.000
701.816	109.000
702.019	146.000
702.221	115.000
702.424	170.000
702.627	107.000
702.830	87.000
703.033	86.000
703.236	75.000
703.439	140.000
703.642	143.000
703.845	128.000
704.048	100.000
704.251	157.000
704.453	169.000
704.656	181.000
704.859	135.000
705.062	133.000
705.265	173.000
705.468	93.000
705.671	160.000
705.874	120.000
706.077	88.000
706.280	161.000
706.483	149.000
706.685	172.000
706.888	165.000
707.091	192.000
707.294	229.000
707.497	151.000
707.700	180.000
707.903	166.000
708.106	155.000
708.309	134.000
708.512	179.000
708.715	187.000
708.917	172.000
709.120	204.000
709.323	184.000
709.526	177.000
709.729	142.000
709.932	134.000
710.135	204.000
710.338	267.000
710.541	204.000
710.744	156.000
710.947	220.000
711.149	221.000
711.352	166.000
711.555	214.000
711.758	206.000
711.961	218.000
712.164	246.000
712.367	260.000
712.570	278.000
712.773	245.000
712.976	225.000
713.179	227.000
713.381	249.000
713.584	262.000
713.787	199.000
713.990	214.000
714.193	286.000
714.396	283.000
714.599	212.000
714.802	211.000
715.005	291.000
715.208	270.000
715.411	248.000
715.613	251.000
715.816	287.000
716.019	281.000
716.222	313.000
716.425	336.000
716.628	264.000
716.831	293.000
717.034	313.000
717.237	288.000
717.440	246.000
717.643	276.000
717.845	266.000
718.048	303.000
718.251	299.000
718.454	310.000
718.657	271.000
718.860	347.000
719.063	313.000
719.266	418.000
719.469	332.000
719.672	298.000
719.875	311.000
720.077	375.000
720.280	365.000
720.483	340.000
720.686	368.000
720.889	348.000
721.092	371.000
721.295	338.000
721.498	348.000
721.701	371.000
721.904	399.000
722.107	316.000
722.309	298.000
722.512	340.000
722.715	367.000
722.918	390.000
723.121	369.000
723.324	413.000
723.527	405.000
723.730	413.000
723.933	358.000
724.136	384.000
724.339	403.000
724.541	443.000
724.744	412.000
724.947	373.000
725.150	434.000
725.353	386.000
725.556	401.000
725.759	421.000
725.962	453.000
726.165	423.000
726.368	446.000
726.571	407.000
726.773	457.000
726.976	395.000
727.179	451.000
727.382	399.000
727.585	348.000
727.788	388.000
727.991	447.000
728.194	435.000
728.397	424.000
728.600	441.000
728.803	404.000
729.005	386.000
729.208	394.000
729.411	380.000
729.614	388.000
729.817	382.000
730.020	422.000
730.223	406.000
730.426	444.000
730.629	404.000
730.832	376.000
731.035	381.000
731.237	427.000
731.440	325.000
731.643	350.000
731.846	346.000
732.049	385.000
732.252	382.000
732.455	395.000
732.658	394.000
732.861	358.000
733.064	295.000
733.267	342.000
733.469	328.000
733.672	324.000
733.875	328.000
734.078	308.000
734.281	285.000
734.484	333.000
734.687	312.000
734.890	296.000
735.093	323.000
735.296	235.000
735.499	259.000
735.701	301.000
735.904	310.000
736.107	275.000
736.310	267.000
736.513	239.000
736.716	283.000
736.919	239.000
737.122	147.000
737.325	229.000
737.528	271.000
737.731	281.000
737.933	230.000
738.136	282.000
738.339	212.000
738.542	207.000
738.745	236.000
738.948	190.000
739.151	223.000
739.354	185.000
739.557	225.000
739.760	218.000
739.963	249.000
740.165	148.000
740.368	205.000
740.571	225.000
740.774	160.000
740.977	166.000
741.180	154.000
741.383	182.000
741.586	212.000
741.789	191.000
741.992	153.000
742.195	180.000
742.397	159.000
742.600	161.000
742.803	116.000
743.006	136.000
743.209	133.000
743.412	113.000
743.615	111.000
743.818	166.000
744.021	155.000
744.224	174.000
744.427	148.000
744.629	166.000
744.832	145.000
745.035	87.000
745.238	110.000
745.441	108.000
745.644	142.000
745.847	131.000
746.050	110.000
746.253	120.000
746.456	108.000
746.659	94.000
746.861	125.000
747.064	127.000
747.267	91.000
747.470	93.000
747.673	79.000
747.876	63.000
748.079	60.000
748.282	96.000
748.485	83.000
748.688	111.000
748.891	81.000
749.093	46.000
749.296	62.000
749.499	39.000
749.702	72.000
749.905	84.000
750.108	116.000
750.311	73.000
750.514	8.000
750.717	56.000
750.920	27.000
751.123	-19.000
751.325	35.000
751.528	48.000
751.731	106.000
751.934	67.000
752.137	38.000
752.340	94.000
752.543	55.000
752.746	50.000
752.949	10.000
753.152	53.000
753.355	80.000
753.557	35.000
753.760	101.000
753.963	31.000
754.166	46.000
754.369	28.000
754.572	-26.000
754.775	41.000
754.978	28.000
755.181	27.000
755.384	12.000
755.587	85.000
755.789	60.000
755.992	38.000
756.195	31.000
756.398	-27.000
756.601	30.000
756.804	-32.000
757.007	5.000
757.210	42.000
757.413	67.000
757.616	23.000
757.819	53.000
758.021	34.000
758.224	56.000
758.427	21.000
758.630	0.000
758.833	15.000
759.036	36.000
759.239	70.000
759.442	87.000
759.645	37.000
759.848	9.000
760.051	47.000
760.253	50.000
760.456	36.000
760.659	7.000
760.862	1.000
761.065	45.000
761.268	9.000
761.471	28.000
761.674	63.000
761.877	27.000
762.080	27.000
762.283	8.000
762.485	2.000
762.688	31.000
762.891	-9.000
763.094	15.000
763.297	12.000
763.500	17.000
763.706	42.000
763.912	42.000
764.118	50.000
764.325	-26.000
764.531	-11.000
764.737	7.000
764.943	-2.000
765.149	-27.000
765.355	15.000
765.561	48.000
765.768	35.000
765.974	44.000
766.180	21.000
766.386	13.000
766.592	27.000
766.798	11.000
767.004	61.000
767.210	82.000
767.417	56.000
767.623	25.000
767.829	32.000
768.035	0.000
768.241	41.000
768.447	17.000
768.653	18.000
768.860	-29.000
769.066	41.000
769.272	25.000
769.478	-30.000
769.684	-14.000
769.890	1.000
770.096	6.000
770.303	-8.000
770.509	-22.000
770.715	-35.000
770.921	44.000
771.127	1.000
771.333	-18.000
771.539	43.000
771.745	43.000
771.952	-7.000
772.158	-13.000
772.364	-36.000
772.570	-7.000
772.776	35.000
772.982	6.000
773.188	6.000
773.395	6.000
773.601	-20.000
773.807	59.000
774.013	14.000
774.219	23.000
774.425	-13.000
774.631	72.000
774.838	54.000
775.044	21.000
775.250	8.000
775.456	49.000
775.662	11.000
775.868	20.000
776.074	-14.000
776.281	0.000
776.487	27.000
776.693	18.000
776.899	-3.000
777.105	18.000
777.311	34.000
777.517	26.000
777.723	21.000
777.930	20.000
778.136	-10.000
778.342	-54.000
778.548	-5.000
778.754	-40.000
778.960	46.000
779.166	39.000
779.373	26.000
779.579	27.000
779.785	32.000
779.991	-21.000
780.197	-8.000
780.403	-38.000
780.609	22.000
780.816	-1.000
781.022	21.000
781.228	12.000
781.434	6.000
781.640	1.000
781.846	11.000
782.052	-3.000
782.259	-41.000
782.465	-68.000
782.671	-32.000
782.877	12.000
783.083	24.000
783.289	27.000
783.495	0.000
783.701	5.000
783.908	-23.000
784.114	-16.000
784.320	6.000
784.526	-19.000
784.732	2.000
784.938	31.000
785.144	23.000
785.351	29.000
785.557	11.000
785.763	43.000
785.969	17.000
786.175	48.000
786.381	-79.000
786.587	-24.000
786.794	78.000
787.000	34.000
787.206	31.000
787.412	43.000
787.618	-21.000
787.824	46.000
788.030	-5.000
788.236	-34.000
788.443	-2.000
788.649	6.000
788.855	-24.000
789.061	29.000
789.267	64.000
789.473	1.000
789.679	42.000
789.886	23.000
790.092	43.000
790.298	-20.000
790.504	-2.000
790.710	-8.000
790.916	22.000
791.122	3.000
791.329	0.000
791.535	63.000
791.741	39.000
791.947	52.000
792.153	17.000
792.359	-9.000
792.565	-19.000
792.771	29.000
792.978	13.000
793.184	58.000
793.390	34.000
793.596	15.000
793.802	-12.000
794.008	8.000
794.214	48.000
794.421	-30.000
794.627	-14.000
794.833	-57.000
795.039	-43.000
795.245	50.000
795.451	3.000
795.657	8.000
795.864	27.000
796.070	-13.000
796.276	28.000
796.482	-8.000
796.688	-37.000
796.894	0.000
797.100	-38.000
797.307	-5.000
797.513	-3.000
797.719	14.000
797.925	23.000
798.131	11.000
798.337	19.000
798.543	-7.000
798.749	30.000
798.956	74.000
799.162	13.000
799.368	36.000
799.574	42.000
799.780	-39.000
799.986	63.000
800.192	28.000
800.399	-20.000
800.605	-82.000
800.811	-42.000
801.017	11.000
801.223	23.000
801.429	1.000
801.635	39.000
801.842	25.000
802.048	31.000
802.254	-32.000
802.460	12.000
802.666	7.000
802.872	27.000
803.078	59.000
803.285	23.000
803.491	-4.000
803.697	15.000
803.903	-5.000
804.109	-24.000
804.315	-12.000
804.521	2.000
804.727	5.000
804.934	59.000
805.140	27.000
805.346	19.000
805.552	2.000
805.758	-53.000
805.964	-5.000
806.170	16.000
806.377	-12.000
806.583	-43.000
806.789	-10.000
806.995	12.000
807.201	5.000
807.407	77.000
807.613	-9.000
807.820	-23.000
808.026	-48.000
808.232	-25.000
808.438	-27.000
808.644	29.000
808.850	60.000
809.056	16.000
809.262	-29.000
809.469	50.000
809.675	16.000
809.881	-20.000
810.087	17.000
810.293	-14.000
810.499	31.000
810.705	41.000
810.912	27.000
811.118	41.000
811.324	-9.000
811.530	14.000
811.739	1.000
811.947	46.000
812.156	-4.000
812.365	38.000
812.573	-1.000
812.782	-16.000
812.990	25.000
813.199	14.000
813.408	56.000
813.616	27.000
813.825	-5.000
814.034	-14.000
814.242	-36.000
814.451	-67.000
814.659	12.000
814.868	25.000
815.077	105.000
815.285	64.000
815.494	26.000
815.703	-14.000
815.911	-8.000
816.120	-7.000
816.329	-1.000
816.537	35.000
816.746	-31.000
816.954	20.000
817.163	16.000
817.372	15.000
817.580	14.000
817.789	-2.000
817.998	1.000
818.206	35.000
818.415	42.000
818.624	-16.000
818.832	-42.000
819.041	27.000
819.249	58.000
819.458	17.000
819.667	16.000
819.875	-8.000
820.084	16.000
820.293	23.000
820.501	31.000
820.710	-39.000
820.919	12.000
821.127	1.000
821.336	5.000
821.544	34.000
821.753	73.000
821.962	4.000
822.170	-1.000
822.379	-42.000
822.588	-6.000
822.796	-3.000
823.005	66.000
823.213	11.000
823.422	3.000
823.631	7.000
823.839	7.000
824.048	-4.000
824.257	20.000
824.465	-15.000
824.674	-53.000
824.883	-24.000
825.091	-24.000
825.300	-7.000
825.508	35.000
825.717	95.000
825.926	55.000
826.134	10.000
826.343	-7.000
826.552	-29.000
826.760	7.000
826.969	-35.000
827.178	-11.000
827.386	-15.000
827.595	52.000
827.803	41.000
828.012	-3.000
828.221	14.000
828.429	38.000
828.638	-14.000
828.847	9.000
829.055	27.000
829.264	-9.000
829.472	31.000
829.681	4.000
829.890	-25.000
830.098	16.000
830.307	19.000
830.516	33.000
830.724	-20.000
830.933	-53.000
831.142	4.000
831.350	25.000
831.559	2.000
831.767	39.000
831.976	15.000
832.185	-11.000
832.393	-47.000
832.602	11.000
832.811	-14.000
833.019	-25.000
833.228	12.000
833.437	25.000
833.645	7.000
833.854	31.000
834.062	21.000
834.271	8.000
834.480	41.000
834.688	-7.000
834.897	-28.000
835.106	49.000
835.314	-9.000
835.523	23.000
835.731	-48.000
835.940	30.000
836.149	17.000
836.357	-35.000
836.566	7.000
836.775	63.000
836.983	-11.000
837.192	10.000
837.401	-1.000
837.609	-15.000
837.818	-18.000
838.026	25.000
838.235	-2.000
838.444	3.000
838.652	24.000
838.861	14.000
839.070	21.000
839.278	11.000
839.487	13.000
839.696	5.000
839.904	6.000
840.113	0.000
840.321	-24.000
840.530	22.000
840.739	-33.000
840.947	-24.000
841.156	-10.000
841.365	13.000
841.573	14.000
841.782	4.000
841.991	1.000
842.199	21.000
842.408	-8.000
842.616	-17.000
842.825	-23.000
843.034	-37.000
843.242	11.000
843.451	4.000
843.660	2.000
843.868	15.000
844.077	59.000
844.285	36.000
844.494	3.000
844.703	-32.000
844.911	-48.000
845.120	-54.000
845.329	19.000
845.537	-37.000
845.746	6.000
845.955	-13.000
846.163	-26.000
846.372	-27.000
846.580	27.000
846.789	31.000
846.998	0.000
847.206	-8.000
847.415	-20.000
847.624	-15.000
847.832	33.000
848.041	40.000
848.250	47.000
848.458	-29.000
848.667	11.000
848.875	1.000
849.084	-21.000
849.293	64.000
849.501	60.000
849.710	-10.000
849.919	57.000
850.127	20.000
850.336	1.000
850.544	-22.000
850.753	-10.000
850.962	21.000
851.170	-14.000
851.379	10.000
851.588	33.000
851.796	29.000
852.005	19.000
852.214	-15.000
852.422	-13.000
852.631	15.000
852.839	5.000
853.048	-39.000
853.257	-3.000
853.465	31.000
853.674	27.000
853.883	47.000
854.091	82.000
854.300	13.000
854.509	-26.000
854.717	-3.000
854.926	-31.000
855.134	-69.000
855.343	40.000
855.552	25.000
855.760	-4.000
855.969	17.000
856.178	-1.000
856.386	-20.000
856.595	-21.000
856.803	35.000
857.012	-9.000
857.221	-27.000
857.429	14.000
857.638	35.000
857.847	51.000
858.055	51.000
858.264	-7.000
858.473	41.000
858.681	36.000
858.890	-14.000
859.098	28.000
859.307	-27.000
859.516	6.000
859.724	-21.000
859.933	-15.000
860.142	-14.000
860.350	30.000
860.559	-17.000
860.768	-24.000
860.976	9.000
861.185	-7.000
861.393	-29.000
861.602	22.000
861.811	15.000
862.019	34.000
862.228	20.000
862.437	-28.000
862.645	3.000
862.854	5.000
863.062	11.000
863.271	-33.000
863.480	-12.000
863.688	1.000
863.897	-15.000
864.106	-29.000
864.314	53.000
864.523	62.000
864.732	65.000
864.940	4.000
865.149	-5.000
865.357	38.000
865.566	12.000
865.775	58.000
865.983	38.000
866.192	-5.000
866.401	-24.000
866.609	3.000
866.818	-37.000
867.027	-3.000
867.235	-33.000
867.444	-26.000
867.652	14.000
867.861	23.000
868.070	6.000
868.278	-32.000
868.487	-29.000
868.696	-14.000
868.904	22.000
869.113	-4.000
869.321	-28.000
869.530	28.000
869.739	18.000
869.947	-12.000
870.156	-17.000
870.365	-7.000
870.573	-16.000
870.782	3.000
870.991	18.000
871.199	13.000
871.408	-29.000
871.616	-6.000
871.825	32.000
872.034	42.000
872.242	18.000
872.451	83.000
872.660	27.000
872.868	-10.000
873.077	-11.000
873.286	-14.000
873.494	-3.000
873.703	25.000
873.911	52.000
874.120	7.000
874.329	55.000
874.537	-24.000
874.746	10.000
874.955	-16.000
875.163	8.000
875.372	-29.000
875.581	28.000
875.789	42.000
875.998	-25.000
876.206	31.000
876.415	-49.000
876.624	-17.000
876.832	38.000
877.041	38.000
877.250	33.000
877.458	-18.000
877.667	37.000
877.875	37.000
878.084	16.000
878.293	-17.000
878.501	8.000
878.710	2.000
878.919	32.000
879.127	3.000
879.336	-12.000
879.545	3.000
879.753	71.000
879.962	-5.000
880.170	-14.000
880.379	35.000
880.588	-2.000
880.796	-3.000
881.005	-16.000
881.214	-13.000
881.422	36.000
881.631	16.000
881.840	18.000
882.048	35.000
882.257	-20.000
882.465	52.000
882.674	-48.000
882.883	21.000
883.091	33.000
883.300	-1.000
883.509	-17.000
883.717	27.000
883.926	11.000
884.134	-1.000
884.343	22.000
884.552	16.000
884.760	-14.000
884.969	27.000
885.178	6.000
885.386	-46.000
885.595	10.000
885.804	45.000
886.012	8.000
886.221	26.000
886.429	31.000
886.638	31.000
886.847	5.000
887.055	-12.000
887.264	-21.000
887.473	-38.000
887.681	-3.000
887.890	8.000
888.099	44.000
888.307	41.000
888.516	24.000
888.724	-23.000
888.933	-22.000
889.142	-9.000
889.350	-29.000
889.559	32.000
889.768	7.000
889.976	35.000
890.185	33.000
890.393	-9.000
890.602	-5.000
890.811	-9.000
891.019	-5.000
891.228	-68.000
891.437	-52.000
891.645	3.000
891.854	35.000
892.063	33.000
892.271	7.000
892.480	36.000
892.688	34.000
892.897	0.000
893.106	19.000
893.314	62.000
893.523	-27.000
893.732	27.000
893.940	-37.000
894.149	-53.000
894.358	-25.000
894.566	13.000
894.775	-10.000
894.983	-39.000
895.192	-35.000
895.401	19.000
895.609	-34.000
895.818	-33.000
896.027	36.000
896.235	32.000
896.444	-23.000
896.652	12.000
896.861	-19.000
897.070	-14.000
897.278	-1.000
897.487	23.000
897.696	-10.000
897.904	-13.000
898.113	52.000
898.322	14.000
898.530	38.000
898.739	25.000
898.947	-35.000
899.156	7.000
899.365	-9.000
899.573	-22.000
899.782	9.000
899.991	70.000
900.199	20.000
900.408	2.000
900.617	-19.000
900.825	8.000
901.034	-22.000
901.242	16.000
901.451	-34.000
901.660	-38.000
901.868	-3.000
902.077	11.000
902.286	-12.000
902.494	-52.000
902.703	24.000
902.911	12.000
903.120	-8.000
903.329	-22.000
903.537	-9.000
903.746	39.000
903.955	50.000
904.163	45.000
904.372	72.000
904.581	1.000
904.789	35.000
904.998	19.000
905.206	-12.000
905.415	-21.000
905.624	58.000
905.832	32.000
906.041	31.000
906.250	12.000
906.458	48.000
906.667	46.000
906.876	-10.000
907.084	-23.000
907.293	-33.000
907.501	-9.000
907.710	-38.000
907.919	19.000
908.127	-21.000
908.336	-2.000
908.545	10.000
908.753	-12.000
908.962	-21.000
909.170	13.000
909.379	-12.000
909.588	-35.000
909.796	-69.000
910.005	-25.000
910.214	3.000
910.422	1.000
910.631	8.000
910.840	-8.000
911.048	6.000
911.257	-22.000
911.465	-15.000
911.674	-41.000
911.883	-26.000
912.091	33.000
912.300	31.000
912.508	26.000
912.716	28.000
912.924	47.000
913.132	-39.000
913.340	10.000
913.549	-23.000
913.757	-54.000
913.965	9.000
914.173	28.000
914.381	12.000
914.589	-17.000
914.797	-2.000
915.005	-12.000
915.213	29.000
915.421	25.000
915.629	-42.000
915.838	-41.000
916.046	15.000
916.254	36.000
916.462	-5.000
916.670	-14.000
916.878	-11.000
917.086	3.000
917.294	5.000
917.502	-1.000
917.710	27.000
917.919	12.000
918.127	-5.000
918.335	-25.000
918.543	-6.000
918.751	-18.000
918.959	1.000
919.167	44.000
919.375	-16.000
919.583	25.000
919.791	-1.000
919.999	18.000
920.208	50.000
920.416	-34.000
920.624	45.000
920.832	-4.000
921.040	15.000
921.248	5.000
921.456	-8.000
921.664	-7.000
921.872	18.000
922.080	-6.000
922.288	44.000
922.497	-7.000
922.705	18.000
922.913	26.000
923.121	-32.000
923.329	3.000
923.537	17.000
923.745	-17.000
923.953	-35.000
924.161	4.000
924.369	-14.000
924.578	-18.000
924.786	20.000
924.994	56.000
925.202	2.000
925.410	7.000
925.618	13.000
925.826	6.000
926.034	13.000
926.242	21.000
926.450	-14.000
926.658	42.000
926.867	35.000
927.075	29.000
927.283	-27.000
927.491	9.000
927.699	4.000
927.907	-7.000
928.115	4.000
928.323	23.000
928.531	-13.000
928.739	-27.000
928.947	56.000
929.156	-1.000
929.364	14.000
929.572	0.000
929.780	33.000
929.988	5.000
930.196	30.000
930.404	-15.000
930.612	11.000
930.820	-18.000
931.028	-26.000
931.236	5.000
931.445	-18.000
931.653	-11.000
931.861	3.000
932.069	0.000
932.277	-42.000
932.485	-18.000
932.693	-46.000
932.901	-3.000
933.109	-12.000
933.317	-29.000
933.526	-54.000
933.734	8.000
933.942	-14.000
934.150	35.000
934.358	32.000
934.566	73.000
934.774	27.000
934.982	31.000
935.190	-46.000
935.398	-18.000
935.606	-7.000
935.815	28.000
936.023	-22.000
936.231	-9.000
936.439	-1.000
936.647	29.000
936.855	-18.000
937.063	7.000
937.271	3.000
937.479	3.000
937.687	20.000
937.895	-9.000
938.104	11.000
938.312	-1.000
938.520	37.000
938.728	2.000
938.936	-44.000
939.144	4.000
939.352	-6.000
939.560	32.000
939.768	1.000
939.976	-13.000
940.185	15.000
940.393	35.000
940.601	-14.000
940.809	-30.000
941.017	-9.000
941.225	38.000
941.433	26.000
941.641	-7.000
941.849	-29.000
942.057	-62.000
942.265	-37.000
942.474	12.000
942.682	7.000
942.890	1.000
943.098	17.000
943.306	-7.000
943.514	15.000
943.722	15.000
943.930	-14.000
944.138	1.000
944.346	59.000
944.554	31.000
944.763	-3.000
944.971	30.000
945.179	4.000
945.387	-14.000
945.595	36.000
945.803	-19.000
946.011	-14.000
946.219	23.000
946.427	-8.000
946.635	25.000
946.843	4.000
947.052	29.000
947.260	-3.000
947.468	2.000
947.676	29.000
947.884	62.000
948.092	38.000
948.300	-9.000
948.508	-8.000
948.716	25.000
948.924	-25.000
949.133	36.000
949.341	16.000
949.549	-6.000
949.757	-14.000
949.965	-29.000
950.173	-7.000
950.381	-19.000
950.589	-23.000
950.797	-8.000
951.005	-28.000
951.213	7.000
951.422	-18.000
951.630	-9.000
951.838	10.000
952.046	-15.000
952.254	43.000
952.462	16.000
952.670	78.000
952.878	11.000
953.086	8.000
953.294	34.000
953.502	37.000
953.711	-4.000
953.919	-40.000
954.127	-56.000
954.335	5.000
954.543	43.000
954.751	31.000
954.959	-10.000
955.167	22.000
955.375	-49.000
955.583	1.000
955.792	24.000
956.000	-13.000
956.208	-38.000
956.416	-15.000
956.624	35.000
956.832	-8.000
957.040	-7.000
957.248	17.000
957.456	11.000
957.664	4.000
957.872	9.000
958.081	-13.000
958.289	72.000
958.497	28.000
958.705	55.000
958.913	4.000
959.121	-23.000
959.329	-26.000
959.537	-22.000
959.745	-34.000
959.953	-10.000
960.161	-40.000
960.370	-5.000
960.578	27.000
960.786	-18.000
960.994	-46.000
961.202	19.000
961.410	1.000
961.618	-33.000
961.826	-12.000
962.034	-17.000
962.242	-8.000
962.451	31.000
962.659	34.000
962.867	5.000
963.075	20.000
963.283	14.000
963.491	17.000
963.699	18.000
963.907	-49.000
964.115	-36.000
964.323	7.000
964.531	-29.000
964.740	-21.000
964.948	-29.000
965.156	-45.000
965.364	-12.000
965.572	0.000
965.780	-4.000
965.999	19.000
966.218	16.000
966.438	38.000
966.657	48.000
966.876	32.000
967.095	12.000
967.315	29.000
967.534	6.000
967.753	28.000
967.972	21.000
968.192	-2.000
968.411	-31.000
968.630	22.000
968.849	-4.000
969.068	-3.000
969.288	-11.000
969.507	-5.000
969.726	15.000
969.945	23.000
970.165	-20.000
970.384	-33.000
970.603	-88.000
970.822	0.000
971.042	38.000
971.261	75.000
971.480	45.000
971.699	-10.000
971.919	59.000
972.138	3.000
972.357	8.000
972.576	-23.000
972.795	-25.000
973.015	17.000
973.234	-15.000
973.453	-25.000
973.672	28.000
973.892	52.000
974.111	-21.000
974.330	73.000
974.549	-6.000
974.769	-24.000
974.988	-21.000
975.207	8.000
975.426	-18.000
975.646	28.000
975.865	20.000
976.084	-7.000
976.303	17.000
976.522	16.000
976.742	-50.000
976.961	-33.000
977.180	-1.000
977.399	17.000
977.619	26.000
977.838	7.000
978.057	-6.000
978.276	7.000
978.496	21.000
978.715	17.000
978.934	7.000
979.153	30.000
979.372	-23.000
979.592	25.000
979.811	24.000
980.030	45.000
980.249	-27.000
980.469	-54.000
980.688	23.000
980.907	15.000
981.126	-44.000
981.346	63.000
981.565	59.000
981.784	15.000
982.003	11.000
982.223	29.000
982.442	13.000
982.661	-7.000
982.880	-9.000
983.099	-2.000
983.319	-2.000
983.538	44.000
983.757	15.000
983.976	39.000
984.196	5.000
984.415	-11.000
984.634	24.000
984.853	22.000
985.073	37.000
985.292	-4.000
985.511	20.000
985.730	-18.000
985.949	-3.000
986.169	21.000
986.388	33.000
986.607	0.000
986.826	-17.000
987.046	43.000
987.265	-8.000
987.484	-36.000
987.703	6.000
987.923	-25.000
988.142	9.000
988.361	34.000
988.580	0.000
988.800	-27.000
989.019	4.000
989.238	-53.000
989.457	-52.000
989.676	-17.000
989.896	12.000
990.115	2.000
990.334	9.000
990.553	28.000
990.773	22.000
990.992	7.000
991.211	8.000
991.430	-15.000
991.650	-25.000
991.869	-58.000
992.088	44.000
992.307	52.000
992.527	6.000
992.746	-2.000
992.965	-27.000
993.184	-10.000
993.403	9.000
993.623	12.000
993.842	-7.000
994.061	20.000
994.280	0.000
994.500	-18.000
994.719	1.000
994.938	18.000
995.157	-7.000
995.377	-9.000
995.596	-11.000
995.815	-14.000
996.034	18.000
996.253	9.000
996.473	67.000
996.692	38.000
996.911	-42.000
997.130	8.000
997.350	1.000
997.569	-21.000
997.788	24.000
998.007	-72.000
998.227	31.000
998.446	4.000
998.665	29.000
998.884	35.000
999.104	28.000
999.323	8.000
999.542	-20.000
999.761	-40.000
999.980	-10.000
1000.200	8.000
1000.419	-10.000
1000.638	24.000
1000.857	29.000
1001.077	24.000
1001.296	11.000
1001.515	-29.000
1001.734	-8.000
1001.954	11.000
1002.173	65.000
1002.392	-3.000
1002.611	-11.000
1002.830	14.000
1003.050	-6.000
1003.269	17.000
1003.488	-2.000
1003.707	-14.000
1003.927	23.000
1004.146	-20.000
1004.365	-19.000
1004.584	-8.000
1004.804	42.000
1005.023	24.000
1005.242	27.000
1005.461	1.000
1005.681	-15.000
1005.900	-28.000
1006.119	-27.000
1006.338	-26.000
1006.557	-33.000
1006.777	46.000
1006.996	-9.000
1007.215	-22.000
1007.434	-6.000
1007.654	34.000
1007.873	23.000
1008.092	12.000
1008.311	4.000
1008.531	-8.000
1008.750	-20.000
1008.969	23.000
1009.188	-24.000
1009.407	37.000
1009.627	15.000
1009.846	-7.000
1010.065	20.000
1010.284	-12.000
1010.504	-61.000
1010.723	4.000
1010.942	8.000
1011.161	29.000
1011.381	28.000
1011.600	11.000
1011.819	1.000
1012.038	4.000
1012.258	-42.000
1012.477	-9.000
1012.696	9.000
1012.915	37.000
1013.134	10.000
1013.354	21.000
1013.573	13.000
1013.792	56.000
1014.011	6.000
1014.231	-15.000
1014.450	-55.000
1014.669	-18.000
1014.888	9.000
1015.108	21.000
1015.327	60.000
1015.546	20.000
1015.765	14.000
1015.984	28.000
1016.204	66.000
1016.423	36.000
1016.642	5.000
1016.861	30.000
1017.081	-3.000
1017.300	27.000
1017.519	32.000
