296.912	93.500
297.101	76.500
297.290	86.500
297.479	59.500
297.668	62.500
297.858	75.500
298.047	77.500
298.236	48.500
298.425	11.500
298.614	45.500
298.803	89.500
298.992	91.500
299.181	70.500
299.370	73.500
299.559	57.500
299.748	74.500
299.937	35.500
300.126	21.500
300.315	66.500
300.504	106.500
300.693	95.500
300.882	61.500
301.071	37.500
301.260	39.500
301.449	53.500
301.638	91.500
301.827	71.500
302.016	37.500
302.205	59.500
302.395	54.500
302.584	75.500
302.773	83.500
302.962	67.500
303.151	76.500
303.340	62.500
303.529	75.500
303.718	53.500
303.907	48.500
304.096	85.500
304.285	67.500
304.474	79.500
304.663	96.500
304.852	81.500
305.041	77.500
305.230	61.500
305.419	74.500
305.608	57.500
305.797	38.500
305.986	45.500
306.175	58.500
306.364	84.500
306.553	84.500
306.743	63.500
306.932	35.500
307.121	90.500
307.310	104.500
307.499	73.500
307.688	92.500
307.877	98.500
308.066	66.500
308.255	58.500
308.444	69.500
308.633	73.500
308.822	72.500
309.011	80.500
309.200	74.500
309.389	64.500
309.578	74.500
309.767	67.500
309.956	97.500
310.145	96.500
310.334	62.500
310.523	66.500
310.712	57.500
310.901	78.500
311.091	52.500
311.280	40.500
311.469	49.500
311.658	67.500
311.847	92.500
312.036	67.500
312.225	60.500
312.414	66.500
312.603	82.500
312.792	58.500
312.981	55.500
313.170	81.500
313.349	77.500
313.527	84.500
313.706	87.500
313.884	48.500
314.063	45.500
314.241	24.500
314.420	65.500
314.598	71.500
314.777	67.500
314.955	83.500
315.134	76.500
315.312	66.500
315.491	72.500
315.669	86.500
315.848	75.500
316.027	89.500
316.205	99.500
316.384	74.500
316.562	65.500
316.741	74.500
316.919	107.500
317.098	104.500
317.276	74.500
317.455	106.500
317.633	107.500
317.812	80.500
317.990	74.500
318.169	74.500
318.347	86.500
318.526	129.500
318.705	154.500
318.883	91.500
319.062	48.500
319.240	52.500
319.419	69.500
319.597	103.500
319.776	88.500
319.954	32.500
320.133	89.500
320.311	138.500
320.490	119.500
320.668	89.500
320.847	64.500
321.025	97.500
321.204	121.500
321.382	54.500
321.561	46.500
321.740	54.500
321.918	90.500
322.097	97.500
322.275	66.500
322.454	52.500
322.632	76.500
322.811	66.500
322.989	66.500
323.168	75.500
323.346	79.500
323.525	52.500
323.703	50.500
323.882	83.500
324.060	112.500
324.239	98.500
324.418	102.500
324.596	94.500
324.775	82.500
324.953	78.500
325.132	76.500
325.310	116.500
325.489	131.500
325.667	130.500
325.846	120.500
326.024	94.500
326.203	86.500
326.381	74.500
326.560	100.500
326.738	88.500
326.917	48.500
327.096	75.500
327.274	108.500
327.453	105.500
327.631	72.500
327.810	71.500
327.988	62.500
328.167	87.500
328.345	79.500
328.524	52.500
328.702	46.500
328.881	76.500
329.059	77.500
329.238	65.500
329.416	101.500
329.595	100.500
329.774	86.500
329.952	113.500
330.131	120.500
330.309	84.500
330.488	104.500
330.666	110.500
330.845	126.500
331.023	130.500
331.202	100.500
331.380	77.500
331.559	95.500
331.737	75.500
331.916	52.500
332.094	96.500
332.273	120.500
332.452	69.500
332.630	94.500
332.809	118.500
332.987	108.500
333.166	88.500
333.344	45.500
333.523	29.500
333.701	56.500
333.880	84.500
334.058	111.500
334.237	108.500
334.415	93.500
334.594	133.500
334.772	118.500
334.951	108.500
335.129	92.500
335.308	80.500
335.487	77.500
335.665	109.500
335.844	124.500
336.022	110.500
336.201	95.500
336.379	98.500
336.558	71.500
336.736	86.500
336.915	103.500
337.093	93.500
337.272	91.500
337.450	81.500
337.629	80.500
337.807	118.500
337.986	113.500
338.165	154.500
338.343	161.500
338.522	153.500
338.700	114.500
338.879	69.500
339.057	73.500
339.236	108.500
339.414	144.500
339.593	118.500
339.771	76.500
339.950	96.500
340.128	89.500
340.307	129.500
340.485	129.500
340.664	82.500
340.843	95.500
341.021	94.500
341.200	121.500
341.378	136.500
341.557	115.500
341.735	118.500
341.914	92.500
342.092	76.500
342.271	80.500
342.449	87.500
342.628	95.500
342.806	95.500
342.985	114.500
343.163	118.500
343.342	110.500
343.521	103.500
343.699	106.500
343.878	69.500
344.056	100.500
344.235	82.500
344.413	65.500
344.592	63.500
344.770	84.500
344.949	117.500
345.127	88.500
345.306	73.500
345.484	74.500
345.663	69.500
345.841	73.500
346.020	76.500
346.199	110.500
346.377	96.500
346.556	82.500
346.734	80.500
346.913	53.500
347.091	69.500
347.270	105.500
347.448	118.500
347.627	87.500
347.805	106.500
347.984	122.500
348.162	98.500
348.341	113.500
348.519	139.500
348.698	126.500
348.876	86.500
349.055	92.500
349.234	130.500
349.412	128.500
349.591	110.500
349.769	98.500
349.948	106.500
350.126	118.500
350.305	130.500
350.483	108.500
350.662	126.500
350.840	90.500
351.019	62.500
351.197	60.500
351.376	131.500
351.554	154.500
351.733	148.500
351.912	116.500
352.090	118.500
352.269	140.500
352.447	163.500
352.626	121.500
352.804	97.500
352.983	105.500
353.161	83.500
353.340	127.500
353.518	128.500
353.697	122.500
353.875	119.500
354.054	85.500
354.232	100.500
354.411	135.500
354.590	162.500
354.768	147.500
354.947	111.500
355.125	109.500
355.304	157.500
355.482	149.500
355.661	123.500
355.839	104.500
356.018	104.500
356.196	116.500
356.375	136.500
356.553	124.500
356.732	109.500
356.910	119.500
357.089	101.500
357.268	126.500
357.446	138.500
357.625	101.500
357.803	98.500
357.982	110.500
358.160	117.500
358.339	123.500
358.517	116.500
358.696	113.500
358.874	109.500
359.053	81.500
359.231	72.500
359.410	66.500
359.588	113.500
359.767	129.500
359.945	133.500
360.124	132.500
360.303	127.500
360.481	119.500
360.660	64.500
360.838	58.500
361.017	102.500
361.195	80.500
361.374	88.500
361.552	108.500
361.731	143.500
361.909	147.500
362.088	145.500
362.266	128.500
362.445	149.500
362.623	133.500
362.802	108.500
362.981	124.500
363.159	138.500
363.338	120.500
363.516	126.500
363.695	123.500
363.873	131.500
364.052	117.500
364.230	120.500
364.409	141.500
364.587	135.500
364.766	86.500
364.944	81.500
365.123	87.500
365.301	108.500
365.480	154.500
365.660	166.500
365.839	164.500
366.019	119.500
366.199	125.500
366.379	137.500
366.558	123.500
366.738	108.500
366.918	102.500
367.098	110.500
367.277	147.500
367.457	134.500
367.637	110.500
367.816	79.500
367.996	127.500
368.176	170.500
368.356	145.500
368.535	128.500
368.715	147.500
368.895	148.500
369.075	113.500
369.254	114.500
369.434	160.500
369.614	151.500
369.793	145.500
369.973	138.500
370.153	109.500
370.333	139.500
370.512	124.500
370.692	88.500
370.872	98.500
371.051	116.500
371.231	135.500
371.411	144.500
371.591	88.500
371.770	81.500
371.950	96.500
372.130	138.500
372.310	172.500
372.489	174.500
372.669	138.500
372.849	131.500
373.028	128.500
373.208	112.500
373.388	110.500
373.568	114.500
373.747	107.500
373.927	110.500
374.107	133.500
374.287	174.500
374.466	148.500
374.646	74.500
374.826	110.500
375.005	129.500
375.185	116.500
375.365	140.500
375.545	140.500
375.724	153.500
375.904	163.500
376.084	136.500
376.263	138.500
376.443	125.500
376.623	140.500
376.803	120.500
376.982	121.500
377.162	112.500
377.342	113.500
377.522	125.500
377.701	160.500
377.881	164.500
378.061	160.500
378.240	132.500
378.420	123.500
378.600	108.500
378.780	122.500
378.959	132.500
379.139	115.500
379.319	159.500
379.499	193.500
379.678	155.500
379.858	171.500
380.038	203.500
380.217	135.500
380.397	98.500
380.577	119.500
380.757	166.500
380.936	187.500
381.116	181.500
381.296	171.500
381.476	179.500
381.655	152.500
381.835	141.500
382.015	154.500
382.194	149.500
382.374	124.500
382.554	168.500
382.734	189.500
382.913	147.500
383.093	106.500
383.273	165.500
383.452	155.500
383.632	170.500
383.812	173.500
383.992	129.500
384.171	88.500
384.351	101.500
384.531	91.500
384.711	86.500
384.890	134.500
385.070	112.500
385.250	134.500
385.429	119.500
385.609	75.500
385.789	117.500
385.969	133.500
386.148	103.500
386.328	141.500
386.508	138.500
386.688	112.500
386.867	106.500
387.047	101.500
387.227	102.500
387.406	82.500
387.586	102.500
387.766	139.500
387.946	138.500
388.125	150.500
388.305	157.500
388.485	152.500
388.664	89.500
388.844	93.500
389.024	129.500
389.204	91.500
389.383	76.500
389.563	116.500
389.743	134.500
389.923	119.500
390.102	101.500
390.282	117.500
390.462	76.500
390.641	66.500
390.821	108.500
391.001	83.500
391.181	75.500
391.360	127.500
391.540	117.500
391.720	151.500
391.900	143.500
392.079	105.500
392.259	103.500
392.439	99.500
392.618	110.500
392.798	114.500
392.978	140.500
393.158	139.500
393.337	189.500
393.517	209.500
393.697	151.500
393.877	154.500
394.056	144.500
394.236	147.500
394.416	134.500
394.595	116.500
394.775	189.500
394.955	207.500
395.135	169.500
395.314	156.500
395.494	140.500
395.674	171.500
395.853	190.500
396.033	177.500
396.213	177.500
396.393	164.500
396.572	171.500
396.752	158.500
396.932	201.500
397.112	178.500
397.291	155.500
397.471	126.500
397.651	150.500
397.830	164.500
398.010	169.500
398.190	200.500
398.370	186.500
398.549	173.500
398.729	189.500
398.909	223.500
399.089	196.500
399.268	193.500
399.448	226.500
399.628	216.500
399.807	176.500
399.987	198.500
400.167	206.500
400.347	234.500
400.526	225.500
400.706	221.500
400.886	166.500
401.065	188.500
401.245	186.500
401.425	198.500
401.605	228.500
401.784	243.500
401.964	238.500
402.144	192.500
402.324	237.500
402.503	250.500
402.683	259.500
402.863	215.500
403.042	170.500
403.222	205.500
403.402	238.500
403.582	232.500
403.761	216.500
403.941	250.500
404.121	289.500
404.301	331.500
404.480	297.500
404.660	294.500
404.844	286.500
405.029	260.500
405.213	292.500
405.398	317.500
405.582	321.500
405.767	317.500
405.951	303.500
406.136	331.500
406.320	354.500
406.505	375.500
406.689	427.500
406.874	445.500
407.058	479.500
407.243	476.500
407.427	502.500
407.612	531.500
407.796	569.500
407.981	624.500
408.165	659.500
408.350	679.500
408.534	714.500
408.719	761.500
408.903	782.500
409.088	768.500
409.272	792.500
409.457	840.500
409.641	897.500
409.826	955.500
410.010	996.500
410.195	1079.500
410.379	1202.500
410.564	1357.500
410.748	1426.500
410.933	1546.500
411.117	1633.500
411.302	1726.500
411.486	1822.500
411.671	1861.500
411.855	1932.500
412.040	2037.500
412.224	2164.500
412.409	2275.500
412.593	2392.500
412.778	2536.500
412.962	2588.500
413.147	2688.500
413.331	2924.500
413.516	3028.500
413.700	3040.500
413.885	3182.500
414.069	3376.500
414.254	3551.500
414.438	3598.500
414.623	3719.500
414.807	3862.500
414.992	3978.500
415.176	4170.500
415.361	4322.500
415.545	4370.500
415.730	4516.500
415.914	4818.500
416.099	4892.500
416.283	4959.500
416.468	5061.500
416.652	5123.500
416.837	5180.500
417.021	5333.500
417.206	5386.500
417.390	5491.500
417.575	5671.500
417.759	5700.500
417.944	5848.500
418.128	5995.500
418.313	6211.500
418.497	6295.500
418.682	6285.500
418.866	6370.500
419.051	6506.500
419.235	6664.500
419.420	6671.500
419.604	6702.500
419.789	6968.500
419.973	7164.500
420.158	7313.500
420.342	7425.500
420.527	7596.500
420.711	7817.500
420.896	7967.500
421.080	8057.500
421.265	8160.500
421.449	8053.500
421.634	8030.500
421.818	8081.500
422.003	8140.500
422.187	8075.500
422.372	8088.500
422.556	8128.500
422.741	8266.500
422.925	8407.500
423.110	8525.500
423.294	8714.500
423.479	8818.500
423.663	8940.500
423.848	9107.500
424.032	9094.500
424.217	9184.500
424.401	9241.500
424.586	9215.500
424.770	9246.500
424.955	9294.500
425.139	9346.500
425.324	9397.500
425.508	9477.500
425.693	9479.500
425.877	9529.500
426.062	9590.500
426.246	9674.500
426.431	9609.500
426.615	9487.500
426.800	9542.500
426.984	9564.500
427.169	9613.500
427.353	9800.500
427.538	9769.500
427.722	9719.500
427.907	9718.500
428.091	9755.500
428.276	9689.500
428.460	9704.500
428.645	9541.500
428.829	9418.500
429.014	9299.500
429.198	9129.500
429.383	8974.500
429.567	8747.500
429.752	8223.500
429.936	8090.500
430.121	8045.500
430.305	8104.500
430.490	8348.500
430.674	8782.500
430.859	9236.500
431.043	9527.500
431.228	9999.500
431.412	10245.500
431.597	10384.500
431.781	10463.500
431.966	10544.500
432.150	10772.500
432.335	11053.500
432.519	11199.500
432.704	11285.500
432.888	11225.500
433.073	11132.500
433.257	10971.500
433.442	10946.500
433.626	11004.500
433.811	11052.500
433.995	11073.500
434.180	11284.500
434.364	11570.500
434.549	11604.500
434.733	11653.500
434.918	11853.500
435.102	11983.500
435.287	12179.500
435.471	12362.500
435.656	12563.500
435.840	12662.500
436.030	12642.500
436.219	12636.500
436.409	12825.500
436.599	12638.500
436.789	12562.500
436.978	12643.500
437.168	12389.500
437.358	12251.500
437.548	12203.500
437.737	12012.500
437.927	12009.500
438.117	11875.500
438.306	11856.500
438.496	12039.500
438.686	12242.500
438.876	12417.500
439.065	12512.500
439.255	12617.500
439.445	12677.500
439.634	12885.500
439.824	12803.500
440.014	12901.500
440.204	13121.500
440.393	13221.500
440.583	13391.500
440.773	13536.500
440.963	13738.500
441.152	13821.500
441.342	13906.500
441.532	14061.500
441.721	14460.500
441.911	14610.500
442.101	14507.500
442.291	14712.500
442.480	14733.500
442.670	14760.500
442.860	14649.500
443.050	14607.500
443.239	14714.500
443.429	14931.500
443.619	15068.500
443.808	15289.500
443.998	15474.500
444.188	15580.500
444.378	15452.500
444.567	15514.500
444.757	15375.500
444.947	15399.500
445.137	15250.500
445.326	15086.500
445.516	15055.500
445.706	15150.500
445.895	15268.500
446.085	15474.500
446.275	15628.500
446.465	15888.500
446.654	15987.500
446.844	16109.500
447.034	16333.500
447.223	16373.500
447.413	16388.500
447.603	16596.500
447.793	16601.500
447.982	16686.500
448.172	16886.500
448.362	16913.500
448.552	16954.500
448.741	16922.500
448.931	16999.500
449.121	17121.500
449.310	17325.500
449.500	17383.500
449.690	17698.500
449.880	17861.500
450.069	18000.500
450.259	18099.500
450.449	18086.500
450.639	17991.500
450.828	18203.500
451.018	18265.500
451.208	18374.500
451.397	18220.500
451.587	18088.500
451.777	18070.500
451.967	17837.500
452.156	17624.500
452.346	17474.500
452.536	17317.500
452.725	17253.500
452.915	17143.500
453.105	17001.500
453.295	17080.500
453.484	17273.500
453.674	17568.500
453.864	17507.500
454.054	17522.500
454.243	17672.500
454.433	17593.500
454.623	17677.500
454.812	17563.500
455.002	17513.500
455.192	17633.500
455.382	17832.500
455.571	17751.500
455.761	17876.500
455.951	18076.500
456.141	18102.500
456.330	18262.500
456.520	18222.500
456.710	18236.500
456.899	18307.500
457.089	18238.500
457.279	18391.500
457.469	18335.500
457.658	18179.500
457.848	18156.500
458.038	17991.500
458.228	17978.500
458.417	17834.500
458.607	17936.500
458.797	17844.500
458.986	17853.500
459.176	17805.500
459.366	18051.500
459.556	18007.500
459.745	17886.500
459.935	17869.500
460.125	18071.500
460.314	18199.500
460.504	18336.500
460.694	18385.500
460.884	18425.500
461.073	18531.500
461.263	18560.500
461.453	18640.500
461.643	18640.500
461.832	18733.500
462.022	18785.500
462.212	18786.500
462.401	18785.500
462.591	18643.500
462.781	18760.500
462.971	18699.500
463.160	18565.500
463.350	18652.500
463.540	18725.500
463.730	18752.500
463.919	18583.500
464.109	18318.500
464.299	18362.500
464.488	18325.500
464.678	18243.500
464.868	18282.500
465.058	18209.500
465.247	18374.500
465.437	18454.500
465.627	18482.500
465.816	18521.500
466.006	18529.500
466.196	18446.500
466.386	18298.500
466.575	18176.500
466.765	18253.500
466.955	18099.500
467.145	18289.500
467.334	18303.500
467.524	18439.500
467.714	18814.500
467.903	18689.500
468.093	18545.500
468.283	18497.500
468.473	18683.500
468.662	18816.500
468.852	18878.500
469.042	18819.500
469.232	18836.500
469.421	18875.500
469.611	18871.500
469.801	18815.500
469.990	18784.500
470.180	18617.500
470.370	18684.500
470.560	18597.500
470.749	18635.500
470.939	18697.500
471.129	18859.500
471.318	19007.500
471.508	19189.500
471.698	19426.500
471.888	19541.500
472.077	19504.500
472.267	19593.500
472.457	19666.500
472.647	19706.500
472.836	19786.500
473.026	19690.500
473.216	19453.500
473.405	19685.500
473.595	19723.500
473.785	19866.500
473.975	19916.500
474.164	20134.500
474.354	20112.500
474.544	20099.500
474.734	20092.500
474.923	20097.500
475.113	20106.500
475.303	20042.500
475.492	20014.500
475.682	20021.500
475.872	19937.500
476.062	19931.500
476.251	19827.500
476.441	19774.500
476.631	19751.500
476.821	19940.500
477.010	20006.500
477.200	20084.500
477.390	20196.500
477.579	20349.500
477.769	20401.500
477.959	20420.500
478.149	20413.500
478.338	20482.500
478.528	20442.500
478.718	20385.500
478.907	20297.500
479.097	20375.500
479.287	20464.500
479.477	20550.500
479.666	20642.500
479.856	20568.500
480.046	20541.500
480.236	20571.500
480.425	20487.500
480.615	20485.500
480.805	20344.500
480.994	20518.500
481.184	20671.500
481.374	20648.500
481.564	20843.500
481.753	20880.500
481.943	20773.500
482.133	20683.500
482.323	20582.500
482.512	20544.500
482.702	20464.500
482.892	20332.500
483.081	20266.500
483.271	20141.500
483.461	20137.500
483.651	20009.500
483.840	19905.500
484.030	19829.500
484.220	19919.500
484.409	19847.500
484.599	19666.500
484.789	19707.500
484.979	19611.500
485.168	19505.500
485.358	19108.500
485.548	18530.500
485.738	18038.500
485.927	17424.500
486.117	17222.500
486.307	17140.500
486.496	17052.500
486.686	17127.500
486.876	17191.500
487.066	17395.500
487.255	17628.500
487.445	17932.500
487.635	18183.500
487.825	18359.500
488.014	18474.500
488.204	18437.500
488.394	18551.500
488.583	18719.500
488.773	18655.500
488.963	18723.500
489.153	18850.500
489.342	19058.500
489.532	19226.500
489.722	19335.500
489.912	19564.500
490.101	19763.500
490.291	19651.500
490.481	19406.500
490.670	19623.500
490.860	19818.500
491.050	19653.500
491.240	19475.500
491.429	19416.500
491.619	19126.500
491.809	18915.500
491.998	18736.500
492.188	18726.500
492.378	18874.500
492.568	19049.500
492.757	18953.500
492.947	19202.500
493.137	19311.500
493.327	19342.500
493.516	19419.500
493.706	19499.500
493.896	19577.500
494.085	19573.500
494.275	19733.500
494.465	19868.500
494.655	19909.500
494.844	19979.500
495.034	20066.500
495.224	20141.500
495.414	20077.500
495.603	19845.500
495.793	19863.500
495.983	19931.500
496.172	19964.500
496.362	20121.500
496.552	20195.500
496.742	20175.500
496.931	20178.500
497.121	20215.500
497.311	20192.500
497.500	20115.500
497.690	20043.500
497.880	19936.500
498.070	19819.500
498.259	19508.500
498.449	19428.500
498.639	19398.500
498.829	19464.500
499.018	19617.500
499.208	19715.500
499.398	19817.500
499.587	19998.500
499.777	19923.500
499.967	19791.500
500.157	19502.500
500.346	19403.500
500.536	19337.500
500.726	19291.500
500.916	19095.500
501.105	18942.500
501.295	18960.500
501.485	18907.500
501.674	18928.500
501.864	18860.500
502.054	18789.500
502.244	18954.500
502.433	19073.500
502.623	19227.500
502.813	19341.500
503.003	19450.500
503.192	19455.500
503.382	19382.500
503.572	19251.500
503.761	19174.500
503.951	19151.500
504.141	19105.500
504.331	19117.500
504.520	19158.500
504.710	19285.500
504.900	19386.500
505.089	19462.500
505.279	19543.500
505.469	19800.500
505.659	19781.500
505.848	19715.500
506.038	19732.500
506.228	19847.500
506.418	19910.500
506.607	19756.500
506.797	19574.500
506.987	19599.500
507.176	19407.500
507.366	19284.500
507.556	19155.500
507.746	19111.500
507.935	19109.500
508.125	19001.500
508.315	19162.500
508.505	19052.500
508.694	19192.500
508.884	19308.500
509.074	19344.500
509.263	19320.500
509.453	19424.500
509.643	19314.500
509.833	19204.500
510.022	18975.500
510.212	18795.500
510.402	18945.500
510.592	19053.500
510.781	18988.500
510.971	19112.500
511.161	19125.500
511.350	19265.500
511.540	19215.500
511.730	19286.500
511.920	19120.500
512.109	18957.500
512.299	18701.500
512.489	18492.500
512.678	18709.500
512.868	18599.500
513.058	18407.500
513.248	18350.500
513.437	18317.500
513.627	18318.500
513.817	18100.500
514.007	18089.500
514.196	18017.500
514.386	17879.500
514.576	17929.500
514.765	17954.500
514.955	17941.500
515.145	18116.500
515.335	18153.500
515.524	17963.500
515.714	17990.500
515.904	17763.500
516.094	17630.500
516.283	17405.500
516.473	16814.500
516.663	16478.500
516.852	16268.500
517.042	16207.500
517.232	16091.500
517.422	16096.500
517.611	16389.500
517.801	16447.500
517.991	16253.500
518.180	16259.500
518.370	16170.500
518.560	16144.500
518.750	16422.500
518.939	16535.500
519.129	16751.500
519.319	16984.500
519.509	17011.500
519.698	17273.500
519.888	17254.500
520.078	17415.500
520.267	17468.500
520.457	17242.500
520.647	17203.500
520.837	17369.500
521.026	17367.500
521.216	17623.500
521.406	17657.500
521.596	17623.500
521.785	17784.500
521.975	17702.500
522.165	17480.500
522.354	17645.500
522.544	17453.500
522.734	17459.500
522.924	17509.500
523.113	17399.500
523.303	17521.500
523.493	17661.500
523.683	17663.500
523.872	17860.500
524.062	17893.500
524.252	17987.500
524.441	18143.500
524.631	18115.500
524.821	17987.500
525.011	17995.500
525.200	18044.500
525.390	18030.500
525.580	17944.500
525.769	17778.500
525.959	17471.500
526.149	17415.500
526.339	17120.500
526.528	16758.500
526.718	16816.500
526.908	16808.500
527.098	16955.500
527.287	17007.500
527.477	17038.500
527.667	17124.500
527.856	17333.500
528.046	17387.500
528.236	17602.500
528.426	17779.500
528.615	17948.500
528.805	17959.500
528.995	18098.500
529.185	18027.500
529.374	18258.500
529.564	18059.500
529.754	17983.500
529.943	18123.500
530.133	18072.500
530.323	18253.500
530.513	18336.500
530.702	18204.500
530.892	18368.500
531.082	18165.500
531.271	18039.500
531.461	18007.500
531.651	17811.500
531.841	17642.500
532.030	17403.500
532.220	17146.500
532.410	17059.500
532.600	17005.500
532.789	16899.500
532.979	16772.500
533.169	16807.500
533.358	16836.500
533.548	16872.500
533.738	16861.500
533.928	16749.500
534.117	16790.500
534.307	16814.500
534.497	16938.500
534.687	17060.500
534.876	17101.500
535.066	16909.500
535.256	17028.500
535.445	17042.500
535.635	16973.500
535.825	16967.500
536.015	16776.500
536.204	16684.500
536.394	16413.500
536.584	16182.500
536.773	16220.500
536.963	16247.500
537.153	16323.500
537.343	16313.500
537.532	16345.500
537.722	16450.500
537.912	16310.500
538.102	16339.500
538.291	16271.500
538.481	16146.500
538.671	16043.500
538.860	16081.500
539.050	15959.500
539.240	15855.500
539.430	15725.500
539.619	15801.500
539.809	15761.500
539.999	15416.500
540.189	15306.500
540.378	15358.500
540.568	15464.500
540.758	15494.500
540.947	15542.500
541.137	15577.500
541.327	15691.500
541.517	15786.500
541.706	15782.500
541.896	15710.500
542.086	15632.500
542.276	15642.500
542.465	15587.500
542.655	15715.500
542.845	15806.500
543.034	15741.500
543.224	15531.500
543.414	15662.500
543.604	15674.500
543.793	15591.500
543.983	15624.500
544.173	15583.500
544.362	15643.500
544.552	15608.500
544.742	15685.500
544.932	15710.500
545.121	15724.500
545.311	15551.500
545.501	15532.500
545.691	15591.500
545.880	15838.500
546.070	15800.500
546.264	15769.500
546.459	15600.500
546.653	15580.500
546.847	15408.500
547.041	15281.500
547.236	15257.500
547.430	15267.500
547.624	15121.500
547.818	15199.500
548.013	15319.500
548.207	15236.500
548.401	15222.500
548.596	15261.500
548.790	15286.500
548.984	15378.500
549.178	15367.500
549.373	15260.500
549.567	15272.500
549.761	15257.500
549.956	15125.500
550.150	15131.500
550.344	15123.500
550.538	15257.500
550.733	15376.500
550.927	15366.500
551.121	15321.500
551.315	15216.500
551.510	15174.500
551.704	15239.500
551.898	15168.500
552.093	15000.500
552.287	14947.500
552.481	15078.500
552.675	15039.500
552.870	15056.500
553.064	15124.500
553.258	15009.500
553.453	14973.500
553.647	15141.500
553.841	15185.500
554.035	15146.500
554.230	15171.500
554.424	15199.500
554.618	15219.500
554.812	15093.500
555.007	15022.500
555.201	14962.500
555.395	14903.500
555.590	14923.500
555.784	14892.500
555.978	14872.500
556.172	14848.500
556.367	14715.500
556.561	14473.500
556.755	14465.500
556.949	14624.500
557.144	14730.500
557.338	14539.500
557.532	14558.500
557.727	14549.500
557.921	14541.500
558.115	14280.500
558.309	14309.500
558.504	14386.500
558.698	14316.500
558.892	14225.500
559.087	14220.500
559.281	14341.500
559.475	14374.500
559.669	14370.500
559.864	14402.500
560.058	14473.500
560.252	14575.500
560.446	14505.500
560.641	14552.500
560.835	14653.500
561.029	14691.500
561.224	14595.500
561.418	14513.500
561.612	14479.500
561.806	14460.500
562.001	14339.500
562.195	14488.500
562.389	14517.500
562.584	14689.500
562.778	14707.500
562.972	14523.500
563.166	14657.500
563.361	14556.500
563.555	14557.500
563.749	14635.500
563.943	14549.500
564.138	14484.500
564.332	14455.500
564.526	14491.500
564.721	14394.500
564.915	14352.500
565.109	14445.500
565.303	14446.500
565.498	14309.500
565.692	14216.500
565.886	14091.500
566.081	14139.500
566.275	14268.500
566.469	14205.500
566.663	14187.500
566.858	14229.500
567.052	14209.500
567.246	14201.500
567.440	14223.500
567.635	14214.500
567.829	14151.500
568.023	14139.500
568.218	14063.500
568.412	13872.500
568.606	13757.500
568.800	13805.500
568.995	13753.500
569.189	13825.500
569.383	13819.500
569.577	13780.500
569.772	13761.500
569.966	13700.500
570.160	13610.500
570.355	13639.500
570.549	13619.500
570.743	13483.500
570.937	13572.500
571.132	13683.500
571.326	13652.500
571.520	13622.500
571.715	13677.500
571.909	13763.500
572.103	13787.500
572.297	13808.500
572.492	13873.500
572.686	13863.500
572.880	13793.500
573.074	13940.500
573.269	13862.500
573.463	13684.500
573.657	13756.500
573.852	13714.500
574.046	13708.500
574.240	13653.500
574.434	13626.500
574.629	13618.500
574.823	13465.500
575.017	13530.500
575.212	13516.500
575.406	13364.500
575.600	13304.500
575.794	13294.500
575.989	13259.500
576.183	13269.500
576.377	13315.500
576.571	13275.500
576.766	13285.500
576.960	13204.500
577.159	13123.500
577.357	13028.500
577.556	13005.500
577.755	12915.500
577.953	12920.500
578.152	12962.500
578.350	12880.500
578.549	12764.500
578.748	12777.500
578.946	12953.500
579.145	12976.500
579.344	12954.500
579.542	12851.500
579.741	12908.500
579.940	13048.500
580.138	13172.500
580.337	13253.500
580.535	13304.500
580.734	13472.500
580.933	13408.500
581.131	13408.500
581.330	13410.500
581.529	13485.500
581.727	13656.500
581.926	13726.500
582.125	13795.500
582.323	13695.500
582.522	13850.500
582.721	13957.500
582.919	13978.500
583.118	13997.500
583.316	13998.500
583.515	14117.500
583.714	14305.500
583.912	14435.500
584.111	14310.500
584.310	14223.500
584.508	14113.500
584.707	14077.500
584.906	14001.500
585.104	13845.500
585.303	13803.500
585.501	13885.500
585.700	14004.500
585.899	14114.500
586.097	14166.500
586.296	14119.500
586.495	14039.500
586.693	13989.500
586.892	14082.500
587.091	13972.500
587.289	13761.500
587.488	13865.500
587.686	13673.500
587.885	13443.500
588.084	13342.500
588.282	13094.500
588.481	12791.500
588.680	12560.500
588.878	12474.500
589.077	12522.500
589.276	12456.500
589.474	12430.500
589.673	12616.500
589.871	12638.500
590.070	12653.500
590.269	12821.500
590.467	12988.500
590.666	12982.500
590.865	12785.500
591.063	12949.500
591.262	13080.500
591.461	13073.500
591.659	13007.500
591.858	12976.500
592.056	12939.500
592.255	12937.500
592.454	12981.500
592.652	13123.500
592.851	13194.500
593.050	13171.500
593.248	13063.500
593.447	13119.500
593.646	13125.500
593.844	13146.500
594.043	13070.500
594.241	13018.500
594.440	13080.500
594.639	13036.500
594.837	12978.500
595.036	13057.500
595.235	12952.500
595.433	13159.500
595.632	13192.500
595.831	13122.500
596.029	13213.500
596.228	13259.500
596.427	13263.500
596.625	13263.500
596.824	13203.500
597.022	13216.500
597.221	13068.500
597.420	13150.500
597.618	13139.500
597.817	13119.500
598.016	13142.500
598.214	13109.500
598.413	13075.500
598.612	13148.500
598.810	13045.500
599.009	13166.500
599.207	13138.500
599.406	13087.500
599.605	13160.500
599.803	13081.500
600.002	13096.500
600.201	13123.500
600.399	13039.500
600.598	12957.500
600.797	12917.500
600.995	13026.500
601.194	13027.500
601.392	12934.500
601.591	12934.500
601.790	13030.500
601.988	12976.500
602.187	12895.500
602.386	12976.500
602.584	13040.500
602.783	13003.500
602.982	13057.500
603.180	13098.500
603.379	13208.500
603.577	13206.500
603.776	13215.500
603.975	13195.500
604.173	13262.500
604.372	13124.500
604.571	13143.500
604.769	13222.500
604.968	13147.500
605.167	13064.500
605.365	13371.500
605.564	13376.500
605.762	13287.500
605.961	13324.500
606.160	13203.500
606.358	13196.500
606.557	13351.500
606.756	13294.500
606.954	13327.500
607.153	13194.500
607.352	13162.500
607.550	13320.500
607.749	13218.500
607.948	13056.500
608.146	12904.500
608.345	12874.500
608.543	13051.500
608.742	13061.500
608.941	13025.500
609.139	13072.500
609.338	13110.500
609.537	13104.500
609.735	12919.500
609.934	12856.500
610.133	12859.500
610.331	12753.500
610.530	12900.500
610.728	12989.500
610.927	12960.500
611.126	12863.500
611.324	12884.500
611.523	12797.500
611.722	12815.500
611.920	12903.500
612.119	12853.500
612.318	12830.500
612.516	12705.500
612.715	12714.500
612.913	12866.500
613.112	12838.500
613.311	12567.500
613.509	12432.500
613.708	12566.500
613.907	12567.500
614.105	12559.500
614.304	12560.500
614.503	12574.500
614.701	12635.500
614.900	12592.500
615.098	12564.500
615.297	12552.500
615.496	12453.500
615.694	12439.500
615.893	12256.500
616.092	12293.500
616.290	12355.500
616.489	12431.500
616.688	12388.500
616.886	12316.500
617.085	12284.500
617.283	12350.500
617.482	12440.500
617.681	12390.500
617.879	12457.500
618.078	12477.500
618.277	12434.500
618.475	12412.500
618.674	12446.500
618.873	12412.500
619.071	12491.500
619.270	12477.500
619.468	12474.500
619.667	12451.500
619.866	12471.500
620.064	12579.500
620.263	12553.500
620.462	12536.500
620.660	12510.500
620.859	12482.500
621.058	12499.500
621.256	12399.500
621.455	12363.500
621.654	12308.500
621.852	12250.500
622.051	12320.500
622.249	12392.500
622.448	12367.500
622.647	12123.500
622.845	12008.500
623.044	12128.500
623.243	12169.500
623.441	12063.500
623.640	12158.500
623.839	11997.500
624.037	12029.500
624.236	12030.500
624.434	12051.500
624.633	11851.500
624.832	11784.500
625.030	11788.500
625.229	11714.500
625.428	11800.500
625.626	11895.500
625.825	11884.500
626.024	11729.500
626.222	11837.500
626.421	11841.500
626.619	11902.500
626.818	11822.500
627.017	11815.500
627.215	11787.500
627.414	11764.500
627.613	11742.500
627.811	11663.500
628.010	11613.500
628.209	11545.500
628.407	11514.500
628.606	11662.500
628.804	11707.500
629.003	11692.500
629.202	11641.500
629.400	11565.500
629.599	11598.500
629.798	11630.500
629.996	11580.500
630.195	11563.500
630.394	11484.500
630.592	11500.500
630.791	11508.500
630.990	11541.500
631.188	11498.500
631.387	11372.500
631.585	11345.500
631.784	11534.500
631.983	11493.500
632.181	11628.500
632.380	11768.500
632.579	11538.500
632.777	11641.500
632.976	11688.500
633.175	11572.500
633.373	11516.500
633.572	11485.500
633.770	11515.500
633.969	11716.500
634.168	11729.500
634.366	11770.500
634.565	11813.500
634.764	11757.500
634.962	11702.500
635.161	11712.500
635.360	11664.500
635.558	11654.500
635.757	11592.500
635.955	11539.500
636.154	11598.500
636.353	11580.500
636.551	11625.500
636.750	11673.500
636.949	11695.500
637.147	11676.500
637.346	11630.500
637.545	11735.500
637.743	11692.500
637.942	11580.500
638.140	11666.500
638.339	11655.500
638.538	11714.500
638.736	11827.500
638.935	11766.500
639.134	11595.500
639.332	11555.500
639.531	11719.500
639.730	11696.500
639.928	11527.500
640.127	11564.500
640.325	11517.500
640.524	11485.500
640.723	11603.500
640.921	11525.500
641.120	11579.500
641.319	11563.500
641.517	11482.500
641.716	11626.500
641.915	11573.500
642.113	11432.500
642.312	11583.500
642.510	11681.500
642.709	11642.500
642.908	11497.500
643.106	11417.500
643.305	11543.500
643.504	11588.500
643.702	11593.500
643.901	11587.500
644.100	11454.500
644.298	11509.500
644.497	11657.500
644.696	11593.500
644.894	11651.500
645.093	11630.500
645.291	11604.500
645.490	11496.500
645.689	11412.500
645.887	11344.500
646.086	11429.500
646.285	11428.500
646.483	11334.500
646.682	11216.500
646.881	11238.500
647.079	11230.500
647.278	11318.500
647.476	11246.500
647.675	11235.500
647.874	11199.500
648.072	11230.500
648.271	11192.500
648.470	11146.500
648.668	11230.500
648.867	11174.500
649.066	11021.500
649.264	10920.500
649.463	11075.500
649.661	11069.500
649.860	11053.500
650.059	11073.500
650.257	11199.500
650.456	11324.500
650.655	11365.500
650.853	11449.500
651.052	11328.500
651.251	11215.500
651.449	11178.500
651.648	11263.500
651.846	11293.500
652.045	11276.500
652.244	11355.500
652.442	11419.500
652.641	11474.500
652.840	11512.500
653.038	11465.500
653.237	11446.500
653.436	11584.500
653.634	11430.500
653.833	11427.500
654.032	11489.500
654.230	11337.500
654.429	11242.500
654.627	11209.500
654.826	11216.500
655.025	11116.500
655.223	10945.500
655.422	10726.500
655.621	10380.500
655.819	10212.500
656.018	10126.500
656.217	10132.500
656.415	10138.500
656.614	10170.500
656.812	10322.500
657.011	10404.500
657.210	10363.500
657.408	10567.500
657.607	10800.500
657.806	10837.500
658.004	10859.500
658.203	10940.500
658.402	11029.500
658.600	11232.500
658.799	11286.500
658.997	11315.500
659.196	11365.500
659.395	11245.500
659.593	11331.500
659.792	11402.500
659.991	11415.500
660.189	11403.500
660.388	11333.500
660.587	11442.500
660.785	11446.500
660.984	11284.500
661.182	11563.500
661.381	11584.500
661.580	11545.500
661.778	11682.500
661.977	11588.500
662.176	11584.500
662.374	11579.500
662.573	11593.500
662.772	11602.500
662.970	11546.500
663.169	11452.500
663.367	11350.500
663.566	11451.500
663.765	11475.500
663.963	11477.500
664.162	11506.500
664.361	11461.500
664.559	11474.500
664.758	11546.500
664.957	11704.500
665.155	11618.500
665.354	11533.500
665.552	11437.500
665.751	11423.500
665.950	11471.500
666.148	11347.500
666.347	11377.500
666.546	11539.500
666.744	11631.500
666.943	11526.500
667.142	11357.500
667.340	11325.500
667.539	11267.500
667.738	11362.500
667.936	11462.500
668.135	11501.500
668.333	11379.500
668.532	11266.500
668.731	11376.500
668.929	11344.500
669.128	11386.500
669.327	11313.500
669.525	11243.500
669.724	11179.500
669.923	11224.500
670.121	11289.500
670.320	11341.500
670.518	11446.500
670.717	11276.500
670.916	11202.500
671.114	11285.500
671.313	11215.500
671.512	11278.500
671.710	11126.500
671.909	11065.500
672.108	11114.500
672.306	11202.500
672.505	11187.500
672.703	11158.500
672.902	11154.500
673.101	11078.500
673.299	11071.500
673.498	11005.500
673.697	10974.500
673.895	11107.500
674.094	11087.500
674.293	11040.500
674.491	11011.500
674.690	10987.500
674.888	11054.500
675.087	11058.500
675.286	10960.500
675.484	10882.500
675.683	10878.500
675.882	10930.500
676.080	10897.500
676.279	10834.500
676.478	10852.500
676.676	11020.500
676.875	10870.500
677.073	10803.500
677.272	10940.500
677.471	10950.500
677.669	10907.500
677.868	10901.500
678.067	10893.500
678.265	10798.500
678.464	10759.500
678.663	10724.500
678.861	10856.500
679.060	10819.500
679.259	10800.500
679.457	10731.500
679.656	10718.500
679.854	10726.500
680.053	10740.500
680.252	10588.500
680.450	10730.500
680.649	10637.500
680.848	10720.500
681.046	10729.500
681.245	10618.500
681.444	10639.500
681.642	10697.500
681.841	10646.500
682.039	10541.500
682.238	10696.500
682.437	10658.500
682.635	10611.500
682.834	10530.500
683.033	10518.500
683.231	10391.500
683.430	10392.500
683.629	10370.500
683.827	10406.500
684.026	10470.500
684.224	10363.500
684.423	10306.500
684.622	10297.500
684.820	10225.500
685.019	10258.500
685.218	10226.500
685.416	10095.500
685.615	9959.500
685.814	9723.500
686.012	9470.500
686.211	9204.500
686.409	8920.500
686.608	8702.500
686.807	8578.500
687.005	8532.500
687.204	8534.500
687.403	8608.500
687.601	8653.500
687.800	8579.500
687.999	8593.500
688.197	8565.500
688.396	8555.500
688.594	8524.500
688.793	8477.500
688.992	8529.500
689.190	8604.500
689.389	8672.500
689.588	8807.500
689.786	8997.500
689.985	8931.500
690.184	8891.500
690.382	8973.500
690.581	8993.500
690.779	9133.500
690.978	9225.500
691.177	9136.500
691.375	9061.500
691.574	9198.500
691.773	9320.500
691.971	9227.500
692.170	9174.500
692.369	9175.500
692.567	9153.500
692.766	9143.500
692.965	9150.500
693.163	9081.500
693.362	9131.500
693.560	9189.500
693.759	9122.500
693.958	9023.500
694.156	9057.500
694.355	9001.500
694.554	9091.500
694.752	9053.500
694.951	9062.500
695.150	9110.500
695.348	9082.500
695.547	9147.500
695.745	9282.500
695.944	9389.500
696.143	9303.500
696.341	9376.500
696.540	9463.500
696.743	9341.500
696.946	9311.500
697.149	9342.500
697.352	9319.500
697.555	9317.500
697.757	9426.500
697.960	9436.500
698.163	9410.500
698.366	9167.500
698.569	9040.500
698.772	9157.500
698.975	9066.500
699.178	9116.500
699.381	9221.500
699.584	9296.500
699.787	9128.500
699.989	8978.500
700.192	9070.500
700.395	9004.500
700.598	8939.500
700.801	8906.500
701.004	8832.500
701.207	8945.500
701.410	8957.500
701.613	8917.500
701.816	9066.500
702.019	8952.500
702.221	8905.500
702.424	9006.500
702.627	9057.500
702.830	9065.500
703.033	9038.500
703.236	9048.500
703.439	9130.500
703.642	9096.500
703.845	9102.500
704.048	9208.500
704.251	9200.500
704.453	9092.500
704.656	9045.500
704.859	9181.500
705.062	9098.500
705.265	9037.500
705.468	9126.500
705.671	9106.500
705.874	9191.500
706.077	9156.500
706.280	9168.500
706.483	9146.500
706.685	9029.500
706.888	9068.500
707.091	9209.500
707.294	9184.500
707.497	9191.500
707.700	9091.500
707.903	9074.500
708.106	9129.500
708.309	9103.500
708.512	9145.500
708.715	9112.500
708.917	9137.500
709.120	9184.500
709.323	9159.500
709.526	9114.500
709.729	9150.500
709.932	9134.500
710.135	9046.500
710.338	9029.500
710.541	9074.500
710.744	9088.500
710.947	9052.500
711.149	9039.500
711.352	8944.500
711.555	8942.500
711.758	8993.500
711.961	8993.500
712.164	8858.500
712.367	8838.500
712.570	8813.500
712.773	8858.500
712.976	8879.500
713.179	8903.500
713.381	8803.500
713.584	8765.500
713.787	8662.500
713.990	8731.500
714.193	8671.500
714.396	8579.500
714.599	8654.500
714.802	8613.500
715.005	8668.500
715.208	8616.500
715.411	8453.500
715.613	8218.500
715.816	8064.500
716.019	7925.500
716.222	7759.500
716.425	7551.500
716.628	7381.500
716.831	7368.500
717.034	7129.500
717.237	7068.500
717.440	7000.500
717.643	6839.500
717.845	6703.500
718.048	6529.500
718.251	6388.500
718.454	6360.500
718.657	6449.500
718.860	6417.500
719.063	6338.500
719.266	6377.500
719.469	6266.500
719.672	6201.500
719.875	6366.500
720.077	6488.500
720.280	6659.500
720.483	6815.500
720.686	6856.500
720.889	6944.500
721.092	7101.500
721.295	7211.500
721.498	7246.500
721.701	7189.500
721.904	7296.500
722.107	7268.500
722.309	6987.500
722.512	6938.500
722.715	6975.500
722.918	6900.500
723.121	6789.500
723.324	6771.500
723.527	6728.500
723.730	6658.500
723.933	6648.500
724.136	6528.500
724.339	6569.500
724.541	6691.500
724.744	6610.500
724.947	6561.500
725.150	6496.500
725.353	6534.500
725.556	6526.500
725.759	6418.500
725.962	6346.500
726.165	6463.500
726.368	6446.500
726.571	6406.500
726.773	6415.500
726.976	6497.500
727.179	6445.500
727.382	6386.500
727.585	6451.500
727.788	6428.500
727.991	6433.500
728.194	6301.500
728.397	6298.500
728.600	6335.500
728.803	6424.500
729.005	6388.500
729.208	6376.500
729.411	6377.500
729.614	6381.500
729.817	6387.500
730.020	6395.500
730.223	6317.500
730.426	6370.500
730.629	6362.500
730.832	6450.500
731.035	6530.500
731.237	6506.500
731.440	6508.500
731.643	6528.500
731.846	6594.500
732.049	6701.500
732.252	6776.500
732.455	6806.500
732.658	6898.500
732.861	6933.500
733.064	6889.500
733.267	6895.500
733.469	7035.500
733.672	7007.500
733.875	6944.500
734.078	6836.500
734.281	6976.500
734.484	7015.500
734.687	6917.500
734.890	6875.500
735.093	6934.500
735.296	6919.500
735.499	6910.500
735.701	6914.500
735.904	6876.500
736.107	6877.500
736.310	6837.500
736.513	6952.500
736.716	6962.500
736.919	7006.500
737.122	6922.500
737.325	6745.500
737.528	6707.500
737.731	6746.500
737.933	6714.500
738.136	6729.500
738.339	6755.500
738.542	6746.500
738.745	6795.500
738.948	6874.500
739.151	6819.500
739.354	6889.500
739.557	6745.500
739.760	6654.500
739.963	6693.500
740.165	6662.500
740.368	6754.500
740.571	6781.500
740.774	6798.500
740.977	6818.500
741.180	6823.500
741.383	6763.500
741.586	6832.500
741.789	6703.500
741.992	6668.500
742.195	6777.500
742.397	6790.500
742.600	6746.500
742.803	6792.500
743.006	6765.500
743.209	6712.500
743.412	6655.500
743.615	6575.500
743.818	6622.500
744.021	6612.500
744.224	6525.500
744.427	6479.500
744.629	6527.500
744.832	6583.500
745.035	6559.500
745.238	6370.500
745.441	6451.500
745.644	6613.500
745.847	6570.500
746.050	6522.500
746.253	6496.500
746.456	6497.500
746.659	6474.500
746.861	6469.500
747.064	6565.500
747.267	6571.500
747.470	6553.500
747.673	6522.500
747.876	6431.500
748.079	6445.500
748.282	6454.500
748.485	6388.500
748.688	6336.500
748.891	6390.500
749.093	6405.500
749.296	6342.500
749.499	6292.500
749.702	6285.500
749.905	6242.500
750.108	6230.500
750.311	6270.500
750.514	6214.500
750.717	6214.500
750.920	6236.500
751.123	6200.500
751.325	6158.500
751.528	6174.500
751.731	6111.500
751.934	6020.500
752.137	6070.500
752.340	6089.500
752.543	6163.500
752.746	6143.500
752.949	6216.500
753.152	6162.500
753.355	6075.500
753.557	6046.500
753.760	6064.500
753.963	6073.500
754.166	6121.500
754.369	6111.500
754.572	6037.500
754.775	6026.500
754.978	6007.500
755.181	5983.500
755.384	5925.500
755.587	5898.500
755.789	5812.500
755.992	5842.500
756.195	5851.500
756.398	5854.500
756.601	5973.500
756.804	5975.500
757.007	5887.500
757.210	5880.500
757.413	5793.500
757.616	5752.500
757.819	5718.500
758.021	5557.500
758.224	5267.500
758.427	4935.500
758.630	4616.500
758.833	4270.500
759.036	3843.500
759.239	3450.500
759.442	3142.500
759.645	2905.500
759.848	2727.500
760.051	2644.500
760.253	2709.500
760.456	2698.500
760.659	2755.500
760.862	2769.500
761.065	2790.500
761.268	2759.500
761.471	2668.500
761.674	2592.500
761.877	2556.500
762.080	2553.500
762.283	2559.500
762.485	2624.500
762.688	2734.500
762.891	2767.500
763.094	2743.500
763.297	2818.500
763.500	2953.500
763.706	2928.500
763.912	3035.500
764.118	3176.500
764.325	3279.500
764.531	3329.500
764.737	3459.500
764.943	3534.500
765.149	3616.500
765.355	3679.500
765.561	3809.500
765.768	3961.500
765.974	4182.500
766.180	4286.500
766.386	4375.500
766.592	4398.500
766.798	4486.500
767.004	4569.500
767.210	4580.500
767.417	4728.500
767.623	4772.500
767.829	4767.500
768.035	4783.500
768.241	4835.500
768.447	4944.500
768.653	4919.500
768.860	4964.500
769.066	5066.500
769.272	5143.500
769.478	5134.500
769.684	5127.500
769.890	5041.500
770.096	5046.500
770.303	5038.500
770.509	5046.500
770.715	5082.500
770.921	5136.500
771.127	5105.500
771.333	5112.500
771.539	5200.500
771.745	5180.500
771.952	5125.500
772.158	5072.500
772.364	5065.500
772.570	5099.500
772.776	5080.500
772.982	5018.500
773.188	4992.500
773.395	5051.500
773.601	4957.500
773.807	4885.500
774.013	4950.500
774.219	5017.500
774.425	4991.500
774.631	4914.500
774.838	4941.500
775.044	4916.500
775.250	4857.500
775.456	4923.500
775.662	5062.500
775.868	4995.500
776.074	4881.500
776.281	4841.500
776.487	4799.500
776.693	4829.500
776.899	4915.500
777.105	4834.500
777.311	4919.500
777.517	4870.500
777.723	4818.500
777.930	4788.500
778.136	4809.500
778.342	4881.500
778.548	4836.500
778.754	4781.500
778.960	4756.500
779.166	4691.500
779.373	4770.500
779.579	4791.500
779.785	4808.500
779.991	4793.500
780.197	4766.500
780.403	4699.500
780.609	4636.500
780.816	4711.500
781.022	4763.500
781.228	4764.500
781.434	4624.500
781.640	4539.500
781.846	4610.500
782.052	4603.500
782.259	4569.500
782.465	4586.500
782.671	4558.500
782.877	4628.500
783.083	4525.500
783.289	4550.500
783.495	4493.500
783.701	4514.500
783.908	4495.500
784.114	4496.500
784.320	4557.500
784.526	4532.500
784.732	4439.500
784.938	4359.500
785.144	4417.500
785.351	4391.500
785.557	4415.500
785.763	4363.500
785.969	4416.500
786.175	4451.500
786.381	4430.500
786.587	4442.500
786.794	4462.500
787.000	4377.500
787.206	4249.500
787.412	4286.500
787.618	4238.500
787.824	4255.500
788.030	4308.500
788.236	4345.500
788.443	4204.500
788.649	4160.500
788.855	4130.500
789.061	4090.500
789.267	4168.500
789.473	4110.500
789.679	4034.500
789.886	3961.500
790.092	4044.500
790.298	4150.500
790.504	4085.500
790.710	3974.500
790.916	3985.500
791.122	3883.500
791.329	3901.500
791.535	3991.500
791.741	3946.500
791.947	4044.500
792.153	4009.500
792.359	3931.500
792.565	3914.500
792.771	3819.500
792.978	3794.500
793.184	3861.500
793.390	3782.500
793.596	3848.500
793.802	3845.500
794.008	3784.500
794.214	3884.500
794.421	3918.500
794.627	3898.500
794.833	3826.500
795.039	3803.500
795.245	3822.500
795.451	3798.500
795.657	3762.500
795.864	3758.500
796.070	3755.500
796.276	3746.500
796.482	3814.500
796.688	3794.500
796.894	3752.500
797.100	3686.500
797.307	3739.500
797.513	3806.500
797.719	3826.500
797.925	3792.500
798.131	3755.500
798.337	3768.500
798.543	3656.500
798.749	3608.500
798.956	3655.500
799.162	3644.500
799.368	3639.500
799.574	3621.500
799.780	3565.500
799.986	3499.500
800.192	3536.500
800.399	3528.500
800.605	3580.500
800.811	3619.500
801.017	3552.500
801.223	3449.500
801.429	3514.500
801.635	3480.500
801.842	3501.500
802.048	3552.500
802.254	3550.500
802.460	3591.500
802.666	3535.500
802.872	3463.500
803.078	3439.500
803.285	3484.500
803.491	3446.500
803.697	3367.500
803.903	3373.500
804.109	3403.500
804.315	3394.500
804.521	3390.500
804.727	3428.500
804.934	3377.500
805.140	3347.500
805.346	3381.500
805.552	3412.500
805.758	3413.500
805.964	3454.500
806.170	3414.500
806.377	3451.500
806.583	3457.500
806.789	3414.500
806.995	3474.500
807.201	3394.500
807.407	3318.500
807.613	3358.500
807.820	3284.500
808.026	3238.500
808.232	3279.500
808.438	3296.500
808.644	3260.500
808.850	3212.500
809.056	3195.500
809.262	3246.500
809.469	3271.500
809.675	3202.500
809.881	3166.500
810.087	3184.500
810.293	3162.500
810.499	3103.500
810.705	3107.500
810.912	3133.500
811.118	3067.500
811.324	2948.500
811.530	3011.500
811.739	2936.500
811.947	2848.500
812.156	2952.500
812.365	2934.500
812.573	2859.500
812.782	2868.500
812.990	2781.500
813.199	2804.500
813.408	2722.500
813.616	2568.500
813.825	2633.500
814.034	2697.500
814.242	2620.500
814.451	2540.500
814.659	2516.500
814.868	2495.500
815.077	2435.500
815.285	2360.500
815.494	2321.500
815.703	2344.500
815.911	2382.500
816.120	2405.500
816.329	2377.500
816.537	2350.500
816.746	2300.500
816.954	2258.500
817.163	2279.500
817.372	2269.500
817.580	2290.500
817.789	2345.500
817.998	2287.500
818.206	2232.500
818.415	2272.500
818.624	2285.500
818.832	2282.500
819.041	2319.500
819.249	2374.500
819.458	2424.500
819.667	2400.500
819.875	2441.500
820.084	2467.500
820.293	2450.500
820.501	2472.500
820.710	2501.500
820.919	2461.500
821.127	2367.500
821.336	2338.500
821.544	2241.500
821.753	2144.500
821.962	2118.500
822.170	2222.500
822.379	2230.500
822.588	2139.500
822.796	2206.500
823.005	2304.500
823.213	2291.500
823.422	2297.500
823.631	2297.500
823.839	2279.500
824.048	2283.500
824.257	2293.500
824.465	2298.500
824.674	2333.500
824.883	2271.500
825.091	2305.500
825.300	2370.500
825.508	2349.500
825.717	2420.500
825.926	2488.500
826.134	2459.500
826.343	2411.500
826.552	2316.500
826.760	2284.500
826.969	2341.500
827.178	2321.500
827.386	2251.500
827.595	2259.500
827.803	2277.500
828.012	2266.500
828.221	2257.500
828.429	2292.500
828.638	2274.500
828.847	2248.500
829.055	2237.500
829.264	2218.500
829.472	2216.500
829.681	2239.500
829.890	2218.500
830.098	2199.500
830.307	2202.500
830.516	2230.500
830.724	2236.500
830.933	2204.500
831.142	2196.500
831.350	2174.500
831.559	2161.500
831.767	2186.500
831.976	2239.500
832.185	2214.500
832.393	2177.500
832.602	2185.500
832.811	2198.500
833.019	2252.500
833.228	2162.500
833.437	2153.500
833.645	2231.500
833.854	2227.500
834.062	2150.500
834.271	2225.500
834.480	2268.500
834.688	2239.500
834.897	2269.500
835.106	2259.500
835.314	2194.500
835.523	2172.500
835.731	2229.500
835.940	2263.500
836.149	2276.500
836.357	2226.500
836.566	2233.500
836.775	2290.500
836.983	2222.500
837.192	2193.500
837.401	2205.500
837.609	2251.500
837.818	2308.500
838.026	2317.500
838.235	2290.500
838.444	2275.500
838.652	2314.500
838.861	2287.500
839.070	2266.500
839.278	2158.500
839.487	2228.500
839.696	2217.500
839.904	2195.500
840.113	2223.500
840.321	2244.500
840.530	2226.500
840.739	2218.500
840.947	2121.500
841.156	2145.500
841.365	2168.500
841.573	2187.500
841.782	2172.500
841.991	2153.500
842.199	2132.500
842.408	2132.500
842.616	2158.500
842.825	2159.500
843.034	2128.500
843.242	2158.500
843.451	2126.500
843.660	2142.500
843.868	2095.500
844.077	2096.500
844.285	2110.500
844.494	2163.500
844.703	2159.500
844.911	2077.500
845.120	2144.500
845.329	2159.500
845.537	2114.500
845.746	2122.500
845.955	2086.500
846.163	2088.500
846.372	2094.500
846.580	2061.500
846.789	1975.500
846.998	2058.500
847.206	2035.500
847.415	2032.500
847.624	2009.500
847.832	2052.500
848.041	2031.500
848.250	1990.500
848.458	2035.500
848.667	2033.500
848.875	1986.500
849.084	1991.500
849.293	1935.500
849.501	1910.500
849.710	1946.500
849.919	1937.500
850.127	1909.500
850.336	1920.500
850.544	1912.500
850.753	1938.500
850.962	1968.500
851.170	1902.500
851.379	1865.500
851.588	1857.500
851.796	1888.500
852.005	1900.500
852.214	1855.500
852.422	1823.500
852.631	1860.500
852.839	1836.500
853.048	1739.500
853.257	1762.500
853.465	1757.500
853.674	1669.500
853.883	1691.500
854.091	1684.500
854.300	1707.500
854.509	1746.500
854.717	1694.500
854.926	1749.500
855.134	1749.500
855.343	1747.500
855.552	1701.500
855.760	1739.500
855.969	1762.500
856.178	1675.500
856.386	1705.500
856.595	1746.500
856.803	1793.500
857.012	1820.500
857.221	1800.500
857.429	1800.500
857.638	1713.500
857.847	1700.500
858.055	1710.500
858.264	1754.500
858.473	1767.500
858.681	1722.500
858.890	1741.500
859.098	1795.500
859.307	1758.500
859.516	1697.500
859.724	1731.500
859.933	1769.500
860.142	1738.500
860.350	1695.500
860.559	1698.500
860.768	1742.500
860.976	1789.500
861.185	1741.500
861.393	1719.500
861.602	1667.500
861.811	1704.500
862.019	1675.500
862.228	1630.500
862.437	1631.500
862.645	1687.500
862.854	1721.500
863.062	1700.500
863.271	1683.500
863.480	1732.500
863.688	1704.500
863.897	1678.500
864.106	1668.500
864.314	1624.500
864.523	1618.500
864.732	1571.500
864.940	1574.500
865.149	1526.500
865.357	1514.500
865.566	1443.500
865.775	1402.500
865.983	1442.500
866.192	1461.500
866.401	1425.500
866.609	1447.500
866.818	1491.500
867.027	1471.500
867.235	1408.500
867.444	1465.500
867.652	1469.500
867.861	1485.500
868.070	1499.500
868.278	1500.500
868.487	1502.500
868.696	1501.500
868.904	1441.500
869.113	1475.500
869.321	1495.500
869.530	1478.500
869.739	1452.500
869.947	1470.500
870.156	1469.500
870.365	1415.500
870.573	1386.500
870.782	1405.500
870.991	1442.500
871.199	1461.500
871.408	1371.500
871.616	1358.500
871.825	1372.500
872.034	1387.500
872.242	1344.500
872.451	1386.500
872.660	1382.500
872.868	1352.500
873.077	1316.500
873.286	1311.500
873.494	1330.500
873.703	1377.500
873.911	1338.500
874.120	1291.500
874.329	1313.500
874.537	1317.500
874.746	1350.500
874.955	1313.500
875.163	1331.500
875.372	1280.500
875.581	1311.500
875.789	1360.500
875.998	1327.500
876.206	1282.500
876.415	1289.500
876.624	1238.500
876.832	1264.500
877.041	1278.500
877.250	1199.500
877.458	1232.500
877.667	1276.500
877.875	1263.500
878.084	1208.500
878.293	1196.500
878.501	1277.500
878.710	1284.500
878.919	1230.500
879.127	1255.500
879.336	1228.500
879.545	1232.500
879.753	1181.500
879.962	1138.500
880.170	1124.500
880.379	1125.500
880.588	1165.500
880.796	1154.500
881.005	1170.500
881.214	1248.500
881.422	1220.500
881.631	1154.500
881.840	1137.500
882.048	1136.500
882.257	1169.500
882.465	1118.500
882.674	1146.500
882.883	1200.500
883.091	1169.500
883.300	1163.500
883.509	1171.500
883.717	1198.500
883.926	1165.500
884.134	1168.500
884.343	1166.500
884.552	1162.500
884.760	1165.500
884.969	1151.500
885.178	1155.500
885.386	1119.500
885.595	1067.500
885.804	1081.500
886.012	1088.500
886.221	1096.500
886.429	1085.500
886.638	1064.500
886.847	1099.500
887.055	1118.500
887.264	1096.500
887.473	1076.500
887.681	1101.500
887.890	1036.500
888.099	1053.500
888.307	1064.500
888.516	1064.500
888.724	1042.500
888.933	1094.500
889.142	1111.500
889.350	1098.500
889.559	1014.500
889.768	1019.500
889.976	1044.500
890.185	1024.500
890.393	1026.500
890.602	1044.500
890.811	1043.500
891.019	1045.500
891.228	1027.500
891.437	1033.500
891.645	1034.500
891.854	1000.500
892.063	1041.500
892.271	1014.500
892.480	956.500
892.688	1013.500
892.897	987.500
893.106	948.500
893.314	978.500
893.523	971.500
893.732	942.500
893.940	885.500
894.149	870.500
894.358	870.500
894.566	883.500
894.775	885.500
894.983	873.500
895.192	871.500
895.401	860.500
895.609	862.500
895.818	855.500
896.027	851.500
896.235	812.500
896.444	786.500
896.652	812.500
896.861	824.500
897.070	811.500
897.278	834.500
897.487	858.500
897.696	761.500
897.904	702.500
898.113	687.500
898.322	709.500
898.530	689.500
898.739	662.500
898.947	732.500
899.156	729.500
899.365	721.500
899.573	734.500
899.782	717.500
899.991	741.500
900.199	729.500
900.408	723.500
900.617	746.500
900.825	691.500
901.034	659.500
901.242	647.500
901.451	713.500
901.660	710.500
901.868	704.500
902.077	715.500
902.286	725.500
902.494	763.500
902.703	746.500
902.911	791.500
903.120	802.500
903.329	816.500
903.537	818.500
903.746	789.500
903.955	809.500
904.163	824.500
904.372	805.500
904.581	820.500
904.789	778.500
904.998	766.500
905.206	758.500
905.415	781.500
905.624	748.500
905.832	752.500
906.041	758.500
906.250	770.500
906.458	734.500
906.667	644.500
906.876	693.500
907.084	725.500
907.293	733.500
907.501	729.500
907.710	673.500
907.919	640.500
908.127	676.500
908.336	680.500
908.545	643.500
908.753	636.500
908.962	621.500
909.170	645.500
909.379	703.500
909.588	686.500
909.796	655.500
910.005	670.500
910.214	699.500
910.422	649.500
910.631	630.500
910.840	627.500
911.048	680.500
911.257	685.500
911.465	685.500
911.674	678.500
911.883	661.500
912.091	624.500
912.300	623.500
912.508	551.500
912.716	552.500
912.924	601.500
913.132	628.500
913.340	644.500
913.549	615.500
913.757	628.500
913.965	616.500
914.173	569.500
914.381	569.500
914.589	588.500
914.797	585.500
915.005	582.500
915.213	606.500
915.421	595.500
915.629	589.500
915.838	570.500
916.046	569.500
916.254	555.500
916.462	583.500
916.670	560.500
916.878	565.500
917.086	530.500
917.294	598.500
917.502	637.500
917.710	611.500
917.919	610.500
918.127	594.500
918.335	578.500
918.543	545.500
918.751	581.500
918.959	589.500
919.167	586.500
919.375	588.500
919.583	617.500
919.791	581.500
919.999	551.500
920.208	577.500
920.416	570.500
920.624	582.500
920.832	583.500
921.040	569.500
921.248	592.500
921.456	633.500
921.664	605.500
921.872	552.500
922.080	558.500
922.288	555.500
922.497	564.500
922.705	550.500
922.913	534.500
923.121	544.500
923.329	572.500
923.537	586.500
923.745	579.500
923.953	563.500
924.161	589.500
924.369	551.500
924.578	554.500
924.786	563.500
924.994	500.500
925.202	566.500
925.410	564.500
925.618	508.500
925.826	543.500
926.034	561.500
926.242	546.500
926.450	488.500
926.658	474.500
926.867	471.500
927.075	470.500
927.283	491.500
927.491	483.500
927.699	442.500
927.907	443.500
928.115	421.500
928.323	451.500
928.531	462.500
928.739	405.500
928.947	338.500
929.156	295.500
929.364	353.500
929.572	355.500
929.780	345.500
929.988	316.500
930.196	306.500
930.404	271.500
930.612	280.500
930.820	284.500
931.028	254.500
931.236	261.500
931.445	290.500
931.653	270.500
931.861	222.500
932.069	189.500
932.277	190.500
932.485	225.500
932.693	216.500
932.901	179.500
933.109	160.500
933.317	190.500
933.526	199.500
933.734	214.500
933.942	205.500
934.150	191.500
934.358	152.500
934.566	118.500
934.774	168.500
934.982	151.500
935.190	161.500
935.398	175.500
935.606	164.500
935.815	138.500
936.023	152.500
936.231	151.500
936.439	140.500
936.647	151.500
936.855	142.500
937.063	127.500
937.271	178.500
937.479	187.500
937.687	174.500
937.895	204.500
938.104	233.500
938.312	222.500
938.520	203.500
938.728	202.500
938.936	227.500
939.144	232.500
939.352	244.500
939.560	240.500
939.768	216.500
939.976	202.500
940.185	234.500
940.393	259.500
940.601	211.500
940.809	196.500
941.017	188.500
941.225	171.500
941.433	171.500
941.641	166.500
941.849	193.500
942.057	200.500
942.265	197.500
942.474	172.500
942.682	156.500
942.890	159.500
943.098	119.500
943.306	146.500
943.514	143.500
943.722	138.500
943.930	134.500
944.138	139.500
944.346	127.500
944.554	171.500
944.763	176.500
944.971	134.500
945.179	115.500
945.387	181.500
945.595	172.500
945.803	163.500
946.011	194.500
946.219	157.500
946.427	141.500
946.635	126.500
946.843	143.500
947.052	214.500
947.260	137.500
947.468	142.500
947.676	146.500
947.884	152.500
948.092	151.500
948.300	141.500
948.508	90.500
948.716	127.500
948.924	117.500
949.133	98.500
949.341	172.500
949.549	191.500
949.757	199.500
949.965	168.500
950.173	197.500
950.381	200.500
950.589	159.500
950.797	157.500
951.005	194.500
951.213	156.500
951.422	114.500
951.630	137.500
951.838	196.500
952.046	203.500
952.254	188.500
952.462	199.500
952.670	166.500
952.878	137.500
953.086	147.500
953.294	168.500
953.502	206.500
953.711	206.500
953.919	214.500
954.127	170.500
954.335	164.500
954.543	147.500
954.751	131.500
954.959	121.500
955.167	156.500
955.375	194.500
955.583	199.500
955.792	204.500
956.000	214.500
956.208	187.500
956.416	132.500
956.624	137.500
956.832	142.500
957.040	160.500
957.248	157.500
957.456	187.500
957.664	188.500
957.872	175.500
958.081	159.500
958.289	182.500
958.497	177.500
958.705	155.500
958.913	157.500
959.121	141.500
959.329	117.500
959.537	162.500
959.745	181.500
959.953	150.500
960.161	159.500
960.370	158.500
960.578	165.500
960.786	172.500
960.994	184.500
961.202	211.500
961.410	216.500
961.618	188.500
961.826	166.500
962.034	195.500
962.242	213.500
962.451	185.500
962.659	160.500
962.867	160.500
963.075	200.500
963.283	181.500
963.491	156.500
963.699	170.500
963.907	199.500
964.115	157.500
964.323	166.500
964.531	180.500
964.740	171.500
964.948	205.500
965.156	168.500
965.364	166.500
965.572	227.500
965.780	215.500
965.999	237.500
966.218	240.500
966.438	173.500
966.657	177.500
966.876	208.500
967.095	198.500
967.315	164.500
967.534	134.500
967.753	176.500
967.972	234.500
968.192	243.500
968.411	210.500
968.630	177.500
968.849	147.500
969.068	187.500
969.288	198.500
969.507	184.500
969.726	223.500
969.945	227.500
970.165	224.500
970.384	223.500
970.603	244.500
970.822	174.500
971.042	170.500
971.261	179.500
971.480	207.500
971.699	201.500
971.919	199.500
972.138	251.500
972.357	221.500
972.576	175.500
972.795	218.500
973.015	187.500
973.234	151.500
973.453	156.500
973.672	117.500
973.892	109.500
974.111	160.500
974.330	167.500
974.549	205.500
974.769	189.500
974.988	167.500
975.207	177.500
975.426	157.500
975.646	162.500
975.865	140.500
976.084	195.500
976.303	224.500
976.522	208.500
976.742	157.500
976.961	168.500
977.180	177.500
977.399	186.500
977.619	168.500
977.838	148.500
978.057	168.500
978.276	220.500
978.496	199.500
978.715	178.500
978.934	141.500
979.153	162.500
979.372	161.500
979.592	146.500
979.811	161.500
980.030	170.500
980.249	170.500
980.469	205.500
980.688	180.500
980.907	192.500
981.126	185.500
981.346	156.500
981.565	161.500
981.784	160.500
982.003	151.500
982.223	156.500
982.442	209.500
982.661	213.500
982.880	168.500
983.099	148.500
983.319	197.500
983.538	173.500
983.757	145.500
983.976	170.500
984.196	185.500
984.415	179.500
984.634	144.500
984.853	134.500
985.073	172.500
985.292	196.500
985.511	198.500
985.730	167.500
985.949	134.500
986.169	142.500
986.388	145.500
986.607	144.500
986.826	162.500
987.046	123.500
987.265	119.500
987.484	144.500
987.703	158.500
987.923	167.500
988.142	194.500
988.361	158.500
988.580	115.500
988.800	134.500
989.019	174.500
989.238	152.500
989.457	138.500
989.676	154.500
989.896	131.500
990.115	115.500
990.334	156.500
990.553	179.500
990.773	141.500
990.992	152.500
991.211	178.500
991.430	150.500
991.650	123.500
991.869	122.500
992.088	110.500
992.307	118.500
992.527	144.500
992.746	113.500
992.965	118.500
993.184	136.500
993.403	104.500
993.623	140.500
993.842	173.500
994.061	176.500
994.280	174.500
994.500	110.500
994.719	85.500
994.938	102.500
995.157	114.500
995.377	122.500
995.596	148.500
995.815	127.500
996.034	126.500
996.253	129.500
996.473	157.500
996.692	174.500
996.911	168.500
997.130	130.500
997.350	97.500
997.569	103.500
997.788	132.500
998.007	110.500
998.227	106.500
998.446	98.500
998.665	106.500
998.884	97.500
999.104	108.500
999.323	67.500
999.542	92.500
999.761	142.500
999.980	143.500
1000.200	106.500
1000.419	71.500
1000.638	92.500
1000.857	85.500
1001.077	81.500
1001.296	116.500
1001.515	118.500
1001.734	121.500
1001.954	134.500
1002.173	141.500
1002.392	113.500
1002.611	122.500
1002.830	87.500
1003.050	76.500
1003.269	118.500
1003.488	75.500
1003.707	73.500
1003.927	115.500
1004.146	112.500
1004.365	98.500
1004.584	120.500
1004.804	120.500
1005.023	91.500
1005.242	116.500
1005.461	112.500
1005.681	100.500
1005.900	127.500
1006.119	88.500
1006.338	79.500
1006.557	107.500
1006.777	95.500
1006.996	112.500
1007.215	90.500
1007.434	120.500
1007.654	126.500
1007.873	116.500
1008.092	98.500
1008.311	77.500
1008.531	91.500
1008.750	66.500
1008.969	78.500
1009.188	56.500
1009.407	73.500
1009.627	107.500
1009.846	95.500
1010.065	94.500
1010.284	79.500
1010.504	102.500
1010.723	116.500
1010.942	121.500
1011.161	132.500
1011.381	103.500
1011.600	115.500
1011.819	123.500
1012.038	79.500
1012.258	95.500
1012.477	127.500
1012.696	127.500
1012.915	97.500
1013.134	66.500
1013.354	83.500
1013.573	81.500
1013.792	71.500
1014.011	86.500
1014.231	107.500
1014.450	128.500
1014.669	104.500
1014.888	107.500
1015.108	104.500
1015.327	121.500
1015.546	108.500
1015.765	80.500
1015.984	78.500
1016.204	82.500
1016.423	135.500
1016.642	105.500
1016.861	80.500
1017.081	92.500
1017.300	80.500
1017.519	112.500
