296.912	28.000
297.101	56.000
297.290	76.000
297.479	57.000
297.668	41.000
297.858	42.000
298.047	73.000
298.236	98.000
298.425	53.000
298.614	20.000
298.803	28.000
298.992	44.000
299.181	68.000
299.370	67.000
299.559	75.000
299.748	47.000
299.937	78.000
300.126	81.000
300.315	20.000
300.504	15.000
300.693	35.000
300.882	114.000
301.071	145.000
301.260	99.000
301.449	66.000
301.638	63.000
301.827	67.000
302.016	49.000
302.205	53.000
302.395	40.000
302.584	94.000
302.773	117.000
302.962	69.000
303.151	57.000
303.340	57.000
303.529	51.000
303.718	51.000
303.907	63.000
304.096	93.000
304.285	77.000
304.474	70.000
304.663	41.000
304.852	66.000
305.041	77.000
305.230	73.000
305.419	66.000
305.608	62.000
305.797	62.000
305.986	38.000
306.175	45.000
306.364	60.000
306.553	89.000
306.743	84.000
306.932	77.000
307.121	87.000
307.310	66.000
307.499	20.000
307.688	53.000
307.877	46.000
308.066	55.000
308.255	97.000
308.444	105.000
308.633	50.000
308.822	56.000
309.011	77.000
309.200	80.000
309.389	85.000
309.578	86.000
309.767	104.000
309.956	74.000
310.145	60.000
310.334	82.000
310.523	78.000
310.712	83.000
310.901	88.000
311.091	79.000
311.280	63.000
311.469	85.000
311.658	130.000
311.847	77.000
312.036	67.000
312.225	71.000
312.414	67.000
312.603	36.000
312.792	36.000
312.981	57.000
313.170	63.000
313.349	79.000
313.527	100.000
313.706	89.000
313.884	80.000
314.063	55.000
314.241	93.000
314.420	74.000
314.598	44.000
314.777	58.000
314.955	56.000
315.134	68.000
315.312	84.000
315.491	98.000
315.669	79.000
315.848	84.000
316.027	68.000
316.205	77.000
316.384	59.000
316.562	78.000
316.741	55.000
316.919	64.000
317.098	96.000
317.276	105.000
317.455	91.000
317.633	86.000
317.812	74.000
317.990	70.000
318.169	78.000
318.347	105.000
318.526	102.000
318.705	75.000
318.883	89.000
319.062	82.000
319.240	90.000
319.419	110.000
319.597	87.000
319.776	110.000
319.954	52.000
320.133	47.000
320.311	60.000
320.490	109.000
320.668	118.000
320.847	108.000
321.025	91.000
321.204	79.000
321.382	95.000
321.561	69.000
321.740	47.000
321.918	62.000
322.097	68.000
322.275	97.000
322.454	103.000
322.632	103.000
322.811	102.000
322.989	75.000
323.168	66.000
323.346	80.000
323.525	99.000
323.703	75.000
323.882	77.000
324.060	87.000
324.239	65.000
324.418	86.000
324.596	98.000
324.775	119.000
324.953	85.000
325.132	66.000
325.310	98.000
325.489	76.000
325.667	86.000
325.846	110.000
326.024	102.000
326.203	112.000
326.381	123.000
326.560	94.000
326.738	34.000
326.917	62.000
327.096	69.000
327.274	58.000
327.453	74.000
327.631	81.000
327.810	76.000
327.988	87.000
328.167	87.000
328.345	70.000
328.524	61.000
328.702	90.000
328.881	81.000
329.059	85.000
329.238	46.000
329.416	21.000
329.595	59.000
329.774	116.000
329.952	101.000
330.131	70.000
330.309	63.000
330.488	55.000
330.666	85.000
330.845	91.000
331.023	82.000
331.202	71.000
331.380	83.000
331.559	116.000
331.737	95.000
331.916	67.000
332.094	82.000
332.273	88.000
332.452	33.000
332.630	62.000
332.809	88.000
332.987	106.000
333.166	113.000
333.344	109.000
333.523	82.000
333.701	78.000
333.880	66.000
334.058	61.000
334.237	76.000
334.415	110.000
334.594	122.000
334.772	105.000
334.951	120.000
335.129	63.000
335.308	43.000
335.487	74.000
335.665	92.000
335.844	94.000
336.022	90.000
336.201	61.000
336.379	54.000
336.558	98.000
336.736	87.000
336.915	58.000
337.093	46.000
337.272	63.000
337.450	65.000
337.629	40.000
337.807	111.000
337.986	120.000
338.165	105.000
338.343	75.000
338.522	103.000
338.700	131.000
338.879	125.000
339.057	127.000
339.236	132.000
339.414	110.000
339.593	126.000
339.771	102.000
339.950	98.000
340.128	144.000
340.307	105.000
340.485	75.000
340.664	70.000
340.843	95.000
341.021	116.000
341.200	105.000
341.378	106.000
341.557	112.000
341.735	96.000
341.914	93.000
342.092	99.000
342.271	126.000
342.449	84.000
342.628	71.000
342.806	104.000
342.985	154.000
343.163	143.000
343.342	106.000
343.521	100.000
343.699	111.000
343.878	76.000
344.056	68.000
344.235	79.000
344.413	68.000
344.592	126.000
344.770	134.000
344.949	157.000
345.127	138.000
345.306	63.000
345.484	52.000
345.663	84.000
345.841	70.000
346.020	57.000
346.199	55.000
346.377	98.000
346.556	94.000
346.734	74.000
346.913	59.000
347.091	86.000
347.270	77.000
347.448	74.000
347.627	84.000
347.805	73.000
347.984	78.000
348.162	101.000
348.341	97.000
348.519	103.000
348.698	114.000
348.876	113.000
349.055	118.000
349.234	108.000
349.412	88.000
349.591	64.000
349.769	104.000
349.948	124.000
350.126	134.000
350.305	100.000
350.483	97.000
350.662	77.000
350.840	85.000
351.019	100.000
351.197	126.000
351.376	110.000
351.554	102.000
351.733	93.000
351.912	110.000
352.090	72.000
352.269	80.000
352.447	107.000
352.626	108.000
352.804	64.000
352.983	84.000
353.161	108.000
353.340	132.000
353.518	167.000
353.697	148.000
353.875	134.000
354.054	117.000
354.232	111.000
354.411	105.000
354.590	112.000
354.768	95.000
354.947	129.000
355.125	107.000
355.304	119.000
355.482	145.000
355.661	145.000
355.839	153.000
356.018	171.000
356.196	137.000
356.375	126.000
356.553	112.000
356.732	108.000
356.910	131.000
357.089	116.000
357.268	80.000
357.446	116.000
357.625	112.000
357.803	93.000
357.982	102.000
358.160	121.000
358.339	140.000
358.517	140.000
358.696	147.000
358.874	150.000
359.053	130.000
359.231	139.000
359.410	97.000
359.588	96.000
359.767	119.000
359.945	85.000
360.124	93.000
360.303	149.000
360.481	171.000
360.660	117.000
360.838	122.000
361.017	107.000
361.195	111.000
361.374	109.000
361.552	110.000
361.731	145.000
361.909	162.000
362.088	121.000
362.266	150.000
362.445	131.000
362.623	131.000
362.802	142.000
362.981	146.000
363.159	120.000
363.338	134.000
363.516	130.000
363.695	105.000
363.873	106.000
364.052	116.000
364.230	145.000
364.409	139.000
364.587	121.000
364.766	116.000
364.944	129.000
365.123	158.000
365.301	146.000
365.480	147.000
365.660	128.000
365.839	139.000
366.019	134.000
366.199	115.000
366.379	136.000
366.558	128.000
366.738	118.000
366.918	85.000
367.098	110.000
367.277	115.000
367.457	132.000
367.637	148.000
367.816	141.000
367.996	147.000
368.176	113.000
368.356	133.000
368.535	98.000
368.715	114.000
368.895	145.000
369.075	124.000
369.254	121.000
369.434	126.000
369.614	126.000
369.793	105.000
369.973	100.000
370.153	123.000
370.333	126.000
370.512	80.000
370.692	93.000
370.872	131.000
371.051	122.000
371.231	114.000
371.411	139.000
371.591	178.000
371.770	154.000
371.950	158.000
372.130	128.000
372.310	117.000
372.489	118.000
372.669	125.000
372.849	139.000
373.028	115.000
373.208	98.000
373.388	93.000
373.568	99.000
373.747	116.000
373.927	94.000
374.107	113.000
374.287	118.000
374.466	126.000
374.646	138.000
374.826	147.000
375.005	131.000
375.185	134.000
375.365	109.000
375.545	122.000
375.724	150.000
375.904	146.000
376.084	114.000
376.263	105.000
376.443	97.000
376.623	94.000
376.803	130.000
376.982	123.000
377.162	147.000
377.342	162.000
377.522	161.000
377.701	121.000
377.881	132.000
378.061	183.000
378.240	173.000
378.420	125.000
378.600	133.000
378.780	138.000
378.959	130.000
379.139	115.000
379.319	135.000
379.499	119.000
379.678	137.000
379.858	135.000
380.038	120.000
380.217	124.000
380.397	140.000
380.577	148.000
380.757	152.000
380.936	140.000
381.116	122.000
381.296	137.000
381.476	131.000
381.655	166.000
381.835	169.000
382.015	146.000
382.194	137.000
382.374	171.000
382.554	183.000
382.734	153.000
382.913	142.000
383.093	145.000
383.273	158.000
383.452	170.000
383.632	157.000
383.812	134.000
383.992	166.000
384.171	132.000
384.351	142.000
384.531	170.000
384.711	139.000
384.890	158.000
385.070	142.000
385.250	146.000
385.429	129.000
385.609	147.000
385.789	168.000
385.969	96.000
386.148	37.000
386.328	111.000
386.508	178.000
386.688	146.000
386.867	127.000
387.047	140.000
387.227	117.000
387.406	97.000
387.586	98.000
387.766	131.000
387.946	121.000
388.125	101.000
388.305	123.000
388.485	160.000
388.664	150.000
388.844	95.000
389.024	113.000
389.204	135.000
389.383	124.000
389.563	105.000
389.743	156.000
389.923	138.000
390.102	146.000
390.282	162.000
390.462	164.000
390.641	118.000
390.821	94.000
391.001	89.000
391.181	91.000
391.360	94.000
391.540	141.000
391.720	104.000
391.900	56.000
392.079	94.000
392.259	108.000
392.439	132.000
392.618	121.000
392.798	114.000
392.978	114.000
393.158	138.000
393.337	127.000
393.517	126.000
393.697	138.000
393.877	149.000
394.056	136.000
394.236	176.000
394.416	187.000
394.595	148.000
394.775	149.000
394.955	184.000
395.135	169.000
395.314	174.000
395.494	201.000
395.674	169.000
395.853	173.000
396.033	193.000
396.213	136.000
396.393	86.000
396.572	156.000
396.752	195.000
396.932	171.000
397.112	190.000
397.291	203.000
397.471	191.000
397.651	167.000
397.830	181.000
398.010	172.000
398.190	171.000
398.370	186.000
398.549	206.000
398.729	226.000
398.909	200.000
399.089	198.000
399.268	240.000
399.448	211.000
399.628	211.000
399.807	204.000
399.987	194.000
400.167	205.000
400.347	210.000
400.526	187.000
400.706	188.000
400.886	226.000
401.065	180.000
401.245	160.000
401.425	194.000
401.605	173.000
401.784	171.000
401.964	200.000
402.144	213.000
402.324	238.000
402.503	219.000
402.683	239.000
402.863	236.000
403.042	264.000
403.222	228.000
403.402	230.000
403.582	218.000
403.761	245.000
403.941	267.000
404.121	275.000
404.301	300.000
404.480	280.000
404.660	257.000
404.844	290.000
405.029	287.000
405.213	285.000
405.398	344.000
405.582	345.000
405.767	383.000
405.951	375.000
406.136	371.000
406.320	390.000
406.505	421.000
406.689	416.000
406.874	411.000
407.058	412.000
407.243	503.000
407.427	480.000
407.612	484.000
407.796	557.000
407.981	600.000
408.165	630.000
408.350	690.000
408.534	740.000
408.719	769.000
408.903	790.000
409.088	791.000
409.272	793.000
409.457	881.000
409.641	965.000
409.826	930.000
410.010	1034.000
410.195	1199.000
410.379	1260.000
410.564	1322.000
410.748	1469.000
410.933	1570.000
411.117	1637.000
411.302	1727.000
411.486	1863.000
411.671	1953.000
411.855	2033.000
412.040	2138.000
412.224	2216.000
412.409	2324.000
412.593	2391.000
412.778	2471.000
412.962	2632.000
413.147	2757.000
413.331	2926.000
413.516	3019.000
413.700	3152.000
413.885	3323.000
414.069	3385.000
414.254	3514.000
414.438	3630.000
414.623	3785.000
414.807	3882.000
414.992	3984.000
415.176	4158.000
415.361	4256.000
415.545	4427.000
415.730	4584.000
415.914	4734.000
416.099	4878.000
416.283	5011.000
416.468	5074.000
416.652	5070.000
416.837	5216.000
417.021	5410.000
417.206	5517.000
417.390	5623.000
417.575	5712.000
417.759	5752.000
417.944	5971.000
418.128	6030.000
418.313	6143.000
418.497	6296.000
418.682	6420.000
418.866	6531.000
419.051	6505.000
419.235	6551.000
419.420	6889.000
419.604	6923.000
419.789	7050.000
419.973	7320.000
420.158	7433.000
420.342	7511.000
420.527	7679.000
420.711	7901.000
420.896	8000.000
421.080	8077.000
421.265	8142.000
421.449	8181.000
421.634	8057.000
421.818	8023.000
422.003	8137.000
422.187	8137.000
422.372	8186.000
422.556	8279.000
422.741	8350.000
422.925	8357.000
423.110	8588.000
423.294	8739.000
423.479	8659.000
423.663	8864.000
423.848	9047.000
424.032	9139.000
424.217	9228.000
424.401	9251.000
424.586	9290.000
424.770	9332.000
424.955	9434.000
425.139	9382.000
425.324	9384.000
425.508	9576.000
425.693	9632.000
425.877	9651.000
426.062	9693.000
426.246	9663.000
426.431	9479.000
426.615	9519.000
426.800	9592.000
426.984	9603.000
427.169	9657.000
427.353	9703.000
427.538	9915.000
427.722	9869.000
427.907	9860.000
428.091	9878.000
428.276	9709.000
428.460	9715.000
428.645	9657.000
428.829	9530.000
429.014	9349.000
429.198	9124.000
429.383	8832.000
429.567	8619.000
429.752	8246.000
429.936	8122.000
430.121	8164.000
430.305	8216.000
430.490	8475.000
430.674	8790.000
430.859	9162.000
431.043	9707.000
431.228	10065.000
431.412	10215.000
431.597	10321.000
431.781	10548.000
431.966	10648.000
432.150	10796.000
432.335	11008.000
432.519	11140.000
432.704	11267.000
432.888	11293.000
433.073	11087.000
433.257	10918.000
433.442	10961.000
433.626	10933.000
433.811	10865.000
433.995	11055.000
434.180	11360.000
434.364	11533.000
434.549	11596.000
434.733	11697.000
434.918	11797.000
435.102	12059.000
435.287	12293.000
435.471	12320.000
435.656	12609.000
435.840	12837.000
436.030	12791.000
436.219	12707.000
436.409	12808.000
436.599	12790.000
436.789	12660.000
436.978	12626.000
437.168	12552.000
437.358	12349.000
437.548	12258.000
437.737	12093.000
437.927	12040.000
438.117	11952.000
438.306	11983.000
438.496	12045.000
438.686	12210.000
438.876	12491.000
439.065	12646.000
439.255	12644.000
439.445	12630.000
439.634	12621.000
439.824	12784.000
440.014	12879.000
440.204	12871.000
440.393	13085.000
440.583	13258.000
440.773	13421.000
440.963	13613.000
441.152	13825.000
441.342	14078.000
441.532	14106.000
441.721	14337.000
441.911	14574.000
442.101	14661.000
442.291	14771.000
442.480	14907.000
442.670	14786.000
442.860	14866.000
443.050	14908.000
443.239	15023.000
443.429	15216.000
443.619	15147.000
443.808	15157.000
443.998	15408.000
444.188	15437.000
444.378	15433.000
444.567	15529.000
444.757	15494.000
444.947	15486.000
445.137	15448.000
445.326	15388.000
445.516	15455.000
445.706	15294.000
445.895	15263.000
446.085	15514.000
446.275	15712.000
446.465	15893.000
446.654	15901.000
446.844	16207.000
447.034	16542.000
447.223	16505.000
447.413	16589.000
447.603	16795.000
447.793	16903.000
447.982	16974.000
448.172	16987.000
448.362	17018.000
448.552	17095.000
448.741	17063.000
448.931	17101.000
449.121	17336.000
449.310	17388.000
449.500	17614.000
449.690	17755.000
449.880	17912.000
450.069	18202.000
450.259	18327.000
450.449	18471.000
450.639	18362.000
450.828	18336.000
451.018	18436.000
451.208	18284.000
451.397	18407.000
451.587	18254.000
451.777	18181.000
451.967	18165.000
452.156	17906.000
452.346	17811.000
452.536	17552.000
452.725	17266.000
452.915	17310.000
453.105	17439.000
453.295	17392.000
453.484	17399.000
453.674	17615.000
453.864	17708.000
454.054	17807.000
454.243	17640.000
454.433	17517.000
454.623	17534.000
454.812	17608.000
455.002	17654.000
455.192	17817.000
455.382	17939.000
455.571	18013.000
455.761	18066.000
455.951	18195.000
456.141	18306.000
456.330	18334.000
456.520	18494.000
456.710	18393.000
456.899	18551.000
457.089	18679.000
457.279	18554.000
457.469	18559.000
457.658	18367.000
457.848	18268.000
458.038	18306.000
458.228	18328.000
458.417	18226.000
458.607	18084.000
458.797	18057.000
458.986	18000.000
459.176	18007.000
459.366	17848.000
459.556	17914.000
459.745	18146.000
459.935	18116.000
460.125	18193.000
460.314	18074.000
460.504	18371.000
460.694	18534.000
460.884	18638.000
461.073	18636.000
461.263	18586.000
461.453	18817.000
461.643	18769.000
461.832	18772.000
462.022	18928.000
462.212	18859.000
462.401	18882.000
462.591	18976.000
462.781	18807.000
462.971	18741.000
463.160	18947.000
463.350	19041.000
463.540	18986.000
463.730	18741.000
463.919	18622.000
464.109	18466.000
464.299	18388.000
464.488	18297.000
464.678	18269.000
464.868	18371.000
465.058	18511.000
465.247	18691.000
465.437	18636.000
465.627	18618.000
465.816	18401.000
466.006	18505.000
466.196	18418.000
466.386	18510.000
466.575	18312.000
466.765	18131.000
466.955	18202.000
467.145	18347.000
467.334	18542.000
467.524	18563.000
467.714	18665.000
467.903	18672.000
468.093	18660.000
468.283	18674.000
468.473	18602.000
468.662	18820.000
468.852	19126.000
469.042	18824.000
469.232	18792.000
469.421	18956.000
469.611	18999.000
469.801	18897.000
469.990	18845.000
470.180	18747.000
470.370	18716.000
470.560	18702.000
470.749	18683.000
470.939	18671.000
471.129	19000.000
471.318	19273.000
471.508	19319.000
471.698	19452.000
471.888	19585.000
472.077	19743.000
472.267	19822.000
472.457	19801.000
472.647	19856.000
472.836	19856.000
473.026	19810.000
473.216	19650.000
473.405	19763.000
473.595	19939.000
473.785	19964.000
473.975	20104.000
474.164	20168.000
474.354	20151.000
474.544	20265.000
474.734	20376.000
474.923	20315.000
475.113	20403.000
475.303	20148.000
475.492	20076.000
475.682	20217.000
475.872	20177.000
476.062	19954.000
476.251	19947.000
476.441	20008.000
476.631	19860.000
476.821	19920.000
477.010	19933.000
477.200	20121.000
477.390	20445.000
477.579	20521.000
477.769	20660.000
477.959	20600.000
478.149	20577.000
478.338	20582.000
478.528	20644.000
478.718	20513.000
478.907	20427.000
479.097	20490.000
479.287	20700.000
479.477	20806.000
479.666	20647.000
479.856	20511.000
480.046	20631.000
480.236	20548.000
480.425	20600.000
480.615	20657.000
480.805	20556.000
480.994	20630.000
481.184	20733.000
481.374	20764.000
481.564	20798.000
481.753	20703.000
481.943	20716.000
482.133	20697.000
482.323	20605.000
482.512	20529.000
482.702	20529.000
482.892	20592.000
483.081	20452.000
483.271	20287.000
483.461	20202.000
483.651	20204.000
483.840	20296.000
484.030	20237.000
484.220	20029.000
484.409	19861.000
484.599	20011.000
484.789	19900.000
484.979	19752.000
485.168	19554.000
485.358	19106.000
485.548	18602.000
485.738	18178.000
485.927	17788.000
486.117	17369.000
486.307	17114.000
486.496	17110.000
486.686	17185.000
486.876	17405.000
487.066	17550.000
487.255	17527.000
487.445	17815.000
487.635	18317.000
487.825	18528.000
488.014	18579.000
488.204	18607.000
488.394	18738.000
488.583	18588.000
488.773	18701.000
488.963	18838.000
489.153	18967.000
489.342	19026.000
489.532	19392.000
489.722	19559.000
489.912	19508.000
490.101	19645.000
490.291	19733.000
490.481	19762.000
490.670	19798.000
490.860	19780.000
491.050	19665.000
491.240	19526.000
491.429	19311.000
491.619	19309.000
491.809	19210.000
491.998	19017.000
492.188	19009.000
492.378	19131.000
492.568	19128.000
492.757	19381.000
492.947	19663.000
493.137	19623.000
493.327	19527.000
493.516	19550.000
493.706	19557.000
493.896	19491.000
494.085	19623.000
494.275	19796.000
494.465	19831.000
494.655	20123.000
494.844	20208.000
495.034	20228.000
495.224	20182.000
495.414	20177.000
495.603	20230.000
495.793	20222.000
495.983	20186.000
496.172	20124.000
496.362	20048.000
496.552	20247.000
496.742	20368.000
496.931	20168.000
497.121	20294.000
497.311	20610.000
497.500	20331.000
497.690	20052.000
497.880	19947.000
498.070	19901.000
498.259	19776.000
498.449	19691.000
498.639	19756.000
498.829	19843.000
499.018	19927.000
499.208	19795.000
499.398	19908.000
499.587	20048.000
499.777	19921.000
499.967	19796.000
500.157	19730.000
500.346	19603.000
500.536	19424.000
500.726	19361.000
500.916	19409.000
501.105	19172.000
501.295	19083.000
501.485	19085.000
501.674	19057.000
501.864	19092.000
502.054	19134.000
502.244	19193.000
502.433	19259.000
502.623	19274.000
502.813	19345.000
503.003	19375.000
503.192	19575.000
503.382	19512.000
503.572	19449.000
503.761	19429.000
503.951	19131.000
504.141	19136.000
504.331	19329.000
504.520	19338.000
504.710	19309.000
504.900	19488.000
505.089	19567.000
505.279	19656.000
505.469	19612.000
505.659	19911.000
505.848	20088.000
506.038	20044.000
506.228	20037.000
506.418	19951.000
506.607	19900.000
506.797	19892.000
506.987	19791.000
507.176	19523.000
507.366	19306.000
507.556	19404.000
507.746	19257.000
507.935	19194.000
508.125	19120.000
508.315	19168.000
508.505	19391.000
508.694	19458.000
508.884	19437.000
509.074	19468.000
509.263	19569.000
509.453	19578.000
509.643	19453.000
509.833	19287.000
510.022	19261.000
510.212	19243.000
510.402	19381.000
510.592	19428.000
510.781	19177.000
510.971	19036.000
511.161	19272.000
511.350	19258.000
511.540	19277.000
511.730	19295.000
511.920	19234.000
512.109	19019.000
512.299	18857.000
512.489	18940.000
512.678	18839.000
512.868	18748.000
513.058	18544.000
513.248	18444.000
513.437	18496.000
513.627	18344.000
513.817	18369.000
514.007	18394.000
514.196	18356.000
514.386	18091.000
514.576	18108.000
514.765	18039.000
514.955	18027.000
515.145	18078.000
515.335	18246.000
515.524	18194.000
515.714	18072.000
515.904	17924.000
516.094	17732.000
516.283	17467.000
516.473	16835.000
516.663	16576.000
516.852	16183.000
517.042	16289.000
517.232	16477.000
517.422	16337.000
517.611	16327.000
517.801	16399.000
517.991	16445.000
518.180	16400.000
518.370	16245.000
518.560	16332.000
518.750	16543.000
518.939	16646.000
519.129	16836.000
519.319	16983.000
519.509	17119.000
519.698	17180.000
519.888	17278.000
520.078	17486.000
520.267	17597.000
520.457	17588.000
520.647	17560.000
520.837	17564.000
521.026	17528.000
521.216	17595.000
521.406	17882.000
521.596	17956.000
521.785	17838.000
521.975	17841.000
522.165	17944.000
522.354	17795.000
522.544	17621.000
522.734	17554.000
522.924	17626.000
523.113	17689.000
523.303	17778.000
523.493	17811.000
523.683	17847.000
523.872	18118.000
524.062	18101.000
524.252	18077.000
524.441	18158.000
524.631	18114.000
524.821	18174.000
525.011	18290.000
525.200	18224.000
525.390	18189.000
525.580	18118.000
525.769	17908.000
525.959	17702.000
526.149	17360.000
526.339	17138.000
526.528	16956.000
526.718	16850.000
526.908	16874.000
527.098	16903.000
527.287	17032.000
527.477	17157.000
527.667	17362.000
527.856	17492.000
528.046	17693.000
528.236	17791.000
528.426	17925.000
528.615	18037.000
528.805	17994.000
528.995	18278.000
529.185	18321.000
529.374	18127.000
529.564	18034.000
529.754	18119.000
529.943	18254.000
530.133	18217.000
530.323	18238.000
530.513	18430.000
530.702	18393.000
530.892	18195.000
531.082	18194.000
531.271	18246.000
531.461	18162.000
531.651	18066.000
531.841	17773.000
532.030	17384.000
532.220	17341.000
532.410	17123.000
532.600	17022.000
532.789	16999.000
532.979	16875.000
533.169	16885.000
533.358	17047.000
533.548	16988.000
533.738	16919.000
533.928	16886.000
534.117	17014.000
534.307	16950.000
534.497	17082.000
534.687	17102.000
534.876	17054.000
535.066	17087.000
535.256	17100.000
535.445	17066.000
535.635	17220.000
535.825	17121.000
536.015	16890.000
536.204	16852.000
536.394	16719.000
536.584	16489.000
536.773	16416.000
536.963	16484.000
537.153	16346.000
537.343	16369.000
537.532	16588.000
537.722	16640.000
537.912	16508.000
538.102	16366.000
538.291	16383.000
538.481	16391.000
538.671	16395.000
538.860	16391.000
539.050	16192.000
539.240	15905.000
539.430	15791.000
539.619	15758.000
539.809	15676.000
539.999	15650.000
540.189	15593.000
540.378	15599.000
540.568	15837.000
540.758	15858.000
540.947	15871.000
541.137	15886.000
541.327	15798.000
541.517	15846.000
541.706	15904.000
541.896	15698.000
542.086	15733.000
542.276	15706.000
542.465	15715.000
542.655	15488.000
542.845	15657.000
543.034	15620.000
543.224	15668.000
543.414	15785.000
543.604	15787.000
543.793	15960.000
543.983	15856.000
544.173	15759.000
544.362	15832.000
544.552	15752.000
544.742	15842.000
544.932	15900.000
545.121	15764.000
545.311	15648.000
545.501	15757.000
545.691	15737.000
545.880	15711.000
546.070	15731.000
546.264	15695.000
546.459	15732.000
546.653	15684.000
546.847	15542.000
547.041	15450.000
547.236	15426.000
547.430	15482.000
547.624	15417.000
547.818	15475.000
548.013	15294.000
548.207	15350.000
548.401	15548.000
548.596	15530.000
548.790	15423.000
548.984	15463.000
549.178	15385.000
549.373	15361.000
549.567	15470.000
549.761	15473.000
549.956	15465.000
550.150	15385.000
550.344	15419.000
550.538	15360.000
550.733	15416.000
550.927	15394.000
551.121	15364.000
551.315	15423.000
551.510	15320.000
551.704	15182.000
551.898	15244.000
552.093	15388.000
552.287	15293.000
552.481	15239.000
552.675	15291.000
552.870	15219.000
553.064	15208.000
553.258	15048.000
553.453	15155.000
553.647	15250.000
553.841	15378.000
554.035	15229.000
554.230	15197.000
554.424	15160.000
554.618	15207.000
554.812	15080.000
555.007	15076.000
555.201	15019.000
555.395	15041.000
555.590	15125.000
555.784	14993.000
555.978	15069.000
556.172	14979.000
556.367	14802.000
556.561	14735.000
556.755	14606.000
556.949	14568.000
557.144	14690.000
557.338	14778.000
557.532	14764.000
557.727	14705.000
557.921	14714.000
558.115	14662.000
558.309	14412.000
558.504	14360.000
558.698	14391.000
558.892	14474.000
559.087	14418.000
559.281	14383.000
559.475	14469.000
559.669	14463.000
559.864	14530.000
560.058	14605.000
560.252	14538.000
560.446	14578.000
560.641	14618.000
560.835	14665.000
561.029	14786.000
561.224	14749.000
561.418	14507.000
561.612	14599.000
561.806	14699.000
562.001	14630.000
562.195	14678.000
562.389	14600.000
562.584	14713.000
562.778	14768.000
562.972	14660.000
563.166	14698.000
563.361	14805.000
563.555	14712.000
563.749	14629.000
563.943	14576.000
564.138	14450.000
564.332	14430.000
564.526	14547.000
564.721	14555.000
564.915	14470.000
565.109	14525.000
565.303	14443.000
565.498	14295.000
565.692	14192.000
565.886	14291.000
566.081	14333.000
566.275	14321.000
566.469	14375.000
566.663	14364.000
566.858	14354.000
567.052	14428.000
567.246	14417.000
567.440	14375.000
567.635	14294.000
567.829	14183.000
568.023	14166.000
568.218	14113.000
568.412	14060.000
568.606	14070.000
568.800	13959.000
568.995	13912.000
569.189	14000.000
569.383	14117.000
569.577	14026.000
569.772	13883.000
569.966	13718.000
570.160	13779.000
570.355	13617.000
570.549	13681.000
570.743	13697.000
570.937	13675.000
571.132	13796.000
571.326	13818.000
571.520	13712.000
571.715	13655.000
571.909	13677.000
572.103	13876.000
572.297	13854.000
572.492	13918.000
572.686	14086.000
572.880	13968.000
573.074	13852.000
573.269	13761.000
573.463	13870.000
573.657	13876.000
573.852	13752.000
574.046	13521.000
574.240	13589.000
574.434	13592.000
574.629	13629.000
574.823	13508.000
575.017	13466.000
575.212	13575.000
575.406	13639.000
575.600	13485.000
575.794	13425.000
575.989	13403.000
576.183	13458.000
576.377	13493.000
576.571	13342.000
576.766	13214.000
576.960	13246.000
577.159	13184.000
577.357	13163.000
577.556	13109.000
577.755	13010.000
577.953	13066.000
578.152	13068.000
578.350	13122.000
578.549	13073.000
578.748	12940.000
578.946	12940.000
579.145	12975.000
579.344	13003.000
579.542	13137.000
579.741	13231.000
579.940	13115.000
580.138	13149.000
580.337	13234.000
580.535	13262.000
580.734	13364.000
580.933	13418.000
581.131	13462.000
581.330	13660.000
581.529	13779.000
581.727	13803.000
581.926	13858.000
582.125	13997.000
582.323	13947.000
582.522	13951.000
582.721	13968.000
582.919	14034.000
583.118	14205.000
583.316	14212.000
583.515	14214.000
583.714	14323.000
583.912	14363.000
584.111	14266.000
584.310	14237.000
584.508	14139.000
584.707	14100.000
584.906	14109.000
585.104	14132.000
585.303	14098.000
585.501	14031.000
585.700	13990.000
585.899	14065.000
586.097	14185.000
586.296	14268.000
586.495	14260.000
586.693	14131.000
586.892	14048.000
587.091	14053.000
587.289	14024.000
587.488	13858.000
587.686	13784.000
587.885	13741.000
588.084	13628.000
588.282	13256.000
588.481	13051.000
588.680	12755.000
588.878	12576.000
589.077	12536.000
589.276	12495.000
589.474	12519.000
589.673	12654.000
589.871	12743.000
590.070	12902.000
590.269	12982.000
590.467	12983.000
590.666	13059.000
590.865	12948.000
591.063	12962.000
591.262	13187.000
591.461	13175.000
591.659	13122.000
591.858	13222.000
592.056	13282.000
592.255	13293.000
592.454	13188.000
592.652	13246.000
592.851	13381.000
593.050	13308.000
593.248	13183.000
593.447	13240.000
593.646	13281.000
593.844	13308.000
594.043	13132.000
594.241	13174.000
594.440	13290.000
594.639	13156.000
594.837	13114.000
595.036	13044.000
595.235	13032.000
595.433	13217.000
595.632	13330.000
595.831	13160.000
596.029	13345.000
596.228	13304.000
596.427	13343.000
596.625	13410.000
596.824	13321.000
597.022	13231.000
597.221	13263.000
597.420	13182.000
597.618	13260.000
597.817	13333.000
598.016	13313.000
598.214	13211.000
598.413	13316.000
598.612	13267.000
598.810	13142.000
599.009	13186.000
599.207	13341.000
599.406	13321.000
599.605	13321.000
599.803	13214.000
600.002	13115.000
600.201	13142.000
600.399	13254.000
600.598	13023.000
600.797	12994.000
600.995	13076.000
601.194	13095.000
601.392	13073.000
601.591	13056.000
601.790	13084.000
601.988	13098.000
602.187	13025.000
602.386	13110.000
602.584	13224.000
602.783	13162.000
602.982	13187.000
603.180	13202.000
603.379	13305.000
603.577	13365.000
603.776	13373.000
603.975	13381.000
604.173	13345.000
604.372	13263.000
604.571	13358.000
604.769	13197.000
604.968	13302.000
605.167	13446.000
605.365	13246.000
605.564	13339.000
605.762	13268.000
605.961	13353.000
606.160	13326.000
606.358	13156.000
606.557	13224.000
606.756	13255.000
606.954	13447.000
607.153	13469.000
607.352	13293.000
607.550	13263.000
607.749	13277.000
607.948	13219.000
608.146	13171.000
608.345	13125.000
608.543	13103.000
608.742	13111.000
608.941	13225.000
609.139	13189.000
609.338	13008.000
609.537	13086.000
609.735	13060.000
609.934	12919.000
610.133	12992.000
610.331	12825.000
610.530	13017.000
610.728	13163.000
610.927	13132.000
611.126	13090.000
611.324	13014.000
611.523	12941.000
611.722	12869.000
611.920	12943.000
612.119	12901.000
612.318	12851.000
612.516	12919.000
612.715	12763.000
612.913	12672.000
613.112	12640.000
613.311	12765.000
613.509	12649.000
613.708	12698.000
613.907	12738.000
614.105	12757.000
614.304	12783.000
614.503	12704.000
614.701	12687.000
614.900	12628.000
615.098	12679.000
615.297	12683.000
615.496	12671.000
615.694	12496.000
615.893	12369.000
616.092	12297.000
616.290	12335.000
616.489	12311.000
616.688	12270.000
616.886	12342.000
617.085	12371.000
617.283	12513.000
617.482	12468.000
617.681	12505.000
617.879	12467.000
618.078	12492.000
618.277	12516.000
618.475	12400.000
618.674	12611.000
618.873	12696.000
619.071	12529.000
619.270	12499.000
619.468	12673.000
619.667	12507.000
619.866	12659.000
620.064	12618.000
620.263	12571.000
620.462	12500.000
620.660	12450.000
620.859	12586.000
621.058	12667.000
621.256	12580.000
621.455	12469.000
621.654	12456.000
621.852	12413.000
622.051	12413.000
622.249	12355.000
622.448	12318.000
622.647	12464.000
622.845	12401.000
623.044	12279.000
623.243	12200.000
623.441	12266.000
623.640	12128.000
623.839	12146.000
624.037	12089.000
624.236	12257.000
624.434	12172.000
624.633	12025.000
624.832	11874.000
625.030	11764.000
625.229	11868.000
625.428	11915.000
625.626	11986.000
625.825	11823.000
626.024	11918.000
626.222	12090.000
626.421	11980.000
626.619	12134.000
626.818	12140.000
627.017	11869.000
627.215	11839.000
627.414	11715.000
627.613	11722.000
627.811	11689.000
628.010	11588.000
628.209	11642.000
628.407	11587.000
628.606	11680.000
628.804	11725.000
629.003	11718.000
629.202	11642.000
629.400	11667.000
629.599	11548.000
629.798	11534.000
629.996	11644.000
630.195	11577.000
630.394	11493.000
630.592	11554.000
630.791	11784.000
630.990	11837.000
631.188	11620.000
631.387	11460.000
631.585	11495.000
631.784	11585.000
631.983	11633.000
632.181	11652.000
632.380	11708.000
632.579	11754.000
632.777	11703.000
632.976	11615.000
633.175	11564.000
633.373	11554.000
633.572	11499.000
633.770	11544.000
633.969	11649.000
634.168	11654.000
634.366	11685.000
634.565	11820.000
634.764	11759.000
634.962	11725.000
635.161	11623.000
635.360	11681.000
635.558	11620.000
635.757	11749.000
635.955	11730.000
636.154	11686.000
636.353	11646.000
636.551	11631.000
636.750	11719.000
636.949	11764.000
637.147	11779.000
637.346	11838.000
637.545	11802.000
637.743	11938.000
637.942	11834.000
638.140	11732.000
638.339	11807.000
638.538	11850.000
638.736	11798.000
638.935	11830.000
639.134	11686.000
639.332	11685.000
639.531	11801.000
639.730	11682.000
639.928	11749.000
640.127	11686.000
640.325	11733.000
640.524	11693.000
640.723	11591.000
640.921	11579.000
641.120	11688.000
641.319	11711.000
641.517	11690.000
641.716	11513.000
641.915	11565.000
642.113	11649.000
642.312	11747.000
642.510	11677.000
642.709	11654.000
642.908	11624.000
643.106	11658.000
643.305	11666.000
643.504	11776.000
643.702	11804.000
643.901	11641.000
644.100	11586.000
644.298	11687.000
644.497	11713.000
644.696	11633.000
644.894	11591.000
645.093	11553.000
645.291	11551.000
645.490	11639.000
645.689	11593.000
645.887	11681.000
646.086	11426.000
646.285	11538.000
646.483	11447.000
646.682	11397.000
646.881	11338.000
647.079	11352.000
647.278	11454.000
647.476	11310.000
647.675	11285.000
647.874	11371.000
648.072	11340.000
648.271	11446.000
648.470	11260.000
648.668	11086.000
648.867	11134.000
649.066	11217.000
649.264	11082.000
649.463	11167.000
649.661	11287.000
649.860	11194.000
650.059	11251.000
650.257	11300.000
650.456	11456.000
650.655	11452.000
650.853	11437.000
651.052	11447.000
651.251	11317.000
651.449	11342.000
651.648	11406.000
651.846	11442.000
652.045	11496.000
652.244	11519.000
652.442	11520.000
652.641	11480.000
652.840	11529.000
653.038	11497.000
653.237	11500.000
653.436	11589.000
653.634	11647.000
653.833	11486.000
654.032	11559.000
654.230	11396.000
654.429	11324.000
654.627	11343.000
654.826	11172.000
655.025	11104.000
655.223	11046.000
655.422	10819.000
655.621	10429.000
655.819	10351.000
656.018	10250.000
656.217	10201.000
656.415	10349.000
656.614	10427.000
656.812	10443.000
657.011	10508.000
657.210	10537.000
657.408	10542.000
657.607	10737.000
657.806	10876.000
658.004	10851.000
658.203	10962.000
658.402	11055.000
658.600	11085.000
658.799	11150.000
658.997	11233.000
659.196	11371.000
659.395	11480.000
659.593	11423.000
659.792	11417.000
659.991	11502.000
660.189	11464.000
660.388	11296.000
660.587	11522.000
660.785	11670.000
660.984	11676.000
661.182	11672.000
661.381	11719.000
661.580	11664.000
661.778	11622.000
661.977	11613.000
662.176	11735.000
662.374	11674.000
662.573	11644.000
662.772	11559.000
662.970	11529.000
663.169	11492.000
663.367	11458.000
663.566	11633.000
663.765	11488.000
663.963	11515.000
664.162	11649.000
664.361	11593.000
664.559	11542.000
664.758	11647.000
664.957	11581.000
665.155	11499.000
665.354	11510.000
665.552	11530.000
665.751	11580.000
665.950	11613.000
666.148	11734.000
666.347	11677.000
666.546	11525.000
666.744	11397.000
666.943	11433.000
667.142	11552.000
667.340	11653.000
667.539	11596.000
667.738	11443.000
667.936	11425.000
668.135	11482.000
668.333	11505.000
668.532	11362.000
668.731	11502.000
668.929	11535.000
669.128	11421.000
669.327	11473.000
669.525	11412.000
669.724	11466.000
669.923	11474.000
670.121	11343.000
670.320	11278.000
670.518	11334.000
670.717	11351.000
670.916	11459.000
671.114	11272.000
671.313	11250.000
671.512	11234.000
671.710	11142.000
671.909	11190.000
672.108	11148.000
672.306	11145.000
672.505	11133.000
672.703	11121.000
672.902	11078.000
673.101	11309.000
673.299	11367.000
673.498	11225.000
673.697	11105.000
673.895	10963.000
674.094	11127.000
674.293	11168.000
674.491	11048.000
674.690	11010.000
674.888	10953.000
675.087	10994.000
675.286	11046.000
675.484	11031.000
675.683	11097.000
675.882	11117.000
676.080	11037.000
676.279	10995.000
676.478	10865.000
676.676	10933.000
676.875	11054.000
677.073	11100.000
677.272	11013.000
677.471	10976.000
677.669	10899.000
677.868	11023.000
678.067	10959.000
678.265	10924.000
678.464	10857.000
678.663	10796.000
678.861	10834.000
679.060	10782.000
679.259	10806.000
679.457	10895.000
679.656	10806.000
679.854	10871.000
680.053	10897.000
680.252	10803.000
680.450	10848.000
680.649	10895.000
680.848	10735.000
681.046	10598.000
681.245	10626.000
681.444	10727.000
681.642	10820.000
681.841	10856.000
682.039	10649.000
682.238	10588.000
682.437	10482.000
682.635	10699.000
682.834	10740.000
683.033	10662.000
683.231	10585.000
683.430	10480.000
683.629	10432.000
683.827	10426.000
684.026	10538.000
684.224	10546.000
684.423	10427.000
684.622	10340.000
684.820	10354.000
685.019	10369.000
685.218	10306.000
685.416	10247.000
685.615	10116.000
685.814	9768.000
686.012	9543.000
686.211	9167.000
686.409	8969.000
686.608	8799.000
686.807	8706.000
687.005	8626.000
687.204	8613.000
687.403	8752.000
687.601	8837.000
687.800	8799.000
687.999	8805.000
688.197	8680.000
688.396	8589.000
688.594	8695.000
688.793	8681.000
688.992	8730.000
689.190	8764.000
689.389	8821.000
689.588	8869.000
689.786	8965.000
689.985	9064.000
690.184	9124.000
690.382	9071.000
690.581	9092.000
690.779	9198.000
690.978	9216.000
691.177	9146.000
691.375	9243.000
691.574	9355.000
691.773	9307.000
691.971	9390.000
692.170	9378.000
692.369	9352.000
692.567	9248.000
692.766	9229.000
692.965	9220.000
693.163	9112.000
693.362	9085.000
693.560	9095.000
693.759	9132.000
693.958	9247.000
694.156	9229.000
694.355	9271.000
694.554	9184.000
694.752	9206.000
694.951	9216.000
695.150	9333.000
695.348	9258.000
695.547	9292.000
695.745	9338.000
695.944	9440.000
696.143	9500.000
696.341	9489.000
696.540	9491.000
696.743	9409.000
696.946	9377.000
697.149	9433.000
697.352	9532.000
697.555	9458.000
697.757	9413.000
697.960	9397.000
698.163	9395.000
698.366	9317.000
698.569	9274.000
698.772	9245.000
698.975	9308.000
699.178	9295.000
699.381	9109.000
699.584	9012.000
699.787	9027.000
699.989	9177.000
700.192	9193.000
700.395	9056.000
700.598	9004.000
700.801	8984.000
701.004	8948.000
701.207	8958.000
701.410	8966.000
701.613	8928.000
701.816	8848.000
702.019	8925.000
702.221	8988.000
702.424	9122.000
702.627	9071.000
702.830	9018.000
703.033	9074.000
703.236	9044.000
703.439	9148.000
703.642	9274.000
703.845	9263.000
704.048	9158.000
704.251	9192.000
704.453	9210.000
704.656	9184.000
704.859	9063.000
705.062	9050.000
705.265	9209.000
705.468	9221.000
705.671	9337.000
705.874	9186.000
706.077	9225.000
706.280	9218.000
706.483	9064.000
706.685	9280.000
706.888	9331.000
707.091	9163.000
707.294	9082.000
707.497	9154.000
707.700	9195.000
707.903	9292.000
708.106	9170.000
708.309	9106.000
708.512	9197.000
708.715	9254.000
708.917	9258.000
709.120	9133.000
709.323	8989.000
709.526	9105.000
709.729	9139.000
709.932	9055.000
710.135	9119.000
710.338	9202.000
710.541	9198.000
710.744	9139.000
710.947	9038.000
711.149	9043.000
711.352	9091.000
711.555	9066.000
711.758	8945.000
711.961	8932.000
712.164	8964.000
712.367	9061.000
712.570	9011.000
712.773	8905.000
712.976	8840.000
713.179	8934.000
713.381	8875.000
713.584	8778.000
713.787	8836.000
713.990	8847.000
714.193	8801.000
714.396	8780.000
714.599	8764.000
714.802	8634.000
715.005	8558.000
715.208	8574.000
715.411	8531.000
715.613	8411.000
715.816	8252.000
716.019	8037.000
716.222	7851.000
716.425	7680.000
716.628	7611.000
716.831	7480.000
717.034	7285.000
717.237	7215.000
717.440	7003.000
717.643	6973.000
717.845	6766.000
718.048	6641.000
718.251	6642.000
718.454	6630.000
718.657	6470.000
718.860	6445.000
719.063	6336.000
719.266	6231.000
719.469	6307.000
719.672	6333.000
719.875	6327.000
720.077	6579.000
720.280	6709.000
720.483	6862.000
720.686	7010.000
720.889	7014.000
721.092	7083.000
721.295	7145.000
721.498	7186.000
721.701	7284.000
721.904	7353.000
722.107	7261.000
722.309	7060.000
722.512	7048.000
722.715	7000.000
722.918	6925.000
723.121	6916.000
723.324	6929.000
723.527	6910.000
723.730	6834.000
723.933	6767.000
724.136	6670.000
724.339	6631.000
724.541	6539.000
724.744	6594.000
724.947	6590.000
725.150	6597.000
725.353	6628.000
725.556	6624.000
725.759	6606.000
725.962	6593.000
726.165	6562.000
726.368	6564.000
726.571	6546.000
726.773	6483.000
726.976	6489.000
727.179	6541.000
727.382	6554.000
727.585	6553.000
727.788	6583.000
727.991	6448.000
728.194	6352.000
728.397	6370.000
728.600	6372.000
728.803	6418.000
729.005	6442.000
729.208	6497.000
729.411	6443.000
729.614	6400.000
729.817	6403.000
730.020	6387.000
730.223	6380.000
730.426	6377.000
730.629	6532.000
730.832	6612.000
731.035	6555.000
731.237	6609.000
731.440	6652.000
731.643	6727.000
731.846	6702.000
732.049	6679.000
732.252	6749.000
732.455	6731.000
732.658	6769.000
732.861	6950.000
733.064	7014.000
733.267	6977.000
733.469	6952.000
733.672	6996.000
733.875	7136.000
734.078	7160.000
734.281	7126.000
734.484	7070.000
734.687	6994.000
734.890	7001.000
735.093	7062.000
735.296	6954.000
735.499	6967.000
735.701	6965.000
735.904	7004.000
736.107	6940.000
736.310	6849.000
736.513	6989.000
736.716	7044.000
736.919	6862.000
737.122	6806.000
737.325	6892.000
737.528	6778.000
737.731	6825.000
737.933	6804.000
738.136	6898.000
738.339	6896.000
738.542	6847.000
738.745	6955.000
738.948	6901.000
739.151	6836.000
739.354	6808.000
739.557	6766.000
739.760	6773.000
739.963	6840.000
740.165	6877.000
740.368	6772.000
740.571	6732.000
740.774	6834.000
740.977	6734.000
741.180	6754.000
741.383	6730.000
741.586	6736.000
741.789	6774.000
741.992	6757.000
742.195	6768.000
742.397	6770.000
742.600	6746.000
742.803	6683.000
743.006	6764.000
743.209	6746.000
743.412	6694.000
743.615	6735.000
743.818	6683.000
744.021	6611.000
744.224	6603.000
744.427	6690.000
744.629	6891.000
744.832	6796.000
745.035	6711.000
745.238	6636.000
745.441	6611.000
745.644	6606.000
745.847	6590.000
746.050	6568.000
746.253	6566.000
746.456	6547.000
746.659	6573.000
746.861	6618.000
747.064	6610.000
747.267	6575.000
747.470	6576.000
747.673	6587.000
747.876	6481.000
748.079	6425.000
748.282	6354.000
748.485	6441.000
748.688	6499.000
748.891	6488.000
749.093	6418.000
749.296	6466.000
749.499	6470.000
749.702	6466.000
749.905	6386.000
750.108	6360.000
750.311	6330.000
750.514	6206.000
750.717	6226.000
750.920	6353.000
751.123	6270.000
751.325	6209.000
751.528	6190.000
751.731	6214.000
751.934	6202.000
752.137	6320.000
752.340	6333.000
752.543	6266.000
752.746	6258.000
752.949	6183.000
753.152	6198.000
753.355	6082.000
753.557	6045.000
753.760	6089.000
753.963	6132.000
754.166	6087.000
754.369	6084.000
754.572	6082.000
754.775	6016.000
754.978	6097.000
755.181	6129.000
755.384	6108.000
755.587	6042.000
755.789	5967.000
755.992	6021.000
756.195	6063.000
756.398	6053.000
756.601	6041.000
756.804	5989.000
757.007	5949.000
757.210	5962.000
757.413	5954.000
757.616	5860.000
757.819	5705.000
758.021	5571.000
758.224	5315.000
758.427	4978.000
758.630	4634.000
758.833	4243.000
759.036	3841.000
759.239	3547.000
759.442	3270.000
759.645	2976.000
759.848	2743.000
760.051	2598.000
760.253	2710.000
760.456	2789.000
760.659	2812.000
760.862	2785.000
761.065	2761.000
761.268	2694.000
761.471	2606.000
761.674	2551.000
761.877	2604.000
762.080	2539.000
762.283	2509.000
762.485	2520.000
762.688	2599.000
762.891	2671.000
763.094	2719.000
763.297	2816.000
763.500	2853.000
763.706	2965.000
763.912	3062.000
764.118	3170.000
764.325	3286.000
764.531	3333.000
764.737	3507.000
764.943	3618.000
765.149	3648.000
765.355	3681.000
765.561	3791.000
765.768	3957.000
765.974	4055.000
766.180	4219.000
766.386	4282.000
766.592	4363.000
766.798	4547.000
767.004	4660.000
767.210	4732.000
767.417	4742.000
767.623	4694.000
767.829	4765.000
768.035	4832.000
768.241	4854.000
768.447	4935.000
768.653	4945.000
768.860	4947.000
769.066	4958.000
769.272	4988.000
769.478	5065.000
769.684	5133.000
769.890	5024.000
770.096	5012.000
770.303	5159.000
770.509	5138.000
770.715	5035.000
770.921	5098.000
771.127	5146.000
771.333	5007.000
771.539	5054.000
771.745	5154.000
771.952	5118.000
772.158	5085.000
772.364	5131.000
772.570	5173.000
772.776	5129.000
772.982	5094.000
773.188	5109.000
773.395	4997.000
773.601	4934.000
773.807	4978.000
774.013	5066.000
774.219	5086.000
774.425	4967.000
774.631	5037.000
774.838	5049.000
775.044	5014.000
775.250	4943.000
775.456	4943.000
775.662	4925.000
775.868	4879.000
776.074	4857.000
776.281	4933.000
776.487	4873.000
776.693	4893.000
776.899	4918.000
777.105	4941.000
777.311	4942.000
777.517	4922.000
777.723	4881.000
777.930	4810.000
778.136	4762.000
778.342	4845.000
778.548	4834.000
778.754	4796.000
778.960	4857.000
779.166	4772.000
779.373	4807.000
779.579	4778.000
779.785	4702.000
779.991	4699.000
780.197	4712.000
780.403	4839.000
780.609	4812.000
780.816	4748.000
781.022	4731.000
781.228	4659.000
781.434	4722.000
781.640	4695.000
781.846	4612.000
782.052	4605.000
782.259	4685.000
782.465	4698.000
782.671	4618.000
782.877	4610.000
783.083	4559.000
783.289	4602.000
783.495	4596.000
783.701	4460.000
783.908	4485.000
784.114	4583.000
784.320	4538.000
784.526	4475.000
784.732	4469.000
784.938	4492.000
785.144	4515.000
785.351	4495.000
785.557	4387.000
785.763	4372.000
785.969	4343.000
786.175	4485.000
786.381	4334.000
786.587	4340.000
786.794	4428.000
787.000	4345.000
787.206	4327.000
787.412	4300.000
787.618	4278.000
787.824	4304.000
788.030	4259.000
788.236	4249.000
788.443	4204.000
788.649	4159.000
788.855	4123.000
789.061	4218.000
789.267	4138.000
789.473	4146.000
789.679	4203.000
789.886	4121.000
790.092	4101.000
790.298	4052.000
790.504	4042.000
790.710	4132.000
790.916	4105.000
791.122	3982.000
791.329	4004.000
791.535	3986.000
791.741	3954.000
791.947	3889.000
792.153	3891.000
792.359	3883.000
792.565	3913.000
792.771	3940.000
792.978	3926.000
793.184	3882.000
793.390	3868.000
793.596	3920.000
793.802	3921.000
794.008	3852.000
794.214	3783.000
794.421	3878.000
794.627	3875.000
794.833	3792.000
795.039	3807.000
795.245	3818.000
795.451	3760.000
795.657	3785.000
795.864	3721.000
796.070	3679.000
796.276	3745.000
796.482	3773.000
796.688	3799.000
796.894	3746.000
797.100	3710.000
797.307	3716.000
797.513	3691.000
797.719	3701.000
797.925	3823.000
798.131	3770.000
798.337	3693.000
798.543	3703.000
798.749	3662.000
798.956	3651.000
799.162	3665.000
799.368	3628.000
799.574	3622.000
799.780	3593.000
799.986	3688.000
800.192	3688.000
800.399	3691.000
800.605	3643.000
800.811	3625.000
801.017	3632.000
801.223	3548.000
801.429	3507.000
801.635	3565.000
801.842	3515.000
802.048	3553.000
802.254	3616.000
802.460	3523.000
802.666	3460.000
802.872	3501.000
803.078	3506.000
803.285	3413.000
803.491	3409.000
803.697	3362.000
803.903	3332.000
804.109	3425.000
804.315	3445.000
804.521	3454.000
804.727	3503.000
804.934	3467.000
805.140	3500.000
805.346	3408.000
805.552	3494.000
805.758	3481.000
805.964	3380.000
806.170	3361.000
806.377	3334.000
806.583	3387.000
806.789	3413.000
806.995	3377.000
807.201	3390.000
807.407	3335.000
807.613	3268.000
807.820	3240.000
808.026	3246.000
808.232	3294.000
808.438	3280.000
808.644	3289.000
808.850	3270.000
809.056	3276.000
809.262	3222.000
809.469	3178.000
809.675	3221.000
809.881	3224.000
810.087	3207.000
810.293	3135.000
810.499	3154.000
810.705	3144.000
810.912	3094.000
811.118	3048.000
811.324	3028.000
811.530	2994.000
811.739	2971.000
811.947	2937.000
812.156	2924.000
812.365	2915.000
812.573	2840.000
812.782	2796.000
812.990	2810.000
813.199	2742.000
813.408	2696.000
813.616	2698.000
813.825	2647.000
814.034	2608.000
814.242	2601.000
814.451	2619.000
814.659	2543.000
814.868	2480.000
815.077	2430.000
815.285	2395.000
815.494	2317.000
815.703	2322.000
815.911	2404.000
816.120	2450.000
816.329	2414.000
816.537	2304.000
816.746	2330.000
816.954	2350.000
817.163	2343.000
817.372	2369.000
817.580	2351.000
817.789	2340.000
817.998	2298.000
818.206	2301.000
818.415	2354.000
818.624	2365.000
818.832	2312.000
819.041	2250.000
819.249	2297.000
819.458	2325.000
819.667	2430.000
819.875	2496.000
820.084	2455.000
820.293	2443.000
820.501	2453.000
820.710	2504.000
820.919	2450.000
821.127	2411.000
821.336	2317.000
821.544	2274.000
821.753	2214.000
821.962	2170.000
822.170	2121.000
822.379	2210.000
822.588	2204.000
822.796	2181.000
823.005	2259.000
823.213	2236.000
823.422	2226.000
823.631	2256.000
823.839	2290.000
824.048	2352.000
824.257	2417.000
824.465	2403.000
824.674	2357.000
824.883	2333.000
825.091	2406.000
825.300	2469.000
825.508	2398.000
825.717	2473.000
825.926	2484.000
826.134	2365.000
826.343	2382.000
826.552	2394.000
826.760	2398.000
826.969	2340.000
827.178	2334.000
827.386	2296.000
827.595	2274.000
827.803	2326.000
828.012	2311.000
828.221	2235.000
828.429	2297.000
828.638	2335.000
828.847	2285.000
829.055	2238.000
829.264	2222.000
829.472	2220.000
829.681	2189.000
829.890	2292.000
830.098	2294.000
830.307	2246.000
830.516	2324.000
830.724	2270.000
830.933	2165.000
831.142	2160.000
831.350	2243.000
831.559	2206.000
831.767	2182.000
831.976	2162.000
832.185	2169.000
832.393	2216.000
832.602	2184.000
832.811	2188.000
833.019	2166.000
833.228	2205.000
833.437	2212.000
833.645	2166.000
833.854	2239.000
834.062	2243.000
834.271	2186.000
834.480	2172.000
834.688	2237.000
834.897	2217.000
835.106	2210.000
835.314	2164.000
835.523	2129.000
835.731	2306.000
835.940	2284.000
836.149	2201.000
836.357	2237.000
836.566	2220.000
836.775	2270.000
836.983	2309.000
837.192	2214.000
837.401	2169.000
837.609	2133.000
837.818	2172.000
838.026	2245.000
838.235	2295.000
838.444	2249.000
838.652	2226.000
838.861	2253.000
839.070	2281.000
839.278	2206.000
839.487	2194.000
839.696	2254.000
839.904	2190.000
840.113	2159.000
840.321	2188.000
840.530	2178.000
840.739	2223.000
840.947	2226.000
841.156	2187.000
841.365	2206.000
841.573	2194.000
841.782	2214.000
841.991	2236.000
842.199	2204.000
842.408	2129.000
842.616	2146.000
842.825	2133.000
843.034	2140.000
843.242	2145.000
843.451	2135.000
843.660	2160.000
843.868	2137.000
844.077	2090.000
844.285	2148.000
844.494	2167.000
844.703	2229.000
844.911	2135.000
845.120	2114.000
845.329	2129.000
845.537	2092.000
845.746	2076.000
845.955	2091.000
846.163	2130.000
846.372	2070.000
846.580	2071.000
846.789	2078.000
846.998	2040.000
847.206	2021.000
847.415	2009.000
847.624	2032.000
847.832	2031.000
848.041	1993.000
848.250	2007.000
848.458	2005.000
848.667	2010.000
848.875	1951.000
849.084	1931.000
849.293	1913.000
849.501	1905.000
849.710	1918.000
849.919	1942.000
850.127	1931.000
850.336	1907.000
850.544	1925.000
850.753	1898.000
850.962	1856.000
851.170	1881.000
851.379	1942.000
851.588	1942.000
851.796	1911.000
852.005	1874.000
852.214	1890.000
852.422	1916.000
852.631	1862.000
852.839	1794.000
853.048	1761.000
853.257	1710.000
853.465	1666.000
853.674	1704.000
853.883	1720.000
854.091	1705.000
854.300	1764.000
854.509	1706.000
854.717	1715.000
854.926	1745.000
855.134	1742.000
855.343	1765.000
855.552	1718.000
855.760	1694.000
855.969	1758.000
856.178	1739.000
856.386	1688.000
856.595	1721.000
856.803	1772.000
857.012	1775.000
857.221	1757.000
857.429	1762.000
857.638	1744.000
857.847	1799.000
858.055	1769.000
858.264	1727.000
858.473	1765.000
858.681	1787.000
858.890	1806.000
859.098	1781.000
859.307	1758.000
859.516	1746.000
859.724	1705.000
859.933	1741.000
860.142	1782.000
860.350	1754.000
860.559	1636.000
860.768	1656.000
860.976	1680.000
861.185	1717.000
861.393	1740.000
861.602	1676.000
861.811	1657.000
862.019	1701.000
862.228	1699.000
862.437	1702.000
862.645	1714.000
862.854	1713.000
863.062	1696.000
863.271	1715.000
863.480	1692.000
863.688	1633.000
863.897	1634.000
864.106	1595.000
864.314	1597.000
864.523	1629.000
864.732	1620.000
864.940	1541.000
865.149	1524.000
865.357	1552.000
865.566	1521.000
865.775	1504.000
865.983	1497.000
866.192	1449.000
866.401	1466.000
866.609	1518.000
866.818	1470.000
867.027	1455.000
867.235	1470.000
867.444	1415.000
867.652	1443.000
867.861	1438.000
868.070	1437.000
868.278	1455.000
868.487	1443.000
868.696	1519.000
868.904	1530.000
869.113	1456.000
869.321	1450.000
869.530	1453.000
869.739	1460.000
869.947	1443.000
870.156	1384.000
870.365	1408.000
870.573	1368.000
870.782	1388.000
870.991	1473.000
871.199	1450.000
871.408	1382.000
871.616	1364.000
871.825	1425.000
872.034	1351.000
872.242	1320.000
872.451	1375.000
872.660	1389.000
872.868	1402.000
873.077	1422.000
873.286	1355.000
873.494	1313.000
873.703	1358.000
873.911	1406.000
874.120	1384.000
874.329	1392.000
874.537	1325.000
874.746	1312.000
874.955	1285.000
875.163	1298.000
875.372	1353.000
875.581	1335.000
875.789	1300.000
875.998	1249.000
876.206	1238.000
876.415	1256.000
876.624	1298.000
876.832	1304.000
877.041	1301.000
877.250	1343.000
877.458	1374.000
877.667	1255.000
877.875	1171.000
878.084	1193.000
878.293	1223.000
878.501	1222.000
878.710	1245.000
878.919	1242.000
879.127	1189.000
879.336	1205.000
879.545	1201.000
879.753	1195.000
879.962	1227.000
880.170	1213.000
880.379	1165.000
880.588	1140.000
880.796	1164.000
881.005	1187.000
881.214	1187.000
881.422	1208.000
881.631	1188.000
881.840	1180.000
882.048	1178.000
882.257	1170.000
882.465	1154.000
882.674	1204.000
882.883	1217.000
883.091	1225.000
883.300	1211.000
883.509	1146.000
883.717	1117.000
883.926	1149.000
884.134	1190.000
884.343	1126.000
884.552	1101.000
884.760	1101.000
884.969	1108.000
885.178	1190.000
885.386	1206.000
885.595	1076.000
885.804	1099.000
886.012	1091.000
886.221	1038.000
886.429	1045.000
886.638	1038.000
886.847	1042.000
887.055	1084.000
887.264	1135.000
887.473	1082.000
887.681	1083.000
887.890	1071.000
888.099	1072.000
888.307	1069.000
888.516	1035.000
888.724	1053.000
888.933	1060.000
889.142	1016.000
889.350	1036.000
889.559	1019.000
889.768	1004.000
889.976	1006.000
890.185	986.000
890.393	984.000
890.602	978.000
890.811	966.000
891.019	1019.000
891.228	1080.000
891.437	1028.000
891.645	987.000
891.854	993.000
892.063	1008.000
892.271	976.000
892.480	953.000
892.688	930.000
892.897	953.000
893.106	1009.000
893.314	1002.000
893.523	969.000
893.732	896.000
893.940	856.000
894.149	880.000
894.358	892.000
894.566	859.000
894.775	846.000
894.983	880.000
895.192	858.000
895.401	867.000
895.609	839.000
895.818	823.000
896.027	828.000
896.235	824.000
896.444	846.000
896.652	809.000
896.861	830.000
897.070	832.000
897.278	742.000
897.487	744.000
897.696	790.000
897.904	729.000
898.113	662.000
898.322	682.000
898.530	740.000
898.739	723.000
898.947	714.000
899.156	702.000
899.365	711.000
899.573	762.000
899.782	747.000
899.991	687.000
900.199	698.000
900.408	726.000
900.617	718.000
900.825	672.000
901.034	692.000
901.242	701.000
901.451	713.000
901.660	732.000
901.868	710.000
902.077	709.000
902.286	741.000
902.494	766.000
902.703	764.000
902.911	792.000
903.120	813.000
903.329	781.000
903.537	783.000
903.746	805.000
903.955	775.000
904.163	766.000
904.372	788.000
904.581	767.000
904.789	773.000
904.998	786.000
905.206	786.000
905.415	783.000
905.624	760.000
905.832	700.000
906.041	684.000
906.250	715.000
906.458	722.000
906.667	656.000
906.876	616.000
907.084	674.000
907.293	638.000
907.501	608.000
907.710	603.000
907.919	691.000
908.127	725.000
908.336	673.000
908.545	643.000
908.753	646.000
908.962	626.000
909.170	657.000
909.379	643.000
909.588	615.000
909.796	597.000
910.005	611.000
910.214	628.000
910.422	697.000
910.631	699.000
910.840	615.000
911.048	581.000
911.257	670.000
911.465	702.000
911.674	660.000
911.883	627.000
912.091	647.000
912.300	626.000
912.508	570.000
912.716	518.000
912.924	586.000
913.132	618.000
913.340	597.000
913.549	604.000
913.757	603.000
913.965	537.000
914.173	552.000
914.381	577.000
914.589	558.000
914.797	543.000
915.005	560.000
915.213	577.000
915.421	537.000
915.629	554.000
915.838	542.000
916.046	551.000
916.254	565.000
916.462	593.000
916.670	568.000
916.878	518.000
917.086	542.000
917.294	569.000
917.502	582.000
917.710	613.000
917.919	563.000
918.127	552.000
918.335	574.000
918.543	588.000
918.751	586.000
918.959	575.000
919.167	562.000
919.375	587.000
919.583	623.000
919.791	589.000
919.999	575.000
920.208	582.000
920.416	524.000
920.624	524.000
920.832	569.000
921.040	605.000
921.248	591.000
921.456	583.000
921.664	561.000
921.872	527.000
922.080	537.000
922.288	554.000
922.497	570.000
922.705	574.000
922.913	547.000
923.121	505.000
923.329	518.000
923.537	557.000
923.745	538.000
923.953	525.000
924.161	516.000
924.369	498.000
924.578	538.000
924.786	523.000
924.994	509.000
925.202	495.000
925.410	478.000
925.618	524.000
925.826	575.000
926.034	545.000
926.242	502.000
926.450	476.000
926.658	511.000
926.867	521.000
927.075	455.000
927.283	464.000
927.491	462.000
927.699	459.000
927.907	465.000
928.115	438.000
928.323	440.000
928.531	381.000
928.739	331.000
928.947	317.000
929.156	322.000
929.364	370.000
929.572	386.000
929.780	362.000
929.988	330.000
930.196	326.000
930.404	336.000
930.612	315.000
930.820	265.000
931.028	260.000
931.236	275.000
931.445	228.000
931.653	251.000
931.861	281.000
932.069	248.000
932.277	234.000
932.485	217.000
932.693	187.000
932.901	210.000
933.109	184.000
933.317	185.000
933.526	214.000
933.734	212.000
933.942	183.000
934.150	134.000
934.358	126.000
934.566	162.000
934.774	182.000
934.982	173.000
935.190	147.000
935.398	178.000
935.606	139.000
935.815	120.000
936.023	180.000
936.231	188.000
936.439	169.000
936.647	163.000
936.855	123.000
937.063	155.000
937.271	203.000
937.479	188.000
937.687	153.000
937.895	163.000
938.104	194.000
938.312	223.000
938.520	217.000
938.728	190.000
938.936	225.000
939.144	189.000
939.352	196.000
939.560	204.000
939.768	216.000
939.976	230.000
940.185	216.000
940.393	214.000
940.601	199.000
940.809	148.000
941.017	159.000
941.225	163.000
941.433	191.000
941.641	217.000
941.849	212.000
942.057	224.000
942.265	197.000
942.474	169.000
942.682	186.000
942.890	139.000
943.098	129.000
943.306	128.000
943.514	190.000
943.722	212.000
943.930	193.000
944.138	154.000
944.346	110.000
944.554	131.000
944.763	130.000
944.971	139.000
945.179	128.000
945.387	160.000
945.595	144.000
945.803	191.000
946.011	157.000
946.219	111.000
946.427	178.000
946.635	159.000
946.843	127.000
947.052	167.000
947.260	167.000
947.468	187.000
947.676	202.000
947.884	214.000
948.092	215.000
948.300	207.000
948.508	146.000
948.716	109.000
948.924	134.000
949.133	127.000
949.341	157.000
949.549	190.000
949.757	193.000
949.965	198.000
950.173	180.000
950.381	142.000
950.589	180.000
950.797	181.000
951.005	157.000
951.213	160.000
951.422	135.000
951.630	151.000
951.838	140.000
952.046	151.000
952.254	219.000
952.462	223.000
952.670	138.000
952.878	130.000
953.086	143.000
953.294	156.000
953.502	213.000
953.711	195.000
953.919	162.000
954.127	175.000
954.335	162.000
954.543	158.000
954.751	218.000
954.959	170.000
955.167	162.000
955.375	167.000
955.583	175.000
955.792	181.000
956.000	209.000
956.208	180.000
956.416	140.000
956.624	137.000
956.832	158.000
957.040	155.000
957.248	156.000
957.456	224.000
957.664	194.000
957.872	162.000
958.081	156.000
958.289	154.000
958.497	155.000
958.705	155.000
958.913	155.000
959.121	118.000
959.329	122.000
959.537	167.000
959.745	174.000
959.953	185.000
960.161	168.000
960.370	174.000
960.578	173.000
960.786	146.000
960.994	134.000
961.202	111.000
961.410	116.000
961.618	174.000
961.826	187.000
962.034	186.000
962.242	201.000
962.451	194.000
962.659	153.000
962.867	113.000
963.075	118.000
963.283	181.000
963.491	218.000
963.699	208.000
963.907	162.000
964.115	141.000
964.323	169.000
964.531	166.000
964.740	164.000
964.948	182.000
965.156	164.000
965.364	134.000
965.572	183.000
965.780	160.000
965.999	137.000
966.218	157.000
966.438	193.000
966.657	196.000
966.876	206.000
967.095	177.000
967.315	162.000
967.534	178.000
967.753	222.000
967.972	206.000
968.192	197.000
968.411	215.000
968.630	199.000
968.849	180.000
969.068	214.000
969.288	219.000
969.507	219.000
969.726	217.000
969.945	228.000
970.165	205.000
970.384	180.000
970.603	194.000
970.822	206.000
971.042	217.000
971.261	208.000
971.480	168.000
971.699	153.000
971.919	182.000
972.138	159.000
972.357	184.000
972.576	189.000
972.795	212.000
973.015	183.000
973.234	191.000
973.453	185.000
973.672	212.000
973.892	184.000
974.111	159.000
974.330	140.000
974.549	195.000
974.769	207.000
974.988	186.000
975.207	167.000
975.426	177.000
975.646	178.000
975.865	137.000
976.084	135.000
976.303	171.000
976.522	193.000
976.742	189.000
976.961	165.000
977.180	170.000
977.399	172.000
977.619	170.000
977.838	208.000
978.057	169.000
978.276	149.000
978.496	129.000
978.715	162.000
978.934	190.000
979.153	195.000
979.372	194.000
979.592	158.000
979.811	148.000
980.030	156.000
980.249	130.000
980.469	181.000
980.688	185.000
980.907	181.000
981.126	190.000
981.346	181.000
981.565	201.000
981.784	151.000
982.003	147.000
982.223	170.000
982.442	159.000
982.661	147.000
982.880	128.000
983.099	138.000
983.319	175.000
983.538	165.000
983.757	148.000
983.976	189.000
984.196	180.000
984.415	135.000
984.634	147.000
984.853	176.000
985.073	182.000
985.292	184.000
985.511	168.000
985.730	158.000
985.949	158.000
986.169	120.000
986.388	122.000
986.607	145.000
986.826	164.000
987.046	142.000
987.265	138.000
987.484	121.000
987.703	143.000
987.923	141.000
988.142	114.000
988.361	95.000
988.580	118.000
988.800	126.000
989.019	146.000
989.238	191.000
989.457	151.000
989.676	142.000
989.896	142.000
990.115	138.000
990.334	144.000
990.553	84.000
990.773	98.000
990.992	158.000
991.211	122.000
991.430	152.000
991.650	157.000
991.869	133.000
992.088	142.000
992.307	193.000
992.527	187.000
992.746	134.000
992.965	124.000
993.184	168.000
993.403	140.000
993.623	114.000
993.842	81.000
994.061	127.000
994.280	123.000
994.500	132.000
994.719	147.000
994.938	99.000
995.157	74.000
995.377	132.000
995.596	146.000
995.815	123.000
996.034	101.000
996.253	114.000
996.473	116.000
996.692	143.000
996.911	171.000
997.130	119.000
997.350	119.000
997.569	118.000
997.788	121.000
998.007	172.000
998.227	155.000
998.446	110.000
998.665	87.000
998.884	122.000
999.104	91.000
999.323	69.000
999.542	137.000
999.761	96.000
999.980	97.000
1000.200	152.000
1000.419	152.000
1000.638	127.000
1000.857	98.000
1001.077	102.000
1001.296	104.000
1001.515	93.000
1001.734	120.000
1001.954	135.000
1002.173	131.000
1002.392	89.000
1002.611	108.000
1002.830	98.000
1003.050	130.000
1003.269	114.000
1003.488	101.000
1003.707	101.000
1003.927	96.000
1004.146	108.000
1004.365	146.000
1004.584	131.000
1004.804	136.000
1005.023	124.000
1005.242	84.000
1005.461	85.000
1005.681	80.000
1005.900	100.000
1006.119	80.000
1006.338	94.000
1006.557	97.000
1006.777	74.000
1006.996	102.000
1007.215	111.000
1007.434	107.000
1007.654	85.000
1007.873	93.000
1008.092	114.000
1008.311	96.000
1008.531	95.000
1008.750	99.000
1008.969	102.000
1009.188	67.000
1009.407	68.000
1009.627	83.000
1009.846	74.000
1010.065	84.000
1010.284	92.000
1010.504	158.000
1010.723	142.000
1010.942	106.000
1011.161	76.000
1011.381	109.000
1011.600	138.000
1011.819	74.000
1012.038	43.000
1012.258	100.000
1012.477	122.000
1012.696	144.000
1012.915	138.000
1013.134	108.000
1013.354	72.000
1013.573	108.000
1013.792	127.000
1014.011	76.000
1014.231	19.000
1014.450	45.000
1014.669	52.000
1014.888	60.000
1015.108	99.000
1015.327	118.000
1015.546	94.000
1015.765	91.000
1015.984	101.000
1016.204	110.000
1016.423	68.000
1016.642	71.000
1016.861	87.000
1017.081	91.000
1017.300	98.000
1017.519	85.000
