296.912	223.000
297.101	111.000
297.290	90.000
297.479	141.000
297.668	82.000
297.858	136.000
298.047	233.000
298.236	151.000
298.425	102.000
298.614	102.000
298.803	80.000
298.992	117.000
299.181	131.000
299.370	112.000
299.559	93.000
299.748	143.000
299.937	185.000
300.126	218.000
300.315	100.000
300.504	75.000
300.693	148.000
300.882	110.000
301.071	103.000
301.260	114.000
301.449	96.000
301.638	123.000
301.827	134.000
302.016	123.000
302.205	147.000
302.395	118.000
302.584	119.000
302.773	169.000
302.962	145.000
303.151	97.000
303.340	41.000
303.529	8.000
303.718	93.000
303.907	152.000
304.096	135.000
304.285	115.000
304.474	159.000
304.663	172.000
304.852	112.000
305.041	140.000
305.230	178.000
305.419	187.000
305.608	183.000
305.797	125.000
305.986	52.000
306.175	-4.000
306.364	45.000
306.553	82.000
306.743	114.000
306.932	125.000
307.121	163.000
307.310	146.000
307.499	92.000
307.688	47.000
307.877	94.000
308.066	84.000
308.255	138.000
308.444	206.000
308.633	117.000
308.822	62.000
309.011	70.000
309.200	182.000
309.389	212.000
309.578	58.000
309.767	105.000
309.956	179.000
310.145	122.000
310.334	53.000
310.523	123.000
310.712	143.000
310.901	72.000
311.091	117.000
311.280	166.000
311.469	126.000
311.658	234.000
311.847	184.000
312.036	65.000
312.225	87.000
312.414	56.000
312.603	71.000
312.792	173.000
312.981	147.000
313.170	87.000
313.349	110.000
313.527	127.000
313.706	75.000
313.884	129.000
314.063	179.000
314.241	173.000
314.420	267.000
314.598	169.000
314.777	146.000
314.955	78.000
315.134	103.000
315.312	96.000
315.491	73.000
315.669	93.000
315.848	146.000
316.027	107.000
316.205	156.000
316.384	106.000
316.562	146.000
316.741	99.000
316.919	108.000
317.098	111.000
317.276	46.000
317.455	95.000
317.633	154.000
317.812	209.000
317.990	102.000
318.169	108.000
318.347	125.000
318.526	189.000
318.705	144.000
318.883	115.000
319.062	103.000
319.240	176.000
319.419	106.000
319.597	176.000
319.776	256.000
319.954	123.000
320.133	84.000
320.311	90.000
320.490	192.000
320.668	160.000
320.847	71.000
321.025	99.000
321.204	202.000
321.382	175.000
321.561	55.000
321.740	105.000
321.918	120.000
322.097	114.000
322.275	95.000
322.454	90.000
322.632	81.000
322.811	94.000
322.989	58.000
323.168	105.000
323.346	18.000
323.525	52.000
323.703	49.000
323.882	13.000
324.060	99.000
324.239	183.000
324.418	160.000
324.596	167.000
324.775	78.000
324.953	12.000
325.132	111.000
325.310	192.000
325.489	116.000
325.667	132.000
325.846	85.000
326.024	138.000
326.203	202.000
326.381	136.000
326.560	170.000
326.738	139.000
326.917	128.000
327.096	76.000
327.274	169.000
327.453	186.000
327.631	76.000
327.810	74.000
327.988	90.000
328.167	55.000
328.345	24.000
328.524	37.000
328.702	86.000
328.881	79.000
329.059	63.000
329.238	89.000
329.416	147.000
329.595	144.000
329.774	135.000
329.952	177.000
330.131	183.000
330.309	208.000
330.488	201.000
330.666	134.000
330.845	116.000
331.023	116.000
331.202	63.000
331.380	84.000
331.559	149.000
331.737	111.000
331.916	-11.000
332.094	97.000
332.273	197.000
332.452	89.000
332.630	89.000
332.809	99.000
332.987	104.000
333.166	179.000
333.344	198.000
333.523	177.000
333.701	88.000
333.880	138.000
334.058	147.000
334.237	146.000
334.415	199.000
334.594	155.000
334.772	24.000
334.951	49.000
335.129	71.000
335.308	210.000
335.487	209.000
335.665	154.000
335.844	241.000
336.022	313.000
336.201	137.000
336.379	108.000
336.558	194.000
336.736	197.000
336.915	216.000
337.093	243.000
337.272	119.000
337.450	75.000
337.629	69.000
337.807	50.000
337.986	103.000
338.165	131.000
338.343	142.000
338.522	185.000
338.700	170.000
338.879	116.000
339.057	185.000
339.236	228.000
339.414	173.000
339.593	116.000
339.771	184.000
339.950	193.000
340.128	149.000
340.307	161.000
340.485	159.000
340.664	180.000
340.843	161.000
341.021	134.000
341.200	112.000
341.378	153.000
341.557	186.000
341.735	117.000
341.914	43.000
342.092	121.000
342.271	199.000
342.449	148.000
342.628	69.000
342.806	103.000
342.985	223.000
343.163	180.000
343.342	116.000
343.521	92.000
343.699	32.000
343.878	54.000
344.056	117.000
344.235	50.000
344.413	104.000
344.592	188.000
344.770	82.000
344.949	122.000
345.127	127.000
345.306	182.000
345.484	105.000
345.663	132.000
345.841	224.000
346.020	228.000
346.199	131.000
346.377	59.000
346.556	199.000
346.734	234.000
346.913	130.000
347.091	170.000
347.270	222.000
347.448	144.000
347.627	128.000
347.805	151.000
347.984	95.000
348.162	80.000
348.341	161.000
348.519	212.000
348.698	113.000
348.876	85.000
349.055	114.000
349.234	182.000
349.412	173.000
349.591	84.000
349.769	76.000
349.948	165.000
350.126	210.000
350.305	266.000
350.483	248.000
350.662	136.000
350.840	153.000
351.019	66.000
351.197	139.000
351.376	156.000
351.554	129.000
351.733	138.000
351.912	155.000
352.090	196.000
352.269	137.000
352.447	117.000
352.626	121.000
352.804	198.000
352.983	179.000
353.161	155.000
353.340	157.000
353.518	96.000
353.697	117.000
353.875	171.000
354.054	190.000
354.232	225.000
354.411	185.000
354.590	178.000
354.768	162.000
354.947	105.000
355.125	69.000
355.304	65.000
355.482	89.000
355.661	139.000
355.839	140.000
356.018	129.000
356.196	127.000
356.375	130.000
356.553	146.000
356.732	89.000
356.910	89.000
357.089	144.000
357.268	170.000
357.446	176.000
357.625	145.000
357.803	140.000
357.982	130.000
358.160	102.000
358.339	180.000
358.517	163.000
358.696	153.000
358.874	90.000
359.053	143.000
359.231	73.000
359.410	80.000
359.588	138.000
359.767	225.000
359.945	217.000
360.124	138.000
360.303	93.000
360.481	33.000
360.660	90.000
360.838	177.000
361.017	133.000
361.195	133.000
361.374	140.000
361.552	148.000
361.731	152.000
361.909	173.000
362.088	84.000
362.266	111.000
362.445	69.000
362.623	121.000
362.802	157.000
362.981	127.000
363.159	220.000
363.338	197.000
363.516	206.000
363.695	192.000
363.873	150.000
364.052	151.000
364.230	240.000
364.409	188.000
364.587	188.000
364.766	173.000
364.944	264.000
365.123	289.000
365.301	209.000
365.480	160.000
365.660	171.000
365.839	209.000
366.019	278.000
366.199	210.000
366.379	148.000
366.558	131.000
366.738	219.000
366.918	213.000
367.098	53.000
367.277	52.000
367.457	121.000
367.637	106.000
367.816	144.000
367.996	206.000
368.176	201.000
368.356	248.000
368.535	187.000
368.715	241.000
368.895	234.000
369.075	151.000
369.254	156.000
369.434	237.000
369.614	274.000
369.793	206.000
369.973	228.000
370.153	156.000
370.333	146.000
370.512	145.000
370.692	178.000
370.872	173.000
371.051	164.000
371.231	268.000
371.411	245.000
371.591	148.000
371.770	188.000
371.950	198.000
372.130	129.000
372.310	85.000
372.489	108.000
372.669	141.000
372.849	138.000
373.028	205.000
373.208	210.000
373.388	158.000
373.568	169.000
373.747	190.000
373.927	120.000
374.107	106.000
374.287	140.000
374.466	137.000
374.646	153.000
374.826	165.000
375.005	140.000
375.185	219.000
375.365	317.000
375.545	269.000
375.724	202.000
375.904	209.000
376.084	164.000
376.263	113.000
376.443	153.000
376.623	164.000
376.803	213.000
376.982	251.000
377.162	166.000
377.342	156.000
377.522	231.000
377.701	198.000
377.881	133.000
378.061	208.000
378.240	202.000
378.420	167.000
378.600	210.000
378.780	226.000
378.959	153.000
379.139	154.000
379.319	216.000
379.499	228.000
379.678	240.000
379.858	234.000
380.038	155.000
380.217	228.000
380.397	231.000
380.577	237.000
380.757	152.000
380.936	200.000
381.116	177.000
381.296	131.000
381.476	168.000
381.655	189.000
381.835	161.000
382.015	93.000
382.194	180.000
382.374	275.000
382.554	271.000
382.734	221.000
382.913	226.000
383.093	246.000
383.273	133.000
383.452	196.000
383.632	185.000
383.812	165.000
383.992	173.000
384.171	187.000
384.351	137.000
384.531	185.000
384.711	163.000
384.890	84.000
385.070	117.000
385.250	174.000
385.429	226.000
385.609	213.000
385.789	188.000
385.969	166.000
386.148	164.000
386.328	175.000
386.508	209.000
386.688	176.000
386.867	130.000
387.047	205.000
387.227	189.000
387.406	202.000
387.586	161.000
387.766	222.000
387.946	238.000
388.125	178.000
388.305	134.000
388.485	156.000
388.664	265.000
388.844	209.000
389.024	189.000
389.204	218.000
389.383	203.000
389.563	152.000
389.743	139.000
389.923	143.000
390.102	118.000
390.282	128.000
390.462	181.000
390.641	155.000
390.821	107.000
391.001	187.000
391.181	171.000
391.360	206.000
391.540	280.000
391.720	267.000
391.900	206.000
392.079	128.000
392.259	170.000
392.439	240.000
392.618	231.000
392.798	209.000
392.978	141.000
393.158	100.000
393.337	176.000
393.517	248.000
393.697	265.000
393.877	320.000
394.056	260.000
394.236	311.000
394.416	225.000
394.595	162.000
394.775	179.000
394.955	190.000
395.135	177.000
395.314	213.000
395.494	360.000
395.674	298.000
395.853	193.000
396.033	282.000
396.213	268.000
396.393	246.000
396.572	271.000
396.752	241.000
396.932	285.000
397.112	279.000
397.291	266.000
397.471	287.000
397.651	248.000
397.830	181.000
398.010	251.000
398.190	300.000
398.370	286.000
398.549	317.000
398.729	319.000
398.909	301.000
399.089	315.000
399.268	369.000
399.448	439.000
399.628	416.000
399.807	361.000
399.987	395.000
400.167	398.000
400.347	422.000
400.526	494.000
400.706	345.000
400.886	356.000
401.065	373.000
401.245	385.000
401.425	425.000
401.605	400.000
401.784	441.000
401.964	467.000
402.144	459.000
402.324	435.000
402.503	449.000
402.683	508.000
402.863	477.000
403.042	460.000
403.222	458.000
403.402	545.000
403.582	518.000
403.761	475.000
403.941	589.000
404.121	521.000
404.301	468.000
404.480	619.000
404.660	701.000
404.844	723.000
405.029	623.000
405.213	635.000
405.398	621.000
405.582	610.000
405.767	660.000
405.951	670.000
406.136	720.000
406.320	784.000
406.505	872.000
406.689	907.000
406.874	902.000
407.058	1010.000
407.243	937.000
407.427	944.000
407.612	1030.000
407.796	1114.000
407.981	1137.000
408.165	1239.000
408.350	1395.000
408.534	1301.000
408.719	1286.000
408.903	1467.000
409.088	1577.000
409.272	1473.000
409.457	1555.000
409.641	1665.000
409.826	1815.000
410.010	2010.000
410.195	2010.000
410.379	2149.000
410.564	2411.000
410.748	2496.000
410.933	2591.000
411.117	2744.000
411.302	2817.000
411.486	2935.000
411.671	3135.000
411.855	3293.000
412.040	3365.000
412.224	3476.000
412.409	3579.000
412.593	3691.000
412.778	3810.000
412.962	3969.000
413.147	4289.000
413.331	4533.000
413.516	4597.000
413.700	4637.000
413.885	4894.000
414.069	5059.000
414.254	5180.000
414.438	5315.000
414.623	5345.000
414.807	5566.000
414.992	5679.000
415.176	5854.000
415.361	6213.000
415.545	6495.000
415.730	6562.000
415.914	6724.000
416.099	7024.000
416.283	7004.000
416.468	6974.000
416.652	7131.000
416.837	7319.000
417.021	7513.000
417.206	7474.000
417.390	7499.000
417.575	7712.000
417.759	7910.000
417.944	8050.000
418.128	8158.000
418.313	8298.000
418.497	8431.000
418.682	8554.000
418.866	8700.000
419.051	8559.000
419.235	8750.000
419.420	9013.000
419.604	9172.000
419.789	9334.000
419.973	9550.000
420.158	9657.000
420.342	9892.000
420.527	10214.000
420.711	10247.000
420.896	10418.000
421.080	10505.000
421.265	10671.000
421.449	10668.000
421.634	10619.000
421.818	10609.000
422.003	10422.000
422.187	10441.000
422.372	10597.000
422.556	10644.000
422.741	10811.000
422.925	10992.000
423.110	10928.000
423.294	11143.000
423.479	11350.000
423.663	11389.000
423.848	11457.000
424.032	11680.000
424.217	11571.000
424.401	11583.000
424.586	11629.000
424.770	11640.000
424.955	11729.000
425.139	11781.000
425.324	11903.000
425.508	12050.000
425.693	12121.000
425.877	12011.000
426.062	12229.000
426.246	12265.000
426.431	11981.000
426.615	11971.000
426.800	12185.000
426.984	12134.000
427.169	12065.000
427.353	12168.000
427.538	12268.000
427.722	12236.000
427.907	12157.000
428.091	12299.000
428.276	12259.000
428.460	12051.000
428.645	12056.000
428.829	11741.000
429.014	11370.000
429.198	11213.000
429.383	11056.000
429.567	10703.000
429.752	10444.000
429.936	10327.000
430.121	10049.000
430.305	10071.000
430.490	10295.000
430.674	10756.000
430.859	11324.000
431.043	11899.000
431.228	12336.000
431.412	12607.000
431.597	12672.000
431.781	12836.000
431.966	12962.000
432.150	13150.000
432.335	13281.000
432.519	13515.000
432.704	13670.000
432.888	13587.000
433.073	13413.000
433.257	13293.000
433.442	13313.000
433.626	13221.000
433.811	13249.000
433.995	13240.000
434.180	13458.000
434.364	13784.000
434.549	14009.000
434.733	14103.000
434.918	14241.000
435.102	14201.000
435.287	14313.000
435.471	14576.000
435.656	14825.000
435.840	15017.000
436.030	14925.000
436.219	14971.000
436.409	15110.000
436.599	15096.000
436.789	15045.000
436.978	14911.000
437.168	14698.000
437.358	14389.000
437.548	14265.000
437.737	14175.000
437.927	14059.000
438.117	13990.000
438.306	14136.000
438.496	14268.000
438.686	14392.000
438.876	14541.000
439.065	14569.000
439.255	14911.000
439.445	14949.000
439.634	14883.000
439.824	14870.000
440.014	14992.000
440.204	15114.000
440.393	15245.000
440.583	15510.000
440.773	15531.000
440.963	15944.000
441.152	16173.000
441.342	16101.000
441.532	16267.000
441.721	16412.000
441.911	16532.000
442.101	16662.000
442.291	16597.000
442.480	16685.000
442.670	16784.000
442.860	16902.000
443.050	16920.000
443.239	16975.000
443.429	17126.000
443.619	17189.000
443.808	17222.000
443.998	17224.000
444.188	17425.000
444.378	17501.000
444.567	17367.000
444.757	17307.000
444.947	17224.000
445.137	17148.000
445.326	17105.000
445.516	17104.000
445.706	17149.000
445.895	17220.000
446.085	17483.000
446.275	17639.000
446.465	17711.000
446.654	17895.000
446.844	18134.000
447.034	18365.000
447.223	18509.000
447.413	18347.000
447.603	18522.000
447.793	18685.000
447.982	18936.000
448.172	18746.000
448.362	18789.000
448.552	18755.000
448.741	18809.000
448.931	18852.000
449.121	19022.000
449.310	19073.000
449.500	19391.000
449.690	19477.000
449.880	19664.000
450.069	20045.000
450.259	20118.000
450.449	19980.000
450.639	20011.000
450.828	20243.000
451.018	20213.000
451.208	20015.000
451.397	20075.000
451.587	19937.000
451.777	19726.000
451.967	19557.000
452.156	19298.000
452.346	18988.000
452.536	18781.000
452.725	18742.000
452.915	18677.000
453.105	18559.000
453.295	18745.000
453.484	18886.000
453.674	19022.000
453.864	18937.000
454.054	19094.000
454.243	19027.000
454.433	18944.000
454.623	18760.000
454.812	18865.000
455.002	19097.000
455.192	19135.000
455.382	19116.000
455.571	19234.000
455.761	19361.000
455.951	19459.000
456.141	19576.000
456.330	19525.000
456.520	19477.000
456.710	19577.000
456.899	19734.000
457.089	19607.000
457.279	19575.000
457.469	19490.000
457.658	19244.000
457.848	19235.000
458.038	19460.000
458.228	19274.000
458.417	19087.000
458.607	19196.000
458.797	19175.000
458.986	18997.000
459.176	18939.000
459.366	18915.000
459.556	18759.000
459.745	18720.000
459.935	18948.000
460.125	19001.000
460.314	18878.000
460.504	18990.000
460.694	19279.000
460.884	19513.000
461.073	19278.000
461.263	19312.000
461.453	19452.000
461.643	19439.000
461.832	19578.000
462.022	19665.000
462.212	19417.000
462.401	19626.000
462.591	19752.000
462.781	19619.000
462.971	19608.000
463.160	19485.000
463.350	19522.000
463.540	19413.000
463.730	19136.000
463.919	19015.000
464.109	18958.000
464.299	19117.000
464.488	19064.000
464.678	18777.000
464.868	18694.000
465.058	18809.000
465.247	18802.000
465.437	18790.000
465.627	18989.000
465.816	18950.000
466.006	18747.000
466.196	18685.000
466.386	18611.000
466.575	18460.000
466.765	18420.000
466.955	18512.000
467.145	18650.000
467.334	18588.000
467.524	18771.000
467.714	18663.000
467.903	18800.000
468.093	18997.000
468.283	18951.000
468.473	19038.000
468.662	18941.000
468.852	18923.000
469.042	19038.000
469.232	19075.000
469.421	19196.000
469.611	18895.000
469.801	18911.000
469.990	18837.000
470.180	18726.000
470.370	18658.000
470.560	18600.000
470.749	18477.000
470.939	18688.000
471.129	18699.000
471.318	18904.000
471.508	19028.000
471.698	19244.000
471.888	19368.000
472.077	19423.000
472.267	19603.000
472.457	19479.000
472.647	19493.000
472.836	19507.000
473.026	19258.000
473.216	19275.000
473.405	19289.000
473.595	19397.000
473.785	19520.000
473.975	19557.000
474.164	19569.000
474.354	19637.000
474.544	19575.000
474.734	19748.000
474.923	19611.000
475.113	19542.000
475.303	19495.000
475.492	19487.000
475.682	19440.000
475.872	19343.000
476.062	19365.000
476.251	19262.000
476.441	19231.000
476.631	19074.000
476.821	19081.000
477.010	19109.000
477.200	19308.000
477.390	19389.000
477.579	19627.000
477.769	19679.000
477.959	19712.000
478.149	19737.000
478.338	19643.000
478.528	19630.000
478.718	19579.000
478.907	19609.000
479.097	19543.000
479.287	19356.000
479.477	19613.000
479.666	19792.000
479.856	19623.000
480.046	19586.000
480.236	19476.000
480.425	19558.000
480.615	19461.000
480.805	19291.000
480.994	19523.000
481.184	19777.000
481.374	19720.000
481.564	19699.000
481.753	19626.000
481.943	19699.000
482.133	19681.000
482.323	19490.000
482.512	19330.000
482.702	19379.000
482.892	19338.000
483.081	19141.000
483.271	19105.000
483.461	19091.000
483.651	19020.000
483.840	19014.000
484.030	18921.000
484.220	18907.000
484.409	18929.000
484.599	18814.000
484.789	18550.000
484.979	18390.000
485.168	18160.000
485.358	17718.000
485.548	17222.000
485.738	16955.000
485.927	16517.000
486.117	16134.000
486.307	16221.000
486.496	16193.000
486.686	16224.000
486.876	16184.000
487.066	16301.000
487.255	16534.000
487.445	16635.000
487.635	16893.000
487.825	17047.000
488.014	17173.000
488.204	17400.000
488.394	17428.000
488.583	17341.000
488.773	17399.000
488.963	17331.000
489.153	17451.000
489.342	17558.000
489.532	17775.000
489.722	18064.000
489.912	18193.000
490.101	18166.000
490.291	18188.000
490.481	18114.000
490.670	18200.000
490.860	18219.000
491.050	18212.000
491.240	17942.000
491.429	17779.000
491.619	17665.000
491.809	17571.000
491.998	17448.000
492.188	17357.000
492.378	17466.000
492.568	17349.000
492.757	17456.000
492.947	17560.000
493.137	17640.000
493.327	17669.000
493.516	17559.000
493.706	17577.000
493.896	17697.000
494.085	17905.000
494.275	17903.000
494.465	17984.000
494.655	18177.000
494.844	18449.000
495.034	18303.000
495.224	18123.000
495.414	18040.000
495.603	18280.000
495.793	18262.000
495.983	18027.000
496.172	17847.000
496.362	17830.000
496.552	18166.000
496.742	18212.000
496.931	18293.000
497.121	18519.000
497.311	18362.000
497.500	18233.000
497.690	18093.000
497.880	17721.000
498.070	17548.000
498.259	17613.000
498.449	17631.000
498.639	17594.000
498.829	17681.000
499.018	17794.000
499.208	17824.000
499.398	17836.000
499.587	17694.000
499.777	17587.000
499.967	17567.000
500.157	17673.000
500.346	17586.000
500.536	17317.000
500.726	17037.000
500.916	17267.000
501.105	17198.000
501.295	16947.000
501.485	17141.000
501.674	16963.000
501.864	16873.000
502.054	16960.000
502.244	17081.000
502.433	17186.000
502.623	17179.000
502.813	17271.000
503.003	17136.000
503.192	17097.000
503.382	17274.000
503.572	16987.000
503.761	16816.000
503.951	16853.000
504.141	16782.000
504.331	16557.000
504.520	16697.000
504.710	16924.000
504.900	16964.000
505.089	17166.000
505.279	17269.000
505.469	17359.000
505.659	17567.000
505.848	17687.000
506.038	17635.000
506.228	17413.000
506.418	17313.000
506.607	17288.000
506.797	17245.000
506.987	17256.000
507.176	17023.000
507.366	16814.000
507.556	16833.000
507.746	16876.000
507.935	16800.000
508.125	16728.000
508.315	16613.000
508.505	16661.000
508.694	16915.000
508.884	17070.000
509.074	17063.000
509.263	17087.000
509.453	16831.000
509.643	16678.000
509.833	16623.000
510.022	16701.000
510.212	16834.000
510.402	16766.000
510.592	16814.000
510.781	16862.000
510.971	16880.000
511.161	16832.000
511.350	16800.000
511.540	16925.000
511.730	16928.000
511.920	16771.000
512.109	16642.000
512.299	16483.000
512.489	16406.000
512.678	16372.000
512.868	16406.000
513.058	16205.000
513.248	16033.000
513.437	16092.000
513.627	16004.000
513.817	15880.000
514.007	15984.000
514.196	16043.000
514.386	15948.000
514.576	15866.000
514.765	15798.000
514.955	15950.000
515.145	15962.000
515.335	15863.000
515.524	15823.000
515.714	15830.000
515.904	15572.000
516.094	15439.000
516.283	15144.000
516.473	15001.000
516.663	14655.000
516.852	14439.000
517.042	14389.000
517.232	14342.000
517.422	14381.000
517.611	14443.000
517.801	14485.000
517.991	14526.000
518.180	14569.000
518.370	14396.000
518.560	14346.000
518.750	14616.000
518.939	14719.000
519.129	14883.000
519.319	14977.000
519.509	15053.000
519.698	15189.000
519.888	15282.000
520.078	15450.000
520.267	15372.000
520.457	15476.000
520.647	15396.000
520.837	15540.000
521.026	15644.000
521.216	15718.000
521.406	15776.000
521.596	15699.000
521.785	15669.000
521.975	15624.000
522.165	15708.000
522.354	15756.000
522.544	15496.000
522.734	15400.000
522.924	15439.000
523.113	15601.000
523.303	15566.000
523.493	15625.000
523.683	15744.000
523.872	15914.000
524.062	16005.000
524.252	16037.000
524.441	15921.000
524.631	16013.000
524.821	16100.000
525.011	16030.000
525.200	16036.000
525.390	16138.000
525.580	16034.000
525.769	15869.000
525.959	15691.000
526.149	15341.000
526.339	15150.000
526.528	15043.000
526.718	14909.000
526.908	15040.000
527.098	15086.000
527.287	15156.000
527.477	15004.000
527.667	15169.000
527.856	15572.000
528.046	15646.000
528.236	15863.000
528.426	15992.000
528.615	15832.000
528.805	15991.000
528.995	16262.000
529.185	16397.000
529.374	16335.000
529.564	16297.000
529.754	16156.000
529.943	16196.000
530.133	16198.000
530.323	16291.000
530.513	16359.000
530.702	16162.000
530.892	16273.000
531.082	16148.000
531.271	15999.000
531.461	15886.000
531.651	15708.000
531.841	15564.000
532.030	15487.000
532.220	15409.000
532.410	15262.000
532.600	15071.000
532.789	15057.000
532.979	15087.000
533.169	15094.000
533.358	15138.000
533.548	15174.000
533.738	15116.000
533.928	14983.000
534.117	15029.000
534.307	15015.000
534.497	15025.000
534.687	15175.000
534.876	15376.000
535.066	15390.000
535.256	15208.000
535.445	15076.000
535.635	15058.000
535.825	15030.000
536.015	14952.000
536.204	14883.000
536.394	14671.000
536.584	14612.000
536.773	14557.000
536.963	14536.000
537.153	14512.000
537.343	14579.000
537.532	14673.000
537.722	14772.000
537.912	14751.000
538.102	14567.000
538.291	14450.000
538.481	14460.000
538.671	14426.000
538.860	14324.000
539.050	14188.000
539.240	14251.000
539.430	14091.000
539.619	14009.000
539.809	14014.000
539.999	13748.000
540.189	13728.000
540.378	13794.000
540.568	13763.000
540.758	13778.000
540.947	13879.000
541.137	13931.000
541.327	14000.000
541.517	13993.000
541.706	13818.000
541.896	13790.000
542.086	13829.000
542.276	13809.000
542.465	13782.000
542.655	13811.000
542.845	13698.000
543.034	13774.000
543.224	13937.000
543.414	13935.000
543.604	13997.000
543.793	13989.000
543.983	13939.000
544.173	13897.000
544.362	13887.000
544.552	14009.000
544.742	14076.000
544.932	13804.000
545.121	13890.000
545.311	13783.000
545.501	13780.000
545.691	13801.000
545.880	13710.000
546.070	13857.000
546.264	13822.000
546.459	13679.000
546.653	13661.000
546.847	13689.000
547.041	13578.000
547.236	13524.000
547.430	13607.000
547.624	13627.000
547.818	13618.000
548.013	13635.000
548.207	13626.000
548.401	13608.000
548.596	13712.000
548.790	13558.000
548.984	13358.000
549.178	13447.000
549.373	13531.000
549.567	13489.000
549.761	13455.000
549.956	13327.000
550.150	13310.000
550.344	13492.000
550.538	13403.000
550.733	13460.000
550.927	13439.000
551.121	13379.000
551.315	13330.000
551.510	13268.000
551.704	13325.000
551.898	13376.000
552.093	13449.000
552.287	13172.000
552.481	13249.000
552.675	13351.000
552.870	13214.000
553.064	13188.000
553.258	13202.000
553.453	13247.000
553.647	13318.000
553.841	13303.000
554.035	13495.000
554.230	13211.000
554.424	13197.000
554.618	13380.000
554.812	13425.000
555.007	13186.000
555.201	13171.000
555.395	13178.000
555.590	13146.000
555.784	13101.000
555.978	12951.000
556.172	13071.000
556.367	13032.000
556.561	12931.000
556.755	12871.000
556.949	12705.000
557.144	12746.000
557.338	12796.000
557.532	12590.000
557.727	12537.000
557.921	12684.000
558.115	12439.000
558.309	12566.000
558.504	12580.000
558.698	12531.000
558.892	12425.000
559.087	12269.000
559.281	12373.000
559.475	12428.000
559.669	12374.000
559.864	12193.000
560.058	12510.000
560.252	12713.000
560.446	12613.000
560.641	12596.000
560.835	12534.000
561.029	12423.000
561.224	12446.000
561.418	12533.000
561.612	12550.000
561.806	12614.000
562.001	12568.000
562.195	12507.000
562.389	12363.000
562.584	12317.000
562.778	12282.000
562.972	12357.000
563.166	12456.000
563.361	12471.000
563.555	12333.000
563.749	12230.000
563.943	12339.000
564.138	12288.000
564.332	12302.000
564.526	12264.000
564.721	12133.000
564.915	12112.000
565.109	12166.000
565.303	12025.000
565.498	11948.000
565.692	12049.000
565.886	11925.000
566.081	12012.000
566.275	12012.000
566.469	11943.000
566.663	11925.000
566.858	11998.000
567.052	11984.000
567.246	11856.000
567.440	11667.000
567.635	11818.000
567.829	11999.000
568.023	11753.000
568.218	11623.000
568.412	11569.000
568.606	11572.000
568.800	11581.000
568.995	11497.000
569.189	11476.000
569.383	11405.000
569.577	11474.000
569.772	11321.000
569.966	11155.000
570.160	11262.000
570.355	11149.000
570.549	11161.000
570.743	11118.000
570.937	11143.000
571.132	11132.000
571.326	11189.000
571.520	10977.000
571.715	10993.000
571.909	11142.000
572.103	11115.000
572.297	11201.000
572.492	11261.000
572.686	11208.000
572.880	11131.000
573.074	11183.000
573.269	10978.000
573.463	11079.000
573.657	11071.000
573.852	10969.000
574.046	10702.000
574.240	10792.000
574.434	10829.000
574.629	10850.000
574.823	10710.000
575.017	10728.000
575.212	10715.000
575.406	10679.000
575.600	10582.000
575.794	10572.000
575.989	10574.000
576.183	10672.000
576.377	10864.000
576.571	10672.000
576.766	10690.000
576.960	10622.000
577.159	10570.000
577.357	10470.000
577.556	10473.000
577.755	10349.000
577.953	10282.000
578.152	10347.000
578.350	10232.000
578.549	10211.000
578.748	10320.000
578.946	10205.000
579.145	10304.000
579.344	10509.000
579.542	10587.000
579.741	10563.000
579.940	10348.000
580.138	10355.000
580.337	10402.000
580.535	10399.000
580.734	10434.000
580.933	10484.000
581.131	10486.000
581.330	10501.000
581.529	10604.000
581.727	10744.000
581.926	10969.000
582.125	10905.000
582.323	10751.000
582.522	10708.000
582.721	10877.000
582.919	10913.000
583.118	10898.000
583.316	11036.000
583.515	11044.000
583.714	11135.000
583.912	11153.000
584.111	11200.000
584.310	11164.000
584.508	10830.000
584.707	10927.000
584.906	10935.000
585.104	10891.000
585.303	10857.000
585.501	10896.000
585.700	10918.000
585.899	10903.000
586.097	10797.000
586.296	10927.000
586.495	10941.000
586.693	10893.000
586.892	10821.000
587.091	10725.000
587.289	10726.000
587.488	10736.000
587.686	10358.000
587.885	10255.000
588.084	9970.000
588.282	9808.000
588.481	9572.000
588.680	9445.000
588.878	9329.000
589.077	9180.000
589.276	9273.000
589.474	9389.000
589.673	9489.000
589.871	9488.000
590.070	9706.000
590.269	9685.000
590.467	9731.000
590.666	9702.000
590.865	9626.000
591.063	9777.000
591.262	9739.000
591.461	9638.000
591.659	9651.000
591.858	9708.000
592.056	9675.000
592.255	9740.000
592.454	9805.000
592.652	9941.000
592.851	10056.000
593.050	10059.000
593.248	9930.000
593.447	9841.000
593.646	9744.000
593.844	9741.000
594.043	9744.000
594.241	9715.000
594.440	9783.000
594.639	9601.000
594.837	9609.000
595.036	9889.000
595.235	9781.000
595.433	9738.000
595.632	9885.000
595.831	9900.000
596.029	9837.000
596.228	9754.000
596.427	9732.000
596.625	9927.000
596.824	9829.000
597.022	9932.000
597.221	9809.000
597.420	9779.000
597.618	9747.000
597.817	9832.000
598.016	9896.000
598.214	9884.000
598.413	9739.000
598.612	9643.000
598.810	9672.000
599.009	9706.000
599.207	9927.000
599.406	9834.000
599.605	9719.000
599.803	9750.000
600.002	9805.000
600.201	9846.000
600.399	9755.000
600.598	9761.000
600.797	9683.000
600.995	9616.000
601.194	9647.000
601.392	9836.000
601.591	9793.000
601.790	9833.000
601.988	9644.000
602.187	9682.000
602.386	9589.000
602.584	9696.000
602.783	9781.000
602.982	9741.000
603.180	9754.000
603.379	9904.000
603.577	9843.000
603.776	9820.000
603.975	9803.000
604.173	9878.000
604.372	9830.000
604.571	9691.000
604.769	9745.000
604.968	9811.000
605.167	9689.000
605.365	9680.000
605.564	9693.000
605.762	9703.000
605.961	9789.000
606.160	9828.000
606.358	9735.000
606.557	9711.000
606.756	9745.000
606.954	9709.000
607.153	9842.000
607.352	9691.000
607.550	9648.000
607.749	9485.000
607.948	9527.000
608.146	9576.000
608.345	9627.000
608.543	9568.000
608.742	9633.000
608.941	9596.000
609.139	9469.000
609.338	9463.000
609.537	9417.000
609.735	9340.000
609.934	9297.000
610.133	9189.000
610.331	9344.000
610.530	9450.000
610.728	9326.000
610.927	9241.000
611.126	9220.000
611.324	9226.000
611.523	9256.000
611.722	9258.000
611.920	9253.000
612.119	9135.000
612.318	9201.000
612.516	9135.000
612.715	9181.000
612.913	9244.000
613.112	9179.000
613.311	9001.000
613.509	8912.000
613.708	9037.000
613.907	9092.000
614.105	9083.000
614.304	8942.000
614.503	8976.000
614.701	8912.000
614.900	8844.000
615.098	8875.000
615.297	8824.000
615.496	8796.000
615.694	8837.000
615.893	8894.000
616.092	8729.000
616.290	8662.000
616.489	8843.000
616.688	8837.000
616.886	8728.000
617.085	8739.000
617.283	8673.000
617.482	8617.000
617.681	8732.000
617.879	8727.000
618.078	8743.000
618.277	8872.000
618.475	8798.000
618.674	8875.000
618.873	8733.000
619.071	8760.000
619.270	8669.000
619.468	8775.000
619.667	8788.000
619.866	8916.000
620.064	8839.000
620.263	8709.000
620.462	8686.000
620.660	8626.000
620.859	8602.000
621.058	8582.000
621.256	8609.000
621.455	8523.000
621.654	8576.000
621.852	8499.000
622.051	8438.000
622.249	8506.000
622.448	8559.000
622.647	8334.000
622.845	8352.000
623.044	8423.000
623.243	8363.000
623.441	8418.000
623.640	8400.000
623.839	8261.000
624.037	8298.000
624.236	8377.000
624.434	8221.000
624.633	8186.000
624.832	8220.000
625.030	8148.000
625.229	8121.000
625.428	8105.000
625.626	8119.000
625.825	8026.000
626.024	8119.000
626.222	8122.000
626.421	8065.000
626.619	8059.000
626.818	7983.000
627.017	7993.000
627.215	7805.000
627.414	7733.000
627.613	7760.000
627.811	7710.000
628.010	7682.000
628.209	7828.000
628.407	7849.000
628.606	7985.000
628.804	7942.000
629.003	7868.000
629.202	7712.000
629.400	7575.000
629.599	7713.000
629.798	7533.000
629.996	7527.000
630.195	7631.000
630.394	7679.000
630.592	7733.000
630.791	7569.000
630.990	7627.000
631.188	7653.000
631.387	7620.000
631.585	7672.000
631.784	7582.000
631.983	7459.000
632.181	7604.000
632.380	7659.000
632.579	7796.000
632.777	7800.000
632.976	7641.000
633.175	7666.000
633.373	7766.000
633.572	7723.000
633.770	7631.000
633.969	7740.000
634.168	7622.000
634.366	7683.000
634.565	7732.000
634.764	7700.000
634.962	7793.000
635.161	7768.000
635.360	7683.000
635.558	7697.000
635.757	7778.000
635.955	7639.000
636.154	7513.000
636.353	7559.000
636.551	7578.000
636.750	7548.000
636.949	7597.000
637.147	7543.000
637.346	7574.000
637.545	7620.000
637.743	7711.000
637.942	7695.000
638.140	7600.000
638.339	7653.000
638.538	7735.000
638.736	7673.000
638.935	7633.000
639.134	7528.000
639.332	7565.000
639.531	7543.000
639.730	7511.000
639.928	7537.000
640.127	7548.000
640.325	7480.000
640.524	7540.000
640.723	7451.000
640.921	7592.000
641.120	7646.000
641.319	7526.000
641.517	7464.000
641.716	7416.000
641.915	7493.000
642.113	7510.000
642.312	7490.000
642.510	7463.000
642.709	7523.000
642.908	7538.000
643.106	7437.000
643.305	7359.000
643.504	7465.000
643.702	7611.000
643.901	7502.000
644.100	7352.000
644.298	7356.000
644.497	7416.000
644.696	7425.000
644.894	7269.000
645.093	7313.000
645.291	7354.000
645.490	7332.000
645.689	7333.000
645.887	7319.000
646.086	7212.000
646.285	7139.000
646.483	6982.000
646.682	6977.000
646.881	6981.000
647.079	6937.000
647.278	6949.000
647.476	6891.000
647.675	6941.000
647.874	6983.000
648.072	6907.000
648.271	6773.000
648.470	6833.000
648.668	6910.000
648.867	6867.000
649.066	6815.000
649.264	6961.000
649.463	6775.000
649.661	6731.000
649.860	6844.000
650.059	6768.000
650.257	6799.000
650.456	6992.000
650.655	7093.000
650.853	6945.000
651.052	6896.000
651.251	6849.000
651.449	6835.000
651.648	6794.000
651.846	6919.000
652.045	6893.000
652.244	6975.000
652.442	7034.000
652.641	6984.000
652.840	6963.000
653.038	6938.000
653.237	6932.000
653.436	7003.000
653.634	6957.000
653.833	6992.000
654.032	6868.000
654.230	6768.000
654.429	6723.000
654.627	6753.000
654.826	6721.000
655.025	6645.000
655.223	6670.000
655.422	6407.000
655.621	6293.000
655.819	6261.000
656.018	6139.000
656.217	6129.000
656.415	6083.000
656.614	6223.000
656.812	6433.000
657.011	6456.000
657.210	6357.000
657.408	6380.000
657.607	6560.000
657.806	6663.000
658.004	6643.000
658.203	6587.000
658.402	6570.000
658.600	6757.000
658.799	6725.000
658.997	6632.000
659.196	6632.000
659.395	6792.000
659.593	6788.000
659.792	6768.000
659.991	6812.000
660.189	6794.000
660.388	6883.000
660.587	6857.000
660.785	6885.000
660.984	6892.000
661.182	6856.000
661.381	6822.000
661.580	6878.000
661.778	6964.000
661.977	6996.000
662.176	6883.000
662.374	6843.000
662.573	6856.000
662.772	6791.000
662.970	6641.000
663.169	6718.000
663.367	6674.000
663.566	6719.000
663.765	6878.000
663.963	6887.000
664.162	6821.000
664.361	6737.000
664.559	6718.000
664.758	6947.000
664.957	7035.000
665.155	6857.000
665.354	6684.000
665.552	6668.000
665.751	6860.000
665.950	6735.000
666.148	6688.000
666.347	6722.000
666.546	6577.000
666.744	6661.000
666.943	6690.000
667.142	6577.000
667.340	6681.000
667.539	6775.000
667.738	6674.000
667.936	6691.000
668.135	6697.000
668.333	6601.000
668.532	6557.000
668.731	6481.000
668.929	6481.000
669.128	6548.000
669.327	6545.000
669.525	6591.000
669.724	6579.000
669.923	6497.000
670.121	6466.000
670.320	6503.000
670.518	6484.000
670.717	6315.000
670.916	6340.000
671.114	6321.000
671.313	6327.000
671.512	6303.000
671.710	6296.000
671.909	6342.000
672.108	6549.000
672.306	6614.000
672.505	6273.000
672.703	6275.000
672.902	6285.000
673.101	6391.000
673.299	6446.000
673.498	6466.000
673.697	6430.000
673.895	6362.000
674.094	6309.000
674.293	6233.000
674.491	6314.000
674.690	6281.000
674.888	6093.000
675.087	6296.000
675.286	6308.000
675.484	6246.000
675.683	6219.000
675.882	6235.000
676.080	6348.000
676.279	6150.000
676.478	6117.000
676.676	6089.000
676.875	6145.000
677.073	6115.000
677.272	6044.000
677.471	6146.000
677.669	6229.000
677.868	6144.000
678.067	5991.000
678.265	6089.000
678.464	6133.000
678.663	6012.000
678.861	6063.000
679.060	6093.000
679.259	6066.000
679.457	6116.000
679.656	6059.000
679.854	6001.000
680.053	5973.000
680.252	5949.000
680.450	5924.000
680.649	6057.000
680.848	6108.000
681.046	6006.000
681.245	5888.000
681.444	5884.000
681.642	5934.000
681.841	5973.000
682.039	6088.000
682.238	6120.000
682.437	5819.000
682.635	5796.000
682.834	5857.000
683.033	5806.000
683.231	5767.000
683.430	5754.000
683.629	5742.000
683.827	5842.000
684.026	5960.000
684.224	5975.000
684.423	5803.000
684.622	5706.000
684.820	5663.000
685.019	5754.000
685.218	5837.000
685.416	5670.000
685.615	5526.000
685.814	5403.000
686.012	5137.000
686.211	4974.000
686.409	4793.000
686.608	4661.000
686.807	4620.000
687.005	4630.000
687.204	4770.000
687.403	4572.000
687.601	4706.000
687.800	4743.000
687.999	4627.000
688.197	4651.000
688.396	4507.000
688.594	4564.000
688.793	4569.000
688.992	4717.000
689.190	4870.000
689.389	4834.000
689.588	4857.000
689.786	4855.000
689.985	4873.000
690.184	5001.000
690.382	5104.000
690.581	4971.000
690.779	5106.000
690.978	5035.000
691.177	5092.000
691.375	5147.000
691.574	5274.000
691.773	5282.000
691.971	5182.000
692.170	5233.000
692.369	5257.000
692.567	5150.000
692.766	5142.000
692.965	5186.000
693.163	5232.000
693.362	5373.000
693.560	5349.000
693.759	5265.000
693.958	5273.000
694.156	5278.000
694.355	5146.000
694.554	5120.000
694.752	5230.000
694.951	5253.000
695.150	5221.000
695.348	5302.000
695.547	5409.000
695.745	5443.000
695.944	5574.000
696.143	5593.000
696.341	5678.000
696.540	5731.000
696.743	5733.000
696.946	5753.000
697.149	5795.000
697.352	5728.000
697.555	5754.000
697.757	5739.000
697.960	5597.000
698.163	5610.000
698.366	5730.000
698.569	5764.000
698.772	5800.000
698.975	5813.000
699.178	5716.000
699.381	5704.000
699.584	5813.000
699.787	5788.000
699.989	5713.000
700.192	5798.000
700.395	5718.000
700.598	5821.000
700.801	5750.000
701.004	5624.000
701.207	5764.000
701.410	5941.000
701.613	5967.000
701.816	5899.000
702.019	5952.000
702.221	6104.000
702.424	6014.000
702.627	6034.000
702.830	6073.000
703.033	6163.000
703.236	6195.000
703.439	6214.000
703.642	6212.000
703.845	6204.000
704.048	6350.000
704.251	6252.000
704.453	6246.000
704.656	6341.000
704.859	6509.000
705.062	6530.000
705.265	6499.000
705.468	6397.000
705.671	6446.000
705.874	6554.000
706.077	6628.000
706.280	6556.000
706.483	6501.000
706.685	6611.000
706.888	6690.000
707.091	6708.000
707.294	6653.000
707.497	6557.000
707.700	6708.000
707.903	6853.000
708.106	6747.000
708.309	6697.000
708.512	6872.000
708.715	6927.000
708.917	6947.000
709.120	6977.000
709.323	6949.000
709.526	6936.000
709.729	6891.000
709.932	6919.000
710.135	6882.000
710.338	6915.000
710.541	7005.000
710.744	7039.000
710.947	7062.000
711.149	7123.000
711.352	7145.000
711.555	7289.000
711.758	7173.000
711.961	7104.000
712.164	7278.000
712.367	7261.000
712.570	7078.000
712.773	7095.000
712.976	7146.000
713.179	7123.000
713.381	7155.000
713.584	7167.000
713.787	7175.000
713.990	7113.000
714.193	7126.000
714.396	7192.000
714.599	7361.000
714.802	7355.000
715.005	7257.000
715.208	7168.000
715.411	7081.000
715.613	6987.000
715.816	6787.000
716.019	6556.000
716.222	6489.000
716.425	6387.000
716.628	6374.000
716.831	6264.000
717.034	5996.000
717.237	5896.000
717.440	5802.000
717.643	5804.000
717.845	5798.000
718.048	5680.000
718.251	5483.000
718.454	5698.000
718.657	5691.000
718.860	5572.000
719.063	5546.000
719.266	5492.000
719.469	5447.000
719.672	5508.000
719.875	5702.000
720.077	5824.000
720.280	6053.000
720.483	6376.000
720.686	6386.000
720.889	6608.000
721.092	6646.000
721.295	6660.000
721.498	6682.000
721.701	6840.000
721.904	6850.000
722.107	6760.000
722.309	6776.000
722.512	6608.000
722.715	6590.000
722.918	6674.000
723.121	6561.000
723.324	6511.000
723.527	6473.000
723.730	6471.000
723.933	6484.000
724.136	6541.000
724.339	6522.000
724.541	6555.000
724.744	6551.000
724.947	6482.000
725.150	6454.000
725.353	6519.000
725.556	6548.000
725.759	6567.000
725.962	6721.000
726.165	6696.000
726.368	6652.000
726.571	6660.000
726.773	6790.000
726.976	6785.000
727.179	6806.000
727.382	6868.000
727.585	7029.000
727.788	6962.000
727.991	6773.000
728.194	6780.000
728.397	6743.000
728.600	6778.000
728.803	6771.000
729.005	6838.000
729.208	7044.000
729.411	7003.000
729.614	7004.000
729.817	7059.000
730.020	7157.000
730.223	7193.000
730.426	7077.000
730.629	7210.000
730.832	7210.000
731.035	7371.000
731.237	7432.000
731.440	7515.000
731.643	7697.000
731.846	7727.000
732.049	7753.000
732.252	8087.000
732.455	8103.000
732.658	8132.000
732.861	8213.000
733.064	8274.000
733.267	8487.000
733.469	8557.000
733.672	8439.000
733.875	8416.000
734.078	8583.000
734.281	8629.000
734.484	8734.000
734.687	8472.000
734.890	8559.000
735.093	8683.000
735.296	8881.000
735.499	8997.000
735.701	8803.000
735.904	8808.000
736.107	8857.000
736.310	8806.000
736.513	8897.000
736.716	8962.000
736.919	8914.000
737.122	8852.000
737.325	8919.000
737.528	8875.000
737.731	8876.000
737.933	8759.000
738.136	8974.000
738.339	9099.000
738.542	9133.000
738.745	9030.000
738.948	8993.000
739.151	9124.000
739.354	9146.000
739.557	9209.000
739.760	9110.000
739.963	9115.000
740.165	9229.000
740.368	9261.000
740.571	9282.000
740.774	9118.000
740.977	9161.000
741.180	9257.000
741.383	9263.000
741.586	9439.000
741.789	9546.000
741.992	9534.000
742.195	9600.000
742.397	9650.000
742.600	9664.000
742.803	9606.000
743.006	9638.000
743.209	9771.000
743.412	9655.000
743.615	9565.000
743.818	9597.000
744.021	9510.000
744.224	9654.000
744.427	9744.000
744.629	9616.000
744.832	9670.000
745.035	9733.000
745.238	9712.000
745.441	9804.000
745.644	9709.000
745.847	9628.000
746.050	9777.000
746.253	9727.000
746.456	9797.000
746.659	9650.000
746.861	9595.000
747.064	9785.000
747.267	9766.000
747.470	9662.000
747.673	9724.000
747.876	9726.000
748.079	9643.000
748.282	9669.000
748.485	9576.000
748.688	9558.000
748.891	9578.000
749.093	9541.000
749.296	9665.000
749.499	9579.000
749.702	9471.000
749.905	9585.000
750.108	9636.000
750.311	9599.000
750.514	9545.000
750.717	9531.000
750.920	9628.000
751.123	9561.000
751.325	9453.000
751.528	9493.000
751.731	9466.000
751.934	9536.000
752.137	9699.000
752.340	9596.000
752.543	9648.000
752.746	9597.000
752.949	9506.000
753.152	9527.000
753.355	9488.000
753.557	9559.000
753.760	9510.000
753.963	9475.000
754.166	9463.000
754.369	9533.000
754.572	9486.000
754.775	9383.000
754.978	9447.000
755.181	9382.000
755.384	9232.000
755.587	9328.000
755.789	9318.000
755.992	9305.000
756.195	9325.000
756.398	9285.000
756.601	9313.000
756.804	9286.000
757.007	9331.000
757.210	9297.000
757.413	9158.000
757.616	9076.000
757.819	8996.000
758.021	8729.000
758.224	8289.000
758.427	7794.000
758.630	6966.000
758.833	6496.000
759.036	5825.000
759.239	5175.000
759.442	4788.000
759.645	4433.000
759.848	4199.000
760.051	4212.000
760.253	4186.000
760.456	4191.000
760.659	4198.000
760.862	4238.000
761.065	4119.000
761.268	4035.000
761.471	4084.000
761.674	4005.000
761.877	3742.000
762.080	3733.000
762.283	3735.000
762.485	3742.000
762.688	3884.000
762.891	3965.000
763.094	4031.000
763.297	4185.000
763.500	4336.000
763.706	4560.000
763.912	4522.000
764.118	4655.000
764.325	4825.000
764.531	4948.000
764.737	5119.000
764.943	5395.000
765.149	5638.000
765.355	5721.000
765.561	6013.000
765.768	6147.000
765.974	6316.000
766.180	6598.000
766.386	6839.000
766.592	6969.000
766.798	7095.000
767.004	7199.000
767.210	7406.000
767.417	7645.000
767.623	7719.000
767.829	7637.000
768.035	7666.000
768.241	7916.000
768.447	8121.000
768.653	8153.000
768.860	8174.000
769.066	7997.000
769.272	8026.000
769.478	8144.000
769.684	8300.000
769.890	8322.000
770.096	8342.000
770.303	8305.000
770.509	8256.000
770.715	8141.000
770.921	8248.000
771.127	8300.000
771.333	8246.000
771.539	8276.000
771.745	8213.000
771.952	8320.000
772.158	8345.000
772.364	8255.000
772.570	8357.000
772.776	8391.000
772.982	8119.000
773.188	8190.000
773.395	8191.000
773.601	8265.000
773.807	8260.000
774.013	8250.000
774.219	8261.000
774.425	8244.000
774.631	8301.000
774.838	8216.000
775.044	8064.000
775.250	8023.000
775.456	8118.000
775.662	8201.000
775.868	8295.000
776.074	8136.000
776.281	8157.000
776.487	7999.000
776.693	7926.000
776.899	7992.000
777.105	8003.000
777.311	8094.000
777.517	8124.000
777.723	8159.000
777.930	8027.000
778.136	8005.000
778.342	8016.000
778.548	8064.000
778.754	7939.000
778.960	7932.000
779.166	7974.000
779.373	7915.000
779.579	7818.000
779.785	7776.000
779.991	7785.000
780.197	7763.000
780.403	7786.000
780.609	7853.000
780.816	7835.000
781.022	7753.000
781.228	7851.000
781.434	7786.000
781.640	7804.000
781.846	7838.000
782.052	7739.000
782.259	7631.000
782.465	7523.000
782.671	7529.000
782.877	7542.000
783.083	7586.000
783.289	7538.000
783.495	7485.000
783.701	7527.000
783.908	7495.000
784.114	7454.000
784.320	7420.000
784.526	7303.000
784.732	7232.000
784.938	7398.000
785.144	7440.000
785.351	7475.000
785.557	7482.000
785.763	7414.000
785.969	7313.000
786.175	7321.000
786.381	7342.000
786.587	7327.000
786.794	7312.000
787.000	7393.000
787.206	7294.000
787.412	7174.000
787.618	7033.000
787.824	6983.000
788.030	7009.000
788.236	6846.000
788.443	6887.000
788.649	6917.000
788.855	6821.000
789.061	6790.000
789.267	6818.000
789.473	6667.000
789.679	6747.000
789.886	6838.000
790.092	6816.000
790.298	6692.000
790.504	6635.000
790.710	6556.000
790.916	6537.000
791.122	6467.000
791.329	6547.000
791.535	6635.000
791.741	6507.000
791.947	6391.000
792.153	6452.000
792.359	6466.000
792.565	6634.000
792.771	6669.000
792.978	6454.000
793.184	6479.000
793.390	6479.000
793.596	6412.000
793.802	6411.000
794.008	6592.000
794.214	6635.000
794.421	6539.000
794.627	6531.000
794.833	6332.000
795.039	6359.000
795.245	6429.000
795.451	6287.000
795.657	6289.000
795.864	6281.000
796.070	6308.000
796.276	6430.000
796.482	6420.000
796.688	6304.000
796.894	6288.000
797.100	6250.000
797.307	6271.000
797.513	6288.000
797.719	6286.000
797.925	6311.000
798.131	6184.000
798.337	6130.000
798.543	6138.000
798.749	6222.000
798.956	6343.000
799.162	6105.000
799.368	6052.000
799.574	6082.000
799.780	6174.000
799.986	6076.000
800.192	5963.000
800.399	5950.000
800.605	5972.000
800.811	5931.000
801.017	5917.000
801.223	5904.000
801.429	5924.000
801.635	5877.000
801.842	5947.000
802.048	5933.000
802.254	5883.000
802.460	5843.000
802.666	5820.000
802.872	5891.000
803.078	5962.000
803.285	5810.000
803.491	5657.000
803.697	5763.000
803.903	5847.000
804.109	5729.000
804.315	5768.000
804.521	5833.000
804.727	5794.000
804.934	5707.000
805.140	5867.000
805.346	5834.000
805.552	5868.000
805.758	5853.000
805.964	5762.000
806.170	5780.000
806.377	5762.000
806.583	5676.000
806.789	5641.000
806.995	5597.000
807.201	5589.000
807.407	5658.000
807.613	5652.000
807.820	5550.000
808.026	5462.000
808.232	5585.000
808.438	5656.000
808.644	5567.000
808.850	5406.000
809.056	5394.000
809.262	5314.000
809.469	5306.000
809.675	5260.000
809.881	5273.000
810.087	5271.000
810.293	5350.000
810.499	5413.000
810.705	5253.000
810.912	5126.000
811.118	5131.000
811.324	5109.000
811.530	4988.000
811.739	4951.000
811.947	4934.000
812.156	4862.000
812.365	4774.000
812.573	4724.000
812.782	4562.000
812.990	4529.000
813.199	4555.000
813.408	4525.000
813.616	4473.000
813.825	4344.000
814.034	4222.000
814.242	4236.000
814.451	4185.000
814.659	4113.000
814.868	4064.000
815.077	4025.000
815.285	3994.000
815.494	3861.000
815.703	3862.000
815.911	3918.000
816.120	3877.000
816.329	3863.000
816.537	3946.000
816.746	3892.000
816.954	3752.000
817.163	3780.000
817.372	3799.000
817.580	3758.000
817.789	3854.000
817.998	3804.000
818.206	3716.000
818.415	3846.000
818.624	3786.000
818.832	3813.000
819.041	3895.000
819.249	4039.000
819.458	4124.000
819.667	4041.000
819.875	3976.000
820.084	4075.000
820.293	4115.000
820.501	3966.000
820.710	4047.000
820.919	4187.000
821.127	4078.000
821.336	4002.000
821.544	3849.000
821.753	3683.000
821.962	3605.000
822.170	3549.000
822.379	3602.000
822.588	3648.000
822.796	3593.000
823.005	3633.000
823.213	3695.000
823.422	3796.000
823.631	3962.000
823.839	3905.000
824.048	3825.000
824.257	3868.000
824.465	3974.000
824.674	3969.000
824.883	3968.000
825.091	3929.000
825.300	3832.000
825.508	4064.000
825.717	4082.000
825.926	4005.000
826.134	3929.000
826.343	3961.000
826.552	3962.000
826.760	3855.000
826.969	3903.000
827.178	3876.000
827.386	3855.000
827.595	3902.000
827.803	3771.000
828.012	3757.000
828.221	3770.000
828.429	3841.000
828.638	3811.000
828.847	3879.000
829.055	3817.000
829.264	3795.000
829.472	3868.000
829.681	3713.000
829.890	3692.000
830.098	3694.000
830.307	3732.000
830.516	3796.000
830.724	3689.000
830.933	3663.000
831.142	3712.000
831.350	3791.000
831.559	3876.000
831.767	3709.000
831.976	3726.000
832.185	3817.000
832.393	3819.000
832.602	3694.000
832.811	3679.000
833.019	3627.000
833.228	3618.000
833.437	3749.000
833.645	3743.000
833.854	3703.000
834.062	3768.000
834.271	3703.000
834.480	3650.000
834.688	3739.000
834.897	3778.000
835.106	3712.000
835.314	3739.000
835.523	3748.000
835.731	3827.000
835.940	3924.000
836.149	3911.000
836.357	3849.000
836.566	3817.000
836.775	3861.000
836.983	3821.000
837.192	3884.000
837.401	3799.000
837.609	3743.000
837.818	3826.000
838.026	3789.000
838.235	3792.000
838.444	3903.000
838.652	3898.000
838.861	3989.000
839.070	3855.000
839.278	3880.000
839.487	3821.000
839.696	3903.000
839.904	3788.000
840.113	3776.000
840.321	3851.000
840.530	3873.000
840.739	3757.000
840.947	3845.000
841.156	3812.000
841.365	3784.000
841.573	3856.000
841.782	3927.000
841.991	3914.000
842.199	3785.000
842.408	3783.000
842.616	3861.000
842.825	3741.000
843.034	3696.000
843.242	3663.000
843.451	3737.000
843.660	3748.000
843.868	3641.000
844.077	3582.000
844.285	3759.000
844.494	3950.000
844.703	3808.000
844.911	3727.000
845.120	3672.000
845.329	3690.000
845.537	3689.000
845.746	3590.000
845.955	3610.000
846.163	3607.000
846.372	3684.000
846.580	3652.000
846.789	3704.000
846.998	3758.000
847.206	3633.000
847.415	3620.000
847.624	3640.000
847.832	3633.000
848.041	3526.000
848.250	3533.000
848.458	3553.000
848.667	3545.000
848.875	3491.000
849.084	3315.000
849.293	3347.000
849.501	3368.000
849.710	3316.000
849.919	3401.000
850.127	3389.000
850.336	3371.000
850.544	3348.000
850.753	3411.000
850.962	3399.000
851.170	3399.000
851.379	3465.000
851.588	3395.000
851.796	3427.000
852.005	3333.000
852.214	3376.000
852.422	3443.000
852.631	3404.000
852.839	3137.000
853.048	3057.000
853.257	3061.000
853.465	3005.000
853.674	2963.000
853.883	3046.000
854.091	2918.000
854.300	2947.000
854.509	3120.000
854.717	3269.000
854.926	3203.000
855.134	3132.000
855.343	3196.000
855.552	3155.000
855.760	3247.000
855.969	3180.000
856.178	3037.000
856.386	3119.000
856.595	3250.000
856.803	3269.000
857.012	3128.000
857.221	3098.000
857.429	3064.000
857.638	3110.000
857.847	3189.000
858.055	3199.000
858.264	3128.000
858.473	3139.000
858.681	3192.000
858.890	3040.000
859.098	3024.000
859.307	3134.000
859.516	3060.000
859.724	3042.000
859.933	3011.000
860.142	3100.000
860.350	3108.000
860.559	3004.000
860.768	2962.000
860.976	2933.000
861.185	2956.000
861.393	2978.000
861.602	3076.000
861.811	3060.000
862.019	3104.000
862.228	3074.000
862.437	3027.000
862.645	3024.000
862.854	3047.000
863.062	3071.000
863.271	2973.000
863.480	3015.000
863.688	3011.000
863.897	2899.000
864.106	2817.000
864.314	2918.000
864.523	2861.000
864.732	2767.000
864.940	2655.000
865.149	2599.000
865.357	2626.000
865.566	2606.000
865.775	2612.000
865.983	2621.000
866.192	2530.000
866.401	2548.000
866.609	2518.000
866.818	2586.000
867.027	2708.000
867.235	2655.000
867.444	2592.000
867.652	2568.000
867.861	2573.000
868.070	2530.000
868.278	2540.000
868.487	2612.000
868.696	2673.000
868.904	2620.000
869.113	2526.000
869.321	2655.000
869.530	2650.000
869.739	2601.000
869.947	2671.000
870.156	2612.000
870.365	2491.000
870.573	2504.000
870.782	2555.000
870.991	2577.000
871.199	2564.000
871.408	2458.000
871.616	2466.000
871.825	2458.000
872.034	2457.000
872.242	2482.000
872.451	2533.000
872.660	2539.000
872.868	2626.000
873.077	2577.000
873.286	2496.000
873.494	2528.000
873.703	2430.000
873.911	2400.000
874.120	2321.000
874.329	2313.000
874.537	2425.000
874.746	2345.000
874.955	2383.000
875.163	2286.000
875.372	2233.000
875.581	2311.000
875.789	2325.000
875.998	2292.000
876.206	2339.000
876.415	2326.000
876.624	2295.000
876.832	2257.000
877.041	2272.000
877.250	2329.000
877.458	2209.000
877.667	2280.000
877.875	2315.000
878.084	2260.000
878.293	2217.000
878.501	2183.000
878.710	2187.000
878.919	2224.000
879.127	2190.000
879.336	2167.000
879.545	2149.000
879.753	2068.000
879.962	2093.000
880.170	2108.000
880.379	2094.000
880.588	2180.000
880.796	2248.000
881.005	2294.000
881.214	2215.000
881.422	2088.000
881.631	2157.000
881.840	2300.000
882.048	2239.000
882.257	2192.000
882.465	2086.000
882.674	2049.000
882.883	2128.000
883.091	2073.000
883.300	2053.000
883.509	2070.000
883.717	2118.000
883.926	2118.000
884.134	2115.000
884.343	2041.000
884.552	2031.000
884.760	2035.000
884.969	2149.000
885.178	2044.000
885.386	2003.000
885.595	1902.000
885.804	1913.000
886.012	1874.000
886.221	1905.000
886.429	1910.000
886.638	1846.000
886.847	1848.000
887.055	1883.000
887.264	1868.000
887.473	1875.000
887.681	1869.000
887.890	1851.000
888.099	1895.000
888.307	1945.000
888.516	1850.000
888.724	1895.000
888.933	1877.000
889.142	1856.000
889.350	1864.000
889.559	1895.000
889.768	1777.000
889.976	1827.000
890.185	1890.000
890.393	1887.000
890.602	1837.000
890.811	1817.000
891.019	1829.000
891.228	1887.000
891.437	1804.000
891.645	1737.000
891.854	1790.000
892.063	1784.000
892.271	1704.000
892.480	1614.000
892.688	1743.000
892.897	1799.000
893.106	1772.000
893.314	1706.000
893.523	1491.000
893.732	1630.000
893.940	1623.000
894.149	1529.000
894.358	1561.000
894.566	1572.000
894.775	1664.000
894.983	1555.000
895.192	1451.000
895.401	1545.000
895.609	1484.000
895.818	1351.000
896.027	1277.000
896.235	1301.000
896.444	1318.000
896.652	1385.000
896.861	1351.000
897.070	1484.000
897.278	1472.000
897.487	1422.000
897.696	1429.000
897.904	1252.000
898.113	1243.000
898.322	1199.000
898.530	1150.000
898.739	1219.000
898.947	1224.000
899.156	1173.000
899.365	1256.000
899.573	1250.000
899.782	1161.000
899.991	1105.000
900.199	1065.000
900.408	1159.000
900.617	1138.000
900.825	1170.000
901.034	1270.000
901.242	1127.000
901.451	1122.000
901.660	1185.000
901.868	1238.000
902.077	1225.000
902.286	1168.000
902.494	1222.000
902.703	1291.000
902.911	1381.000
903.120	1433.000
903.329	1337.000
903.537	1303.000
903.746	1319.000
903.955	1285.000
904.163	1235.000
904.372	1317.000
904.581	1351.000
904.789	1385.000
904.998	1379.000
905.206	1336.000
905.415	1440.000
905.624	1379.000
905.832	1206.000
906.041	1127.000
906.250	1137.000
906.458	1138.000
906.667	1166.000
906.876	1186.000
907.084	1156.000
907.293	1114.000
907.501	1201.000
907.710	1121.000
907.919	1088.000
908.127	1177.000
908.336	1092.000
908.545	1135.000
908.753	1172.000
908.962	1123.000
909.170	1114.000
909.379	1083.000
909.588	1163.000
909.796	1145.000
910.005	1057.000
910.214	961.000
910.422	1019.000
910.631	1007.000
910.840	1123.000
911.048	1169.000
911.257	1046.000
911.465	1021.000
911.674	1054.000
911.883	1104.000
912.091	1055.000
912.300	1037.000
912.508	984.000
912.716	1004.000
912.924	1046.000
913.132	1091.000
913.340	1088.000
913.549	1008.000
913.757	984.000
913.965	967.000
914.173	943.000
914.381	956.000
914.589	944.000
914.797	846.000
915.005	902.000
915.213	1008.000
915.421	1034.000
915.629	950.000
915.838	873.000
916.046	917.000
916.254	930.000
916.462	933.000
916.670	861.000
916.878	906.000
917.086	940.000
917.294	914.000
917.502	1070.000
917.710	1085.000
917.919	1016.000
918.127	973.000
918.335	977.000
918.543	937.000
918.751	1002.000
918.959	1105.000
919.167	977.000
919.375	971.000
919.583	1135.000
919.791	1002.000
919.999	1026.000
920.208	1109.000
920.416	969.000
920.624	994.000
920.832	1024.000
921.040	1048.000
921.248	1036.000
921.456	952.000
921.664	904.000
921.872	935.000
922.080	904.000
922.288	883.000
922.497	923.000
922.705	1010.000
922.913	1026.000
923.121	983.000
923.329	894.000
923.537	809.000
923.745	850.000
923.953	838.000
924.161	842.000
924.369	892.000
924.578	869.000
924.786	876.000
924.994	926.000
925.202	916.000
925.410	937.000
925.618	925.000
925.826	916.000
926.034	969.000
926.242	945.000
926.450	818.000
926.658	792.000
926.867	852.000
927.075	760.000
927.283	672.000
927.491	729.000
927.699	761.000
927.907	851.000
928.115	849.000
928.323	642.000
928.531	591.000
928.739	590.000
928.947	584.000
929.156	568.000
929.364	618.000
929.572	658.000
929.780	435.000
929.988	439.000
930.196	477.000
930.404	430.000
930.612	425.000
930.820	423.000
931.028	422.000
931.236	431.000
931.445	422.000
931.653	365.000
931.861	387.000
932.069	300.000
932.277	363.000
932.485	441.000
932.693	268.000
932.901	224.000
933.109	258.000
933.317	289.000
933.526	288.000
933.734	236.000
933.942	218.000
934.150	241.000
934.358	261.000
934.566	274.000
934.774	221.000
934.982	189.000
935.190	277.000
935.398	282.000
935.606	249.000
935.815	172.000
936.023	220.000
936.231	282.000
936.439	277.000
936.647	270.000
936.855	256.000
937.063	240.000
937.271	297.000
937.479	313.000
937.687	276.000
937.895	321.000
938.104	370.000
938.312	318.000
938.520	256.000
938.728	263.000
938.936	299.000
939.144	327.000
939.352	329.000
939.560	396.000
939.768	357.000
939.976	275.000
940.185	245.000
940.393	281.000
940.601	275.000
940.809	237.000
941.017	331.000
941.225	321.000
941.433	253.000
941.641	263.000
941.849	208.000
942.057	249.000
942.265	235.000
942.474	233.000
942.682	226.000
942.890	154.000
943.098	189.000
943.306	218.000
943.514	200.000
943.722	181.000
943.930	279.000
944.138	316.000
944.346	263.000
944.554	274.000
944.763	193.000
944.971	138.000
945.179	195.000
945.387	239.000
945.595	251.000
945.803	307.000
946.011	285.000
946.219	235.000
946.427	183.000
946.635	224.000
946.843	299.000
947.052	326.000
947.260	276.000
947.468	274.000
947.676	258.000
947.884	257.000
948.092	278.000
948.300	261.000
948.508	253.000
948.716	201.000
948.924	182.000
949.133	335.000
949.341	379.000
949.549	260.000
949.757	351.000
949.965	277.000
950.173	153.000
950.381	224.000
950.589	312.000
950.797	262.000
951.005	210.000
951.213	166.000
951.422	203.000
951.630	239.000
951.838	228.000
952.046	386.000
952.254	359.000
952.462	269.000
952.670	345.000
952.878	330.000
953.086	240.000
953.294	287.000
953.502	300.000
953.711	316.000
953.919	321.000
954.127	255.000
954.335	189.000
954.543	246.000
954.751	273.000
954.959	280.000
955.167	300.000
955.375	260.000
955.583	218.000
955.792	299.000
956.000	352.000
956.208	373.000
956.416	269.000
956.624	222.000
956.832	275.000
957.040	224.000
957.248	225.000
957.456	293.000
957.664	245.000
957.872	145.000
958.081	175.000
958.289	230.000
958.497	255.000
958.705	292.000
958.913	229.000
959.121	174.000
959.329	245.000
959.537	168.000
959.745	196.000
959.953	303.000
960.161	263.000
960.370	168.000
960.578	181.000
960.786	294.000
960.994	270.000
961.202	240.000
961.410	256.000
961.618	228.000
961.826	217.000
962.034	308.000
962.242	237.000
962.451	167.000
962.659	184.000
962.867	178.000
963.075	201.000
963.283	259.000
963.491	285.000
963.699	279.000
963.907	286.000
964.115	309.000
964.323	360.000
964.531	365.000
964.740	255.000
964.948	338.000
965.156	241.000
965.364	299.000
965.572	419.000
965.780	344.000
965.999	272.000
966.218	205.000
966.438	142.000
966.657	148.000
966.876	228.000
967.095	286.000
967.315	247.000
967.534	209.000
967.753	343.000
967.972	376.000
968.192	381.000
968.411	315.000
968.630	246.000
968.849	241.000
969.068	369.000
969.288	417.000
969.507	397.000
969.726	413.000
969.945	391.000
970.165	277.000
970.384	305.000
970.603	285.000
970.822	246.000
971.042	172.000
971.261	229.000
971.480	328.000
971.699	286.000
971.919	262.000
972.138	342.000
972.357	357.000
972.576	291.000
972.795	322.000
973.015	278.000
973.234	304.000
973.453	224.000
973.672	144.000
973.892	183.000
974.111	212.000
974.330	264.000
974.549	316.000
974.769	247.000
974.988	269.000
975.207	202.000
975.426	178.000
975.646	227.000
975.865	180.000
976.084	234.000
976.303	276.000
976.522	250.000
976.742	218.000
976.961	195.000
977.180	259.000
977.399	230.000
977.619	237.000
977.838	268.000
978.057	277.000
978.276	319.000
978.496	274.000
978.715	275.000
978.934	200.000
979.153	118.000
979.372	151.000
979.592	228.000
979.811	255.000
980.030	205.000
980.249	169.000
980.469	226.000
980.688	244.000
980.907	186.000
981.126	262.000
981.346	354.000
981.565	307.000
981.784	196.000
982.003	292.000
982.223	357.000
982.442	371.000
982.661	202.000
982.880	263.000
983.099	281.000
983.319	266.000
983.538	249.000
983.757	209.000
983.976	315.000
984.196	347.000
984.415	350.000
984.634	313.000
984.853	285.000
985.073	359.000
985.292	256.000
985.511	253.000
985.730	244.000
985.949	224.000
986.169	317.000
986.388	405.000
986.607	153.000
986.826	179.000
987.046	168.000
987.265	158.000
987.484	227.000
987.703	288.000
987.923	228.000
988.142	261.000
988.361	281.000
988.580	289.000
988.800	189.000
989.019	293.000
989.238	260.000
989.457	161.000
989.676	226.000
989.896	245.000
990.115	184.000
990.334	130.000
990.553	115.000
990.773	127.000
990.992	183.000
991.211	199.000
991.430	252.000
991.650	201.000
991.869	202.000
992.088	129.000
992.307	218.000
992.527	219.000
992.746	166.000
992.965	233.000
993.184	246.000
993.403	233.000
993.623	240.000
993.842	191.000
994.061	103.000
994.280	190.000
994.500	188.000
994.719	158.000
994.938	180.000
995.157	137.000
995.377	165.000
995.596	234.000
995.815	282.000
996.034	209.000
996.253	158.000
996.473	149.000
996.692	231.000
996.911	208.000
997.130	214.000
997.350	212.000
997.569	273.000
997.788	215.000
998.007	72.000
998.227	105.000
998.446	208.000
998.665	185.000
998.884	199.000
999.104	180.000
999.323	198.000
999.542	169.000
999.761	135.000
999.980	105.000
1000.200	191.000
1000.419	208.000
1000.638	219.000
1000.857	261.000
1001.077	208.000
1001.296	154.000
1001.515	112.000
1001.734	152.000
1001.954	177.000
1002.173	205.000
1002.392	229.000
1002.611	221.000
1002.830	163.000
1003.050	66.000
1003.269	90.000
1003.488	139.000
1003.707	156.000
1003.927	149.000
1004.146	186.000
1004.365	125.000
1004.584	101.000
1004.804	187.000
1005.023	246.000
1005.242	155.000
1005.461	124.000
1005.681	155.000
1005.900	113.000
1006.119	99.000
1006.338	77.000
1006.557	69.000
1006.777	208.000
1006.996	232.000
1007.215	92.000
1007.434	74.000
1007.654	174.000
1007.873	180.000
1008.092	144.000
1008.311	116.000
1008.531	49.000
1008.750	132.000
1008.969	195.000
1009.188	14.000
1009.407	-6.000
1009.627	37.000
1009.846	48.000
1010.065	160.000
1010.284	151.000
1010.504	6.000
1010.723	33.000
1010.942	84.000
1011.161	90.000
1011.381	70.000
1011.600	65.000
1011.819	171.000
1012.038	84.000
1012.258	98.000
1012.477	197.000
1012.696	161.000
1012.915	155.000
1013.134	169.000
1013.354	133.000
1013.573	138.000
1013.792	121.000
1014.011	73.000
1014.231	129.000
1014.450	168.000
1014.669	138.000
1014.888	42.000
1015.108	143.000
1015.327	174.000
1015.546	160.000
1015.765	146.000
1015.984	96.000
1016.204	154.000
1016.423	145.000
1016.642	167.000
1016.861	149.000
1017.081	83.000
1017.300	103.000
1017.519	68.000
