296.912	38.500
297.101	0.500
297.290	-7.500
297.479	-14.500
297.668	-30.500
297.858	9.500
298.047	-0.500
298.236	-7.500
298.425	-5.500
298.614	-18.500
298.803	-7.500
298.992	4.500
299.181	0.500
299.370	-16.500
299.559	-22.500
299.748	6.500
299.937	-19.500
300.126	-18.500
300.315	-17.500
300.504	-20.500
300.693	22.500
300.882	-2.500
301.071	-32.500
301.260	-42.500
301.449	-42.500
301.638	-0.500
301.827	27.500
302.016	-4.500
302.205	-7.500
302.395	-7.500
302.584	-5.500
302.773	-22.500
302.962	7.500
303.151	8.500
303.340	9.500
303.529	25.500
303.718	-4.500
303.907	-37.500
304.096	-14.500
304.285	-11.500
304.474	-22.500
304.663	-1.500
304.852	-7.500
305.041	3.500
305.230	7.500
305.419	-67.500
305.608	-36.500
305.797	-31.500
305.986	-66.500
306.175	-61.500
306.364	-49.500
306.553	-39.500
306.743	-34.500
306.932	-15.500
307.121	-7.500
307.310	-8.500
307.499	-19.500
307.688	-17.500
307.877	20.500
308.066	-7.500
308.255	-11.500
308.444	8.500
308.633	-4.500
308.822	-5.500
309.011	15.500
309.200	-11.500
309.389	12.500
309.578	0.500
309.767	-19.500
309.956	13.500
310.145	0.500
310.334	-15.500
310.523	-12.500
310.712	-20.500
310.901	-10.500
311.091	38.500
311.280	21.500
311.469	-15.500
311.658	-5.500
311.847	-28.500
312.036	-50.500
312.225	-57.500
312.414	-47.500
312.603	-15.500
312.792	-34.500
312.981	-15.500
313.170	3.500
313.349	-9.500
313.527	0.500
313.706	-35.500
313.884	-39.500
314.063	-47.500
314.241	-42.500
314.420	5.500
314.598	8.500
314.777	0.500
314.955	-9.500
315.134	6.500
315.312	1.500
315.491	7.500
315.669	-14.500
315.848	-59.500
316.027	-59.500
316.205	-11.500
316.384	40.500
316.562	13.500
316.741	-19.500
316.919	26.500
317.098	18.500
317.276	-32.500
317.455	-22.500
317.633	19.500
317.812	10.500
317.990	-55.500
318.169	-48.500
318.347	-66.500
318.526	-49.500
318.705	-58.500
318.883	-45.500
319.062	-20.500
319.240	-7.500
319.419	17.500
319.597	7.500
319.776	-0.500
319.954	-5.500
320.133	-1.500
320.311	8.500
320.490	9.500
320.668	-11.500
320.847	-33.500
321.025	-31.500
321.204	8.500
321.382	-4.500
321.561	-10.500
321.740	5.500
321.918	-2.500
322.097	7.500
322.275	-7.500
322.454	-36.500
322.632	-47.500
322.811	-36.500
322.989	-12.500
323.168	-18.500
323.346	-42.500
323.525	-60.500
323.703	-32.500
323.882	-0.500
324.060	-29.500
324.239	-10.500
324.418	-0.500
324.596	-1.500
324.775	-12.500
324.953	-25.500
325.132	19.500
325.310	5.500
325.489	-11.500
325.667	2.500
325.846	-27.500
326.024	14.500
326.203	10.500
326.381	-1.500
326.560	13.500
326.738	10.500
326.917	6.500
327.096	10.500
327.274	11.500
327.453	-16.500
327.631	-53.500
327.810	-36.500
327.988	-32.500
328.167	-5.500
328.345	-24.500
328.524	-31.500
328.702	24.500
328.881	59.500
329.059	12.500
329.238	-12.500
329.416	14.500
329.595	-6.500
329.774	3.500
329.952	34.500
330.131	33.500
330.309	25.500
330.488	33.500
330.666	2.500
330.845	-25.500
331.023	-39.500
331.202	-48.500
331.380	-24.500
331.559	-6.500
331.737	6.500
331.916	4.500
332.094	4.500
332.273	21.500
332.452	15.500
332.630	-44.500
332.809	-61.500
332.987	-32.500
333.166	-43.500
333.344	-13.500
333.523	6.500
333.701	-7.500
333.880	-0.500
334.058	-3.500
334.237	8.500
334.415	24.500
334.594	5.500
334.772	-36.500
334.951	-63.500
335.129	-43.500
335.308	40.500
335.487	-31.500
335.665	-29.500
335.844	54.500
336.022	25.500
336.201	-9.500
336.379	-9.500
336.558	-32.500
336.736	-9.500
336.915	16.500
337.093	27.500
337.272	0.500
337.450	-16.500
337.629	-8.500
337.807	-5.500
337.986	-10.500
338.165	3.500
338.343	-22.500
338.522	14.500
338.700	22.500
338.879	9.500
339.057	58.500
339.236	37.500
339.414	-17.500
339.593	-26.500
339.771	-24.500
339.950	5.500
340.128	17.500
340.307	21.500
340.485	3.500
340.664	8.500
340.843	-0.500
341.021	-4.500
341.200	-6.500
341.378	18.500
341.557	16.500
341.735	-18.500
341.914	-89.500
342.092	-19.500
342.271	0.500
342.449	-22.500
342.628	-4.500
342.806	22.500
342.985	38.500
343.163	-21.500
343.342	-17.500
343.521	-32.500
343.699	-43.500
343.878	-25.500
344.056	-41.500
344.235	-34.500
344.413	19.500
344.592	34.500
344.770	-27.500
344.949	-2.500
345.127	24.500
345.306	25.500
345.484	-17.500
345.663	-18.500
345.841	34.500
346.020	18.500
346.199	56.500
346.377	32.500
346.556	20.500
346.734	72.500
346.913	34.500
347.091	16.500
347.270	48.500
347.448	4.500
347.627	7.500
347.805	31.500
347.984	26.500
348.162	5.500
348.341	22.500
348.519	-16.500
348.698	-55.500
348.876	11.500
349.055	24.500
349.234	37.500
349.412	50.500
349.591	15.500
349.769	-25.500
349.948	-3.500
350.126	64.500
350.305	53.500
350.483	12.500
350.662	-7.500
350.840	31.500
351.019	33.500
351.197	-6.500
351.376	8.500
351.554	0.500
351.733	-23.500
351.912	-3.500
352.090	-9.500
352.269	-70.500
352.447	-23.500
352.626	38.500
352.804	53.500
352.983	-3.500
353.161	15.500
353.340	51.500
353.518	-0.500
353.697	-9.500
353.875	-23.500
354.054	0.500
354.232	33.500
354.411	50.500
354.590	40.500
354.768	10.500
354.947	3.500
355.125	-28.500
355.304	-29.500
355.482	11.500
355.661	21.500
355.839	32.500
356.018	21.500
356.196	16.500
356.375	-15.500
356.553	-0.500
356.732	-7.500
356.910	-60.500
357.089	-29.500
357.268	3.500
357.446	34.500
357.625	49.500
357.803	11.500
357.982	7.500
358.160	12.500
358.339	32.500
358.517	9.500
358.696	35.500
358.874	28.500
359.053	-5.500
359.231	-26.500
359.410	-30.500
359.588	3.500
359.767	19.500
359.945	43.500
360.124	24.500
360.303	29.500
360.481	32.500
360.660	-3.500
360.838	-14.500
361.017	-15.500
361.195	5.500
361.374	3.500
361.552	37.500
361.731	33.500
361.909	31.500
362.088	1.500
362.266	-10.500
362.445	8.500
362.623	-6.500
362.802	19.500
362.981	24.500
363.159	28.500
363.338	44.500
363.516	49.500
363.695	-26.500
363.873	-6.500
364.052	-11.500
364.230	-3.500
364.409	14.500
364.587	56.500
364.766	23.500
364.944	10.500
365.123	43.500
365.301	34.500
365.480	32.500
365.660	7.500
365.839	17.500
366.019	51.500
366.199	47.500
366.379	-2.500
366.558	-12.500
366.738	24.500
366.918	13.500
367.098	-25.500
367.277	21.500
367.457	18.500
367.637	-13.500
367.816	13.500
367.996	42.500
368.176	39.500
368.356	47.500
368.535	46.500
368.715	35.500
368.895	12.500
369.075	12.500
369.254	-3.500
369.434	21.500
369.614	44.500
369.793	28.500
369.973	55.500
370.153	42.500
370.333	60.500
370.512	34.500
370.692	39.500
370.872	31.500
371.051	-11.500
371.231	18.500
371.411	14.500
371.591	-0.500
371.770	43.500
371.950	40.500
372.130	14.500
372.310	24.500
372.489	24.500
372.669	0.500
372.849	16.500
373.028	20.500
373.208	19.500
373.388	33.500
373.568	12.500
373.747	23.500
373.927	54.500
374.107	0.500
374.287	24.500
374.466	28.500
374.646	3.500
374.826	-26.500
375.005	-6.500
375.185	30.500
375.365	52.500
375.545	65.500
375.724	61.500
375.904	80.500
376.084	72.500
376.263	39.500
376.443	-13.500
376.623	-2.500
376.803	11.500
376.982	48.500
377.162	28.500
377.342	24.500
377.522	24.500
377.701	32.500
377.881	20.500
378.061	35.500
378.240	12.500
378.420	27.500
378.600	66.500
378.780	66.500
378.959	34.500
379.139	47.500
379.319	55.500
379.499	32.500
379.678	26.500
379.858	43.500
380.038	-1.500
380.217	22.500
380.397	28.500
380.577	25.500
380.757	31.500
380.936	59.500
381.116	23.500
381.296	14.500
381.476	26.500
381.655	-42.500
381.835	2.500
382.015	46.500
382.194	69.500
382.374	43.500
382.554	-1.500
382.734	17.500
382.913	24.500
383.093	43.500
383.273	34.500
383.452	25.500
383.632	51.500
383.812	68.500
383.992	61.500
384.171	66.500
384.351	47.500
384.531	38.500
384.711	23.500
384.890	0.500
385.070	14.500
385.250	23.500
385.429	38.500
385.609	51.500
385.789	27.500
385.969	-4.500
386.148	-18.500
386.328	25.500
386.508	29.500
386.688	11.500
386.867	35.500
387.047	37.500
387.227	17.500
387.406	37.500
387.586	35.500
387.766	39.500
387.946	57.500
388.125	19.500
388.305	11.500
388.485	9.500
388.664	-1.500
388.844	24.500
389.024	24.500
389.204	24.500
389.383	36.500
389.563	58.500
389.743	31.500
389.923	0.500
390.102	-9.500
390.282	-15.500
390.462	-5.500
390.641	18.500
390.821	-9.500
391.001	-0.500
391.181	-13.500
391.360	28.500
391.540	39.500
391.720	21.500
391.900	57.500
392.079	65.500
392.259	19.500
392.439	-4.500
392.618	12.500
392.798	17.500
392.978	22.500
393.158	36.500
393.337	35.500
393.517	61.500
393.697	71.500
393.877	68.500
394.056	52.500
394.236	93.500
394.416	121.500
394.595	77.500
394.775	44.500
394.955	49.500
395.135	52.500
395.314	71.500
395.494	111.500
395.674	102.500
395.853	60.500
396.033	85.500
396.213	109.500
396.393	69.500
396.572	36.500
396.752	36.500
396.932	69.500
397.112	34.500
397.291	58.500
397.471	87.500
397.651	43.500
397.830	38.500
398.010	82.500
398.190	55.500
398.370	46.500
398.549	49.500
398.729	47.500
398.909	38.500
399.089	17.500
399.268	94.500
399.448	95.500
399.628	61.500
399.807	55.500
399.987	42.500
400.167	45.500
400.347	39.500
400.526	56.500
400.706	4.500
400.886	16.500
401.065	51.500
401.245	64.500
401.425	77.500
401.605	59.500
401.784	34.500
401.964	37.500
402.144	37.500
402.324	24.500
402.503	57.500
402.683	51.500
402.863	22.500
403.042	46.500
403.222	41.500
403.402	65.500
403.582	85.500
403.761	38.500
403.941	71.500
404.121	35.500
404.301	4.500
404.480	26.500
404.660	49.500
404.844	106.500
405.029	80.500
405.213	71.500
405.398	58.500
405.582	27.500
405.767	6.500
405.951	33.500
406.136	67.500
406.320	76.500
406.505	78.500
406.689	113.500
406.874	87.500
407.058	64.500
407.243	21.500
407.427	57.500
407.612	51.500
407.796	-5.500
407.981	25.500
408.165	56.500
408.350	58.500
408.534	32.500
408.719	21.500
408.903	20.500
409.088	28.500
409.272	30.500
409.457	22.500
409.641	28.500
409.826	67.500
410.010	90.500
410.195	76.500
410.379	51.500
410.564	95.500
410.748	34.500
410.933	28.500
411.117	84.500
411.302	131.500
411.486	110.500
411.671	126.500
411.855	78.500
412.040	88.500
412.224	89.500
412.409	54.500
412.593	60.500
412.778	80.500
412.962	58.500
413.147	88.500
413.331	98.500
413.516	62.500
413.700	47.500
413.885	97.500
414.069	75.500
414.254	92.500
414.438	118.500
414.623	92.500
414.807	65.500
414.992	54.500
415.176	90.500
415.361	159.500
415.545	181.500
415.730	130.500
415.914	88.500
416.099	148.500
416.283	152.500
416.468	135.500
416.652	112.500
416.837	94.500
417.021	182.500
417.206	189.500
417.390	138.500
417.575	137.500
417.759	190.500
417.944	189.500
418.128	175.500
418.313	218.500
418.497	258.500
418.682	185.500
418.866	223.500
419.051	232.500
419.235	224.500
419.420	253.500
419.604	273.500
419.789	263.500
419.973	255.500
420.158	261.500
420.342	276.500
420.527	325.500
420.711	384.500
420.896	370.500
421.080	346.500
421.265	360.500
421.449	399.500
421.634	408.500
421.818	403.500
422.003	377.500
422.187	412.500
422.372	475.500
422.556	494.500
422.741	506.500
422.925	508.500
423.110	515.500
423.294	536.500
423.479	580.500
423.663	578.500
423.848	575.500
424.032	616.500
424.217	690.500
424.401	670.500
424.586	663.500
424.770	663.500
424.955	672.500
425.139	713.500
425.324	768.500
425.508	799.500
425.693	811.500
425.877	834.500
426.062	849.500
426.246	911.500
426.431	910.500
426.615	895.500
426.800	968.500
426.984	1063.500
427.169	1043.500
427.353	1120.500
427.538	1109.500
427.722	1105.500
427.907	1149.500
428.091	1176.500
428.276	1256.500
428.460	1257.500
428.645	1298.500
428.829	1324.500
429.014	1319.500
429.198	1359.500
429.383	1412.500
429.567	1509.500
429.752	1568.500
429.936	1629.500
430.121	1636.500
430.305	1683.500
430.490	1775.500
430.674	1761.500
430.859	1828.500
431.043	1879.500
431.228	1911.500
431.412	2000.500
431.597	2043.500
431.781	2120.500
431.966	2164.500
432.150	2179.500
432.335	2214.500
432.519	2212.500
432.704	2314.500
432.888	2347.500
433.073	2435.500
433.257	2468.500
433.442	2503.500
433.626	2543.500
433.811	2619.500
433.995	2758.500
434.180	2793.500
434.364	2819.500
434.549	2888.500
434.733	2915.500
434.918	3001.500
435.102	3067.500
435.287	3153.500
435.471	3145.500
435.656	3172.500
435.840	3307.500
436.030	3419.500
436.219	3469.500
436.409	3510.500
436.599	3520.500
436.789	3670.500
436.978	3732.500
437.168	3791.500
437.358	3921.500
437.548	4022.500
437.737	4073.500
437.927	4102.500
438.117	4187.500
438.306	4270.500
438.496	4385.500
438.686	4480.500
438.876	4589.500
439.065	4706.500
439.255	4769.500
439.445	4891.500
439.634	5046.500
439.824	5144.500
440.014	5222.500
440.204	5372.500
440.393	5520.500
440.583	5630.500
440.773	5807.500
440.963	5844.500
441.152	6075.500
441.342	6289.500
441.532	6425.500
441.721	6675.500
441.911	6881.500
442.101	6897.500
442.291	7093.500
442.480	7299.500
442.670	7606.500
442.860	7770.500
443.050	7928.500
443.239	8190.500
443.429	8557.500
443.619	8855.500
443.808	9085.500
443.998	9339.500
444.188	9560.500
444.378	9841.500
444.567	10046.500
444.757	10350.500
444.947	10688.500
445.137	10959.500
445.326	11290.500
445.516	11625.500
445.706	11984.500
445.895	12262.500
446.085	12479.500
446.275	12789.500
446.465	13309.500
446.654	13662.500
446.844	13888.500
447.034	14136.500
447.223	14549.500
447.413	14829.500
447.603	15289.500
447.793	15634.500
447.982	15861.500
448.172	16046.500
448.362	16427.500
448.552	16870.500
448.741	17268.500
448.931	17528.500
449.121	17863.500
449.310	18181.500
449.500	18423.500
449.690	18613.500
449.880	18757.500
450.069	19019.500
450.259	19144.500
450.449	19359.500
450.639	19690.500
450.828	19633.500
451.018	19762.500
451.208	20037.500
451.397	20116.500
451.587	20152.500
451.777	20236.500
451.967	20299.500
452.156	20226.500
452.346	20251.500
452.536	20300.500
452.725	20055.500
452.915	19895.500
453.105	19750.500
453.295	19754.500
453.484	19508.500
453.674	19383.500
453.864	19091.500
454.054	18897.500
454.243	18776.500
454.433	18498.500
454.623	18074.500
454.812	17831.500
455.002	17476.500
455.192	17251.500
455.382	17032.500
455.571	16593.500
455.761	16229.500
455.951	16026.500
456.141	15625.500
456.330	15291.500
456.520	14898.500
456.710	14550.500
456.899	14273.500
457.089	13942.500
457.279	13626.500
457.469	13285.500
457.658	12989.500
457.848	12707.500
458.038	12414.500
458.228	12186.500
458.417	11885.500
458.607	11597.500
458.797	11363.500
458.986	11095.500
459.176	10701.500
459.366	10583.500
459.556	10344.500
459.745	9934.500
459.935	9715.500
460.125	9577.500
460.314	9454.500
460.504	9181.500
460.694	8986.500
460.884	8853.500
461.073	8664.500
461.263	8369.500
461.453	8307.500
461.643	8207.500
461.832	7946.500
462.022	7957.500
462.212	7837.500
462.401	7741.500
462.591	7637.500
462.781	7559.500
462.971	7479.500
463.160	7211.500
463.350	7148.500
463.540	7154.500
463.730	7004.500
463.919	7043.500
464.109	7017.500
464.299	7000.500
464.488	6903.500
464.678	6781.500
464.868	6743.500
465.058	6776.500
465.247	6677.500
465.437	6623.500
465.627	6559.500
465.816	6408.500
466.006	6349.500
466.196	6316.500
466.386	6264.500
466.575	6333.500
466.765	6220.500
466.955	6140.500
467.145	6117.500
467.334	6037.500
467.524	6000.500
467.714	5943.500
467.903	5850.500
468.093	5865.500
468.283	5870.500
468.473	5761.500
468.662	5564.500
468.852	5526.500
469.042	5478.500
469.232	5334.500
469.421	5211.500
469.611	5083.500
469.801	5123.500
469.990	5064.500
470.180	5009.500
470.370	5000.500
470.560	4860.500
470.749	4723.500
470.939	4749.500
471.129	4591.500
471.318	4399.500
471.508	4426.500
471.698	4465.500
471.888	4252.500
472.077	4213.500
472.267	4232.500
472.457	4037.500
472.647	3919.500
472.836	3900.500
473.026	3857.500
473.216	3769.500
473.405	3666.500
473.595	3591.500
473.785	3569.500
473.975	3562.500
474.164	3522.500
474.354	3432.500
474.544	3289.500
474.734	3294.500
474.923	3215.500
475.113	3120.500
475.303	3129.500
475.492	3103.500
475.682	3040.500
475.872	3016.500
476.062	2925.500
476.251	2909.500
476.441	2863.500
476.631	2819.500
476.821	2762.500
477.010	2680.500
477.200	2708.500
477.390	2609.500
477.579	2629.500
477.769	2580.500
477.959	2497.500
478.149	2457.500
478.338	2517.500
478.528	2484.500
478.718	2396.500
478.907	2374.500
479.097	2404.500
479.287	2405.500
479.477	2340.500
479.666	2323.500
479.856	2324.500
480.046	2264.500
480.236	2242.500
480.425	2300.500
480.615	2309.500
480.805	2269.500
480.994	2252.500
481.184	2244.500
481.374	2199.500
481.564	2250.500
481.753	2252.500
481.943	2185.500
482.133	2181.500
482.323	2106.500
482.512	2050.500
482.702	2156.500
482.892	2219.500
483.081	2150.500
483.271	2096.500
483.461	2063.500
483.651	2066.500
483.840	2114.500
484.030	2136.500
484.220	2096.500
484.409	2042.500
484.599	2068.500
484.789	2056.500
484.979	1998.500
485.168	2057.500
485.358	2025.500
485.548	2021.500
485.738	2044.500
485.927	1987.500
486.117	2020.500
486.307	2012.500
486.496	2043.500
486.686	2035.500
486.876	2010.500
487.066	2004.500
487.255	1968.500
487.445	1971.500
487.635	2007.500
487.825	1946.500
488.014	1950.500
488.204	2058.500
488.394	2066.500
488.583	2060.500
488.773	2114.500
488.963	2107.500
489.153	2028.500
489.342	1955.500
489.532	2020.500
489.722	2033.500
489.912	2056.500
490.101	2080.500
490.291	2071.500
490.481	2004.500
490.670	1994.500
490.860	2014.500
491.050	2046.500
491.240	2086.500
491.429	2093.500
491.619	2075.500
491.809	2113.500
491.998	2141.500
492.188	2098.500
492.378	2174.500
492.568	2216.500
492.757	2178.500
492.947	2159.500
493.137	2220.500
493.327	2287.500
493.516	2175.500
493.706	2223.500
493.896	2277.500
494.085	2368.500
494.275	2312.500
494.465	2333.500
494.655	2442.500
494.844	2512.500
495.034	2451.500
495.224	2430.500
495.414	2530.500
495.603	2638.500
495.793	2612.500
495.983	2719.500
496.172	2723.500
496.362	2722.500
496.552	2769.500
496.742	2742.500
496.931	2831.500
497.121	2872.500
497.311	2860.500
497.500	2853.500
497.690	2911.500
497.880	2966.500
498.070	2998.500
498.259	3075.500
498.449	3136.500
498.639	3098.500
498.829	3118.500
499.018	3218.500
499.208	3327.500
499.398	3354.500
499.587	3393.500
499.777	3393.500
499.967	3432.500
500.157	3493.500
500.346	3665.500
500.536	3725.500
500.726	3709.500
500.916	3688.500
501.105	3733.500
501.295	3826.500
501.485	3903.500
501.674	3941.500
501.864	4020.500
502.054	4062.500
502.244	4140.500
502.433	4146.500
502.623	4207.500
502.813	4261.500
503.003	4263.500
503.192	4384.500
503.382	4438.500
503.572	4425.500
503.761	4494.500
503.951	4435.500
504.141	4476.500
504.331	4624.500
504.520	4718.500
504.710	4882.500
504.900	4926.500
505.089	4874.500
505.279	4909.500
505.469	5089.500
505.659	5101.500
505.848	5092.500
506.038	5146.500
506.228	5209.500
506.418	5186.500
506.607	5349.500
506.797	5323.500
506.987	5345.500
507.176	5519.500
507.366	5589.500
507.556	5723.500
507.746	5723.500
507.935	5836.500
508.125	5899.500
508.315	5850.500
508.505	5927.500
508.694	6009.500
508.884	5982.500
509.074	6039.500
509.263	6118.500
509.453	6189.500
509.643	6186.500
509.833	6317.500
510.022	6313.500
510.212	6355.500
510.402	6359.500
510.592	6411.500
510.781	6575.500
510.971	6689.500
511.161	6743.500
511.350	6763.500
511.540	6668.500
511.730	6756.500
511.920	6828.500
512.109	6851.500
512.299	6942.500
512.489	6887.500
512.678	6979.500
512.868	7062.500
513.058	7090.500
513.248	7126.500
513.437	7206.500
513.627	7171.500
513.817	7185.500
514.007	7236.500
514.196	7330.500
514.386	7386.500
514.576	7356.500
514.765	7466.500
514.955	7561.500
515.145	7614.500
515.335	7572.500
515.524	7525.500
515.714	7566.500
515.904	7679.500
516.094	7733.500
516.283	7763.500
516.473	7844.500
516.663	7795.500
516.852	7830.500
517.042	8010.500
517.232	8103.500
517.422	7954.500
517.611	7977.500
517.801	8140.500
517.991	8163.500
518.180	8195.500
518.370	8165.500
518.560	8196.500
518.750	8288.500
518.939	8303.500
519.129	8373.500
519.319	8407.500
519.509	8436.500
519.698	8392.500
519.888	8460.500
520.078	8489.500
520.267	8677.500
520.457	8659.500
520.647	8636.500
520.837	8656.500
521.026	8762.500
521.216	8764.500
521.406	8709.500
521.596	8652.500
521.785	8662.500
521.975	8858.500
522.165	9027.500
522.354	8957.500
522.544	8974.500
522.734	8954.500
522.924	9005.500
523.113	9113.500
523.303	9126.500
523.493	9156.500
523.683	9173.500
523.872	9177.500
524.062	9193.500
524.252	9126.500
524.441	9172.500
524.631	9257.500
524.821	9318.500
525.011	9336.500
525.200	9539.500
525.390	9490.500
525.580	9524.500
525.769	9475.500
525.959	9381.500
526.149	9542.500
526.339	9537.500
526.528	9669.500
526.718	9757.500
526.908	9724.500
527.098	9698.500
527.287	9723.500
527.477	9700.500
527.667	9829.500
527.856	9786.500
528.046	9773.500
528.236	9761.500
528.426	9849.500
528.615	9844.500
528.805	9864.500
528.995	9900.500
529.185	9865.500
529.374	9874.500
529.564	9896.500
529.754	9875.500
529.943	9941.500
530.133	9960.500
530.323	9965.500
530.513	9878.500
530.702	9938.500
530.892	9976.500
531.082	9805.500
531.271	9787.500
531.461	9836.500
531.651	9860.500
531.841	9812.500
532.030	9883.500
532.220	9842.500
532.410	9891.500
532.600	9975.500
532.789	9819.500
532.979	9721.500
533.169	9671.500
533.358	9637.500
533.548	9798.500
533.738	9740.500
533.928	9739.500
534.117	9873.500
534.307	9871.500
534.497	9754.500
534.687	9681.500
534.876	9768.500
535.066	9861.500
535.256	9706.500
535.445	9620.500
535.635	9677.500
535.825	9599.500
536.015	9559.500
536.204	9559.500
536.394	9655.500
536.584	9743.500
536.773	9645.500
536.963	9632.500
537.153	9685.500
537.343	9631.500
537.532	9629.500
537.722	9639.500
537.912	9572.500
538.102	9596.500
538.291	9644.500
538.481	9703.500
538.671	9669.500
538.860	9668.500
539.050	9615.500
539.240	9564.500
539.430	9564.500
539.619	9675.500
539.809	9504.500
539.999	9503.500
540.189	9630.500
540.378	9574.500
540.568	9584.500
540.758	9533.500
540.947	9636.500
541.137	9732.500
541.327	9660.500
541.517	9566.500
541.706	9609.500
541.896	9513.500
542.086	9543.500
542.276	9712.500
542.465	9543.500
542.655	9482.500
542.845	9489.500
543.034	9546.500
543.224	9573.500
543.414	9512.500
543.604	9505.500
543.793	9420.500
543.983	9493.500
544.173	9455.500
544.362	9531.500
544.552	9480.500
544.742	9411.500
544.932	9447.500
545.121	9469.500
545.311	9434.500
545.501	9500.500
545.691	9527.500
545.880	9540.500
546.070	9485.500
546.264	9378.500
546.459	9392.500
546.653	9549.500
546.847	9468.500
547.041	9310.500
547.236	9329.500
547.430	9410.500
547.624	9470.500
547.818	9564.500
548.013	9442.500
548.207	9237.500
548.401	9380.500
548.596	9400.500
548.790	9426.500
548.984	9381.500
549.178	9288.500
549.373	9352.500
549.567	9327.500
549.761	9349.500
549.956	9320.500
550.150	9217.500
550.344	9224.500
550.538	9271.500
550.733	9238.500
550.927	9216.500
551.121	9316.500
551.315	9278.500
551.510	9277.500
551.704	9279.500
551.898	9203.500
552.093	9221.500
552.287	9176.500
552.481	9102.500
552.675	9246.500
552.870	9187.500
553.064	9180.500
553.258	9202.500
553.453	9218.500
553.647	9205.500
553.841	9193.500
554.035	9134.500
554.230	9176.500
554.424	9127.500
554.618	9341.500
554.812	9250.500
555.007	9166.500
555.201	9212.500
555.395	9177.500
555.590	9151.500
555.784	9173.500
555.978	9174.500
556.172	9115.500
556.367	9264.500
556.561	9231.500
556.755	9166.500
556.949	9181.500
557.144	9115.500
557.338	9111.500
557.532	9138.500
557.727	9225.500
557.921	9311.500
558.115	9062.500
558.309	9032.500
558.504	9108.500
558.698	9170.500
558.892	9208.500
559.087	9186.500
559.281	9288.500
559.475	9188.500
559.669	9036.500
559.864	9023.500
560.058	9084.500
560.252	9196.500
560.446	9114.500
560.641	9109.500
560.835	9161.500
561.029	9147.500
561.224	9106.500
561.418	9174.500
561.612	9333.500
561.806	9485.500
562.001	9265.500
562.195	9089.500
562.389	9083.500
562.584	9119.500
562.778	9137.500
562.972	9071.500
563.166	9188.500
563.361	9083.500
563.555	9108.500
563.749	9062.500
563.943	9077.500
564.138	9057.500
564.332	9059.500
564.526	9060.500
564.721	9098.500
564.915	9024.500
565.109	9062.500
565.303	9042.500
565.498	8947.500
565.692	8951.500
565.886	9015.500
566.081	8959.500
566.275	8999.500
566.469	9070.500
566.663	8978.500
566.858	8841.500
567.052	8988.500
567.246	8890.500
567.440	8866.500
567.635	8989.500
567.829	9042.500
568.023	8953.500
568.218	8875.500
568.412	8886.500
568.606	8950.500
568.800	8924.500
568.995	8817.500
569.189	8860.500
569.383	8871.500
569.577	8985.500
569.772	8804.500
569.966	8768.500
570.160	8826.500
570.355	8727.500
570.549	8802.500
570.743	8829.500
570.937	8766.500
571.132	8666.500
571.326	8673.500
571.520	8617.500
571.715	8654.500
571.909	8601.500
572.103	8622.500
572.297	8636.500
572.492	8658.500
572.686	8642.500
572.880	8683.500
573.074	8473.500
573.269	8550.500
573.463	8739.500
573.657	8606.500
573.852	8524.500
574.046	8460.500
574.240	8475.500
574.434	8515.500
574.629	8455.500
574.823	8445.500
575.017	8431.500
575.212	8333.500
575.406	8354.500
575.600	8395.500
575.794	8427.500
575.989	8418.500
576.183	8388.500
576.377	8318.500
576.571	8275.500
576.766	8218.500
576.960	8256.500
577.159	8243.500
577.357	8223.500
577.556	8221.500
577.755	8202.500
577.953	8293.500
578.152	8273.500
578.350	8122.500
578.549	8122.500
578.748	8139.500
578.946	8042.500
579.145	7954.500
579.344	8085.500
579.542	8064.500
579.741	8086.500
579.940	8072.500
580.138	7963.500
580.337	7936.500
580.535	7999.500
580.734	8143.500
580.933	8105.500
581.131	8142.500
581.330	8101.500
581.529	8104.500
581.727	8145.500
581.926	8211.500
582.125	8201.500
582.323	8136.500
582.522	8248.500
582.721	8316.500
582.919	8349.500
583.118	8356.500
583.316	8292.500
583.515	8332.500
583.714	8361.500
583.912	8275.500
584.111	8376.500
584.310	8420.500
584.508	8452.500
584.707	8497.500
584.906	8465.500
585.104	8432.500
585.303	8453.500
585.501	8581.500
585.700	8569.500
585.899	8378.500
586.097	8353.500
586.296	8524.500
586.495	8354.500
586.693	8286.500
586.892	8357.500
587.091	8323.500
587.289	8301.500
587.488	8241.500
587.686	8159.500
587.885	8288.500
588.084	8275.500
588.282	8152.500
588.481	8084.500
588.680	8172.500
588.878	8181.500
589.077	8089.500
589.276	8193.500
589.474	8133.500
589.673	8075.500
589.871	8081.500
590.070	8031.500
590.269	8037.500
590.467	8051.500
590.666	8040.500
590.865	8029.500
591.063	8043.500
591.262	8061.500
591.461	7922.500
591.659	7846.500
591.858	7936.500
592.056	7798.500
592.255	7776.500
592.454	7818.500
592.652	7895.500
592.851	7903.500
593.050	7855.500
593.248	7865.500
593.447	7796.500
593.646	7783.500
593.844	7734.500
594.043	7679.500
594.241	7699.500
594.440	7709.500
594.639	7667.500
594.837	7772.500
595.036	7727.500
595.235	7621.500
595.433	7664.500
595.632	7664.500
595.831	7529.500
596.029	7487.500
596.228	7554.500
596.427	7602.500
596.625	7601.500
596.824	7614.500
597.022	7559.500
597.221	7394.500
597.420	7341.500
597.618	7418.500
597.817	7417.500
598.016	7521.500
598.214	7467.500
598.413	7347.500
598.612	7332.500
598.810	7333.500
599.009	7370.500
599.207	7406.500
599.406	7395.500
599.605	7284.500
599.803	7209.500
600.002	7220.500
600.201	7264.500
600.399	7246.500
600.598	7217.500
600.797	7213.500
600.995	7139.500
601.194	7165.500
601.392	7215.500
601.591	7088.500
601.790	7191.500
601.988	7182.500
602.187	7114.500
602.386	7107.500
602.584	7040.500
602.783	7136.500
602.982	7171.500
603.180	7058.500
603.379	7006.500
603.577	7005.500
603.776	6987.500
603.975	6975.500
604.173	6964.500
604.372	6915.500
604.571	6827.500
604.769	6781.500
604.968	6836.500
605.167	6852.500
605.365	6870.500
605.564	6952.500
605.762	6786.500
605.961	6690.500
606.160	6816.500
606.358	6939.500
606.557	6871.500
606.756	6843.500
606.954	6806.500
607.153	6710.500
607.352	6697.500
607.550	6664.500
607.749	6645.500
607.948	6519.500
608.146	6620.500
608.345	6698.500
608.543	6645.500
608.742	6748.500
608.941	6661.500
609.139	6554.500
609.338	6437.500
609.537	6518.500
609.735	6521.500
609.934	6411.500
610.133	6441.500
610.331	6408.500
610.530	6422.500
610.728	6352.500
610.927	6364.500
611.126	6345.500
611.324	6345.500
611.523	6384.500
611.722	6302.500
611.920	6278.500
612.119	6175.500
612.318	6222.500
612.516	6239.500
612.715	6268.500
612.913	6151.500
613.112	6093.500
613.311	6027.500
613.509	5965.500
613.708	6040.500
613.907	6095.500
614.105	6085.500
614.304	6065.500
614.503	5994.500
614.701	5858.500
614.900	5946.500
615.098	5966.500
615.297	5867.500
615.496	5830.500
615.694	5745.500
615.893	5789.500
616.092	5799.500
616.290	5750.500
616.489	5834.500
616.688	5745.500
616.886	5643.500
617.085	5670.500
617.283	5678.500
617.482	5623.500
617.681	5529.500
617.879	5532.500
618.078	5538.500
618.277	5553.500
618.475	5480.500
618.674	5441.500
618.873	5503.500
619.071	5491.500
619.270	5367.500
619.468	5371.500
619.667	5282.500
619.866	5234.500
620.064	5339.500
620.263	5267.500
620.462	5148.500
620.660	5257.500
620.859	5239.500
621.058	5114.500
621.256	5080.500
621.455	5084.500
621.654	5109.500
621.852	5097.500
622.051	5068.500
622.249	5032.500
622.448	5021.500
622.647	5104.500
622.845	5004.500
623.044	4969.500
623.243	4948.500
623.441	4868.500
623.640	4876.500
623.839	4891.500
624.037	4808.500
624.236	4839.500
624.434	4753.500
624.633	4664.500
624.832	4717.500
625.030	4677.500
625.229	4738.500
625.428	4756.500
625.626	4757.500
625.825	4689.500
626.024	4674.500
626.222	4557.500
626.421	4527.500
626.619	4498.500
626.818	4472.500
627.017	4470.500
627.215	4484.500
627.414	4452.500
627.613	4411.500
627.811	4389.500
628.010	4334.500
628.209	4270.500
628.407	4268.500
628.606	4281.500
628.804	4265.500
629.003	4274.500
629.202	4252.500
629.400	4159.500
629.599	4203.500
629.798	4184.500
629.996	4146.500
630.195	4118.500
630.394	4111.500
630.592	4063.500
630.791	3906.500
630.990	3893.500
631.188	3889.500
631.387	3908.500
631.585	3860.500
631.784	3823.500
631.983	3803.500
632.181	3788.500
632.380	3770.500
632.579	3698.500
632.777	3653.500
632.976	3695.500
633.175	3714.500
633.373	3745.500
633.572	3710.500
633.770	3596.500
633.969	3614.500
634.168	3616.500
634.366	3583.500
634.565	3529.500
634.764	3489.500
634.962	3389.500
635.161	3361.500
635.360	3345.500
635.558	3242.500
635.757	3235.500
635.955	3282.500
636.154	3332.500
636.353	3317.500
636.551	3151.500
636.750	3151.500
636.949	3151.500
637.147	3122.500
637.346	3204.500
637.545	3160.500
637.743	3082.500
637.942	3070.500
638.140	3075.500
638.339	3020.500
638.538	3091.500
638.736	3051.500
638.935	2985.500
639.134	2930.500
639.332	2899.500
639.531	2901.500
639.730	2817.500
639.928	2867.500
640.127	2888.500
640.325	2864.500
640.524	2764.500
640.723	2691.500
640.921	2755.500
641.120	2790.500
641.319	2730.500
641.517	2672.500
641.716	2653.500
641.915	2697.500
642.113	2641.500
642.312	2621.500
642.510	2540.500
642.709	2495.500
642.908	2528.500
643.106	2512.500
643.305	2519.500
643.504	2562.500
643.702	2491.500
643.901	2376.500
644.100	2384.500
644.298	2379.500
644.497	2349.500
644.696	2329.500
644.894	2330.500
645.093	2230.500
645.291	2156.500
645.490	2248.500
645.689	2260.500
645.887	2176.500
646.086	2198.500
646.285	2129.500
646.483	2104.500
646.682	2048.500
646.881	1987.500
647.079	1979.500
647.278	1953.500
647.476	1913.500
647.675	1875.500
647.874	1862.500
648.072	1769.500
648.271	1727.500
648.470	1696.500
648.668	1648.500
648.867	1643.500
649.066	1585.500
649.264	1514.500
649.463	1482.500
649.661	1425.500
649.860	1361.500
650.059	1315.500
650.257	1222.500
650.456	1198.500
650.655	1167.500
650.853	1044.500
651.052	986.500
651.251	942.500
651.449	870.500
651.648	840.500
651.846	754.500
652.045	721.500
652.244	744.500
652.442	685.500
652.641	685.500
652.840	622.500
653.038	567.500
653.237	535.500
653.436	511.500
653.634	457.500
653.833	428.500
654.032	408.500
654.230	361.500
654.429	327.500
654.627	342.500
654.826	329.500
655.025	267.500
655.223	230.500
655.422	206.500
655.621	227.500
655.819	258.500
656.018	267.500
656.217	249.500
656.415	187.500
656.614	135.500
656.812	180.500
657.011	173.500
657.210	126.500
657.408	138.500
657.607	190.500
657.806	134.500
658.004	128.500
658.203	135.500
658.402	90.500
658.600	64.500
658.799	86.500
658.997	101.500
659.196	63.500
659.395	63.500
659.593	75.500
659.792	89.500
659.991	76.500
660.189	33.500
660.388	67.500
660.587	47.500
660.785	46.500
660.984	53.500
661.182	36.500
661.381	25.500
661.580	49.500
661.778	70.500
661.977	70.500
662.176	102.500
662.374	91.500
662.573	59.500
662.772	58.500
662.970	13.500
663.169	-34.500
663.367	-10.500
663.566	41.500
663.765	75.500
663.963	19.500
664.162	56.500
664.361	41.500
664.559	68.500
664.758	65.500
664.957	27.500
665.155	47.500
665.354	70.500
665.552	52.500
665.751	45.500
665.950	52.500
666.148	60.500
666.347	28.500
666.546	22.500
666.744	47.500
666.943	20.500
667.142	-10.500
667.340	52.500
667.539	103.500
667.738	73.500
667.936	13.500
668.135	20.500
668.333	67.500
668.532	43.500
668.731	25.500
668.929	15.500
669.128	-16.500
669.327	17.500
669.525	31.500
669.724	30.500
669.923	38.500
670.121	31.500
670.320	35.500
670.518	31.500
670.717	-9.500
670.916	-22.500
671.114	-28.500
671.313	-17.500
671.512	18.500
671.710	32.500
671.909	48.500
672.108	68.500
672.306	49.500
672.505	10.500
672.703	20.500
672.902	28.500
673.101	10.500
673.299	66.500
673.498	89.500
673.697	75.500
673.895	42.500
674.094	29.500
674.293	8.500
674.491	10.500
674.690	36.500
674.888	13.500
675.087	-3.500
675.286	44.500
675.484	44.500
675.683	31.500
675.882	15.500
676.080	17.500
676.279	7.500
676.478	12.500
676.676	22.500
676.875	-50.500
677.073	-59.500
677.272	13.500
677.471	-16.500
677.669	0.500
677.868	28.500
678.067	40.500
678.265	37.500
678.464	14.500
678.663	20.500
678.861	49.500
679.060	24.500
679.259	9.500
679.457	16.500
679.656	27.500
679.854	12.500
680.053	-28.500
680.252	-17.500
680.450	-3.500
680.649	-1.500
680.848	-14.500
681.046	43.500
681.245	21.500
681.444	-13.500
681.642	13.500
681.841	2.500
682.039	20.500
682.238	17.500
682.437	-1.500
682.635	0.500
682.834	19.500
683.033	29.500
683.231	-25.500
683.430	-53.500
683.629	-43.500
683.827	-4.500
684.026	0.500
684.224	-16.500
684.423	-10.500
684.622	-7.500
684.820	-0.500
685.019	-4.500
685.218	14.500
685.416	44.500
685.615	37.500
685.814	34.500
686.012	-20.500
686.211	-41.500
686.409	-16.500
686.608	-41.500
686.807	-3.500
687.005	17.500
687.204	29.500
687.403	-24.500
687.601	11.500
687.800	15.500
687.999	9.500
688.197	-11.500
688.396	-15.500
688.594	-20.500
688.793	-4.500
688.992	-16.500
689.190	-4.500
689.389	-8.500
689.588	-23.500
689.786	-20.500
689.985	12.500
690.184	29.500
690.382	26.500
690.581	-3.500
690.779	17.500
690.978	8.500
691.177	23.500
691.375	-17.500
691.574	19.500
691.773	0.500
691.971	-16.500
692.170	-7.500
692.369	-34.500
692.567	-5.500
692.766	0.500
692.965	22.500
693.163	17.500
693.362	8.500
693.560	49.500
693.759	13.500
693.958	-12.500
694.156	-12.500
694.355	19.500
694.554	24.500
694.752	5.500
694.951	7.500
695.150	2.500
695.348	23.500
695.547	-16.500
695.745	-27.500
695.944	-12.500
696.143	-22.500
696.341	-35.500
696.540	-11.500
696.743	24.500
696.946	-7.500
697.149	-0.500
697.352	20.500
697.555	-7.500
697.757	-21.500
697.960	-27.500
698.163	-47.500
698.366	-11.500
698.569	6.500
698.772	43.500
698.975	41.500
699.178	24.500
699.381	-20.500
699.584	-13.500
699.787	-9.500
699.989	-12.500
700.192	11.500
700.395	-2.500
700.598	-7.500
700.801	-1.500
701.004	-1.500
701.207	8.500
701.410	-8.500
701.613	-10.500
701.816	-3.500
702.019	-19.500
702.221	-24.500
702.424	0.500
702.627	21.500
702.830	1.500
703.033	30.500
703.236	10.500
703.439	-20.500
703.642	-23.500
703.845	-41.500
704.048	0.500
704.251	33.500
704.453	18.500
704.656	9.500
704.859	11.500
705.062	5.500
705.265	23.500
705.468	-20.500
705.671	-12.500
705.874	22.500
706.077	-1.500
706.280	17.500
706.483	-41.500
706.685	-63.500
706.888	-25.500
707.091	-9.500
707.294	-23.500
707.497	-19.500
707.700	-1.500
707.903	-0.500
708.106	-7.500
708.309	12.500
708.512	52.500
708.715	53.500
708.917	26.500
709.120	29.500
709.323	-11.500
709.526	-23.500
709.729	7.500
709.932	13.500
710.135	2.500
710.338	3.500
710.541	3.500
710.744	15.500
710.947	17.500
711.149	-3.500
711.352	-1.500
711.555	-4.500
711.758	-29.500
711.961	-31.500
712.164	12.500
712.367	18.500
712.570	-15.500
712.773	-26.500
712.976	4.500
713.179	-5.500
713.381	-14.500
713.584	-17.500
713.787	-13.500
713.990	-0.500
714.193	26.500
714.396	13.500
714.599	27.500
714.802	47.500
715.005	27.500
715.208	10.500
715.411	-34.500
715.613	-19.500
715.816	-7.500
716.019	-15.500
716.222	8.500
716.425	-24.500
716.628	-38.500
716.831	-25.500
717.034	-31.500
717.237	-21.500
717.440	-13.500
717.643	-11.500
717.845	-31.500
718.048	-2.500
718.251	-13.500
718.454	-16.500
718.657	9.500
718.860	-8.500
719.063	-27.500
719.266	-61.500
719.469	-25.500
719.672	-18.500
719.875	-50.500
720.077	-47.500
720.280	1.500
720.483	24.500
720.686	-19.500
720.889	4.500
721.092	7.500
721.295	-5.500
721.498	-45.500
721.701	-45.500
721.904	-30.500
722.107	-39.500
722.309	-14.500
722.512	-7.500
722.715	-13.500
722.918	-18.500
723.121	-15.500
723.324	-42.500
723.527	-51.500
723.730	-25.500
723.933	-1.500
724.136	-3.500
724.339	21.500
724.541	28.500
724.744	2.500
724.947	-40.500
725.150	-46.500
725.353	-37.500
725.556	-51.500
725.759	-25.500
725.962	37.500
726.165	49.500
726.368	11.500
726.571	-7.500
726.773	13.500
726.976	24.500
727.179	34.500
727.382	-9.500
727.585	7.500
727.788	-24.500
727.991	-25.500
728.194	-22.500
728.397	-1.500
728.600	-13.500
728.803	-47.500
729.005	-21.500
729.208	11.500
729.411	-4.500
729.614	-3.500
729.817	-20.500
730.020	11.500
730.223	6.500
730.426	-25.500
730.629	-45.500
730.832	-25.500
731.035	-21.500
731.237	-40.500
731.440	-31.500
731.643	-28.500
731.846	-15.500
732.049	3.500
732.252	48.500
732.455	42.500
732.658	14.500
732.861	10.500
733.064	-3.500
733.267	-23.500
733.469	-34.500
733.672	-9.500
733.875	20.500
734.078	39.500
734.281	6.500
734.484	-7.500
734.687	-2.500
734.890	-41.500
735.093	-41.500
735.296	32.500
735.499	-22.500
735.701	-47.500
735.904	12.500
736.107	11.500
736.310	6.500
736.513	-3.500
736.716	-3.500
736.919	-8.500
737.122	-25.500
737.325	-25.500
737.528	-5.500
737.731	13.500
737.933	-5.500
738.136	6.500
738.339	-18.500
738.542	-44.500
738.745	-72.500
738.948	-34.500
739.151	-25.500
739.354	-40.500
739.557	-38.500
739.760	-0.500
739.963	-3.500
740.165	20.500
740.368	-4.500
740.571	-6.500
740.774	9.500
740.977	-11.500
741.180	-29.500
741.383	18.500
741.586	32.500
741.789	26.500
741.992	15.500
742.195	-2.500
742.397	-35.500
742.600	-7.500
742.803	9.500
743.006	38.500
743.209	8.500
743.412	-31.500
743.615	15.500
743.818	25.500
744.021	-19.500
744.224	12.500
744.427	7.500
744.629	-26.500
744.832	-24.500
745.035	-18.500
745.238	-22.500
745.441	-16.500
745.644	15.500
745.847	11.500
746.050	12.500
746.253	27.500
746.456	19.500
746.659	24.500
746.861	-24.500
747.064	-29.500
747.267	-7.500
747.470	-7.500
747.673	11.500
747.876	23.500
748.079	50.500
748.282	37.500
748.485	1.500
748.688	-33.500
748.891	-39.500
749.093	-19.500
749.296	-12.500
749.499	-8.500
749.702	-23.500
749.905	5.500
750.108	42.500
750.311	39.500
750.514	12.500
750.717	15.500
750.920	24.500
751.123	3.500
751.325	-25.500
751.528	-6.500
751.731	-5.500
751.934	-2.500
752.137	17.500
752.340	2.500
752.543	2.500
752.746	-7.500
752.949	-28.500
753.152	-21.500
753.355	-17.500
753.557	-21.500
753.760	-21.500
753.963	-4.500
754.166	4.500
754.369	-16.500
754.572	-20.500
754.775	-36.500
754.978	-20.500
755.181	0.500
755.384	-6.500
755.587	16.500
755.789	5.500
755.992	23.500
756.195	19.500
756.398	-7.500
756.601	-31.500
756.804	-0.500
757.007	-38.500
757.210	-39.500
757.413	-26.500
757.616	-12.500
757.819	40.500
758.021	16.500
758.224	-4.500
758.427	6.500
758.630	-14.500
758.833	15.500
759.036	-18.500
759.239	-35.500
759.442	-3.500
759.645	-44.500
759.848	-44.500
760.051	8.500
760.253	31.500
760.456	-3.500
760.659	11.500
760.862	14.500
761.065	-55.500
761.268	-9.500
761.471	21.500
761.674	-0.500
761.877	11.500
762.080	-25.500
762.283	-43.500
762.485	-45.500
762.688	-24.500
762.891	11.500
763.094	-7.500
763.297	-15.500
763.500	-3.500
763.706	44.500
763.912	12.500
764.118	-41.500
764.325	-22.500
764.531	-12.500
764.737	-14.500
764.943	-3.500
765.149	-25.500
765.355	-36.500
765.561	27.500
765.768	-9.500
765.974	-28.500
766.180	-32.500
766.386	-2.500
766.592	23.500
766.798	11.500
767.004	-13.500
767.210	33.500
767.417	31.500
767.623	-12.500
767.829	-40.500
768.035	-25.500
768.241	3.500
768.447	15.500
768.653	18.500
768.860	-2.500
769.066	-48.500
769.272	-31.500
769.478	-35.500
769.684	14.500
769.890	44.500
770.096	-14.500
770.303	2.500
770.509	-24.500
770.715	-52.500
770.921	-3.500
771.127	24.500
771.333	5.500
771.539	1.500
771.745	24.500
771.952	50.500
772.158	-5.500
772.364	-26.500
772.570	-34.500
772.776	-26.500
772.982	1.500
773.188	12.500
773.395	-18.500
773.601	-4.500
773.807	-17.500
774.013	3.500
774.219	26.500
774.425	-19.500
774.631	-48.500
774.838	-63.500
775.044	-61.500
775.250	-7.500
775.456	-24.500
775.662	6.500
775.868	-2.500
776.074	-20.500
776.281	3.500
776.487	-6.500
776.693	-9.500
776.899	23.500
777.105	-13.500
777.311	-21.500
777.517	-10.500
777.723	11.500
777.930	-10.500
778.136	-54.500
778.342	-40.500
778.548	-16.500
778.754	8.500
778.960	-24.500
779.166	23.500
779.373	60.500
779.579	36.500
779.785	-3.500
779.991	-22.500
780.197	-29.500
780.403	-71.500
780.609	-64.500
780.816	-45.500
781.022	1.500
781.228	46.500
781.434	2.500
781.640	53.500
781.846	28.500
782.052	-38.500
782.259	-19.500
782.465	-30.500
782.671	-23.500
782.877	-60.500
783.083	-84.500
783.289	-12.500
783.495	-12.500
783.701	-29.500
783.908	-16.500
784.114	24.500
784.320	21.500
784.526	-3.500
784.732	-22.500
784.938	-41.500
785.144	-29.500
785.351	17.500
785.557	45.500
785.763	49.500
785.969	30.500
786.175	30.500
786.381	-2.500
786.587	-0.500
786.794	-1.500
787.000	9.500
787.206	26.500
787.412	27.500
787.618	3.500
787.824	-21.500
788.030	23.500
788.236	-18.500
788.443	-3.500
788.649	28.500
788.855	21.500
789.061	18.500
789.267	47.500
789.473	33.500
789.679	18.500
789.886	-5.500
790.092	0.500
790.298	-30.500
790.504	-43.500
790.710	-51.500
790.916	-64.500
791.122	-37.500
791.329	-16.500
791.535	-28.500
791.741	14.500
791.947	12.500
792.153	-18.500
792.359	5.500
792.565	1.500
792.771	19.500
792.978	-5.500
793.184	-22.500
793.390	-13.500
793.596	-33.500
793.802	-11.500
794.008	-2.500
794.214	27.500
794.421	5.500
794.627	-27.500
794.833	-16.500
795.039	-11.500
795.245	-16.500
795.451	12.500
795.657	23.500
795.864	15.500
796.070	17.500
796.276	8.500
796.482	-25.500
796.688	-48.500
796.894	-60.500
797.100	-13.500
797.307	2.500
797.513	14.500
797.719	-15.500
797.925	-3.500
798.131	-22.500
798.337	-52.500
798.543	-39.500
798.749	-3.500
798.956	-1.500
799.162	28.500
799.368	-16.500
799.574	-9.500
799.780	14.500
799.986	-11.500
800.192	3.500
800.399	-24.500
800.605	-12.500
800.811	-2.500
801.017	12.500
801.223	-29.500
801.429	-56.500
801.635	-4.500
801.842	-5.500
802.048	-24.500
802.254	-19.500
802.460	32.500
802.666	7.500
802.872	-9.500
803.078	3.500
803.285	6.500
803.491	0.500
803.697	11.500
803.903	-23.500
804.109	-46.500
804.315	-32.500
804.521	-6.500
804.727	2.500
804.934	-43.500
805.140	-12.500
805.346	18.500
805.552	17.500
805.758	6.500
805.964	12.500
806.170	23.500
806.377	1.500
806.583	-19.500
806.789	9.500
806.995	17.500
807.201	-3.500
807.407	-9.500
807.613	-0.500
807.820	12.500
808.026	2.500
808.232	6.500
808.438	7.500
808.644	-11.500
808.850	-34.500
809.056	-18.500
809.262	-26.500
809.469	-49.500
809.675	-10.500
809.881	8.500
810.087	23.500
810.293	25.500
810.499	-0.500
810.705	-7.500
810.912	-55.500
811.118	-18.500
811.324	-17.500
811.530	-35.500
811.739	-6.500
811.947	4.500
812.156	-48.500
812.365	-32.500
812.573	2.500
812.782	-36.500
812.990	-11.500
813.199	11.500
813.408	30.500
813.616	33.500
813.825	-19.500
814.034	-26.500
814.242	-29.500
814.451	-20.500
814.659	-37.500
814.868	-36.500
815.077	-33.500
815.285	2.500
815.494	-12.500
815.703	-38.500
815.911	-0.500
816.120	46.500
816.329	-10.500
816.537	-15.500
816.746	-28.500
816.954	-4.500
817.163	-25.500
817.372	-29.500
817.580	-30.500
817.789	-6.500
817.998	14.500
818.206	20.500
818.415	-11.500
818.624	-21.500
818.832	-43.500
819.041	-53.500
819.249	12.500
819.458	32.500
819.667	20.500
819.875	16.500
820.084	-14.500
820.293	-28.500
820.501	-25.500
820.710	-26.500
820.919	-22.500
821.127	-39.500
821.336	-12.500
821.544	-2.500
821.753	-17.500
821.962	-11.500
822.170	17.500
822.379	-20.500
822.588	-47.500
822.796	-36.500
823.005	-38.500
823.213	-41.500
823.422	20.500
823.631	14.500
823.839	-28.500
824.048	-16.500
824.257	9.500
824.465	7.500
824.674	-35.500
824.883	-63.500
825.091	-91.500
825.300	-29.500
825.508	13.500
825.717	-18.500
825.926	-47.500
826.134	-19.500
826.343	-21.500
826.552	-60.500
826.760	-37.500
826.969	-20.500
827.178	-57.500
827.386	-2.500
827.595	1.500
827.803	-38.500
828.012	-29.500
828.221	-12.500
828.429	7.500
828.638	31.500
828.847	29.500
829.055	-32.500
829.264	-78.500
829.472	20.500
829.681	-8.500
829.890	-42.500
830.098	-26.500
830.307	-4.500
830.516	-4.500
830.724	-39.500
830.933	-21.500
831.142	-31.500
831.350	-0.500
831.559	11.500
831.767	-8.500
831.976	52.500
832.185	-10.500
832.393	-30.500
832.602	-13.500
832.811	-3.500
833.019	2.500
833.228	-33.500
833.437	-39.500
833.645	-26.500
833.854	-40.500
834.062	11.500
834.271	16.500
834.480	-23.500
834.688	-6.500
834.897	9.500
835.106	-37.500
835.314	-53.500
835.523	3.500
835.731	12.500
835.940	22.500
836.149	34.500
836.357	9.500
836.566	-36.500
836.775	-18.500
836.983	-56.500
837.192	-56.500
837.401	-13.500
837.609	36.500
837.818	19.500
838.026	-1.500
838.235	-10.500
838.444	12.500
838.652	2.500
838.861	-32.500
839.070	-19.500
839.278	-36.500
839.487	-24.500
839.696	-9.500
839.904	-11.500
840.113	25.500
840.321	42.500
840.530	23.500
840.739	-48.500
840.947	-60.500
841.156	-39.500
841.365	-19.500
841.573	5.500
841.782	8.500
841.991	21.500
842.199	15.500
842.408	9.500
842.616	16.500
842.825	-9.500
843.034	-8.500
843.242	-20.500
843.451	23.500
843.660	20.500
843.868	1.500
844.077	10.500
844.285	-1.500
844.494	9.500
844.703	-25.500
844.911	-54.500
845.120	-88.500
845.329	-57.500
845.537	21.500
845.746	4.500
845.955	14.500
846.163	8.500
846.372	13.500
846.580	-8.500
846.789	3.500
846.998	19.500
847.206	-6.500
847.415	-5.500
847.624	-46.500
847.832	-31.500
848.041	16.500
848.250	29.500
848.458	-25.500
848.667	-24.500
848.875	43.500
849.084	-29.500
849.293	-18.500
849.501	-56.500
849.710	-67.500
849.919	-49.500
850.127	-5.500
850.336	18.500
850.544	11.500
850.753	5.500
850.962	-34.500
851.170	-37.500
851.379	18.500
851.588	2.500
851.796	-7.500
852.005	-28.500
852.214	-34.500
852.422	0.500
852.631	57.500
852.839	6.500
853.048	-15.500
853.257	-11.500
853.465	-37.500
853.674	3.500
853.883	7.500
854.091	31.500
854.300	-5.500
854.509	-34.500
854.717	28.500
854.926	0.500
855.134	-53.500
855.343	-95.500
855.552	-76.500
855.760	-0.500
855.969	-4.500
856.178	-26.500
856.386	-24.500
856.595	24.500
856.803	23.500
857.012	-13.500
857.221	-28.500
857.429	-11.500
857.638	-12.500
857.847	4.500
858.055	-14.500
858.264	-16.500
858.473	-20.500
858.681	-11.500
858.890	-17.500
859.098	-7.500
859.307	-22.500
859.516	-24.500
859.724	-29.500
859.933	-45.500
860.142	-27.500
860.350	-3.500
860.559	-31.500
860.768	-39.500
860.976	-29.500
861.185	1.500
861.393	0.500
861.602	2.500
861.811	18.500
862.019	-30.500
862.228	-27.500
862.437	-3.500
862.645	-40.500
862.854	-4.500
863.062	35.500
863.271	5.500
863.480	16.500
863.688	6.500
863.897	-5.500
864.106	-19.500
864.314	-13.500
864.523	-19.500
864.732	-16.500
864.940	-24.500
865.149	-41.500
865.357	2.500
865.566	20.500
865.775	35.500
865.983	42.500
866.192	42.500
866.401	-22.500
866.609	-31.500
866.818	-12.500
867.027	-24.500
867.235	-5.500
867.444	8.500
867.652	-23.500
867.861	4.500
868.070	-14.500
868.278	-7.500
868.487	0.500
868.696	30.500
868.904	13.500
869.113	-16.500
869.321	-35.500
869.530	3.500
869.739	19.500
869.947	25.500
870.156	-5.500
870.365	-18.500
870.573	20.500
870.782	16.500
870.991	25.500
871.199	9.500
871.408	-26.500
871.616	16.500
871.825	20.500
872.034	-10.500
872.242	-3.500
872.451	0.500
872.660	-44.500
872.868	2.500
873.077	15.500
873.286	-67.500
873.494	-54.500
873.703	-5.500
873.911	20.500
874.120	-2.500
874.329	-2.500
874.537	36.500
874.746	9.500
874.955	6.500
875.163	-9.500
875.372	-17.500
875.581	22.500
875.789	0.500
875.998	14.500
876.206	26.500
876.415	-12.500
876.624	-37.500
876.832	-3.500
877.041	9.500
877.250	-6.500
877.458	-5.500
877.667	35.500
877.875	31.500
878.084	-31.500
878.293	-50.500
878.501	-7.500
878.710	-15.500
878.919	-29.500
879.127	-20.500
879.336	-40.500
879.545	-42.500
879.753	-37.500
879.962	-3.500
880.170	-2.500
880.379	-14.500
880.588	5.500
880.796	22.500
881.005	6.500
881.214	-30.500
881.422	-61.500
881.631	-15.500
881.840	-3.500
882.048	1.500
882.257	-4.500
882.465	-35.500
882.674	-25.500
882.883	-20.500
883.091	-9.500
883.300	-23.500
883.509	-37.500
883.717	-29.500
883.926	12.500
884.134	-8.500
884.343	-32.500
884.552	-34.500
884.760	-33.500
884.969	-18.500
885.178	-34.500
885.386	-4.500
885.595	-35.500
885.804	-49.500
886.012	3.500
886.221	0.500
886.429	-45.500
886.638	-39.500
886.847	2.500
887.055	3.500
887.264	-22.500
887.473	-10.500
887.681	-26.500
887.890	-57.500
888.099	-47.500
888.307	-41.500
888.516	-57.500
888.724	-58.500
888.933	-28.500
889.142	-18.500
889.350	-4.500
889.559	-20.500
889.768	-24.500
889.976	41.500
890.185	36.500
890.393	17.500
890.602	47.500
890.811	47.500
891.019	22.500
891.228	30.500
891.437	20.500
891.645	-4.500
891.854	-39.500
892.063	-21.500
892.271	22.500
892.480	3.500
892.688	5.500
892.897	20.500
893.106	-7.500
893.314	12.500
893.523	-20.500
893.732	-12.500
893.940	-16.500
894.149	-36.500
894.358	3.500
894.566	-4.500
894.775	10.500
894.983	27.500
895.192	-28.500
895.401	-12.500
895.609	21.500
895.818	-1.500
896.027	-19.500
896.235	-15.500
896.444	-11.500
896.652	-13.500
896.861	1.500
897.070	49.500
897.278	-9.500
897.487	-16.500
897.696	31.500
897.904	-39.500
898.113	8.500
898.322	-10.500
898.530	-27.500
898.739	2.500
898.947	-6.500
899.156	-17.500
899.365	-3.500
899.573	-26.500
899.782	-24.500
899.991	-11.500
900.199	8.500
900.408	7.500
900.617	14.500
900.825	7.500
901.034	-8.500
901.242	-31.500
901.451	-26.500
901.660	-9.500
901.868	1.500
902.077	14.500
902.286	-36.500
902.494	-34.500
902.703	-21.500
902.911	-18.500
903.120	-14.500
903.329	-40.500
903.537	-40.500
903.746	-11.500
903.955	-2.500
904.163	-20.500
904.372	-0.500
904.581	15.500
904.789	4.500
904.998	35.500
905.206	6.500
905.415	-24.500
905.624	-27.500
905.832	-18.500
906.041	5.500
906.250	-11.500
906.458	-23.500
906.667	-18.500
906.876	-19.500
907.084	-17.500
907.293	-5.500
907.501	10.500
907.710	-26.500
907.919	-14.500
908.127	13.500
908.336	-17.500
908.545	4.500
908.753	54.500
908.962	68.500
909.170	53.500
909.379	35.500
909.588	23.500
909.796	12.500
910.005	-26.500
910.214	-40.500
910.422	-45.500
910.631	-21.500
910.840	-1.500
911.048	35.500
911.257	10.500
911.465	15.500
911.674	32.500
911.883	3.500
912.091	9.500
912.300	21.500
912.508	-16.500
912.716	-28.500
912.924	31.500
913.132	33.500
913.340	-2.500
913.549	22.500
913.757	-5.500
913.965	-38.500
914.173	-41.500
914.381	-33.500
914.589	2.500
914.797	13.500
915.005	7.500
915.213	-20.500
915.421	-1.500
915.629	11.500
915.838	-9.500
916.046	-39.500
916.254	-6.500
916.462	-0.500
916.670	5.500
916.878	-5.500
917.086	-12.500
917.294	2.500
917.502	-17.500
917.710	-33.500
917.919	-62.500
918.127	-79.500
918.335	17.500
918.543	7.500
918.751	15.500
918.959	30.500
919.167	13.500
919.375	-22.500
919.583	-8.500
919.791	-33.500
919.999	-34.500
920.208	-10.500
920.416	-27.500
920.624	-46.500
920.832	-1.500
921.040	-6.500
921.248	-6.500
921.456	-19.500
921.664	-48.500
921.872	-25.500
922.080	-26.500
922.288	-32.500
922.497	-25.500
922.705	-11.500
922.913	-62.500
923.121	-72.500
923.329	-16.500
923.537	-18.500
923.745	5.500
923.953	12.500
924.161	13.500
924.369	32.500
924.578	28.500
924.786	45.500
924.994	82.500
925.202	61.500
925.410	35.500
925.618	-4.500
925.826	-21.500
926.034	-6.500
926.242	-19.500
926.450	-13.500
926.658	-15.500
926.867	29.500
927.075	5.500
927.283	-34.500
927.491	-14.500
927.699	0.500
927.907	1.500
928.115	-5.500
928.323	-3.500
928.531	-5.500
928.739	-46.500
928.947	-71.500
929.156	-34.500
929.364	-30.500
929.572	-26.500
929.780	5.500
929.988	-1.500
930.196	-41.500
930.404	-34.500
930.612	-9.500
930.820	-14.500
931.028	-31.500
931.236	-11.500
931.445	-20.500
931.653	3.500
931.861	28.500
932.069	-24.500
932.277	-27.500
932.485	35.500
932.693	40.500
932.901	4.500
933.109	-28.500
933.317	-9.500
933.526	-26.500
933.734	-46.500
933.942	-49.500
934.150	-49.500
934.358	-4.500
934.566	20.500
934.774	10.500
934.982	-18.500
935.190	8.500
935.398	16.500
935.606	-16.500
935.815	-35.500
936.023	-7.500
936.231	-6.500
936.439	-18.500
936.647	-29.500
936.855	-37.500
937.063	-32.500
937.271	-13.500
937.479	16.500
937.687	-4.500
937.895	0.500
938.104	34.500
938.312	17.500
938.520	9.500
938.728	-30.500
938.936	-26.500
939.144	8.500
939.352	-5.500
939.560	-14.500
939.768	-24.500
939.976	-35.500
940.185	-28.500
940.393	-33.500
940.601	-10.500
940.809	2.500
941.017	7.500
941.225	-20.500
941.433	-53.500
941.641	-55.500
941.849	-54.500
942.057	-20.500
942.265	4.500
942.474	43.500
942.682	0.500
942.890	-39.500
943.098	28.500
943.306	29.500
943.514	2.500
943.722	-12.500
943.930	-12.500
944.138	4.500
944.346	-17.500
944.554	-16.500
944.763	-2.500
944.971	-27.500
945.179	-36.500
945.387	2.500
945.595	3.500
945.803	28.500
946.011	8.500
946.219	-21.500
946.427	-46.500
946.635	-46.500
946.843	-20.500
947.052	14.500
947.260	-3.500
947.468	-10.500
947.676	-12.500
947.884	-25.500
948.092	-11.500
948.300	-2.500
948.508	5.500
948.716	13.500
948.924	-21.500
949.133	1.500
949.341	24.500
949.549	-19.500
949.757	-37.500
949.965	-12.500
950.173	-55.500
950.381	-34.500
950.589	36.500
950.797	12.500
951.005	2.500
951.213	-18.500
951.422	-5.500
951.630	6.500
951.838	6.500
952.046	-14.500
952.254	-25.500
952.462	-35.500
952.670	-15.500
952.878	-2.500
953.086	-21.500
953.294	10.500
953.502	14.500
953.711	15.500
953.919	4.500
954.127	-34.500
954.335	-63.500
954.543	-21.500
954.751	36.500
954.959	37.500
955.167	64.500
955.375	24.500
955.583	-49.500
955.792	-29.500
956.000	-19.500
956.208	-18.500
956.416	8.500
956.624	10.500
956.832	39.500
957.040	12.500
957.248	-37.500
957.456	-12.500
957.664	-16.500
957.872	-21.500
958.081	-21.500
958.289	-19.500
958.497	-19.500
958.705	-12.500
958.913	-1.500
959.121	-7.500
959.329	-5.500
959.537	-0.500
959.745	-0.500
959.953	-42.500
960.161	-33.500
960.370	-15.500
960.578	-26.500
960.786	-7.500
960.994	-13.500
961.202	-18.500
961.410	35.500
961.618	10.500
961.826	-31.500
962.034	-44.500
962.242	-51.500
962.451	-2.500
962.659	23.500
962.867	-23.500
963.075	-27.500
963.283	6.500
963.491	-28.500
963.699	-22.500
963.907	5.500
964.115	7.500
964.323	13.500
964.531	0.500
964.740	-34.500
964.948	5.500
965.156	3.500
965.364	35.500
965.572	83.500
965.780	48.500
965.999	9.500
966.218	-30.500
966.438	-38.500
966.657	-46.500
966.876	21.500
967.095	58.500
967.315	11.500
967.534	-8.500
967.753	18.500
967.972	32.500
968.192	-17.500
968.411	-38.500
968.630	-25.500
968.849	37.500
969.068	37.500
969.288	25.500
969.507	7.500
969.726	-2.500
969.945	-4.500
970.165	-51.500
970.384	-28.500
970.603	0.500
970.822	-12.500
971.042	-37.500
971.261	-23.500
971.480	15.500
971.699	-13.500
971.919	-13.500
972.138	-3.500
972.357	-15.500
972.576	-17.500
972.795	-23.500
973.015	-49.500
973.234	10.500
973.453	-10.500
973.672	-27.500
973.892	-36.500
974.111	-24.500
974.330	-24.500
974.549	-53.500
974.769	-35.500
974.988	-11.500
975.207	-13.500
975.426	-45.500
975.646	-20.500
975.865	-39.500
976.084	-23.500
976.303	-22.500
976.522	-18.500
976.742	-33.500
976.961	-11.500
977.180	37.500
977.399	15.500
977.619	-3.500
977.838	22.500
978.057	11.500
978.276	11.500
978.496	-20.500
978.715	34.500
978.934	19.500
979.153	-58.500
979.372	-39.500
979.592	-7.500
979.811	22.500
980.030	16.500
980.249	-49.500
980.469	-20.500
980.688	13.500
980.907	26.500
981.126	24.500
981.346	-3.500
981.565	-9.500
981.784	18.500
982.003	-2.500
982.223	-11.500
982.442	-11.500
982.661	-36.500
982.880	-5.500
983.099	-18.500
983.319	-23.500
983.538	-17.500
983.757	-46.500
983.976	-39.500
984.196	6.500
984.415	40.500
984.634	20.500
984.853	-7.500
985.073	-17.500
985.292	2.500
985.511	-37.500
985.730	-9.500
985.949	24.500
986.169	14.500
986.388	2.500
986.607	-18.500
986.826	11.500
987.046	-56.500
987.265	-17.500
987.484	47.500
987.703	24.500
987.923	-33.500
988.142	-20.500
988.361	40.500
988.580	35.500
988.800	0.500
989.019	21.500
989.238	8.500
989.457	4.500
989.676	-16.500
989.896	-39.500
990.115	8.500
990.334	-5.500
990.553	3.500
990.773	-12.500
990.992	-16.500
991.211	-27.500
991.430	-63.500
991.650	-49.500
991.869	-37.500
992.088	-12.500
992.307	23.500
992.527	-26.500
992.746	-41.500
992.965	-24.500
993.184	13.500
993.403	10.500
993.623	-27.500
993.842	-14.500
994.061	-34.500
994.280	7.500
994.500	6.500
994.719	-16.500
994.938	-16.500
995.157	-38.500
995.377	-13.500
995.596	-11.500
995.815	-22.500
996.034	-10.500
996.253	-29.500
996.473	-7.500
996.692	12.500
996.911	16.500
997.130	-19.500
997.350	-18.500
997.569	10.500
997.788	21.500
998.007	-25.500
998.227	-69.500
998.446	-42.500
998.665	-28.500
998.884	-10.500
999.104	20.500
999.323	13.500
999.542	-1.500
999.761	-55.500
999.980	-69.500
1000.200	-10.500
1000.419	-21.500
1000.638	-1.500
1000.857	65.500
1001.077	26.500
1001.296	-3.500
1001.515	3.500
1001.734	29.500
1001.954	12.500
1002.173	20.500
1002.392	-10.500
1002.611	-18.500
1002.830	-14.500
1003.050	-52.500
1003.269	-50.500
1003.488	-38.500
1003.707	-32.500
1003.927	-16.500
1004.146	23.500
1004.365	22.500
1004.584	-9.500
1004.804	-47.500
1005.023	-22.500
1005.242	-38.500
1005.461	-1.500
1005.681	27.500
1005.900	5.500
1006.119	-30.500
1006.338	-36.500
1006.557	-29.500
1006.777	-20.500
1006.996	-35.500
1007.215	-26.500
1007.434	-37.500
1007.654	-3.500
1007.873	49.500
1008.092	-7.500
1008.311	-45.500
1008.531	-38.500
1008.750	-21.500
1008.969	-40.500
1009.188	-54.500
1009.407	-23.500
1009.627	-8.500
1009.846	-1.500
1010.065	-24.500
1010.284	-27.500
1010.504	-35.500
1010.723	-44.500
1010.942	-29.500
1011.161	-40.500
1011.381	-20.500
1011.600	-4.500
1011.819	-5.500
1012.038	-12.500
1012.258	-12.500
1012.477	-31.500
1012.696	-41.500
1012.915	29.500
1013.134	62.500
1013.354	41.500
1013.573	34.500
1013.792	-7.500
1014.011	-11.500
1014.231	-39.500
1014.450	10.500
1014.669	25.500
1014.888	18.500
1015.108	12.500
1015.327	-9.500
1015.546	11.500
1015.765	36.500
1015.984	30.500
1016.204	27.500
1016.423	18.500
1016.642	25.500
1016.861	21.500
1017.081	-36.500
1017.300	-45.500
1017.519	-35.500
