296.912	93.500
297.101	108.500
297.290	85.500
297.479	84.500
297.668	77.500
297.858	79.500
298.047	61.500
298.236	40.500
298.425	32.500
298.614	50.500
298.803	48.500
298.992	84.500
299.181	102.500
299.370	67.500
299.559	94.500
299.748	126.500
299.937	118.500
300.126	70.500
300.315	91.500
300.504	77.500
300.693	48.500
300.882	86.500
301.071	88.500
301.260	96.500
301.449	105.500
301.638	94.500
301.827	68.500
302.016	63.500
302.205	60.500
302.395	74.500
302.584	83.500
302.773	105.500
302.962	113.500
303.151	86.500
303.340	97.500
303.529	84.500
303.718	90.500
303.907	96.500
304.096	86.500
304.285	86.500
304.474	66.500
304.663	55.500
304.852	81.500
305.041	124.500
305.230	79.500
305.419	62.500
305.608	62.500
305.797	60.500
305.986	52.500
306.175	24.500
306.364	53.500
306.553	53.500
306.743	83.500
306.932	83.500
307.121	62.500
307.310	63.500
307.499	86.500
307.688	62.500
307.877	54.500
308.066	67.500
308.255	96.500
308.444	77.500
308.633	57.500
308.822	90.500
309.011	116.500
309.200	101.500
309.389	76.500
309.578	76.500
309.767	85.500
309.956	93.500
310.145	66.500
310.334	50.500
310.523	101.500
310.712	108.500
310.901	78.500
311.091	73.500
311.280	83.500
311.469	93.500
311.658	68.500
311.847	78.500
312.036	64.500
312.225	104.500
312.414	109.500
312.603	77.500
312.792	61.500
312.981	56.500
313.170	93.500
313.349	100.500
313.527	107.500
313.706	125.500
313.884	107.500
314.063	96.500
314.241	94.500
314.420	70.500
314.598	78.500
314.777	71.500
314.955	60.500
315.134	81.500
315.312	124.500
315.491	115.500
315.669	122.500
315.848	97.500
316.027	86.500
316.205	69.500
316.384	45.500
316.562	50.500
316.741	59.500
316.919	44.500
317.098	71.500
317.276	77.500
317.455	84.500
317.633	93.500
317.812	81.500
317.990	101.500
318.169	109.500
318.347	85.500
318.526	122.500
318.705	96.500
318.883	77.500
319.062	93.500
319.240	90.500
319.419	56.500
319.597	87.500
319.776	101.500
319.954	75.500
320.133	55.500
320.311	58.500
320.490	135.500
320.668	125.500
320.847	121.500
321.025	77.500
321.204	71.500
321.382	49.500
321.561	62.500
321.740	68.500
321.918	40.500
322.097	42.500
322.275	122.500
322.454	121.500
322.632	86.500
322.811	84.500
322.989	69.500
323.168	60.500
323.346	114.500
323.525	120.500
323.703	92.500
323.882	88.500
324.060	69.500
324.239	72.500
324.418	85.500
324.596	66.500
324.775	94.500
324.953	87.500
325.132	45.500
325.310	40.500
325.489	93.500
325.667	109.500
325.846	79.500
326.024	84.500
326.203	66.500
326.381	81.500
326.560	115.500
326.738	94.500
326.917	94.500
327.096	99.500
327.274	87.500
327.453	85.500
327.631	102.500
327.810	123.500
327.988	127.500
328.167	136.500
328.345	79.500
328.524	63.500
328.702	81.500
328.881	78.500
329.059	45.500
329.238	113.500
329.416	149.500
329.595	86.500
329.774	62.500
329.952	78.500
330.131	97.500
330.309	108.500
330.488	98.500
330.666	79.500
330.845	97.500
331.023	118.500
331.202	100.500
331.380	124.500
331.559	121.500
331.737	113.500
331.916	90.500
332.094	52.500
332.273	52.500
332.452	87.500
332.630	127.500
332.809	109.500
332.987	123.500
333.166	129.500
333.344	94.500
333.523	102.500
333.701	74.500
333.880	80.500
334.058	92.500
334.237	130.500
334.415	149.500
334.594	135.500
334.772	129.500
334.951	91.500
335.129	71.500
335.308	68.500
335.487	123.500
335.665	102.500
335.844	80.500
336.022	107.500
336.201	118.500
336.379	116.500
336.558	116.500
336.736	109.500
336.915	148.500
337.093	135.500
337.272	98.500
337.450	78.500
337.629	58.500
337.807	81.500
337.986	90.500
338.165	94.500
338.343	108.500
338.522	93.500
338.700	88.500
338.879	116.500
339.057	96.500
339.236	91.500
339.414	105.500
339.593	88.500
339.771	108.500
339.950	148.500
340.128	101.500
340.307	99.500
340.485	75.500
340.664	68.500
340.843	92.500
341.021	99.500
341.200	119.500
341.378	107.500
341.557	77.500
341.735	104.500
341.914	102.500
342.092	113.500
342.271	113.500
342.449	97.500
342.628	55.500
342.806	97.500
342.985	157.500
343.163	118.500
343.342	85.500
343.521	73.500
343.699	69.500
343.878	76.500
344.056	78.500
344.235	70.500
344.413	78.500
344.592	89.500
344.770	103.500
344.949	116.500
345.127	128.500
345.306	107.500
345.484	79.500
345.663	95.500
345.841	74.500
346.020	87.500
346.199	128.500
346.377	139.500
346.556	162.500
346.734	167.500
346.913	134.500
347.091	118.500
347.270	112.500
347.448	100.500
347.627	64.500
347.805	69.500
347.984	117.500
348.162	128.500
348.341	122.500
348.519	118.500
348.698	99.500
348.876	124.500
349.055	99.500
349.234	84.500
349.412	103.500
349.591	130.500
349.769	110.500
349.948	113.500
350.126	103.500
350.305	111.500
350.483	90.500
350.662	69.500
350.840	91.500
351.019	90.500
351.197	85.500
351.376	79.500
351.554	86.500
351.733	103.500
351.912	138.500
352.090	133.500
352.269	133.500
352.447	82.500
352.626	90.500
352.804	142.500
352.983	148.500
353.161	87.500
353.340	122.500
353.518	105.500
353.697	107.500
353.875	126.500
354.054	103.500
354.232	114.500
354.411	149.500
354.590	143.500
354.768	108.500
354.947	120.500
355.125	144.500
355.304	140.500
355.482	147.500
355.661	158.500
355.839	103.500
356.018	87.500
356.196	107.500
356.375	104.500
356.553	108.500
356.732	119.500
356.910	102.500
357.089	154.500
357.268	162.500
357.446	135.500
357.625	105.500
357.803	99.500
357.982	90.500
358.160	36.500
358.339	89.500
358.517	126.500
358.696	123.500
358.874	160.500
359.053	165.500
359.231	138.500
359.410	94.500
359.588	104.500
359.767	112.500
359.945	96.500
360.124	94.500
360.303	114.500
360.481	140.500
360.660	175.500
360.838	148.500
361.017	144.500
361.195	114.500
361.374	124.500
361.552	134.500
361.731	101.500
361.909	110.500
362.088	85.500
362.266	122.500
362.445	157.500
362.623	150.500
362.802	130.500
362.981	150.500
363.159	161.500
363.338	101.500
363.516	132.500
363.695	183.500
363.873	148.500
364.052	122.500
364.230	130.500
364.409	124.500
364.587	86.500
364.766	90.500
364.944	130.500
365.123	136.500
365.301	131.500
365.480	136.500
365.660	137.500
365.839	120.500
366.019	143.500
366.199	154.500
366.379	144.500
366.558	116.500
366.738	141.500
366.918	137.500
367.098	124.500
367.277	144.500
367.457	130.500
367.637	149.500
367.816	151.500
367.996	150.500
368.176	153.500
368.356	133.500
368.535	127.500
368.715	120.500
368.895	123.500
369.075	135.500
369.254	144.500
369.434	161.500
369.614	170.500
369.793	124.500
369.973	115.500
370.153	103.500
370.333	108.500
370.512	89.500
370.692	139.500
370.872	169.500
371.051	157.500
371.231	123.500
371.411	82.500
371.591	93.500
371.770	145.500
371.950	140.500
372.130	102.500
372.310	119.500
372.489	140.500
372.669	155.500
372.849	150.500
373.028	138.500
373.208	169.500
373.388	131.500
373.568	93.500
373.747	135.500
373.927	118.500
374.107	138.500
374.287	158.500
374.466	166.500
374.646	165.500
374.826	146.500
375.005	113.500
375.185	69.500
375.365	77.500
375.545	94.500
375.724	126.500
375.904	113.500
376.084	134.500
376.263	158.500
376.443	153.500
376.623	134.500
376.803	127.500
376.982	158.500
377.162	157.500
377.342	139.500
377.522	141.500
377.701	163.500
377.881	156.500
378.061	163.500
378.240	151.500
378.420	137.500
378.600	123.500
378.780	141.500
378.959	151.500
379.139	162.500
379.319	217.500
379.499	155.500
379.678	138.500
379.858	156.500
380.038	120.500
380.217	138.500
380.397	131.500
380.577	111.500
380.757	97.500
380.936	138.500
381.116	173.500
381.296	123.500
381.476	159.500
381.655	148.500
381.835	135.500
382.015	158.500
382.194	181.500
382.374	175.500
382.554	120.500
382.734	103.500
382.913	139.500
383.093	129.500
383.273	159.500
383.452	171.500
383.632	148.500
383.812	171.500
383.992	132.500
384.171	134.500
384.351	99.500
384.531	145.500
384.711	179.500
384.890	170.500
385.070	141.500
385.250	153.500
385.429	136.500
385.609	139.500
385.789	186.500
385.969	150.500
386.148	108.500
386.328	133.500
386.508	143.500
386.688	148.500
386.867	150.500
387.047	148.500
387.227	120.500
387.406	154.500
387.586	169.500
387.766	173.500
387.946	138.500
388.125	127.500
388.305	154.500
388.485	143.500
388.664	137.500
388.844	114.500
389.024	107.500
389.204	122.500
389.383	144.500
389.563	126.500
389.743	138.500
389.923	141.500
390.102	128.500
390.282	177.500
390.462	124.500
390.641	72.500
390.821	88.500
391.001	91.500
391.181	90.500
391.360	107.500
391.540	101.500
391.720	70.500
391.900	111.500
392.079	145.500
392.259	153.500
392.439	128.500
392.618	126.500
392.798	155.500
392.978	103.500
393.158	84.500
393.337	156.500
393.517	178.500
393.697	174.500
393.877	143.500
394.056	180.500
394.236	173.500
394.416	197.500
394.595	209.500
394.775	177.500
394.955	159.500
395.135	145.500
395.314	151.500
395.494	212.500
395.674	220.500
395.853	158.500
396.033	141.500
396.213	182.500
396.393	189.500
396.572	199.500
396.752	235.500
396.932	186.500
397.112	122.500
397.291	151.500
397.471	160.500
397.651	183.500
397.830	227.500
398.010	196.500
398.190	158.500
398.370	194.500
398.549	249.500
398.729	206.500
398.909	177.500
399.089	200.500
399.268	214.500
399.448	183.500
399.628	206.500
399.807	224.500
399.987	169.500
400.167	208.500
400.347	224.500
400.526	253.500
400.706	228.500
400.886	239.500
401.065	235.500
401.245	217.500
401.425	186.500
401.605	191.500
401.784	198.500
401.964	207.500
402.144	220.500
402.324	258.500
402.503	234.500
402.683	232.500
402.863	218.500
403.042	228.500
403.222	229.500
403.402	229.500
403.582	276.500
403.761	274.500
403.941	285.500
404.121	293.500
404.301	303.500
404.480	299.500
404.660	333.500
404.844	302.500
405.029	295.500
405.213	268.500
405.398	288.500
405.582	350.500
405.767	349.500
405.951	332.500
406.136	354.500
406.320	399.500
406.505	419.500
406.689	410.500
406.874	408.500
407.058	435.500
407.243	485.500
407.427	515.500
407.612	574.500
407.796	624.500
407.981	654.500
408.165	687.500
408.350	713.500
408.534	743.500
408.719	784.500
408.903	817.500
409.088	858.500
409.272	862.500
409.457	935.500
409.641	1007.500
409.826	1039.500
410.010	1129.500
410.195	1239.500
410.379	1317.500
410.564	1478.500
410.748	1562.500
410.933	1666.500
411.117	1730.500
411.302	1805.500
411.486	1900.500
411.671	1999.500
411.855	2155.500
412.040	2225.500
412.224	2317.500
412.409	2454.500
412.593	2568.500
412.778	2672.500
412.962	2788.500
413.147	2893.500
413.331	3054.500
413.516	3205.500
413.700	3324.500
413.885	3461.500
414.069	3505.500
414.254	3735.500
414.438	3848.500
414.623	3939.500
414.807	4068.500
414.992	4224.500
415.176	4369.500
415.361	4540.500
415.545	4664.500
415.730	4828.500
415.914	4926.500
416.099	5063.500
416.283	5110.500
416.468	5238.500
416.652	5321.500
416.837	5486.500
417.021	5600.500
417.206	5611.500
417.390	5701.500
417.575	5836.500
417.759	5930.500
417.944	6108.500
418.128	6207.500
418.313	6382.500
418.497	6450.500
418.682	6557.500
418.866	6697.500
419.051	6750.500
419.235	6854.500
419.420	6999.500
419.604	6988.500
419.789	7099.500
419.973	7344.500
420.158	7561.500
420.342	7801.500
420.527	7959.500
420.711	8077.500
420.896	8260.500
421.080	8283.500
421.265	8337.500
421.449	8277.500
421.634	8280.500
421.818	8390.500
422.003	8342.500
422.187	8473.500
422.372	8472.500
422.556	8412.500
422.741	8521.500
422.925	8566.500
423.110	8603.500
423.294	8743.500
423.479	8948.500
423.663	9078.500
423.848	9174.500
424.032	9238.500
424.217	9370.500
424.401	9329.500
424.586	9326.500
424.770	9324.500
424.955	9407.500
425.139	9561.500
425.324	9603.500
425.508	9730.500
425.693	9769.500
425.877	9700.500
426.062	9743.500
426.246	9689.500
426.431	9752.500
426.615	9628.500
426.800	9521.500
426.984	9766.500
427.169	9812.500
427.353	9857.500
427.538	9964.500
427.722	9928.500
427.907	9976.500
428.091	10031.500
428.276	9992.500
428.460	9883.500
428.645	9668.500
428.829	9519.500
429.014	9413.500
429.198	9281.500
429.383	9075.500
429.567	8820.500
429.752	8585.500
429.936	8360.500
430.121	8163.500
430.305	8181.500
430.490	8553.500
430.674	8977.500
430.859	9405.500
431.043	9823.500
431.228	10144.500
431.412	10324.500
431.597	10501.500
431.781	10726.500
431.966	10783.500
432.150	10922.500
432.335	11211.500
432.519	11356.500
432.704	11563.500
432.888	11529.500
433.073	11362.500
433.257	11215.500
433.442	11085.500
433.626	11090.500
433.811	11148.500
433.995	11237.500
434.180	11539.500
434.364	11675.500
434.549	11798.500
434.733	11826.500
434.918	11839.500
435.102	12000.500
435.287	12195.500
435.471	12456.500
435.656	12613.500
435.840	12864.500
436.030	13053.500
436.219	13069.500
436.409	13084.500
436.599	12918.500
436.789	12702.500
436.978	12690.500
437.168	12583.500
437.358	12536.500
437.548	12337.500
437.737	12075.500
437.927	11955.500
438.117	12000.500
438.306	12173.500
438.496	12321.500
438.686	12364.500
438.876	12573.500
439.065	12768.500
439.255	12767.500
439.445	12810.500
439.634	12904.500
439.824	12907.500
440.014	13119.500
440.204	13285.500
440.393	13273.500
440.583	13394.500
440.773	13758.500
440.963	14058.500
441.152	14114.500
441.342	14322.500
441.532	14519.500
441.721	14617.500
441.911	14484.500
442.101	14654.500
442.291	14758.500
442.480	14652.500
442.670	14831.500
442.860	15100.500
443.050	15041.500
443.239	15110.500
443.429	15234.500
443.619	15233.500
443.808	15377.500
443.998	15601.500
444.188	15651.500
444.378	15589.500
444.567	15734.500
444.757	15764.500
444.947	15640.500
445.137	15437.500
445.326	15250.500
445.516	15243.500
445.706	15302.500
445.895	15398.500
446.085	15533.500
446.275	15704.500
446.465	16014.500
446.654	16144.500
446.844	16403.500
447.034	16468.500
447.223	16530.500
447.413	16802.500
447.603	16990.500
447.793	17001.500
447.982	16977.500
448.172	16727.500
448.362	16887.500
448.552	17047.500
448.741	17095.500
448.931	17097.500
449.121	17296.500
449.310	17505.500
449.500	17544.500
449.690	17778.500
449.880	17982.500
450.069	18172.500
450.259	18422.500
450.449	18551.500
450.639	18363.500
450.828	18362.500
451.018	18466.500
451.208	18370.500
451.397	18323.500
451.587	18414.500
451.777	18221.500
451.967	18167.500
452.156	17968.500
452.346	17690.500
452.536	17379.500
452.725	17326.500
452.915	17335.500
453.105	17413.500
453.295	17390.500
453.484	17422.500
453.674	17592.500
453.864	17688.500
454.054	17703.500
454.243	17712.500
454.433	17689.500
454.623	17686.500
454.812	17642.500
455.002	17790.500
455.192	17739.500
455.382	18020.500
455.571	18177.500
455.761	18245.500
455.951	18281.500
456.141	18326.500
456.330	18415.500
456.520	18313.500
456.710	18540.500
456.899	18614.500
457.089	18601.500
457.279	18486.500
457.469	18274.500
457.658	18132.500
457.848	18134.500
458.038	18139.500
458.228	18132.500
458.417	18139.500
458.607	18152.500
458.797	18197.500
458.986	18169.500
459.176	18031.500
459.366	17994.500
459.556	17936.500
459.745	17935.500
459.935	18225.500
460.125	18378.500
460.314	18324.500
460.504	18358.500
460.694	18366.500
460.884	18483.500
461.073	18621.500
461.263	18585.500
461.453	18799.500
461.643	18788.500
461.832	18729.500
462.022	18818.500
462.212	18714.500
462.401	18845.500
462.591	18884.500
462.781	18872.500
462.971	18879.500
463.160	18817.500
463.350	18802.500
463.540	18762.500
463.730	18664.500
463.919	18684.500
464.109	18643.500
464.299	18432.500
464.488	18381.500
464.678	18366.500
464.868	18326.500
465.058	18382.500
465.247	18535.500
465.437	18637.500
465.627	18707.500
465.816	18726.500
466.006	18651.500
466.196	18353.500
466.386	18315.500
466.575	18316.500
466.765	18194.500
466.955	18383.500
467.145	18495.500
467.334	18368.500
467.524	18563.500
467.714	18730.500
467.903	18684.500
468.093	18785.500
468.283	18639.500
468.473	18739.500
468.662	18975.500
468.852	19009.500
469.042	19020.500
469.232	19048.500
469.421	18922.500
469.611	18814.500
469.801	18895.500
469.990	18787.500
470.180	18540.500
470.370	18612.500
470.560	18523.500
470.749	18623.500
470.939	18742.500
471.129	19142.500
471.318	19051.500
471.508	19229.500
471.698	19522.500
471.888	19601.500
472.077	19719.500
472.267	19889.500
472.457	19831.500
472.647	19787.500
472.836	19755.500
473.026	19665.500
473.216	19710.500
473.405	19730.500
473.595	19893.500
473.785	19821.500
473.975	19913.500
474.164	20075.500
474.354	20190.500
474.544	20125.500
474.734	20261.500
474.923	20252.500
475.113	20352.500
475.303	20151.500
475.492	19905.500
475.682	20016.500
475.872	20106.500
476.062	20052.500
476.251	20019.500
476.441	19819.500
476.631	19884.500
476.821	20013.500
477.010	20054.500
477.200	20168.500
477.390	20312.500
477.579	20396.500
477.769	20327.500
477.959	20433.500
478.149	20480.500
478.338	20526.500
478.528	20411.500
478.718	20327.500
478.907	20400.500
479.097	20598.500
479.287	20516.500
479.477	20564.500
479.666	20601.500
479.856	20660.500
480.046	20686.500
480.236	20631.500
480.425	20661.500
480.615	20667.500
480.805	20528.500
480.994	20707.500
481.184	20629.500
481.374	20646.500
481.564	20794.500
481.753	20832.500
481.943	20676.500
482.133	20700.500
482.323	20679.500
482.512	20521.500
482.702	20470.500
482.892	20567.500
483.081	20286.500
483.271	20141.500
483.461	20231.500
483.651	20283.500
483.840	20217.500
484.030	20136.500
484.220	20077.500
484.409	20070.500
484.599	19808.500
484.789	19825.500
484.979	19614.500
485.168	19339.500
485.358	19014.500
485.548	18475.500
485.738	18144.500
485.927	17807.500
486.117	17334.500
486.307	16947.500
486.496	16895.500
486.686	16983.500
486.876	17224.500
487.066	17407.500
487.255	17722.500
487.445	17990.500
487.635	18173.500
487.825	18433.500
488.014	18544.500
488.204	18637.500
488.394	18725.500
488.583	18844.500
488.773	18798.500
488.963	18828.500
489.153	18851.500
489.342	18852.500
489.532	19187.500
489.722	19436.500
489.912	19604.500
490.101	19565.500
490.291	19620.500
490.481	19559.500
490.670	19648.500
490.860	19824.500
491.050	19765.500
491.240	19487.500
491.429	19407.500
491.619	19347.500
491.809	19073.500
491.998	18927.500
492.188	18946.500
492.378	18975.500
492.568	19092.500
492.757	19190.500
492.947	19364.500
493.137	19452.500
493.327	19377.500
493.516	19440.500
493.706	19495.500
493.896	19513.500
494.085	19536.500
494.275	19708.500
494.465	19952.500
494.655	20053.500
494.844	20174.500
495.034	20232.500
495.224	20088.500
495.414	20113.500
495.603	20050.500
495.793	19948.500
495.983	19855.500
496.172	19901.500
496.362	20067.500
496.552	20180.500
496.742	20095.500
496.931	20146.500
497.121	20124.500
497.311	20102.500
497.500	20137.500
497.690	20023.500
497.880	19812.500
498.070	19836.500
498.259	19736.500
498.449	19535.500
498.639	19506.500
498.829	19593.500
499.018	19825.500
499.208	19771.500
499.398	19893.500
499.587	19949.500
499.777	19896.500
499.967	19582.500
500.157	19451.500
500.346	19490.500
500.536	19356.500
500.726	19341.500
500.916	19136.500
501.105	19067.500
501.295	19012.500
501.485	18853.500
501.674	18863.500
501.864	18957.500
502.054	18870.500
502.244	18926.500
502.433	19110.500
502.623	19276.500
502.813	19416.500
503.003	19493.500
503.192	19477.500
503.382	19381.500
503.572	19334.500
503.761	19401.500
503.951	19205.500
504.141	19043.500
504.331	19011.500
504.520	19120.500
504.710	19189.500
504.900	19289.500
505.089	19465.500
505.279	19647.500
505.469	19802.500
505.659	19909.500
505.848	19874.500
506.038	19692.500
506.228	19576.500
506.418	19781.500
506.607	19749.500
506.797	19547.500
506.987	19564.500
507.176	19533.500
507.366	19242.500
507.556	19106.500
507.746	19104.500
507.935	18987.500
508.125	18969.500
508.315	19110.500
508.505	19060.500
508.694	19246.500
508.884	19166.500
509.074	19414.500
509.263	19461.500
509.453	19318.500
509.643	19146.500
509.833	18998.500
510.022	18977.500
510.212	19057.500
510.402	19086.500
510.592	19125.500
510.781	19215.500
510.971	19207.500
511.161	19138.500
511.350	18976.500
511.540	19204.500
511.730	19174.500
511.920	19190.500
512.109	19028.500
512.299	18793.500
512.489	18706.500
512.678	18610.500
512.868	18427.500
513.058	18384.500
513.248	18482.500
513.437	18346.500
513.627	18312.500
513.817	18082.500
514.007	17976.500
514.196	17944.500
514.386	17944.500
514.576	18062.500
514.765	17801.500
514.955	17794.500
515.145	17907.500
515.335	18032.500
515.524	18247.500
515.714	18062.500
515.904	17844.500
516.094	17553.500
516.283	17115.500
516.473	16810.500
516.663	16455.500
516.852	16180.500
517.042	16222.500
517.232	16163.500
517.422	16300.500
517.611	16290.500
517.801	16131.500
517.991	16080.500
518.180	16130.500
518.370	16100.500
518.560	16292.500
518.750	16551.500
518.939	16532.500
519.129	16715.500
519.319	16703.500
519.509	16949.500
519.698	17225.500
519.888	17272.500
520.078	17152.500
520.267	17337.500
520.457	17418.500
520.647	17426.500
520.837	17629.500
521.026	17668.500
521.216	17681.500
521.406	17497.500
521.596	17677.500
521.785	17730.500
521.975	17535.500
522.165	17588.500
522.354	17489.500
522.544	17359.500
522.734	17302.500
522.924	17416.500
523.113	17508.500
523.303	17608.500
523.493	17648.500
523.683	17753.500
523.872	17981.500
524.062	17908.500
524.252	17774.500
524.441	17772.500
524.631	18062.500
524.821	18073.500
525.011	18006.500
525.200	18012.500
525.390	18100.500
525.580	17890.500
525.769	17665.500
525.959	17594.500
526.149	17138.500
526.339	17044.500
526.528	17066.500
526.718	16852.500
526.908	16806.500
527.098	16876.500
527.287	16870.500
527.477	16891.500
527.667	17035.500
527.856	17307.500
528.046	17453.500
528.236	17538.500
528.426	17743.500
528.615	17916.500
528.805	18121.500
528.995	18002.500
529.185	18091.500
529.374	18082.500
529.564	18031.500
529.754	17990.500
529.943	18161.500
530.133	18362.500
530.323	18195.500
530.513	18071.500
530.702	18183.500
530.892	18219.500
531.082	18195.500
531.271	17989.500
531.461	17901.500
531.651	17957.500
531.841	17617.500
532.030	17377.500
532.220	17295.500
532.410	17008.500
532.600	16794.500
532.789	16736.500
532.979	16629.500
533.169	16790.500
533.358	16675.500
533.548	16734.500
533.738	16930.500
533.928	16956.500
534.117	16783.500
534.307	16785.500
534.497	16700.500
534.687	16859.500
534.876	16899.500
535.066	16919.500
535.256	17036.500
535.445	16968.500
535.635	17035.500
535.825	16928.500
536.015	16767.500
536.204	16584.500
536.394	16456.500
536.584	16449.500
536.773	16390.500
536.963	16218.500
537.153	16265.500
537.343	16531.500
537.532	16346.500
537.722	16397.500
537.912	16317.500
538.102	16198.500
538.291	16123.500
538.481	16217.500
538.671	16268.500
538.860	15962.500
539.050	15956.500
539.240	15812.500
539.430	15811.500
539.619	15712.500
539.809	15594.500
539.999	15323.500
540.189	15251.500
540.378	15252.500
540.568	15425.500
540.758	15529.500
540.947	15646.500
541.137	15718.500
541.327	15832.500
541.517	15916.500
541.706	15733.500
541.896	15682.500
542.086	15732.500
542.276	15668.500
542.465	15618.500
542.655	15535.500
542.845	15618.500
543.034	15603.500
543.224	15785.500
543.414	15779.500
543.604	15589.500
543.793	15678.500
543.983	15712.500
544.173	15601.500
544.362	15587.500
544.552	15614.500
544.742	15646.500
544.932	15480.500
545.121	15417.500
545.311	15334.500
545.501	15343.500
545.691	15524.500
545.880	15639.500
546.070	15560.500
546.264	15582.500
546.459	15495.500
546.653	15303.500
546.847	15255.500
547.041	15384.500
547.236	15335.500
547.430	15225.500
547.624	15340.500
547.818	15268.500
548.013	15321.500
548.207	15476.500
548.401	15556.500
548.596	15451.500
548.790	15296.500
548.984	15202.500
549.178	15321.500
549.373	15268.500
549.567	15121.500
549.761	15217.500
549.956	15146.500
550.150	15096.500
550.344	15141.500
550.538	15166.500
550.733	15040.500
550.927	15055.500
551.121	15177.500
551.315	15073.500
551.510	15094.500
551.704	15167.500
551.898	15125.500
552.093	15019.500
552.287	15083.500
552.481	15031.500
552.675	14890.500
552.870	14832.500
553.064	14871.500
553.258	14950.500
553.453	14947.500
553.647	15065.500
553.841	15003.500
554.035	14958.500
554.230	14984.500
554.424	15122.500
554.618	15204.500
554.812	15194.500
555.007	14981.500
555.201	15074.500
555.395	15073.500
555.590	15007.500
555.784	14808.500
555.978	14611.500
556.172	14731.500
556.367	14790.500
556.561	14809.500
556.755	14696.500
556.949	14562.500
557.144	14565.500
557.338	14674.500
557.532	14710.500
557.727	14607.500
557.921	14388.500
558.115	14347.500
558.309	14266.500
558.504	14246.500
558.698	14227.500
558.892	14186.500
559.087	14210.500
559.281	14169.500
559.475	14213.500
559.669	14291.500
559.864	14182.500
560.058	14471.500
560.252	14474.500
560.446	14327.500
560.641	14313.500
560.835	14376.500
561.029	14373.500
561.224	14351.500
561.418	14472.500
561.612	14450.500
561.806	14468.500
562.001	14431.500
562.195	14579.500
562.389	14693.500
562.584	14447.500
562.778	14460.500
562.972	14501.500
563.166	14462.500
563.361	14393.500
563.555	14362.500
563.749	14496.500
563.943	14494.500
564.138	14386.500
564.332	14396.500
564.526	14193.500
564.721	14192.500
564.915	14177.500
565.109	14136.500
565.303	14028.500
565.498	14058.500
565.692	13897.500
565.886	14052.500
566.081	14133.500
566.275	14096.500
566.469	14042.500
566.663	14043.500
566.858	14171.500
567.052	14253.500
567.246	14156.500
567.440	14038.500
567.635	13963.500
567.829	13935.500
568.023	14009.500
568.218	13901.500
568.412	13813.500
568.606	13888.500
568.800	13842.500
568.995	13838.500
569.189	13860.500
569.383	13766.500
569.577	13503.500
569.772	13476.500
569.966	13482.500
570.160	13432.500
570.355	13378.500
570.549	13419.500
570.743	13615.500
570.937	13546.500
571.132	13439.500
571.326	13437.500
571.520	13554.500
571.715	13571.500
571.909	13562.500
572.103	13747.500
572.297	13654.500
572.492	13681.500
572.686	13706.500
572.880	13662.500
573.074	13670.500
573.269	13542.500
573.463	13730.500
573.657	13487.500
573.852	13348.500
574.046	13422.500
574.240	13430.500
574.434	13490.500
574.629	13477.500
574.823	13336.500
575.017	13307.500
575.212	13343.500
575.406	13242.500
575.600	13183.500
575.794	13081.500
575.989	13038.500
576.183	13226.500
576.377	13376.500
576.571	13248.500
576.766	13191.500
576.960	13115.500
577.159	13037.500
577.357	13024.500
577.556	12950.500
577.755	12889.500
577.953	12736.500
578.152	12802.500
578.350	12824.500
578.549	12790.500
578.748	12733.500
578.946	12886.500
579.145	12821.500
579.344	12907.500
579.542	12951.500
579.741	12783.500
579.940	12901.500
580.138	12908.500
580.337	12895.500
580.535	13072.500
580.734	13210.500
580.933	13344.500
581.131	13320.500
581.330	13277.500
581.529	13403.500
581.727	13449.500
581.926	13510.500
582.125	13617.500
582.323	13729.500
582.522	13740.500
582.721	13790.500
582.919	13864.500
583.118	13766.500
583.316	13827.500
583.515	13964.500
583.714	13933.500
583.912	14000.500
584.111	14079.500
584.310	13972.500
584.508	14002.500
584.707	13863.500
584.906	13817.500
585.104	13774.500
585.303	13816.500
585.501	13813.500
585.700	13828.500
585.899	13804.500
586.097	13913.500
586.296	13882.500
586.495	13912.500
586.693	13850.500
586.892	13796.500
587.091	13721.500
587.289	13659.500
587.488	13595.500
587.686	13549.500
587.885	13326.500
588.084	13147.500
588.282	12947.500
588.481	12664.500
588.680	12434.500
588.878	12392.500
589.077	12295.500
589.276	12365.500
589.474	12365.500
589.673	12512.500
589.871	12545.500
590.070	12694.500
590.269	12764.500
590.467	12826.500
590.666	12842.500
590.865	12831.500
591.063	12883.500
591.262	12747.500
591.461	12873.500
591.659	12945.500
591.858	12911.500
592.056	12944.500
592.255	13017.500
592.454	12950.500
592.652	12915.500
592.851	12987.500
593.050	12981.500
593.248	12992.500
593.447	12994.500
593.646	12874.500
593.844	12830.500
594.043	12930.500
594.241	12879.500
594.440	12679.500
594.639	12820.500
594.837	12798.500
595.036	12785.500
595.235	12909.500
595.433	12921.500
595.632	12960.500
595.831	13047.500
596.029	12927.500
596.228	12829.500
596.427	13006.500
596.625	12834.500
596.824	12936.500
597.022	13017.500
597.221	12991.500
597.420	12960.500
597.618	12945.500
597.817	13092.500
598.016	12895.500
598.214	12900.500
598.413	12881.500
598.612	12999.500
598.810	13075.500
599.009	12909.500
599.207	12850.500
599.406	13088.500
599.605	13088.500
599.803	12841.500
600.002	12796.500
600.201	12857.500
600.399	12882.500
600.598	12818.500
600.797	12713.500
600.995	12783.500
601.194	12843.500
601.392	12877.500
601.591	12793.500
601.790	12718.500
601.988	12735.500
602.187	12772.500
602.386	12775.500
602.584	12788.500
602.783	12814.500
602.982	12879.500
603.180	12960.500
603.379	12981.500
603.577	12890.500
603.776	13046.500
603.975	13223.500
604.173	13102.500
604.372	12997.500
604.571	12959.500
604.769	12909.500
604.968	13044.500
605.167	13037.500
605.365	12946.500
605.564	13094.500
605.762	13046.500
605.961	12901.500
606.160	12810.500
606.358	12853.500
606.557	12896.500
606.756	13020.500
606.954	12996.500
607.153	12976.500
607.352	12981.500
607.550	12994.500
607.749	12847.500
607.948	12741.500
608.146	12716.500
608.345	12686.500
608.543	12718.500
608.742	12765.500
608.941	12651.500
609.139	12808.500
609.338	12836.500
609.537	12792.500
609.735	12757.500
609.934	12697.500
610.133	12607.500
610.331	12592.500
610.530	12610.500
610.728	12757.500
610.927	12642.500
611.126	12584.500
611.324	12793.500
611.523	12643.500
611.722	12563.500
611.920	12646.500
612.119	12622.500
612.318	12480.500
612.516	12644.500
612.715	12609.500
612.913	12483.500
613.112	12475.500
613.311	12481.500
613.509	12400.500
613.708	12425.500
613.907	12415.500
614.105	12583.500
614.304	12565.500
614.503	12417.500
614.701	12436.500
614.900	12396.500
615.098	12334.500
615.297	12242.500
615.496	12122.500
615.694	12071.500
615.893	12134.500
616.092	12064.500
616.290	12025.500
616.489	11988.500
616.688	11915.500
616.886	12054.500
617.085	12143.500
617.283	12167.500
617.482	12231.500
617.681	12143.500
617.879	12192.500
618.078	12173.500
618.277	12244.500
618.475	12244.500
618.674	12282.500
618.873	12273.500
619.071	12218.500
619.270	12149.500
619.468	12124.500
619.667	12369.500
619.866	12461.500
620.064	12367.500
620.263	12353.500
620.462	12384.500
620.660	12345.500
620.859	12387.500
621.058	12299.500
621.256	12145.500
621.455	12158.500
621.654	12148.500
621.852	12105.500
622.051	12077.500
622.249	12147.500
622.448	12101.500
622.647	11971.500
622.845	11875.500
623.044	11934.500
623.243	12004.500
623.441	12049.500
623.640	11843.500
623.839	11852.500
624.037	11748.500
624.236	11772.500
624.434	11748.500
624.633	11793.500
624.832	11709.500
625.030	11533.500
625.229	11525.500
625.428	11616.500
625.626	11686.500
625.825	11669.500
626.024	11723.500
626.222	11646.500
626.421	11647.500
626.619	11672.500
626.818	11572.500
627.017	11463.500
627.215	11538.500
627.414	11565.500
627.613	11536.500
627.811	11390.500
628.010	11503.500
628.209	11427.500
628.407	11424.500
628.606	11401.500
628.804	11392.500
629.003	11460.500
629.202	11336.500
629.400	11269.500
629.599	11262.500
629.798	11243.500
629.996	11264.500
630.195	11345.500
630.394	11378.500
630.592	11288.500
630.791	11254.500
630.990	11394.500
631.188	11483.500
631.387	11343.500
631.585	11279.500
631.784	11433.500
631.983	11363.500
632.181	11420.500
632.380	11498.500
632.579	11411.500
632.777	11361.500
632.976	11419.500
633.175	11324.500
633.373	11366.500
633.572	11298.500
633.770	11258.500
633.969	11360.500
634.168	11404.500
634.366	11363.500
634.565	11420.500
634.764	11500.500
634.962	11357.500
635.161	11378.500
635.360	11488.500
635.558	11476.500
635.757	11392.500
635.955	11363.500
636.154	11308.500
636.353	11332.500
636.551	11599.500
636.750	11527.500
636.949	11495.500
637.147	11385.500
637.346	11446.500
637.545	11536.500
637.743	11453.500
637.942	11545.500
638.140	11520.500
638.339	11447.500
638.538	11496.500
638.736	11405.500
638.935	11431.500
639.134	11395.500
639.332	11450.500
639.531	11407.500
639.730	11344.500
639.928	11355.500
640.127	11319.500
640.325	11307.500
640.524	11380.500
640.723	11325.500
640.921	11259.500
641.120	11255.500
641.319	11115.500
641.517	11185.500
641.716	11331.500
641.915	11298.500
642.113	11337.500
642.312	11389.500
642.510	11419.500
642.709	11332.500
642.908	11283.500
643.106	11368.500
643.305	11539.500
643.504	11466.500
643.702	11364.500
643.901	11242.500
644.100	11276.500
644.298	11422.500
644.497	11423.500
644.696	11429.500
644.894	11298.500
645.093	11308.500
645.291	11355.500
645.490	11253.500
645.689	11356.500
645.887	11335.500
646.086	11288.500
646.285	11176.500
646.483	10997.500
646.682	11046.500
646.881	11079.500
647.079	11004.500
647.278	10986.500
647.476	11017.500
647.675	10952.500
647.874	10880.500
648.072	10911.500
648.271	10989.500
648.470	10893.500
648.668	10798.500
648.867	10716.500
649.066	10719.500
649.264	10763.500
649.463	10717.500
649.661	10815.500
649.860	10932.500
650.059	11004.500
650.257	11047.500
650.456	11038.500
650.655	10989.500
650.853	10936.500
651.052	11087.500
651.251	11004.500
651.449	11040.500
651.648	11021.500
651.846	11024.500
652.045	11068.500
652.244	11096.500
652.442	11077.500
652.641	11102.500
652.840	10946.500
653.038	11014.500
653.237	11105.500
653.436	11163.500
653.634	11190.500
653.833	11059.500
654.032	11001.500
654.230	11105.500
654.429	11000.500
654.627	11019.500
654.826	10926.500
655.025	10851.500
655.223	10631.500
655.422	10456.500
655.621	10239.500
655.819	9922.500
656.018	9851.500
656.217	9820.500
656.415	9837.500
656.614	9966.500
656.812	10077.500
657.011	10222.500
657.210	10478.500
657.408	10340.500
657.607	10474.500
657.806	10680.500
658.004	10676.500
658.203	10748.500
658.402	10825.500
658.600	10862.500
658.799	10924.500
658.997	10890.500
659.196	10988.500
659.395	11050.500
659.593	11191.500
659.792	11273.500
659.991	11280.500
660.189	11146.500
660.388	11205.500
660.587	11267.500
660.785	11262.500
660.984	11281.500
661.182	11292.500
661.381	11372.500
661.580	11534.500
661.778	11481.500
661.977	11325.500
662.176	11253.500
662.374	11337.500
662.573	11403.500
662.772	11348.500
662.970	11326.500
663.169	11172.500
663.367	11117.500
663.566	11131.500
663.765	11171.500
663.963	11225.500
664.162	11273.500
664.361	11341.500
664.559	11245.500
664.758	11127.500
664.957	11175.500
665.155	11122.500
665.354	11198.500
665.552	11200.500
665.751	11102.500
665.950	11151.500
666.148	11158.500
666.347	11173.500
666.546	11302.500
666.744	11259.500
666.943	11291.500
667.142	11142.500
667.340	11174.500
667.539	11084.500
667.738	11158.500
667.936	11164.500
668.135	11200.500
668.333	11239.500
668.532	11178.500
668.731	11160.500
668.929	11231.500
669.128	11146.500
669.327	11096.500
669.525	11168.500
669.724	11103.500
669.923	11055.500
670.121	11109.500
670.320	11203.500
670.518	11155.500
670.717	10935.500
670.916	10855.500
671.114	10865.500
671.313	10959.500
671.512	10856.500
671.710	10858.500
671.909	10848.500
672.108	10854.500
672.306	10960.500
672.505	10833.500
672.703	10855.500
672.902	10838.500
673.101	10787.500
673.299	10717.500
673.498	10825.500
673.697	10746.500
673.895	10750.500
674.094	10775.500
674.293	10760.500
674.491	10678.500
674.690	10725.500
674.888	10791.500
675.087	10739.500
675.286	10701.500
675.484	10853.500
675.683	10768.500
675.882	10642.500
676.080	10596.500
676.279	10704.500
676.478	10631.500
676.676	10591.500
676.875	10645.500
677.073	10666.500
677.272	10668.500
677.471	10649.500
677.669	10612.500
677.868	10566.500
678.067	10625.500
678.265	10638.500
678.464	10646.500
678.663	10665.500
678.861	10637.500
679.060	10432.500
679.259	10464.500
679.457	10541.500
679.656	10463.500
679.854	10370.500
680.053	10536.500
680.252	10619.500
680.450	10586.500
680.649	10492.500
680.848	10431.500
681.046	10401.500
681.245	10480.500
681.444	10497.500
681.642	10409.500
681.841	10269.500
682.039	10326.500
682.238	10295.500
682.437	10266.500
682.635	10246.500
682.834	10246.500
683.033	10251.500
683.231	10146.500
683.430	10106.500
683.629	10064.500
683.827	10034.500
684.026	10056.500
684.224	10213.500
684.423	10182.500
684.622	10139.500
684.820	9988.500
685.019	10023.500
685.218	9951.500
685.416	9790.500
685.615	9655.500
685.814	9445.500
686.012	9127.500
686.211	8826.500
686.409	8559.500
686.608	8401.500
686.807	8370.500
687.005	8391.500
687.204	8438.500
687.403	8472.500
687.601	8434.500
687.800	8519.500
687.999	8495.500
688.197	8394.500
688.396	8375.500
688.594	8409.500
688.793	8388.500
688.992	8477.500
689.190	8457.500
689.389	8519.500
689.588	8646.500
689.786	8643.500
689.985	8708.500
690.184	8817.500
690.382	8804.500
690.581	8773.500
690.779	8787.500
690.978	8814.500
691.177	8876.500
691.375	8949.500
691.574	8937.500
691.773	8923.500
691.971	8932.500
692.170	9059.500
692.369	9030.500
692.567	8901.500
692.766	8980.500
692.965	8874.500
693.163	8923.500
693.362	8879.500
693.560	8792.500
693.759	8824.500
693.958	8810.500
694.156	8886.500
694.355	8883.500
694.554	8841.500
694.752	8823.500
694.951	8886.500
695.150	8972.500
695.348	8967.500
695.547	8889.500
695.745	9077.500
695.944	9203.500
696.143	9260.500
696.341	9126.500
696.540	9232.500
696.743	9254.500
696.946	9276.500
697.149	9296.500
697.352	9126.500
697.555	9126.500
697.757	9150.500
697.960	9044.500
698.163	9103.500
698.366	8990.500
698.569	8981.500
698.772	9011.500
698.975	8961.500
699.178	8919.500
699.381	8862.500
699.584	8837.500
699.787	8912.500
699.989	8975.500
700.192	8860.500
700.395	8682.500
700.598	8760.500
700.801	8803.500
701.004	8650.500
701.207	8610.500
701.410	8673.500
701.613	8754.500
701.816	8640.500
702.019	8653.500
702.221	8779.500
702.424	8823.500
702.627	8812.500
702.830	8736.500
703.033	8753.500
703.236	8801.500
703.439	8890.500
703.642	8816.500
703.845	8813.500
704.048	8950.500
704.251	9065.500
704.453	9016.500
704.656	8842.500
704.859	8796.500
705.062	8888.500
705.265	8905.500
705.468	8982.500
705.671	8973.500
705.874	8910.500
706.077	8899.500
706.280	8895.500
706.483	8995.500
706.685	9063.500
706.888	8920.500
707.091	8902.500
707.294	8855.500
707.497	8861.500
707.700	8858.500
707.903	8834.500
708.106	8855.500
708.309	8990.500
708.512	8931.500
708.715	8784.500
708.917	8838.500
709.120	8917.500
709.323	8934.500
709.526	8950.500
709.729	8963.500
709.932	8937.500
710.135	8982.500
710.338	8863.500
710.541	8890.500
710.744	8825.500
710.947	8792.500
711.149	8872.500
711.352	8938.500
711.555	8908.500
711.758	8954.500
711.961	8908.500
712.164	8684.500
712.367	8702.500
712.570	8751.500
712.773	8720.500
712.976	8715.500
713.179	8708.500
713.381	8751.500
713.584	8645.500
713.787	8537.500
713.990	8497.500
714.193	8508.500
714.396	8430.500
714.599	8532.500
714.802	8568.500
715.005	8572.500
715.208	8381.500
715.411	8292.500
715.613	8191.500
715.816	7997.500
716.019	7884.500
716.222	7685.500
716.425	7482.500
716.628	7379.500
716.831	7254.500
717.034	7041.500
717.237	6995.500
717.440	6834.500
717.643	6621.500
717.845	6527.500
718.048	6416.500
718.251	6425.500
718.454	6409.500
718.657	6334.500
718.860	6243.500
719.063	6241.500
719.266	6205.500
719.469	6198.500
719.672	6241.500
719.875	6193.500
720.077	6308.500
720.280	6470.500
720.483	6670.500
720.686	6835.500
720.889	6953.500
721.092	7010.500
721.295	7023.500
721.498	7028.500
721.701	7044.500
721.904	7086.500
722.107	7002.500
722.309	6939.500
722.512	6966.500
722.715	6883.500
722.918	6886.500
723.121	6772.500
723.324	6622.500
723.527	6690.500
723.730	6587.500
723.933	6583.500
724.136	6486.500
724.339	6483.500
724.541	6542.500
724.744	6445.500
724.947	6429.500
725.150	6416.500
725.353	6464.500
725.556	6484.500
725.759	6471.500
725.962	6386.500
726.165	6381.500
726.368	6218.500
726.571	6281.500
726.773	6314.500
726.976	6319.500
727.179	6355.500
727.382	6304.500
727.585	6377.500
727.788	6362.500
727.991	6304.500
728.194	6340.500
728.397	6290.500
728.600	6208.500
728.803	6332.500
729.005	6373.500
729.208	6451.500
729.411	6416.500
729.614	6295.500
729.817	6395.500
730.020	6398.500
730.223	6286.500
730.426	6197.500
730.629	6305.500
730.832	6417.500
731.035	6434.500
731.237	6558.500
731.440	6548.500
731.643	6542.500
731.846	6605.500
732.049	6693.500
732.252	6761.500
732.455	6750.500
732.658	6825.500
732.861	6865.500
733.064	6829.500
733.267	6832.500
733.469	6973.500
733.672	6926.500
733.875	6881.500
734.078	6884.500
734.281	6915.500
734.484	6914.500
734.687	6875.500
734.890	6892.500
735.093	6960.500
735.296	6928.500
735.499	6875.500
735.701	6826.500
735.904	6825.500
736.107	6790.500
736.310	6828.500
736.513	6810.500
736.716	6807.500
736.919	6957.500
737.122	6839.500
737.325	6755.500
737.528	6790.500
737.731	6792.500
737.933	6730.500
738.136	6747.500
738.339	6806.500
738.542	6734.500
738.745	6745.500
738.948	6867.500
739.151	6797.500
739.354	6847.500
739.557	6801.500
739.760	6814.500
739.963	6839.500
740.165	6744.500
740.368	6689.500
740.571	6779.500
740.774	6674.500
740.977	6588.500
741.180	6531.500
741.383	6620.500
741.586	6616.500
741.789	6655.500
741.992	6655.500
742.195	6549.500
742.397	6651.500
742.600	6757.500
742.803	6739.500
743.006	6594.500
743.209	6588.500
743.412	6595.500
743.615	6641.500
743.818	6711.500
744.021	6614.500
744.224	6642.500
744.427	6767.500
744.629	6721.500
744.832	6617.500
745.035	6565.500
745.238	6663.500
745.441	6622.500
745.644	6521.500
745.847	6587.500
746.050	6609.500
746.253	6651.500
746.456	6489.500
746.659	6478.500
746.861	6605.500
747.064	6628.500
747.267	6557.500
747.470	6482.500
747.673	6459.500
747.876	6431.500
748.079	6421.500
748.282	6393.500
748.485	6403.500
748.688	6470.500
748.891	6500.500
749.093	6397.500
749.296	6352.500
749.499	6288.500
749.702	6259.500
749.905	6322.500
750.108	6333.500
750.311	6325.500
750.514	6304.500
750.717	6414.500
750.920	6383.500
751.123	6242.500
751.325	6112.500
751.528	6198.500
751.731	6142.500
751.934	6039.500
752.137	6218.500
752.340	6238.500
752.543	6186.500
752.746	6200.500
752.949	6091.500
753.152	6056.500
753.355	6107.500
753.557	6163.500
753.760	6157.500
753.963	6078.500
754.166	6188.500
754.369	6135.500
754.572	6073.500
754.775	6129.500
754.978	6053.500
755.181	5986.500
755.384	5962.500
755.587	6036.500
755.789	5956.500
755.992	5941.500
756.195	5992.500
756.398	5840.500
756.601	5838.500
756.804	5927.500
757.007	5911.500
757.210	5879.500
757.413	5815.500
757.616	5729.500
757.819	5569.500
758.021	5464.500
758.224	5349.500
758.427	5014.500
758.630	4596.500
758.833	4218.500
759.036	3834.500
759.239	3408.500
759.442	3107.500
759.645	2873.500
759.848	2736.500
760.051	2733.500
760.253	2673.500
760.456	2713.500
760.659	2806.500
760.862	2755.500
761.065	2659.500
761.268	2651.500
761.471	2618.500
761.674	2549.500
761.877	2520.500
762.080	2500.500
762.283	2556.500
762.485	2573.500
762.688	2579.500
762.891	2640.500
763.094	2688.500
763.297	2792.500
763.500	2868.500
763.706	2952.500
763.912	3137.500
764.118	3211.500
764.325	3191.500
764.531	3346.500
764.737	3410.500
764.943	3490.500
765.149	3580.500
765.355	3720.500
765.561	3905.500
765.768	3974.500
765.974	4097.500
766.180	4102.500
766.386	4250.500
766.592	4430.500
766.798	4442.500
767.004	4450.500
767.210	4593.500
767.417	4723.500
767.623	4720.500
767.829	4762.500
768.035	4871.500
768.241	4995.500
768.447	5031.500
768.653	4948.500
768.860	5002.500
769.066	5087.500
769.272	5086.500
769.478	5062.500
769.684	5051.500
769.890	5089.500
770.096	5049.500
770.303	5153.500
770.509	5257.500
770.715	5086.500
770.921	5005.500
771.127	5079.500
771.333	5100.500
771.539	5039.500
771.745	5121.500
771.952	5149.500
772.158	5061.500
772.364	5094.500
772.570	5030.500
772.776	4967.500
772.982	5042.500
773.188	5117.500
773.395	5112.500
773.601	4959.500
773.807	4958.500
774.013	4927.500
774.219	4995.500
774.425	4999.500
774.631	5034.500
774.838	5004.500
775.044	4945.500
775.250	4978.500
775.456	4988.500
775.662	4969.500
775.868	4981.500
776.074	4928.500
776.281	4918.500
776.487	4889.500
776.693	4986.500
776.899	4956.500
777.105	4881.500
777.311	4906.500
777.517	4847.500
777.723	4829.500
777.930	4774.500
778.136	4817.500
778.342	4860.500
778.548	4744.500
778.754	4744.500
778.960	4741.500
779.166	4720.500
779.373	4746.500
779.579	4790.500
779.785	4742.500
779.991	4777.500
780.197	4778.500
780.403	4788.500
780.609	4814.500
780.816	4746.500
781.022	4686.500
781.228	4621.500
781.434	4604.500
781.640	4681.500
781.846	4646.500
782.052	4697.500
782.259	4655.500
782.465	4576.500
782.671	4497.500
782.877	4458.500
783.083	4489.500
783.289	4529.500
783.495	4519.500
783.701	4585.500
783.908	4557.500
784.114	4467.500
784.320	4527.500
784.526	4528.500
784.732	4517.500
784.938	4476.500
785.144	4519.500
785.351	4506.500
785.557	4473.500
785.763	4368.500
785.969	4353.500
786.175	4438.500
786.381	4407.500
786.587	4456.500
786.794	4492.500
787.000	4450.500
787.206	4333.500
787.412	4348.500
787.618	4340.500
787.824	4242.500
788.030	4214.500
788.236	4282.500
788.443	4245.500
788.649	4144.500
788.855	4177.500
789.061	4102.500
789.267	4140.500
789.473	4192.500
789.679	4105.500
789.886	4085.500
790.092	4158.500
790.298	4044.500
790.504	3984.500
790.710	4069.500
790.916	4039.500
791.122	3960.500
791.329	3957.500
791.535	3955.500
791.741	3943.500
791.947	3980.500
792.153	3926.500
792.359	3804.500
792.565	3896.500
792.771	3948.500
792.978	3964.500
793.184	3964.500
793.390	3964.500
793.596	3855.500
793.802	3831.500
794.008	3940.500
794.214	3929.500
794.421	3831.500
794.627	3838.500
794.833	3873.500
795.039	3834.500
795.245	3765.500
795.451	3776.500
795.657	3793.500
795.864	3756.500
796.070	3727.500
796.276	3812.500
796.482	3807.500
796.688	3810.500
796.894	3795.500
797.100	3756.500
797.307	3741.500
797.513	3803.500
797.719	3716.500
797.925	3818.500
798.131	3825.500
798.337	3658.500
798.543	3625.500
798.749	3760.500
798.956	3748.500
799.162	3585.500
799.368	3554.500
799.574	3538.500
799.780	3532.500
799.986	3559.500
800.192	3521.500
800.399	3559.500
800.605	3606.500
800.811	3633.500
801.017	3569.500
801.223	3559.500
801.429	3520.500
801.635	3429.500
801.842	3456.500
802.048	3527.500
802.254	3479.500
802.460	3417.500
802.666	3456.500
802.872	3433.500
803.078	3519.500
803.285	3439.500
803.491	3380.500
803.697	3404.500
803.903	3416.500
804.109	3427.500
804.315	3479.500
804.521	3495.500
804.727	3566.500
804.934	3513.500
805.140	3392.500
805.346	3423.500
805.552	3470.500
805.758	3499.500
805.964	3446.500
806.170	3377.500
806.377	3419.500
806.583	3422.500
806.789	3416.500
806.995	3438.500
807.201	3303.500
807.407	3265.500
807.613	3312.500
807.820	3340.500
808.026	3272.500
808.232	3278.500
808.438	3317.500
808.644	3248.500
808.850	3206.500
809.056	3154.500
809.262	3133.500
809.469	3152.500
809.675	3177.500
809.881	3188.500
810.087	3188.500
810.293	3154.500
810.499	3197.500
810.705	3192.500
810.912	3048.500
811.118	3086.500
811.324	3129.500
811.530	3060.500
811.739	2953.500
811.947	2957.500
812.156	2941.500
812.365	2866.500
812.573	2802.500
812.782	2820.500
812.990	2834.500
813.199	2816.500
813.408	2683.500
813.616	2624.500
813.825	2580.500
814.034	2595.500
814.242	2588.500
814.451	2557.500
814.659	2484.500
814.868	2460.500
815.077	2448.500
815.285	2411.500
815.494	2365.500
815.703	2362.500
815.911	2396.500
816.120	2450.500
816.329	2419.500
816.537	2318.500
816.746	2325.500
816.954	2360.500
817.163	2350.500
817.372	2364.500
817.580	2313.500
817.789	2243.500
817.998	2329.500
818.206	2343.500
818.415	2293.500
818.624	2305.500
818.832	2323.500
819.041	2306.500
819.249	2337.500
819.458	2358.500
819.667	2372.500
819.875	2435.500
820.084	2442.500
820.293	2474.500
820.501	2478.500
820.710	2451.500
820.919	2475.500
821.127	2376.500
821.336	2355.500
821.544	2225.500
821.753	2148.500
821.962	2183.500
822.170	2138.500
822.379	2148.500
822.588	2205.500
822.796	2154.500
823.005	2239.500
823.213	2293.500
823.422	2272.500
823.631	2332.500
823.839	2358.500
824.048	2377.500
824.257	2376.500
824.465	2380.500
824.674	2325.500
824.883	2293.500
825.091	2315.500
825.300	2342.500
825.508	2396.500
825.717	2393.500
825.926	2430.500
826.134	2442.500
826.343	2382.500
826.552	2321.500
826.760	2340.500
826.969	2335.500
827.178	2277.500
827.386	2231.500
827.595	2249.500
827.803	2273.500
828.012	2254.500
828.221	2290.500
828.429	2311.500
828.638	2292.500
828.847	2272.500
829.055	2225.500
829.264	2233.500
829.472	2190.500
829.681	2229.500
829.890	2183.500
830.098	2224.500
830.307	2241.500
830.516	2171.500
830.724	2189.500
830.933	2182.500
831.142	2153.500
831.350	2170.500
831.559	2184.500
831.767	2193.500
831.976	2194.500
832.185	2223.500
832.393	2168.500
832.602	2145.500
832.811	2185.500
833.019	2212.500
833.228	2241.500
833.437	2250.500
833.645	2270.500
833.854	2225.500
834.062	2174.500
834.271	2206.500
834.480	2178.500
834.688	2208.500
834.897	2251.500
835.106	2257.500
835.314	2205.500
835.523	2212.500
835.731	2253.500
835.940	2290.500
836.149	2292.500
836.357	2199.500
836.566	2292.500
836.775	2300.500
836.983	2209.500
837.192	2273.500
837.401	2297.500
837.609	2275.500
837.818	2221.500
838.026	2234.500
838.235	2234.500
838.444	2248.500
838.652	2226.500
838.861	2260.500
839.070	2251.500
839.278	2177.500
839.487	2177.500
839.696	2235.500
839.904	2189.500
840.113	2177.500
840.321	2183.500
840.530	2214.500
840.739	2203.500
840.947	2191.500
841.156	2165.500
841.365	2125.500
841.573	2156.500
841.782	2134.500
841.991	2227.500
842.199	2251.500
842.408	2120.500
842.616	2132.500
842.825	2134.500
843.034	2097.500
843.242	2171.500
843.451	2247.500
843.660	2173.500
843.868	2097.500
844.077	2085.500
844.285	2120.500
844.494	2081.500
844.703	2108.500
844.911	2226.500
845.120	2157.500
845.329	2171.500
845.537	2118.500
845.746	2073.500
845.955	2050.500
846.163	2105.500
846.372	2146.500
846.580	2117.500
846.789	2036.500
846.998	2010.500
847.206	2039.500
847.415	2050.500
847.624	1990.500
847.832	2062.500
848.041	2106.500
848.250	1997.500
848.458	1958.500
848.667	1945.500
848.875	1909.500
849.084	1883.500
849.293	1894.500
849.501	1889.500
849.710	1907.500
849.919	1909.500
850.127	1931.500
850.336	1968.500
850.544	1939.500
850.753	1906.500
850.962	1873.500
851.170	1914.500
851.379	1925.500
851.588	1895.500
851.796	1894.500
852.005	1925.500
852.214	1916.500
852.422	1863.500
852.631	1848.500
852.839	1820.500
853.048	1711.500
853.257	1696.500
853.465	1683.500
853.674	1666.500
853.883	1677.500
854.091	1647.500
854.300	1698.500
854.509	1765.500
854.717	1741.500
854.926	1687.500
855.134	1761.500
855.343	1845.500
855.552	1794.500
855.760	1795.500
855.969	1770.500
856.178	1782.500
856.386	1741.500
856.595	1767.500
856.803	1752.500
857.012	1731.500
857.221	1799.500
857.429	1829.500
857.638	1802.500
857.847	1744.500
858.055	1748.500
858.264	1755.500
858.473	1785.500
858.681	1770.500
858.890	1784.500
859.098	1793.500
859.307	1745.500
859.516	1694.500
859.724	1723.500
859.933	1722.500
860.142	1747.500
860.350	1785.500
860.559	1716.500
860.768	1740.500
860.976	1741.500
861.185	1687.500
861.393	1642.500
861.602	1670.500
861.811	1676.500
862.019	1672.500
862.228	1689.500
862.437	1672.500
862.645	1655.500
862.854	1610.500
863.062	1666.500
863.271	1681.500
863.480	1649.500
863.688	1633.500
863.897	1635.500
864.106	1598.500
864.314	1555.500
864.523	1577.500
864.732	1616.500
864.940	1549.500
865.149	1512.500
865.357	1536.500
865.566	1465.500
865.775	1432.500
865.983	1445.500
866.192	1470.500
866.401	1475.500
866.609	1457.500
866.818	1504.500
867.027	1530.500
867.235	1469.500
867.444	1386.500
867.652	1419.500
867.861	1423.500
868.070	1404.500
868.278	1430.500
868.487	1530.500
868.696	1522.500
868.904	1483.500
869.113	1396.500
869.321	1425.500
869.530	1434.500
869.739	1439.500
869.947	1382.500
870.156	1384.500
870.365	1424.500
870.573	1435.500
870.782	1451.500
870.991	1510.500
871.199	1470.500
871.408	1430.500
871.616	1456.500
871.825	1412.500
872.034	1408.500
872.242	1378.500
872.451	1377.500
872.660	1391.500
872.868	1342.500
873.077	1325.500
873.286	1350.500
873.494	1397.500
873.703	1379.500
873.911	1383.500
874.120	1389.500
874.329	1342.500
874.537	1306.500
874.746	1274.500
874.955	1270.500
875.163	1274.500
875.372	1264.500
875.581	1276.500
875.789	1221.500
875.998	1218.500
876.206	1327.500
876.415	1336.500
876.624	1228.500
876.832	1228.500
877.041	1274.500
877.250	1276.500
877.458	1233.500
877.667	1214.500
877.875	1238.500
878.084	1210.500
878.293	1220.500
878.501	1242.500
878.710	1264.500
878.919	1220.500
879.127	1196.500
879.336	1236.500
879.545	1236.500
879.753	1208.500
879.962	1197.500
880.170	1217.500
880.379	1167.500
880.588	1158.500
880.796	1175.500
881.005	1139.500
881.214	1137.500
881.422	1147.500
881.631	1148.500
881.840	1149.500
882.048	1211.500
882.257	1179.500
882.465	1146.500
882.674	1186.500
882.883	1196.500
883.091	1151.500
883.300	1127.500
883.509	1181.500
883.717	1222.500
883.926	1140.500
884.134	1083.500
884.343	1139.500
884.552	1182.500
884.760	1144.500
884.969	1168.500
885.178	1192.500
885.386	1098.500
885.595	1069.500
885.804	1080.500
886.012	1116.500
886.221	1121.500
886.429	1111.500
886.638	1115.500
886.847	1118.500
887.055	1147.500
887.264	1148.500
887.473	1136.500
887.681	1071.500
887.890	1048.500
888.099	1038.500
888.307	1026.500
888.516	1013.500
888.724	1083.500
888.933	1073.500
889.142	1059.500
889.350	1068.500
889.559	1061.500
889.768	1054.500
889.976	1065.500
890.185	1039.500
890.393	1066.500
890.602	1078.500
890.811	1006.500
891.019	1010.500
891.228	1060.500
891.437	1045.500
891.645	993.500
891.854	969.500
892.063	978.500
892.271	965.500
892.480	959.500
892.688	943.500
892.897	950.500
893.106	967.500
893.314	960.500
893.523	961.500
893.732	954.500
893.940	891.500
894.149	861.500
894.358	874.500
894.566	875.500
894.775	878.500
894.983	867.500
895.192	847.500
895.401	852.500
895.609	791.500
895.818	797.500
896.027	790.500
896.235	776.500
896.444	784.500
896.652	809.500
896.861	817.500
897.070	830.500
897.278	767.500
897.487	708.500
897.696	721.500
897.904	706.500
898.113	687.500
898.322	701.500
898.530	678.500
898.739	739.500
898.947	753.500
899.156	754.500
899.365	773.500
899.573	698.500
899.782	658.500
899.991	686.500
900.199	657.500
900.408	663.500
900.617	654.500
900.825	687.500
901.034	714.500
901.242	672.500
901.451	714.500
901.660	697.500
901.868	692.500
902.077	709.500
902.286	675.500
902.494	749.500
902.703	768.500
902.911	745.500
903.120	730.500
903.329	755.500
903.537	773.500
903.746	741.500
903.955	770.500
904.163	781.500
904.372	794.500
904.581	796.500
904.789	774.500
904.998	787.500
905.206	817.500
905.415	779.500
905.624	779.500
905.832	758.500
906.041	733.500
906.250	699.500
906.458	672.500
906.667	670.500
906.876	704.500
907.084	710.500
907.293	666.500
907.501	683.500
907.710	708.500
907.919	659.500
908.127	646.500
908.336	630.500
908.545	630.500
908.753	645.500
908.962	631.500
909.170	609.500
909.379	631.500
909.588	631.500
909.796	617.500
910.005	647.500
910.214	670.500
910.422	653.500
910.631	635.500
910.840	638.500
911.048	610.500
911.257	622.500
911.465	666.500
911.674	666.500
911.883	630.500
912.091	609.500
912.300	614.500
912.508	561.500
912.716	540.500
912.924	609.500
913.132	639.500
913.340	645.500
913.549	634.500
913.757	592.500
913.965	588.500
914.173	567.500
914.381	556.500
914.589	565.500
914.797	574.500
915.005	573.500
915.213	567.500
915.421	583.500
915.629	609.500
915.838	613.500
916.046	603.500
916.254	594.500
916.462	585.500
916.670	534.500
916.878	522.500
917.086	552.500
917.294	559.500
917.502	547.500
917.710	565.500
917.919	575.500
918.127	563.500
918.335	548.500
918.543	580.500
918.751	610.500
918.959	634.500
919.167	653.500
919.375	621.500
919.583	624.500
919.791	609.500
919.999	573.500
920.208	567.500
920.416	567.500
920.624	571.500
920.832	554.500
921.040	595.500
921.248	622.500
921.456	628.500
921.664	612.500
921.872	606.500
922.080	544.500
922.288	545.500
922.497	556.500
922.705	519.500
922.913	514.500
923.121	495.500
923.329	529.500
923.537	555.500
923.745	555.500
923.953	535.500
924.161	521.500
924.369	524.500
924.578	502.500
924.786	495.500
924.994	522.500
925.202	511.500
925.410	522.500
925.618	529.500
925.826	526.500
926.034	490.500
926.242	490.500
926.450	534.500
926.658	510.500
926.867	518.500
927.075	482.500
927.283	463.500
927.491	457.500
927.699	470.500
927.907	510.500
928.115	446.500
928.323	363.500
928.531	362.500
928.739	367.500
928.947	423.500
929.156	383.500
929.364	317.500
929.572	342.500
929.780	332.500
929.988	332.500
930.196	335.500
930.404	287.500
930.612	247.500
930.820	259.500
931.028	274.500
931.236	277.500
931.445	241.500
931.653	242.500
931.861	249.500
932.069	227.500
932.277	226.500
932.485	193.500
932.693	173.500
932.901	232.500
933.109	216.500
933.317	201.500
933.526	210.500
933.734	194.500
933.942	184.500
934.150	199.500
934.358	186.500
934.566	133.500
934.774	114.500
934.982	205.500
935.190	204.500
935.398	196.500
935.606	158.500
935.815	133.500
936.023	168.500
936.231	151.500
936.439	103.500
936.647	131.500
936.855	110.500
937.063	147.500
937.271	214.500
937.479	193.500
937.687	211.500
937.895	227.500
938.104	194.500
938.312	156.500
938.520	174.500
938.728	181.500
938.936	179.500
939.144	212.500
939.352	215.500
939.560	226.500
939.768	219.500
939.976	244.500
940.185	241.500
940.393	217.500
940.601	209.500
940.809	207.500
941.017	189.500
941.225	175.500
941.433	167.500
941.641	199.500
941.849	197.500
942.057	149.500
942.265	150.500
942.474	179.500
942.682	162.500
942.890	155.500
943.098	167.500
943.306	177.500
943.514	197.500
943.722	170.500
943.930	176.500
944.138	151.500
944.346	138.500
944.554	175.500
944.763	132.500
944.971	112.500
945.179	160.500
945.387	175.500
945.595	190.500
945.803	144.500
946.011	129.500
946.219	158.500
946.427	158.500
946.635	154.500
946.843	110.500
947.052	146.500
947.260	172.500
947.468	178.500
947.676	188.500
947.884	189.500
948.092	175.500
948.300	140.500
948.508	154.500
948.716	156.500
948.924	136.500
949.133	146.500
949.341	164.500
949.549	193.500
949.757	167.500
949.965	150.500
950.173	169.500
950.381	153.500
950.589	84.500
950.797	110.500
951.005	158.500
951.213	160.500
951.422	184.500
951.630	215.500
951.838	172.500
952.046	158.500
952.254	155.500
952.462	150.500
952.670	151.500
952.878	147.500
953.086	153.500
953.294	156.500
953.502	164.500
953.711	135.500
953.919	130.500
954.127	153.500
954.335	120.500
954.543	137.500
954.751	177.500
954.959	126.500
955.167	120.500
955.375	150.500
955.583	152.500
955.792	163.500
956.000	204.500
956.208	215.500
956.416	158.500
956.624	164.500
956.832	184.500
957.040	147.500
957.248	187.500
957.456	218.500
957.664	197.500
957.872	174.500
958.081	194.500
958.289	138.500
958.497	129.500
958.705	152.500
958.913	164.500
959.121	199.500
959.329	164.500
959.537	144.500
959.745	174.500
959.953	228.500
960.161	196.500
960.370	137.500
960.578	178.500
960.786	159.500
960.994	171.500
961.202	192.500
961.410	183.500
961.618	185.500
961.826	183.500
962.034	176.500
962.242	126.500
962.451	145.500
962.659	178.500
962.867	180.500
963.075	197.500
963.283	172.500
963.491	148.500
963.699	146.500
963.907	165.500
964.115	159.500
964.323	159.500
964.531	162.500
964.740	188.500
964.948	182.500
965.156	194.500
965.364	185.500
965.572	180.500
965.780	164.500
965.999	161.500
966.218	173.500
966.438	196.500
966.657	199.500
966.876	194.500
967.095	174.500
967.315	200.500
967.534	217.500
967.753	199.500
967.972	186.500
968.192	218.500
968.411	242.500
968.630	204.500
968.849	154.500
969.068	187.500
969.288	189.500
969.507	194.500
969.726	249.500
969.945	239.500
970.165	229.500
970.384	237.500
970.603	217.500
970.822	229.500
971.042	163.500
971.261	156.500
971.480	210.500
971.699	182.500
971.919	177.500
972.138	221.500
972.357	225.500
972.576	193.500
972.795	178.500
973.015	161.500
973.234	142.500
973.453	132.500
973.672	166.500
973.892	182.500
974.111	140.500
974.330	134.500
974.549	157.500
974.769	147.500
974.988	174.500
975.207	140.500
975.426	103.500
975.646	135.500
975.865	175.500
976.084	146.500
976.303	147.500
976.522	145.500
976.742	149.500
976.961	149.500
977.180	150.500
977.399	148.500
977.619	164.500
977.838	197.500
978.057	196.500
978.276	181.500
978.496	186.500
978.715	140.500
978.934	185.500
979.153	181.500
979.372	138.500
979.592	165.500
979.811	174.500
980.030	176.500
980.249	143.500
980.469	174.500
980.688	138.500
980.907	126.500
981.126	148.500
981.346	143.500
981.565	170.500
981.784	115.500
982.003	120.500
982.223	177.500
982.442	174.500
982.661	166.500
982.880	209.500
983.099	193.500
983.319	173.500
983.538	146.500
983.757	152.500
983.976	173.500
984.196	159.500
984.415	175.500
984.634	180.500
984.853	161.500
985.073	168.500
985.292	147.500
985.511	118.500
985.730	156.500
985.949	165.500
986.169	159.500
986.388	202.500
986.607	150.500
986.826	183.500
987.046	176.500
987.265	152.500
987.484	160.500
987.703	111.500
987.923	110.500
988.142	135.500
988.361	116.500
988.580	153.500
988.800	157.500
989.019	152.500
989.238	119.500
989.457	129.500
989.676	153.500
989.896	139.500
990.115	166.500
990.334	160.500
990.553	121.500
990.773	114.500
990.992	111.500
991.211	134.500
991.430	158.500
991.650	171.500
991.869	146.500
992.088	124.500
992.307	132.500
992.527	121.500
992.746	114.500
992.965	154.500
993.184	150.500
993.403	143.500
993.623	164.500
993.842	165.500
994.061	156.500
994.280	165.500
994.500	146.500
994.719	114.500
994.938	162.500
995.157	167.500
995.377	118.500
995.596	118.500
995.815	144.500
996.034	131.500
996.253	119.500
996.473	139.500
996.692	124.500
996.911	99.500
997.130	113.500
997.350	139.500
997.569	175.500
997.788	141.500
998.007	114.500
998.227	135.500
998.446	106.500
998.665	113.500
998.884	104.500
999.104	86.500
999.323	124.500
999.542	134.500
999.761	115.500
999.980	107.500
1000.200	121.500
1000.419	115.500
1000.638	74.500
1000.857	78.500
1001.077	121.500
1001.296	167.500
1001.515	143.500
1001.734	111.500
1001.954	93.500
1002.173	132.500
1002.392	118.500
1002.611	85.500
1002.830	120.500
1003.050	134.500
1003.269	108.500
1003.488	76.500
1003.707	89.500
1003.927	79.500
1004.146	98.500
1004.365	89.500
1004.584	82.500
1004.804	136.500
1005.023	116.500
1005.242	94.500
1005.461	129.500
1005.681	88.500
1005.900	98.500
1006.119	87.500
1006.338	78.500
1006.557	121.500
1006.777	113.500
1006.996	110.500
1007.215	95.500
1007.434	87.500
1007.654	59.500
1007.873	46.500
1008.092	100.500
1008.311	112.500
1008.531	99.500
1008.750	83.500
1008.969	84.500
1009.188	94.500
1009.407	85.500
1009.627	71.500
1009.846	75.500
1010.065	131.500
1010.284	113.500
1010.504	45.500
1010.723	60.500
1010.942	92.500
1011.161	104.500
1011.381	73.500
1011.600	73.500
1011.819	93.500
1012.038	97.500
1012.258	113.500
1012.477	102.500
1012.696	135.500
1012.915	109.500
1013.134	87.500
1013.354	77.500
1013.573	71.500
1013.792	72.500
1014.011	72.500
1014.231	65.500
1014.450	109.500
1014.669	114.500
1014.888	78.500
1015.108	60.500
1015.327	64.500
1015.546	53.500
1015.765	81.500
1015.984	60.500
1016.204	124.500
1016.423	152.500
1016.642	119.500
1016.861	126.500
1017.081	121.500
1017.300	98.500
1017.519	98.500
