296.912	-47.500
297.101	4.500
297.290	-7.500
297.479	31.500
297.668	14.500
297.858	-25.500
298.047	47.500
298.236	17.500
298.425	19.500
298.614	17.500
298.803	31.500
298.992	43.500
299.181	1.500
299.370	-3.500
299.559	25.500
299.748	22.500
299.937	15.500
300.126	19.500
300.315	39.500
300.504	-2.500
300.693	-5.500
300.882	6.500
301.071	9.500
301.260	-30.500
301.449	-40.500
301.638	0.500
301.827	54.500
302.016	62.500
302.205	44.500
302.395	29.500
302.584	45.500
302.773	11.500
302.962	30.500
303.151	-9.500
303.340	1.500
303.529	28.500
303.718	0.500
303.907	7.500
304.096	36.500
304.285	6.500
304.474	-15.500
304.663	25.500
304.852	39.500
305.041	32.500
305.230	-13.500
305.419	26.500
305.608	55.500
305.797	13.500
305.986	-17.500
306.175	5.500
306.364	40.500
306.553	-22.500
306.743	7.500
306.932	55.500
307.121	1.500
307.310	66.500
307.499	25.500
307.688	-18.500
307.877	55.500
308.066	-43.500
308.255	-67.500
308.444	5.500
308.633	40.500
308.822	-1.500
309.011	-31.500
309.200	-17.500
309.389	44.500
309.578	25.500
309.767	22.500
309.956	74.500
310.145	42.500
310.334	4.500
310.523	8.500
310.712	-17.500
310.901	-16.500
311.091	-64.500
311.280	36.500
311.469	10.500
311.658	44.500
311.847	-8.500
312.036	-61.500
312.225	15.500
312.414	-3.500
312.603	-4.500
312.792	28.500
312.981	7.500
313.170	95.500
313.349	-16.500
313.527	5.500
313.706	61.500
313.884	-21.500
314.063	-28.500
314.241	-7.500
314.420	-0.500
314.598	21.500
314.777	-2.500
314.955	51.500
315.134	78.500
315.312	71.500
315.491	61.500
315.669	5.500
315.848	18.500
316.027	-67.500
316.205	24.500
316.384	37.500
316.562	-12.500
316.741	22.500
316.919	46.500
317.098	4.500
317.276	-17.500
317.455	-22.500
317.633	9.500
317.812	-14.500
317.990	33.500
318.169	10.500
318.347	54.500
318.526	86.500
318.705	9.500
318.883	49.500
319.062	16.500
319.240	-22.500
319.419	-84.500
319.597	7.500
319.776	54.500
319.954	31.500
320.133	-1.500
320.311	18.500
320.490	15.500
320.668	61.500
320.847	30.500
321.025	5.500
321.204	-21.500
321.382	-31.500
321.561	3.500
321.740	44.500
321.918	45.500
322.097	44.500
322.275	-26.500
322.454	86.500
322.632	26.500
322.811	49.500
322.989	-2.500
323.168	3.500
323.346	47.500
323.525	29.500
323.703	-1.500
323.882	-7.500
324.060	-4.500
324.239	52.500
324.418	26.500
324.596	14.500
324.775	41.500
324.953	24.500
325.132	49.500
325.310	17.500
325.489	37.500
325.667	45.500
325.846	42.500
326.024	-27.500
326.203	25.500
326.381	21.500
326.560	38.500
326.738	60.500
326.917	17.500
327.096	5.500
327.274	27.500
327.453	71.500
327.631	-21.500
327.810	-3.500
327.988	8.500
328.167	-11.500
328.345	-15.500
328.524	35.500
328.702	25.500
328.881	50.500
329.059	57.500
329.238	26.500
329.416	75.500
329.595	-30.500
329.774	-37.500
329.952	-9.500
330.131	-4.500
330.309	12.500
330.488	24.500
330.666	1.500
330.845	30.500
331.023	26.500
331.202	17.500
331.380	-28.500
331.559	-44.500
331.737	12.500
331.916	-19.500
332.094	1.500
332.273	67.500
332.452	-36.500
332.630	3.500
332.809	38.500
332.987	40.500
333.166	63.500
333.344	-4.500
333.523	56.500
333.701	68.500
333.880	5.500
334.058	32.500
334.237	40.500
334.415	68.500
334.594	22.500
334.772	21.500
334.951	13.500
335.129	31.500
335.308	53.500
335.487	-10.500
335.665	53.500
335.844	10.500
336.022	62.500
336.201	77.500
336.379	25.500
336.558	9.500
336.736	23.500
336.915	-0.500
337.093	2.500
337.272	51.500
337.450	52.500
337.629	22.500
337.807	17.500
337.986	-50.500
338.165	2.500
338.343	-6.500
338.522	-10.500
338.700	-22.500
338.879	44.500
339.057	-13.500
339.236	23.500
339.414	-6.500
339.593	-25.500
339.771	37.500
339.950	38.500
340.128	30.500
340.307	15.500
340.485	52.500
340.664	29.500
340.843	-1.500
341.021	55.500
341.200	15.500
341.378	8.500
341.557	13.500
341.735	7.500
341.914	19.500
342.092	-5.500
342.271	81.500
342.449	53.500
342.628	-4.500
342.806	-51.500
342.985	60.500
343.163	54.500
343.342	50.500
343.521	20.500
343.699	-2.500
343.878	-15.500
344.056	44.500
344.235	54.500
344.413	-12.500
344.592	21.500
344.770	38.500
344.949	38.500
345.127	49.500
345.306	41.500
345.484	1.500
345.663	67.500
345.841	56.500
346.020	-22.500
346.199	15.500
346.377	44.500
346.556	63.500
346.734	-0.500
346.913	10.500
347.091	20.500
347.270	8.500
347.448	32.500
347.627	41.500
347.805	-2.500
347.984	64.500
348.162	16.500
348.341	-10.500
348.519	25.500
348.698	-3.500
348.876	-48.500
349.055	-13.500
349.234	24.500
349.412	60.500
349.591	26.500
349.769	-25.500
349.948	74.500
350.126	95.500
350.305	13.500
350.483	40.500
350.662	19.500
350.840	-0.500
351.019	66.500
351.197	66.500
351.376	62.500
351.554	3.500
351.733	33.500
351.912	-29.500
352.090	9.500
352.269	41.500
352.447	69.500
352.626	46.500
352.804	26.500
352.983	29.500
353.161	21.500
353.340	27.500
353.518	25.500
353.697	-9.500
353.875	58.500
354.054	15.500
354.232	26.500
354.411	41.500
354.590	-6.500
354.768	58.500
354.947	69.500
355.125	48.500
355.304	63.500
355.482	23.500
355.661	44.500
355.839	24.500
356.018	-15.500
356.196	24.500
356.375	33.500
356.553	39.500
356.732	60.500
356.910	31.500
357.089	38.500
357.268	-16.500
357.446	3.500
357.625	-12.500
357.803	13.500
357.982	55.500
358.160	48.500
358.339	46.500
358.517	76.500
358.696	68.500
358.874	-15.500
359.053	15.500
359.231	27.500
359.410	-5.500
359.588	100.500
359.767	-1.500
359.945	44.500
360.124	29.500
360.303	20.500
360.481	26.500
360.660	-0.500
360.838	32.500
361.017	0.500
361.195	33.500
361.374	61.500
361.552	-1.500
361.731	7.500
361.909	75.500
362.088	72.500
362.266	64.500
362.445	46.500
362.623	72.500
362.802	42.500
362.981	17.500
363.159	121.500
363.338	110.500
363.516	69.500
363.695	18.500
363.873	6.500
364.052	39.500
364.230	24.500
364.409	27.500
364.587	12.500
364.766	66.500
364.944	6.500
365.123	47.500
365.301	-11.500
365.480	60.500
365.660	22.500
365.839	65.500
366.019	11.500
366.199	13.500
366.379	-24.500
366.558	21.500
366.738	-22.500
366.918	82.500
367.098	-3.500
367.277	12.500
367.457	12.500
367.637	-7.500
367.816	18.500
367.996	18.500
368.176	9.500
368.356	63.500
368.535	43.500
368.715	29.500
368.895	96.500
369.075	78.500
369.254	5.500
369.434	82.500
369.614	71.500
369.793	38.500
369.973	36.500
370.153	70.500
370.333	101.500
370.512	10.500
370.692	69.500
370.872	37.500
371.051	29.500
371.231	64.500
371.411	68.500
371.591	39.500
371.770	68.500
371.950	130.500
372.130	105.500
372.310	-12.500
372.489	26.500
372.669	43.500
372.849	10.500
373.028	37.500
373.208	76.500
373.388	21.500
373.568	67.500
373.747	33.500
373.927	25.500
374.107	7.500
374.287	17.500
374.466	77.500
374.646	48.500
374.826	2.500
375.005	104.500
375.185	63.500
375.365	76.500
375.545	49.500
375.724	57.500
375.904	94.500
376.084	65.500
376.263	44.500
376.443	17.500
376.623	33.500
376.803	14.500
376.982	83.500
377.162	58.500
377.342	19.500
377.522	40.500
377.701	93.500
377.881	9.500
378.061	51.500
378.240	61.500
378.420	68.500
378.600	4.500
378.780	34.500
378.959	69.500
379.139	41.500
379.319	43.500
379.499	36.500
379.678	36.500
379.858	53.500
380.038	8.500
380.217	1.500
380.397	99.500
380.577	26.500
380.757	39.500
380.936	62.500
381.116	74.500
381.296	-7.500
381.476	41.500
381.655	60.500
381.835	51.500
382.015	53.500
382.194	82.500
382.374	54.500
382.554	92.500
382.734	32.500
382.913	41.500
383.093	73.500
383.273	55.500
383.452	62.500
383.632	78.500
383.812	113.500
383.992	62.500
384.171	49.500
384.351	66.500
384.531	93.500
384.711	45.500
384.890	24.500
385.070	-8.500
385.250	64.500
385.429	58.500
385.609	37.500
385.789	50.500
385.969	77.500
386.148	66.500
386.328	32.500
386.508	82.500
386.688	50.500
386.867	65.500
387.047	-0.500
387.227	10.500
387.406	62.500
387.586	53.500
387.766	120.500
387.946	46.500
388.125	18.500
388.305	20.500
388.485	80.500
388.664	15.500
388.844	25.500
389.024	71.500
389.204	52.500
389.383	55.500
389.563	48.500
389.743	10.500
389.923	15.500
390.102	70.500
390.282	69.500
390.462	56.500
390.641	-8.500
390.821	73.500
391.001	8.500
391.181	53.500
391.360	65.500
391.540	75.500
391.720	60.500
391.900	39.500
392.079	15.500
392.259	-10.500
392.439	28.500
392.618	37.500
392.798	-1.500
392.978	17.500
393.158	51.500
393.337	16.500
393.517	42.500
393.697	12.500
393.877	52.500
394.056	62.500
394.236	17.500
394.416	79.500
394.595	77.500
394.775	-0.500
394.955	58.500
395.135	72.500
395.314	58.500
395.494	62.500
395.674	58.500
395.853	39.500
396.033	54.500
396.213	77.500
396.393	69.500
396.572	87.500
396.752	84.500
396.932	94.500
397.112	72.500
397.291	61.500
397.471	63.500
397.651	84.500
397.830	51.500
398.010	86.500
398.190	143.500
398.370	85.500
398.549	36.500
398.729	51.500
398.909	75.500
399.089	68.500
399.268	22.500
399.448	48.500
399.628	94.500
399.807	65.500
399.987	95.500
400.167	99.500
400.347	125.500
400.526	89.500
400.706	59.500
400.886	98.500
401.065	41.500
401.245	77.500
401.425	81.500
401.605	61.500
401.784	30.500
401.964	68.500
402.144	101.500
402.324	70.500
402.503	26.500
402.683	24.500
402.863	53.500
403.042	75.500
403.222	129.500
403.402	116.500
403.582	110.500
403.761	89.500
403.941	77.500
404.121	97.500
404.301	139.500
404.480	106.500
404.660	99.500
404.844	58.500
405.029	103.500
405.213	108.500
405.398	89.500
405.582	39.500
405.767	47.500
405.951	44.500
406.136	13.500
406.320	75.500
406.505	67.500
406.689	114.500
406.874	79.500
407.058	81.500
407.243	72.500
407.427	81.500
407.612	40.500
407.796	53.500
407.981	57.500
408.165	42.500
408.350	46.500
408.534	69.500
408.719	147.500
408.903	105.500
409.088	96.500
409.272	88.500
409.457	54.500
409.641	31.500
409.826	31.500
410.010	49.500
410.195	98.500
410.379	104.500
410.564	67.500
410.748	107.500
410.933	85.500
411.117	57.500
411.302	62.500
411.486	70.500
411.671	129.500
411.855	51.500
412.040	79.500
412.224	84.500
412.409	74.500
412.593	66.500
412.778	124.500
412.962	66.500
413.147	65.500
413.331	139.500
413.516	113.500
413.700	112.500
413.885	85.500
414.069	114.500
414.254	98.500
414.438	86.500
414.623	66.500
414.807	85.500
414.992	94.500
415.176	122.500
415.361	67.500
415.545	88.500
415.730	196.500
415.914	124.500
416.099	146.500
416.283	113.500
416.468	129.500
416.652	141.500
416.837	107.500
417.021	182.500
417.206	163.500
417.390	177.500
417.575	148.500
417.759	136.500
417.944	190.500
418.128	244.500
418.313	238.500
418.497	190.500
418.682	232.500
418.866	248.500
419.051	306.500
419.235	294.500
419.420	306.500
419.604	302.500
419.789	312.500
419.973	331.500
420.158	353.500
420.342	331.500
420.527	318.500
420.711	347.500
420.896	341.500
421.080	358.500
421.265	434.500
421.449	382.500
421.634	391.500
421.818	422.500
422.003	363.500
422.187	447.500
422.372	492.500
422.556	464.500
422.741	581.500
422.925	602.500
423.110	585.500
423.294	539.500
423.479	598.500
423.663	579.500
423.848	614.500
424.032	653.500
424.217	700.500
424.401	746.500
424.586	757.500
424.770	789.500
424.955	828.500
425.139	839.500
425.324	795.500
425.508	838.500
425.693	839.500
425.877	929.500
426.062	943.500
426.246	1044.500
426.431	997.500
426.615	1095.500
426.800	1081.500
426.984	1140.500
427.169	1109.500
427.353	1146.500
427.538	1264.500
427.722	1148.500
427.907	1210.500
428.091	1345.500
428.276	1262.500
428.460	1369.500
428.645	1384.500
428.829	1382.500
429.014	1465.500
429.198	1574.500
429.383	1519.500
429.567	1629.500
429.752	1648.500
429.936	1713.500
430.121	1766.500
430.305	1889.500
430.490	1791.500
430.674	1856.500
430.859	1877.500
431.043	1953.500
431.228	1976.500
431.412	2143.500
431.597	2117.500
431.781	2121.500
431.966	2291.500
432.150	2304.500
432.335	2331.500
432.519	2369.500
432.704	2397.500
432.888	2439.500
433.073	2543.500
433.257	2517.500
433.442	2690.500
433.626	2743.500
433.811	2676.500
433.995	2767.500
434.180	2904.500
434.364	2882.500
434.549	3069.500
434.733	3071.500
434.918	3144.500
435.102	3231.500
435.287	3294.500
435.471	3312.500
435.656	3439.500
435.840	3529.500
436.030	3594.500
436.219	3631.500
436.409	3598.500
436.599	3709.500
436.789	3840.500
436.978	3969.500
437.168	4087.500
437.358	4216.500
437.548	4307.500
437.737	4359.500
437.927	4445.500
438.117	4420.500
438.306	4633.500
438.496	4625.500
438.686	4682.500
438.876	4904.500
439.065	5017.500
439.255	5022.500
439.445	5310.500
439.634	5503.500
439.824	5521.500
440.014	5597.500
440.204	5782.500
440.393	5976.500
440.583	6083.500
440.773	6212.500
440.963	6321.500
441.152	6583.500
441.342	6849.500
441.532	7068.500
441.721	7093.500
441.911	7375.500
442.101	7447.500
442.291	7780.500
442.480	8006.500
442.670	8180.500
442.860	8388.500
443.050	8720.500
443.239	8972.500
443.429	9197.500
443.619	9407.500
443.808	9612.500
443.998	9869.500
444.188	10319.500
444.378	10541.500
444.567	11019.500
444.757	11149.500
444.947	11491.500
445.137	11813.500
445.326	12020.500
445.516	12378.500
445.706	12719.500
445.895	13047.500
446.085	13270.500
446.275	13737.500
446.465	14068.500
446.654	14305.500
446.844	14702.500
447.034	15054.500
447.223	15340.500
447.413	15630.500
447.603	15850.500
447.793	16258.500
447.982	16646.500
448.172	16818.500
448.362	17294.500
448.552	17376.500
448.741	17683.500
448.931	17833.500
449.121	18192.500
449.310	18382.500
449.500	18655.500
449.690	18836.500
449.880	19148.500
450.069	19132.500
450.259	19431.500
450.449	19437.500
450.639	19377.500
450.828	19767.500
451.018	19913.500
451.208	19688.500
451.397	19835.500
451.587	19740.500
451.777	19845.500
451.967	19731.500
452.156	19703.500
452.346	19499.500
452.536	19529.500
452.725	19554.500
452.915	19159.500
453.105	19048.500
453.295	18733.500
453.484	18583.500
453.674	18237.500
453.864	18149.500
454.054	17747.500
454.243	17492.500
454.433	17135.500
454.623	16974.500
454.812	16690.500
455.002	16407.500
455.192	15849.500
455.382	15601.500
455.571	15318.500
455.761	15072.500
455.951	14683.500
456.141	14274.500
456.330	14032.500
456.520	13677.500
456.710	13271.500
456.899	12876.500
457.089	12747.500
457.279	12312.500
457.469	12044.500
457.658	11726.500
457.848	11496.500
458.038	11327.500
458.228	11114.500
458.417	10939.500
458.607	10413.500
458.797	10119.500
458.986	9973.500
459.176	9831.500
459.366	9496.500
459.556	9401.500
459.745	9142.500
459.935	8878.500
460.125	8677.500
460.314	8709.500
460.504	8562.500
460.694	8228.500
460.884	8011.500
461.073	8078.500
461.263	8078.500
461.453	7738.500
461.643	7585.500
461.832	7463.500
462.022	7438.500
462.212	7298.500
462.401	7267.500
462.591	7222.500
462.781	7140.500
462.971	6879.500
463.160	6878.500
463.350	6851.500
463.540	6687.500
463.730	6718.500
463.919	6550.500
464.109	6492.500
464.299	6470.500
464.488	6477.500
464.678	6367.500
464.868	6219.500
465.058	6340.500
465.247	6135.500
465.437	6217.500
465.627	6118.500
465.816	6083.500
466.006	5943.500
466.196	5870.500
466.386	5724.500
466.575	5839.500
466.765	5889.500
466.955	5813.500
467.145	5642.500
467.334	5630.500
467.524	5537.500
467.714	5414.500
467.903	5404.500
468.093	5381.500
468.283	5374.500
468.473	5219.500
468.662	5156.500
468.852	5094.500
469.042	5108.500
469.232	4908.500
469.421	4828.500
469.611	4639.500
469.801	4629.500
469.990	4678.500
470.180	4571.500
470.370	4447.500
470.560	4368.500
470.749	4331.500
470.939	4117.500
471.129	4219.500
471.318	4121.500
471.508	4057.500
471.698	3960.500
471.888	3790.500
472.077	3876.500
472.267	3886.500
472.457	3779.500
472.647	3638.500
472.836	3500.500
473.026	3429.500
473.216	3429.500
473.405	3307.500
473.595	3276.500
473.785	3312.500
473.975	3098.500
474.164	3134.500
474.354	3091.500
474.544	3026.500
474.734	3052.500
474.923	2906.500
475.113	2825.500
475.303	2732.500
475.492	2622.500
475.682	2703.500
475.872	2683.500
476.062	2601.500
476.251	2717.500
476.441	2557.500
476.631	2540.500
476.821	2517.500
477.010	2492.500
477.200	2446.500
477.390	2389.500
477.579	2338.500
477.769	2360.500
477.959	2325.500
478.149	2392.500
478.338	2279.500
478.528	2178.500
478.718	2234.500
478.907	2240.500
479.097	2268.500
479.287	2206.500
479.477	2206.500
479.666	2140.500
479.856	2189.500
480.046	2247.500
480.236	2106.500
480.425	2051.500
480.615	2082.500
480.805	2044.500
480.994	2037.500
481.184	2012.500
481.374	2054.500
481.564	2063.500
481.753	2046.500
481.943	2129.500
482.133	2024.500
482.323	2099.500
482.512	2045.500
482.702	2026.500
482.892	2029.500
483.081	2001.500
483.271	2029.500
483.461	2104.500
483.651	1908.500
483.840	1935.500
484.030	1873.500
484.220	1839.500
484.409	1850.500
484.599	1913.500
484.789	1991.500
484.979	1886.500
485.168	1942.500
485.358	1916.500
485.548	1969.500
485.738	2011.500
485.927	1840.500
486.117	1905.500
486.307	1901.500
486.496	1889.500
486.686	1886.500
486.876	1901.500
487.066	1880.500
487.255	1871.500
487.445	1753.500
487.635	1849.500
487.825	1820.500
488.014	1875.500
488.204	1858.500
488.394	1991.500
488.583	1876.500
488.773	1916.500
488.963	1903.500
489.153	1872.500
489.342	1942.500
489.532	1930.500
489.722	1950.500
489.912	1934.500
490.101	1883.500
490.291	1893.500
490.481	1917.500
490.670	1923.500
490.860	1877.500
491.050	1961.500
491.240	1982.500
491.429	1990.500
491.619	1922.500
491.809	2006.500
491.998	1973.500
492.188	2110.500
492.378	2073.500
492.568	2118.500
492.757	2138.500
492.947	2097.500
493.137	2125.500
493.327	2127.500
493.516	2058.500
493.706	2216.500
493.896	2237.500
494.085	2303.500
494.275	2263.500
494.465	2223.500
494.655	2424.500
494.844	2388.500
495.034	2431.500
495.224	2392.500
495.414	2464.500
495.603	2515.500
495.793	2545.500
495.983	2498.500
496.172	2649.500
496.362	2692.500
496.552	2691.500
496.742	2732.500
496.931	2632.500
497.121	2856.500
497.311	2782.500
497.500	2811.500
497.690	2985.500
497.880	2887.500
498.070	2927.500
498.259	2998.500
498.449	3026.500
498.639	3076.500
498.829	3019.500
499.018	3077.500
499.208	3124.500
499.398	3247.500
499.587	3325.500
499.777	3260.500
499.967	3323.500
500.157	3436.500
500.346	3540.500
500.536	3546.500
500.726	3586.500
500.916	3641.500
501.105	3612.500
501.295	3687.500
501.485	3746.500
501.674	3780.500
501.864	3829.500
502.054	3887.500
502.244	3911.500
502.433	4020.500
502.623	4120.500
502.813	4066.500
503.003	4106.500
503.192	4143.500
503.382	4373.500
503.572	4406.500
503.761	4425.500
503.951	4446.500
504.141	4497.500
504.331	4628.500
504.520	4652.500
504.710	4792.500
504.900	4810.500
505.089	4820.500
505.279	4815.500
505.469	4837.500
505.659	4919.500
505.848	4931.500
506.038	4961.500
506.228	5063.500
506.418	5090.500
506.607	5246.500
506.797	5282.500
506.987	5268.500
507.176	5329.500
507.366	5462.500
507.556	5350.500
507.746	5452.500
507.935	5440.500
508.125	5685.500
508.315	5679.500
508.505	5826.500
508.694	5738.500
508.884	5820.500
509.074	5942.500
509.263	6030.500
509.453	6053.500
509.643	6127.500
509.833	6046.500
510.022	6169.500
510.212	6084.500
510.402	6164.500
510.592	6209.500
510.781	6211.500
510.971	6346.500
511.161	6389.500
511.350	6563.500
511.540	6478.500
511.730	6530.500
511.920	6585.500
512.109	6688.500
512.299	6656.500
512.489	6817.500
512.678	6717.500
512.868	6834.500
513.058	6903.500
513.248	6897.500
513.437	6880.500
513.627	6983.500
513.817	6983.500
514.007	7114.500
514.196	7118.500
514.386	7246.500
514.576	7241.500
514.765	7275.500
514.955	7374.500
515.145	7275.500
515.335	7283.500
515.524	7330.500
515.714	7428.500
515.904	7404.500
516.094	7477.500
516.283	7521.500
516.473	7724.500
516.663	7810.500
516.852	7720.500
517.042	7703.500
517.232	7764.500
517.422	7829.500
517.611	7900.500
517.801	7890.500
517.991	7946.500
518.180	7924.500
518.370	8077.500
518.560	8087.500
518.750	8074.500
518.939	8165.500
519.129	8048.500
519.319	8236.500
519.509	8139.500
519.698	8151.500
519.888	8223.500
520.078	8407.500
520.267	8361.500
520.457	8405.500
520.647	8268.500
520.837	8495.500
521.026	8494.500
521.216	8508.500
521.406	8605.500
521.596	8558.500
521.785	8551.500
521.975	8756.500
522.165	8812.500
522.354	8640.500
522.544	8654.500
522.734	8770.500
522.924	8732.500
523.113	8943.500
523.303	8882.500
523.493	8977.500
523.683	8910.500
523.872	8893.500
524.062	9020.500
524.252	9056.500
524.441	9089.500
524.631	9207.500
524.821	9150.500
525.011	9153.500
525.200	9223.500
525.390	9138.500
525.580	9141.500
525.769	9270.500
525.959	9276.500
526.149	9451.500
526.339	9432.500
526.528	9452.500
526.718	9431.500
526.908	9396.500
527.098	9328.500
527.287	9441.500
527.477	9583.500
527.667	9526.500
527.856	9574.500
528.046	9475.500
528.236	9566.500
528.426	9495.500
528.615	9674.500
528.805	9543.500
528.995	9658.500
529.185	9662.500
529.374	9606.500
529.564	9529.500
529.754	9758.500
529.943	9857.500
530.133	9838.500
530.323	9727.500
530.513	9613.500
530.702	9664.500
530.892	9732.500
531.082	9710.500
531.271	9566.500
531.461	9590.500
531.651	9569.500
531.841	9667.500
532.030	9585.500
532.220	9629.500
532.410	9705.500
532.600	9567.500
532.789	9564.500
532.979	9769.500
533.169	9472.500
533.358	9591.500
533.548	9658.500
533.738	9578.500
533.928	9508.500
534.117	9501.500
534.307	9357.500
534.497	9406.500
534.687	9391.500
534.876	9457.500
535.066	9650.500
535.256	9604.500
535.445	9458.500
535.635	9345.500
535.825	9437.500
536.015	9372.500
536.204	9397.500
536.394	9329.500
536.584	9351.500
536.773	9525.500
536.963	9263.500
537.153	9351.500
537.343	9370.500
537.532	9541.500
537.722	9427.500
537.912	9428.500
538.102	9423.500
538.291	9290.500
538.481	9288.500
538.671	9368.500
538.860	9557.500
539.050	9397.500
539.240	9227.500
539.430	9385.500
539.619	9330.500
539.809	9492.500
539.999	9344.500
540.189	9288.500
540.378	9268.500
540.568	9283.500
540.758	9394.500
540.947	9394.500
541.137	9531.500
541.327	9350.500
541.517	9458.500
541.706	9312.500
541.896	9459.500
542.086	9449.500
542.276	9366.500
542.465	9202.500
542.655	9378.500
542.845	9326.500
543.034	9310.500
543.224	9429.500
543.414	9509.500
543.604	9394.500
543.793	9220.500
543.983	9168.500
544.173	9190.500
544.362	9444.500
544.552	9294.500
544.742	9206.500
544.932	9367.500
545.121	9264.500
545.311	9250.500
545.501	9314.500
545.691	9210.500
545.880	9288.500
546.070	9194.500
546.264	9104.500
546.459	9113.500
546.653	9213.500
546.847	9141.500
547.041	9335.500
547.236	9247.500
547.430	9272.500
547.624	9199.500
547.818	9218.500
548.013	9191.500
548.207	9072.500
548.401	9186.500
548.596	9224.500
548.790	9130.500
548.984	9033.500
549.178	9084.500
549.373	9088.500
549.567	9147.500
549.761	9057.500
549.956	9054.500
550.150	9124.500
550.344	9275.500
550.538	9120.500
550.733	9003.500
550.927	9028.500
551.121	9068.500
551.315	9059.500
551.510	8950.500
551.704	9025.500
551.898	8918.500
552.093	8960.500
552.287	9053.500
552.481	8981.500
552.675	9129.500
552.870	8949.500
553.064	9069.500
553.258	9232.500
553.453	9022.500
553.647	9019.500
553.841	8986.500
554.035	8925.500
554.230	8952.500
554.424	8921.500
554.618	8929.500
554.812	9035.500
555.007	8974.500
555.201	8974.500
555.395	8924.500
555.590	9081.500
555.784	8932.500
555.978	8919.500
556.172	8888.500
556.367	8840.500
556.561	9038.500
556.755	9111.500
556.949	8917.500
557.144	8958.500
557.338	8791.500
557.532	9054.500
557.727	8870.500
557.921	9002.500
558.115	8893.500
558.309	8985.500
558.504	8901.500
558.698	9074.500
558.892	8894.500
559.087	8802.500
559.281	8958.500
559.475	8917.500
559.669	8961.500
559.864	8897.500
560.058	8918.500
560.252	8885.500
560.446	8929.500
560.641	8811.500
560.835	8920.500
561.029	8899.500
561.224	8960.500
561.418	8787.500
561.612	8753.500
561.806	8878.500
562.001	8874.500
562.195	8886.500
562.389	9034.500
562.584	8876.500
562.778	8892.500
562.972	8735.500
563.166	8836.500
563.361	8861.500
563.555	8866.500
563.749	8838.500
563.943	8798.500
564.138	8787.500
564.332	8699.500
564.526	8868.500
564.721	8815.500
564.915	8890.500
565.109	8662.500
565.303	8775.500
565.498	8744.500
565.692	8890.500
565.886	8665.500
566.081	8916.500
566.275	8909.500
566.469	8858.500
566.663	8786.500
566.858	8663.500
567.052	8752.500
567.246	8668.500
567.440	8708.500
567.635	8693.500
567.829	8741.500
568.023	8696.500
568.218	8767.500
568.412	8727.500
568.606	8684.500
568.800	8672.500
568.995	8726.500
569.189	8680.500
569.383	8766.500
569.577	8557.500
569.772	8596.500
569.966	8488.500
570.160	8601.500
570.355	8593.500
570.549	8577.500
570.743	8647.500
570.937	8482.500
571.132	8559.500
571.326	8517.500
571.520	8307.500
571.715	8463.500
571.909	8414.500
572.103	8514.500
572.297	8595.500
572.492	8395.500
572.686	8357.500
572.880	8360.500
573.074	8331.500
573.269	8363.500
573.463	8413.500
573.657	8371.500
573.852	8268.500
574.046	8323.500
574.240	8299.500
574.434	8271.500
574.629	8260.500
574.823	8218.500
575.017	8336.500
575.212	8218.500
575.406	8234.500
575.600	8187.500
575.794	8007.500
575.989	8139.500
576.183	8106.500
576.377	8244.500
576.571	8047.500
576.766	8193.500
576.960	8135.500
577.159	8048.500
577.357	8025.500
577.556	8093.500
577.755	7937.500
577.953	8017.500
578.152	8025.500
578.350	7907.500
578.549	7861.500
578.748	7861.500
578.946	7720.500
579.145	7874.500
579.344	7815.500
579.542	7917.500
579.741	7784.500
579.940	7813.500
580.138	7878.500
580.337	7777.500
580.535	7922.500
580.734	7928.500
580.933	7943.500
581.131	7776.500
581.330	8003.500
581.529	7999.500
581.727	8028.500
581.926	8000.500
582.125	8007.500
582.323	8009.500
582.522	8114.500
582.721	8063.500
582.919	8110.500
583.118	8065.500
583.316	8086.500
583.515	8076.500
583.714	8200.500
583.912	8116.500
584.111	8171.500
584.310	8201.500
584.508	8129.500
584.707	8388.500
584.906	8257.500
585.104	8174.500
585.303	8226.500
585.501	8175.500
585.700	8209.500
585.899	8126.500
586.097	8162.500
586.296	8075.500
586.495	8154.500
586.693	8240.500
586.892	8095.500
587.091	8126.500
587.289	8124.500
587.488	7992.500
587.686	7987.500
587.885	8004.500
588.084	7980.500
588.282	7884.500
588.481	8027.500
588.680	7918.500
588.878	7916.500
589.077	8009.500
589.276	7923.500
589.474	7850.500
589.673	7765.500
589.871	7794.500
590.070	7782.500
590.269	7871.500
590.467	7826.500
590.666	7860.500
590.865	7803.500
591.063	7657.500
591.262	7720.500
591.461	7727.500
591.659	7601.500
591.858	7695.500
592.056	7562.500
592.255	7801.500
592.454	7672.500
592.652	7700.500
592.851	7515.500
593.050	7849.500
593.248	7603.500
593.447	7524.500
593.646	7560.500
593.844	7678.500
594.043	7655.500
594.241	7451.500
594.440	7490.500
594.639	7410.500
594.837	7562.500
595.036	7487.500
595.235	7485.500
595.433	7526.500
595.632	7344.500
595.831	7432.500
596.029	7292.500
596.228	7353.500
596.427	7365.500
596.625	7357.500
596.824	7365.500
597.022	7364.500
597.221	7228.500
597.420	7330.500
597.618	7150.500
597.817	7199.500
598.016	7121.500
598.214	7141.500
598.413	7152.500
598.612	7043.500
598.810	7044.500
599.009	7100.500
599.207	7250.500
599.406	7162.500
599.605	7005.500
599.803	7115.500
600.002	7012.500
600.201	7055.500
600.399	7092.500
600.598	6903.500
600.797	6970.500
600.995	7054.500
601.194	7071.500
601.392	7135.500
601.591	6954.500
601.790	6972.500
601.988	6990.500
602.187	6825.500
602.386	6774.500
602.584	6780.500
602.783	7048.500
602.982	6948.500
603.180	6873.500
603.379	6902.500
603.577	6898.500
603.776	6783.500
603.975	6850.500
604.173	6748.500
604.372	6749.500
604.571	6818.500
604.769	6846.500
604.968	6757.500
605.167	6670.500
605.365	6574.500
605.564	6685.500
605.762	6671.500
605.961	6688.500
606.160	6796.500
606.358	6693.500
606.557	6624.500
606.756	6618.500
606.954	6569.500
607.153	6556.500
607.352	6574.500
607.550	6582.500
607.749	6425.500
607.948	6460.500
608.146	6422.500
608.345	6446.500
608.543	6578.500
608.742	6502.500
608.941	6495.500
609.139	6480.500
609.338	6378.500
609.537	6274.500
609.735	6370.500
609.934	6426.500
610.133	6253.500
610.331	6474.500
610.530	6308.500
610.728	6460.500
610.927	6278.500
611.126	6360.500
611.324	6239.500
611.523	6144.500
611.722	6083.500
611.920	6008.500
612.119	5999.500
612.318	6149.500
612.516	6033.500
612.715	5953.500
612.913	6020.500
613.112	5880.500
613.311	5882.500
613.509	5937.500
613.708	5991.500
613.907	5959.500
614.105	6055.500
614.304	5859.500
614.503	5857.500
614.701	5898.500
614.900	5886.500
615.098	5813.500
615.297	5826.500
615.496	5753.500
615.694	5716.500
615.893	5867.500
616.092	5834.500
616.290	5693.500
616.489	5629.500
616.688	5705.500
616.886	5602.500
617.085	5487.500
617.283	5418.500
617.482	5372.500
617.681	5386.500
617.879	5496.500
618.078	5388.500
618.277	5507.500
618.475	5489.500
618.674	5340.500
618.873	5319.500
619.071	5326.500
619.270	5194.500
619.468	5208.500
619.667	5264.500
619.866	5326.500
620.064	5205.500
620.263	5118.500
620.462	5248.500
620.660	5237.500
620.859	5157.500
621.058	5069.500
621.256	5080.500
621.455	5033.500
621.654	4927.500
621.852	4978.500
622.051	5013.500
622.249	4822.500
622.448	4783.500
622.647	4979.500
622.845	4897.500
623.044	4785.500
623.243	4813.500
623.441	4731.500
623.640	4761.500
623.839	4802.500
624.037	4812.500
624.236	4742.500
624.434	4729.500
624.633	4674.500
624.832	4730.500
625.030	4615.500
625.229	4662.500
625.428	4577.500
625.626	4574.500
625.825	4494.500
626.024	4597.500
626.222	4495.500
626.421	4513.500
626.619	4447.500
626.818	4444.500
627.017	4407.500
627.215	4426.500
627.414	4451.500
627.613	4278.500
627.811	4256.500
628.010	4310.500
628.209	4295.500
628.407	4191.500
628.606	4314.500
628.804	4144.500
629.003	4064.500
629.202	4127.500
629.400	4089.500
629.599	4145.500
629.798	4084.500
629.996	4064.500
630.195	4035.500
630.394	3922.500
630.592	3895.500
630.791	4028.500
630.990	3846.500
631.188	3780.500
631.387	3842.500
631.585	3847.500
631.784	3731.500
631.983	3750.500
632.181	3816.500
632.380	3787.500
632.579	3695.500
632.777	3659.500
632.976	3588.500
633.175	3560.500
633.373	3472.500
633.572	3502.500
633.770	3584.500
633.969	3510.500
634.168	3506.500
634.366	3455.500
634.565	3445.500
634.764	3301.500
634.962	3339.500
635.161	3506.500
635.360	3451.500
635.558	3305.500
635.757	3368.500
635.955	3254.500
636.154	3297.500
636.353	3154.500
636.551	3092.500
636.750	3174.500
636.949	3130.500
637.147	3122.500
637.346	3182.500
637.545	3112.500
637.743	3116.500
637.942	3113.500
638.140	2925.500
638.339	2925.500
638.538	3016.500
638.736	2977.500
638.935	2974.500
639.134	2893.500
639.332	2874.500
639.531	2928.500
639.730	2869.500
639.928	2861.500
640.127	2766.500
640.325	2724.500
640.524	2727.500
640.723	2738.500
640.921	2709.500
641.120	2647.500
641.319	2715.500
641.517	2576.500
641.716	2608.500
641.915	2522.500
642.113	2601.500
642.312	2614.500
642.510	2558.500
642.709	2505.500
642.908	2555.500
643.106	2532.500
643.305	2568.500
643.504	2464.500
643.702	2399.500
643.901	2386.500
644.100	2478.500
644.298	2333.500
644.497	2405.500
644.696	2356.500
644.894	2323.500
645.093	2324.500
645.291	2284.500
645.490	2189.500
645.689	2256.500
645.887	2101.500
646.086	2217.500
646.285	2086.500
646.483	2120.500
646.682	2104.500
646.881	2123.500
647.079	2009.500
647.278	1946.500
647.476	1940.500
647.675	1907.500
647.874	1833.500
648.072	1756.500
648.271	1672.500
648.470	1711.500
648.668	1647.500
648.867	1534.500
649.066	1507.500
649.264	1449.500
649.463	1480.500
649.661	1346.500
649.860	1346.500
650.059	1307.500
650.257	1183.500
650.456	1164.500
650.655	1145.500
650.853	1056.500
651.052	979.500
651.251	1024.500
651.449	963.500
651.648	885.500
651.846	827.500
652.045	736.500
652.244	729.500
652.442	649.500
652.641	600.500
652.840	665.500
653.038	604.500
653.237	535.500
653.436	488.500
653.634	459.500
653.833	439.500
654.032	372.500
654.230	364.500
654.429	333.500
654.627	328.500
654.826	302.500
655.025	344.500
655.223	321.500
655.422	251.500
655.621	224.500
655.819	250.500
656.018	224.500
656.217	155.500
656.415	206.500
656.614	167.500
656.812	211.500
657.011	202.500
657.210	170.500
657.408	117.500
657.607	158.500
657.806	138.500
658.004	124.500
658.203	129.500
658.402	100.500
658.600	88.500
658.799	91.500
658.997	80.500
659.196	116.500
659.395	92.500
659.593	92.500
659.792	127.500
659.991	71.500
660.189	62.500
660.388	84.500
660.587	153.500
660.785	69.500
660.984	10.500
661.182	63.500
661.381	74.500
661.580	112.500
661.778	52.500
661.977	53.500
662.176	66.500
662.374	76.500
662.573	91.500
662.772	78.500
662.970	89.500
663.169	115.500
663.367	75.500
663.566	88.500
663.765	27.500
663.963	68.500
664.162	92.500
664.361	111.500
664.559	72.500
664.758	5.500
664.957	36.500
665.155	55.500
665.354	46.500
665.552	41.500
665.751	38.500
665.950	68.500
666.148	13.500
666.347	52.500
666.546	87.500
666.744	75.500
666.943	28.500
667.142	47.500
667.340	76.500
667.539	56.500
667.738	17.500
667.936	62.500
668.135	-24.500
668.333	60.500
668.532	62.500
668.731	14.500
668.929	50.500
669.128	62.500
669.327	76.500
669.525	46.500
669.724	29.500
669.923	1.500
670.121	12.500
670.320	32.500
670.518	50.500
670.717	74.500
670.916	42.500
671.114	26.500
671.313	7.500
671.512	-4.500
671.710	68.500
671.909	64.500
672.108	83.500
672.306	77.500
672.505	56.500
672.703	63.500
672.902	54.500
673.101	50.500
673.299	76.500
673.498	85.500
673.697	31.500
673.895	42.500
674.094	46.500
674.293	34.500
674.491	55.500
674.690	88.500
674.888	82.500
675.087	48.500
675.286	5.500
675.484	33.500
675.683	56.500
675.882	47.500
676.080	64.500
676.279	0.500
676.478	23.500
676.676	-2.500
676.875	37.500
677.073	-4.500
677.272	57.500
677.471	40.500
677.669	20.500
677.868	83.500
678.067	-19.500
678.265	33.500
678.464	27.500
678.663	58.500
678.861	45.500
679.060	27.500
679.259	-29.500
679.457	71.500
679.656	94.500
679.854	68.500
680.053	26.500
680.252	23.500
680.450	17.500
680.649	-1.500
680.848	67.500
681.046	51.500
681.245	32.500
681.444	23.500
681.642	72.500
681.841	46.500
682.039	28.500
682.238	84.500
682.437	-51.500
682.635	-2.500
682.834	56.500
683.033	6.500
683.231	16.500
683.430	83.500
683.629	67.500
683.827	57.500
684.026	73.500
684.224	38.500
684.423	2.500
684.622	53.500
684.820	20.500
685.019	21.500
685.218	42.500
685.416	88.500
685.615	50.500
685.814	48.500
686.012	63.500
686.211	46.500
686.409	-39.500
686.608	7.500
686.807	2.500
687.005	-32.500
687.204	23.500
687.403	9.500
687.601	15.500
687.800	78.500
687.999	61.500
688.197	25.500
688.396	24.500
688.594	25.500
688.793	-12.500
688.992	22.500
689.190	70.500
689.389	5.500
689.588	46.500
689.786	60.500
689.985	8.500
690.184	50.500
690.382	26.500
690.581	58.500
690.779	31.500
690.978	29.500
691.177	20.500
691.375	-7.500
691.574	42.500
691.773	86.500
691.971	22.500
692.170	24.500
692.369	-6.500
692.567	-59.500
692.766	-0.500
692.965	11.500
693.163	25.500
693.362	72.500
693.560	80.500
693.759	20.500
693.958	-9.500
694.156	53.500
694.355	56.500
694.554	-40.500
694.752	21.500
694.951	10.500
695.150	10.500
695.348	-34.500
695.547	18.500
695.745	29.500
695.944	7.500
696.143	-4.500
696.341	-40.500
696.540	-39.500
696.743	47.500
696.946	45.500
697.149	20.500
697.352	46.500
697.555	61.500
697.757	2.500
697.960	53.500
698.163	-35.500
698.366	-6.500
698.569	-13.500
698.772	55.500
698.975	44.500
699.178	29.500
699.381	36.500
699.584	44.500
699.787	42.500
699.989	15.500
700.192	-13.500
700.395	-20.500
700.598	16.500
700.801	37.500
701.004	3.500
701.207	11.500
701.410	60.500
701.613	12.500
701.816	21.500
702.019	34.500
702.221	-8.500
702.424	12.500
702.627	30.500
702.830	13.500
703.033	24.500
703.236	-3.500
703.439	2.500
703.642	-27.500
703.845	-17.500
704.048	-7.500
704.251	39.500
704.453	-23.500
704.656	15.500
704.859	44.500
705.062	44.500
705.265	81.500
705.468	-5.500
705.671	44.500
705.874	28.500
706.077	3.500
706.280	-14.500
706.483	-18.500
706.685	27.500
706.888	40.500
707.091	30.500
707.294	49.500
707.497	-25.500
707.700	20.500
707.903	64.500
708.106	12.500
708.309	10.500
708.512	62.500
708.715	44.500
708.917	17.500
709.120	13.500
709.323	13.500
709.526	36.500
709.729	-11.500
709.932	5.500
710.135	14.500
710.338	35.500
710.541	35.500
710.744	56.500
710.947	98.500
711.149	14.500
711.352	-2.500
711.555	10.500
711.758	5.500
711.961	-1.500
712.164	-40.500
712.367	-26.500
712.570	23.500
712.773	-38.500
712.976	26.500
713.179	65.500
713.381	35.500
713.584	9.500
713.787	-27.500
713.990	17.500
714.193	14.500
714.396	-8.500
714.599	81.500
714.802	28.500
715.005	-3.500
715.208	-22.500
715.411	-17.500
715.613	34.500
715.816	49.500
716.019	-28.500
716.222	-27.500
716.425	-4.500
716.628	9.500
716.831	0.500
717.034	33.500
717.237	33.500
717.440	-1.500
717.643	-5.500
717.845	-1.500
718.048	36.500
718.251	5.500
718.454	58.500
718.657	7.500
718.860	23.500
719.063	56.500
719.266	6.500
719.469	-35.500
719.672	22.500
719.875	-5.500
720.077	15.500
720.280	21.500
720.483	90.500
720.686	34.500
720.889	36.500
721.092	23.500
721.295	42.500
721.498	23.500
721.701	31.500
721.904	10.500
722.107	-8.500
722.309	-0.500
722.512	13.500
722.715	50.500
722.918	54.500
723.121	11.500
723.324	-19.500
723.527	25.500
723.730	-23.500
723.933	32.500
724.136	-6.500
724.339	-1.500
724.541	2.500
724.744	20.500
724.947	17.500
725.150	-35.500
725.353	35.500
725.556	-15.500
725.759	14.500
725.962	15.500
726.165	21.500
726.368	22.500
726.571	74.500
726.773	43.500
726.976	22.500
727.179	28.500
727.382	31.500
727.585	36.500
727.788	17.500
727.991	19.500
728.194	63.500
728.397	33.500
728.600	20.500
728.803	5.500
729.005	6.500
729.208	-15.500
729.411	66.500
729.614	49.500
729.817	-0.500
730.020	38.500
730.223	47.500
730.426	-4.500
730.629	41.500
730.832	21.500
731.035	-53.500
731.237	0.500
731.440	0.500
731.643	30.500
731.846	34.500
732.049	30.500
732.252	54.500
732.455	28.500
732.658	10.500
732.861	0.500
733.064	28.500
733.267	31.500
733.469	-5.500
733.672	-59.500
733.875	-19.500
734.078	36.500
734.281	35.500
734.484	45.500
734.687	45.500
734.890	-40.500
735.093	15.500
735.296	21.500
735.499	56.500
735.701	32.500
735.904	20.500
736.107	50.500
736.310	-0.500
736.513	56.500
736.716	27.500
736.919	6.500
737.122	7.500
737.325	34.500
737.528	-5.500
737.731	59.500
737.933	19.500
738.136	28.500
738.339	30.500
738.542	24.500
738.745	15.500
738.948	0.500
739.151	8.500
739.354	-0.500
739.557	25.500
739.760	53.500
739.963	10.500
740.165	24.500
740.368	29.500
740.571	31.500
740.774	-17.500
740.977	-18.500
741.180	-39.500
741.383	-4.500
741.586	7.500
741.789	7.500
741.992	23.500
742.195	28.500
742.397	33.500
742.600	22.500
742.803	10.500
743.006	-26.500
743.209	-9.500
743.412	-4.500
743.615	-51.500
743.818	-37.500
744.021	-27.500
744.224	-19.500
744.427	15.500
744.629	60.500
744.832	15.500
745.035	13.500
745.238	39.500
745.441	5.500
745.644	20.500
745.847	36.500
746.050	23.500
746.253	68.500
746.456	57.500
746.659	54.500
746.861	-9.500
747.064	-41.500
747.267	22.500
747.470	15.500
747.673	-18.500
747.876	48.500
748.079	17.500
748.282	24.500
748.485	12.500
748.688	36.500
748.891	53.500
749.093	41.500
749.296	28.500
749.499	-21.500
749.702	12.500
749.905	41.500
750.108	21.500
750.311	2.500
750.514	32.500
750.717	-2.500
750.920	18.500
751.123	-0.500
751.325	0.500
751.528	-13.500
751.731	0.500
751.934	22.500
752.137	2.500
752.340	24.500
752.543	-5.500
752.746	38.500
752.949	-36.500
753.152	12.500
753.355	47.500
753.557	22.500
753.760	1.500
753.963	57.500
754.166	12.500
754.369	25.500
754.572	-2.500
754.775	-4.500
754.978	-23.500
755.181	-14.500
755.384	-40.500
755.587	35.500
755.789	36.500
755.992	0.500
756.195	0.500
756.398	15.500
756.601	-12.500
756.804	31.500
757.007	-57.500
757.210	31.500
757.413	73.500
757.616	2.500
757.819	31.500
758.021	13.500
758.224	5.500
758.427	-23.500
758.630	41.500
758.833	36.500
759.036	64.500
759.239	44.500
759.442	-19.500
759.645	48.500
759.848	31.500
760.051	37.500
760.253	-19.500
760.456	7.500
760.659	11.500
760.862	-10.500
761.065	8.500
761.268	54.500
761.471	-10.500
761.674	22.500
761.877	-24.500
762.080	20.500
762.283	20.500
762.485	6.500
762.688	4.500
762.891	-6.500
763.094	-50.500
763.297	-39.500
763.500	-4.500
763.706	20.500
763.912	-9.500
764.118	62.500
764.325	10.500
764.531	-37.500
764.737	-39.500
764.943	-8.500
765.149	23.500
765.355	-10.500
765.561	20.500
765.768	74.500
765.974	-9.500
766.180	44.500
766.386	-3.500
766.592	-2.500
766.798	-7.500
767.004	37.500
767.210	2.500
767.417	30.500
767.623	2.500
767.829	15.500
768.035	21.500
768.241	15.500
768.447	-2.500
768.653	19.500
768.860	-0.500
769.066	55.500
769.272	-46.500
769.478	-5.500
769.684	1.500
769.890	54.500
770.096	26.500
770.303	-10.500
770.509	10.500
770.715	37.500
770.921	64.500
771.127	15.500
771.333	66.500
771.539	30.500
771.745	27.500
771.952	35.500
772.158	17.500
772.364	-44.500
772.570	30.500
772.776	52.500
772.982	35.500
773.188	-10.500
773.395	15.500
773.601	52.500
773.807	25.500
774.013	22.500
774.219	58.500
774.425	57.500
774.631	4.500
774.838	15.500
775.044	-36.500
775.250	-28.500
775.456	68.500
775.662	37.500
775.868	7.500
776.074	-18.500
776.281	37.500
776.487	49.500
776.693	-18.500
776.899	-32.500
777.105	-18.500
777.311	26.500
777.517	0.500
777.723	56.500
777.930	29.500
778.136	16.500
778.342	14.500
778.548	4.500
778.754	28.500
778.960	25.500
779.166	7.500
779.373	19.500
779.579	50.500
779.785	17.500
779.991	42.500
780.197	27.500
780.403	21.500
780.609	19.500
780.816	0.500
781.022	23.500
781.228	5.500
781.434	-51.500
781.640	-1.500
781.846	39.500
782.052	7.500
782.259	25.500
782.465	5.500
782.671	18.500
782.877	-37.500
783.083	-10.500
783.289	24.500
783.495	9.500
783.701	67.500
783.908	44.500
784.114	31.500
784.320	-23.500
784.526	4.500
784.732	30.500
784.938	20.500
785.144	1.500
785.351	-25.500
785.557	6.500
785.763	29.500
785.969	-21.500
786.175	20.500
786.381	52.500
786.587	-9.500
786.794	4.500
787.000	12.500
787.206	46.500
787.412	2.500
787.618	-39.500
787.824	15.500
788.030	42.500
788.236	16.500
788.443	30.500
788.649	4.500
788.855	-29.500
789.061	-29.500
789.267	16.500
789.473	26.500
789.679	51.500
789.886	19.500
790.092	-8.500
790.298	15.500
790.504	29.500
790.710	0.500
790.916	26.500
791.122	-17.500
791.329	5.500
791.535	17.500
791.741	7.500
791.947	10.500
792.153	-7.500
792.359	33.500
792.565	1.500
792.771	76.500
792.978	8.500
793.184	35.500
793.390	-19.500
793.596	-12.500
793.802	-0.500
794.008	18.500
794.214	10.500
794.421	33.500
794.627	55.500
794.833	3.500
795.039	32.500
795.245	-6.500
795.451	-7.500
795.657	31.500
795.864	21.500
796.070	27.500
796.276	29.500
796.482	39.500
796.688	-5.500
796.894	-44.500
797.100	-36.500
797.307	7.500
797.513	47.500
797.719	27.500
797.925	43.500
798.131	52.500
798.337	27.500
798.543	50.500
798.749	29.500
798.956	37.500
799.162	-46.500
799.368	-94.500
799.574	-18.500
799.780	49.500
799.986	16.500
800.192	-36.500
800.399	-29.500
800.605	-9.500
800.811	11.500
801.017	-11.500
801.223	-38.500
801.429	-21.500
801.635	60.500
801.842	7.500
802.048	29.500
802.254	22.500
802.460	10.500
802.666	13.500
802.872	-28.500
803.078	30.500
803.285	63.500
803.491	22.500
803.697	29.500
803.903	76.500
804.109	40.500
804.315	22.500
804.521	9.500
804.727	-20.500
804.934	20.500
805.140	13.500
805.346	-3.500
805.552	30.500
805.758	9.500
805.964	-46.500
806.170	4.500
806.377	28.500
806.583	1.500
806.789	36.500
806.995	37.500
807.201	-12.500
807.407	-27.500
807.613	13.500
807.820	46.500
808.026	21.500
808.232	49.500
808.438	-6.500
808.644	-30.500
808.850	47.500
809.056	-26.500
809.262	-56.500
809.469	-16.500
809.675	-38.500
809.881	-8.500
810.087	23.500
810.293	30.500
810.499	35.500
810.705	49.500
810.912	22.500
811.118	31.500
811.324	9.500
811.530	84.500
811.739	22.500
811.947	19.500
812.156	8.500
812.365	22.500
812.573	32.500
812.782	8.500
812.990	18.500
813.199	22.500
813.408	1.500
813.616	-16.500
813.825	-24.500
814.034	-41.500
814.242	-14.500
814.451	-4.500
814.659	29.500
814.868	32.500
815.077	20.500
815.285	-52.500
815.494	3.500
815.703	29.500
815.911	0.500
816.120	3.500
816.329	-18.500
816.537	36.500
816.746	12.500
816.954	-8.500
817.163	25.500
817.372	-5.500
817.580	-8.500
817.789	27.500
817.998	6.500
818.206	-8.500
818.415	-5.500
818.624	-27.500
818.832	-6.500
819.041	-15.500
819.249	0.500
819.458	45.500
819.667	29.500
819.875	13.500
820.084	-5.500
820.293	6.500
820.501	10.500
820.710	21.500
820.919	51.500
821.127	40.500
821.336	15.500
821.544	38.500
821.753	13.500
821.962	-9.500
822.170	13.500
822.379	-17.500
822.588	-20.500
822.796	-35.500
823.005	-12.500
823.213	-51.500
823.422	-8.500
823.631	17.500
823.839	20.500
824.048	14.500
824.257	18.500
824.465	36.500
824.674	-7.500
824.883	-7.500
825.091	-43.500
825.300	-51.500
825.508	-13.500
825.717	34.500
825.926	17.500
826.134	29.500
826.343	-33.500
826.552	31.500
826.760	33.500
826.969	-26.500
827.178	-30.500
827.386	-18.500
827.595	-24.500
827.803	76.500
828.012	19.500
828.221	-5.500
828.429	69.500
828.638	54.500
828.847	65.500
829.055	10.500
829.264	-0.500
829.472	-20.500
829.681	-0.500
829.890	38.500
830.098	24.500
830.307	-11.500
830.516	7.500
830.724	54.500
830.933	4.500
831.142	13.500
831.350	1.500
831.559	7.500
831.767	24.500
831.976	-7.500
832.185	22.500
832.393	33.500
832.602	-11.500
832.811	-8.500
833.019	93.500
833.228	-35.500
833.437	-53.500
833.645	-40.500
833.854	-33.500
834.062	-30.500
834.271	-16.500
834.480	-1.500
834.688	26.500
834.897	3.500
835.106	18.500
835.314	19.500
835.523	17.500
835.731	2.500
835.940	-3.500
836.149	18.500
836.357	-25.500
836.566	34.500
836.775	26.500
836.983	-14.500
837.192	20.500
837.401	-9.500
837.609	17.500
837.818	88.500
838.026	1.500
838.235	-11.500
838.444	-8.500
838.652	-2.500
838.861	27.500
839.070	43.500
839.278	44.500
839.487	-61.500
839.696	-19.500
839.904	-53.500
840.113	-16.500
840.321	42.500
840.530	10.500
840.739	5.500
840.947	28.500
841.156	35.500
841.365	17.500
841.573	-18.500
841.782	-7.500
841.991	33.500
842.199	18.500
842.408	-4.500
842.616	3.500
842.825	-15.500
843.034	-6.500
843.242	-67.500
843.451	-2.500
843.660	6.500
843.868	32.500
844.077	35.500
844.285	-10.500
844.494	28.500
844.703	-0.500
844.911	-45.500
845.120	-44.500
845.329	-4.500
845.537	-2.500
845.746	-49.500
845.955	22.500
846.163	-20.500
846.372	-9.500
846.580	23.500
846.789	3.500
846.998	-23.500
847.206	23.500
847.415	-10.500
847.624	62.500
847.832	68.500
848.041	63.500
848.250	51.500
848.458	26.500
848.667	44.500
848.875	27.500
849.084	32.500
849.293	4.500
849.501	12.500
849.710	31.500
849.919	26.500
850.127	11.500
850.336	-23.500
850.544	-1.500
850.753	-21.500
850.962	-61.500
851.170	-8.500
851.379	-1.500
851.588	-10.500
851.796	-9.500
852.005	56.500
852.214	42.500
852.422	14.500
852.631	2.500
852.839	7.500
853.048	-67.500
853.257	-50.500
853.465	31.500
853.674	43.500
853.883	32.500
854.091	11.500
854.300	-0.500
854.509	-6.500
854.717	10.500
854.926	-16.500
855.134	-14.500
855.343	24.500
855.552	16.500
855.760	-6.500
855.969	37.500
856.178	9.500
856.386	-9.500
856.595	5.500
856.803	-19.500
857.012	31.500
857.221	55.500
857.429	50.500
857.638	-30.500
857.847	4.500
858.055	-4.500
858.264	11.500
858.473	-6.500
858.681	23.500
858.890	-18.500
859.098	-17.500
859.307	24.500
859.516	5.500
859.724	-17.500
859.933	-7.500
860.142	10.500
860.350	9.500
860.559	57.500
860.768	8.500
860.976	7.500
861.185	-22.500
861.393	28.500
861.602	-11.500
861.811	-2.500
862.019	49.500
862.228	-9.500
862.437	7.500
862.645	6.500
862.854	-15.500
863.062	40.500
863.271	-10.500
863.480	10.500
863.688	-19.500
863.897	4.500
864.106	20.500
864.314	22.500
864.523	-17.500
864.732	-19.500
864.940	-33.500
865.149	-1.500
865.357	34.500
865.566	0.500
865.775	-27.500
865.983	44.500
866.192	-4.500
866.401	-14.500
866.609	10.500
866.818	-46.500
867.027	-57.500
867.235	-11.500
867.444	3.500
867.652	3.500
867.861	39.500
868.070	-5.500
868.278	21.500
868.487	-7.500
868.696	24.500
868.904	43.500
869.113	3.500
869.321	-1.500
869.530	-19.500
869.739	-75.500
869.947	28.500
870.156	5.500
870.365	-17.500
870.573	48.500
870.782	49.500
870.991	48.500
871.199	31.500
871.408	-24.500
871.616	-6.500
871.825	-29.500
872.034	-10.500
872.242	28.500
872.451	51.500
872.660	-41.500
872.868	42.500
873.077	27.500
873.286	42.500
873.494	22.500
873.703	8.500
873.911	-32.500
874.120	47.500
874.329	50.500
874.537	18.500
874.746	-33.500
874.955	2.500
875.163	11.500
875.372	49.500
875.581	33.500
875.789	22.500
875.998	1.500
876.206	14.500
876.415	-23.500
876.624	-27.500
876.832	-15.500
877.041	-14.500
877.250	9.500
877.458	-2.500
877.667	-68.500
877.875	14.500
878.084	-9.500
878.293	14.500
878.501	79.500
878.710	81.500
878.919	-46.500
879.127	30.500
879.336	34.500
879.545	28.500
879.753	-12.500
879.962	-22.500
880.170	6.500
880.379	18.500
880.588	54.500
880.796	44.500
881.005	69.500
881.214	7.500
881.422	1.500
881.631	58.500
881.840	4.500
882.048	-21.500
882.257	54.500
882.465	-2.500
882.674	-0.500
882.883	20.500
883.091	45.500
883.300	-19.500
883.509	-14.500
883.717	39.500
883.926	-2.500
884.134	-36.500
884.343	36.500
884.552	49.500
884.760	5.500
884.969	2.500
885.178	0.500
885.386	42.500
885.595	51.500
885.804	22.500
886.012	2.500
886.221	-2.500
886.429	65.500
886.638	10.500
886.847	-10.500
887.055	50.500
887.264	72.500
887.473	29.500
887.681	18.500
887.890	31.500
888.099	7.500
888.307	-11.500
888.516	27.500
888.724	12.500
888.933	44.500
889.142	-9.500
889.350	-28.500
889.559	23.500
889.768	-1.500
889.976	-21.500
890.185	28.500
890.393	40.500
890.602	27.500
890.811	45.500
891.019	25.500
891.228	40.500
891.437	33.500
891.645	17.500
891.854	-25.500
892.063	-27.500
892.271	-28.500
892.480	48.500
892.688	21.500
892.897	-21.500
893.106	-1.500
893.314	-9.500
893.523	-6.500
893.732	-35.500
893.940	-13.500
894.149	-35.500
894.358	23.500
894.566	8.500
894.775	22.500
894.983	25.500
895.192	8.500
895.401	44.500
895.609	-11.500
895.818	-18.500
896.027	-53.500
896.235	-14.500
896.444	32.500
896.652	46.500
896.861	-4.500
897.070	1.500
897.278	10.500
897.487	46.500
897.696	47.500
897.904	-2.500
898.113	-9.500
898.322	-23.500
898.530	6.500
898.739	31.500
898.947	24.500
899.156	-38.500
899.365	-13.500
899.573	28.500
899.782	49.500
899.991	-19.500
900.199	-74.500
900.408	20.500
900.617	-15.500
900.825	-41.500
901.034	-34.500
901.242	-14.500
901.451	-35.500
901.660	-29.500
901.868	15.500
902.077	9.500
902.286	-30.500
902.494	23.500
902.703	30.500
902.911	24.500
903.120	-9.500
903.329	-53.500
903.537	-34.500
903.746	-43.500
903.955	5.500
904.163	-3.500
904.372	11.500
904.581	-3.500
904.789	-27.500
904.998	8.500
905.206	38.500
905.415	64.500
905.624	14.500
905.832	10.500
906.041	7.500
906.250	16.500
906.458	0.500
906.667	19.500
906.876	34.500
907.084	38.500
907.293	9.500
907.501	12.500
907.710	19.500
907.919	5.500
908.127	-1.500
908.336	-37.500
908.545	29.500
908.753	80.500
908.962	10.500
909.170	-51.500
909.379	19.500
909.588	-29.500
909.796	1.500
910.005	-0.500
910.214	-21.500
910.422	-25.500
910.631	-18.500
910.840	54.500
911.048	23.500
911.257	9.500
911.465	4.500
911.674	16.500
911.883	-25.500
912.091	20.500
912.300	-10.500
912.508	24.500
912.716	2.500
912.924	-28.500
913.132	-20.500
913.340	-16.500
913.549	1.500
913.757	6.500
913.965	-31.500
914.173	4.500
914.381	50.500
914.589	1.500
914.797	-17.500
915.005	19.500
915.213	3.500
915.421	-2.500
915.629	-7.500
915.838	-8.500
916.046	10.500
916.254	-31.500
916.462	6.500
916.670	24.500
916.878	15.500
917.086	60.500
917.294	-5.500
917.502	3.500
917.710	1.500
917.919	-4.500
918.127	15.500
918.335	10.500
918.543	20.500
918.751	-28.500
918.959	-11.500
919.167	6.500
919.375	-0.500
919.583	82.500
919.791	39.500
919.999	17.500
920.208	-17.500
920.416	15.500
920.624	8.500
920.832	61.500
921.040	39.500
921.248	37.500
921.456	-6.500
921.664	-20.500
921.872	6.500
922.080	-1.500
922.288	-44.500
922.497	12.500
922.705	36.500
922.913	-8.500
923.121	-17.500
923.329	48.500
923.537	58.500
923.745	59.500
923.953	-14.500
924.161	-14.500
924.369	57.500
924.578	29.500
924.786	19.500
924.994	-24.500
925.202	14.500
925.410	-53.500
925.618	7.500
925.826	3.500
926.034	-9.500
926.242	53.500
926.450	7.500
926.658	39.500
926.867	37.500
927.075	44.500
927.283	59.500
927.491	64.500
927.699	52.500
927.907	69.500
928.115	33.500
928.323	-8.500
928.531	-29.500
928.739	5.500
928.947	44.500
929.156	32.500
929.364	8.500
929.572	39.500
929.780	14.500
929.988	30.500
930.196	-26.500
930.404	-3.500
930.612	-42.500
930.820	-25.500
931.028	25.500
931.236	28.500
931.445	-60.500
931.653	1.500
931.861	-5.500
932.069	-1.500
932.277	-25.500
932.485	-8.500
932.693	1.500
932.901	3.500
933.109	92.500
933.317	38.500
933.526	22.500
933.734	11.500
933.942	30.500
934.150	28.500
934.358	-30.500
934.566	17.500
934.774	25.500
934.982	22.500
935.190	-4.500
935.398	-15.500
935.606	21.500
935.815	-19.500
936.023	-14.500
936.231	-26.500
936.439	16.500
936.647	-25.500
936.855	-24.500
937.063	15.500
937.271	25.500
937.479	38.500
937.687	41.500
937.895	12.500
938.104	17.500
938.312	-5.500
938.520	-6.500
938.728	-18.500
938.936	-37.500
939.144	36.500
939.352	20.500
939.560	21.500
939.768	64.500
939.976	27.500
940.185	-32.500
940.393	-10.500
940.601	-10.500
940.809	-42.500
941.017	-27.500
941.225	-19.500
941.433	-48.500
941.641	15.500
941.849	11.500
942.057	22.500
942.265	19.500
942.474	-8.500
942.682	-27.500
942.890	45.500
943.098	38.500
943.306	17.500
943.514	-21.500
943.722	11.500
943.930	14.500
944.138	-46.500
944.346	-40.500
944.554	-4.500
944.763	-7.500
944.971	-2.500
945.179	37.500
945.387	0.500
945.595	37.500
945.803	-1.500
946.011	72.500
946.219	12.500
946.427	37.500
946.635	52.500
946.843	37.500
947.052	44.500
947.260	14.500
947.468	-3.500
947.676	-29.500
947.884	-10.500
948.092	37.500
948.300	1.500
948.508	20.500
948.716	30.500
948.924	50.500
949.133	27.500
949.341	25.500
949.549	-52.500
949.757	20.500
949.965	0.500
950.173	-14.500
950.381	-26.500
950.589	42.500
950.797	54.500
951.005	14.500
951.213	16.500
951.422	14.500
951.630	5.500
951.838	12.500
952.046	52.500
952.254	45.500
952.462	51.500
952.670	-4.500
952.878	66.500
953.086	-16.500
953.294	-14.500
953.502	-7.500
953.711	-17.500
953.919	13.500
954.127	2.500
954.335	6.500
954.543	-15.500
954.751	1.500
954.959	2.500
955.167	7.500
955.375	49.500
955.583	5.500
955.792	-30.500
956.000	11.500
956.208	-8.500
956.416	5.500
956.624	-5.500
956.832	19.500
957.040	26.500
957.248	16.500
957.456	21.500
957.664	-25.500
957.872	4.500
958.081	-18.500
958.289	20.500
958.497	54.500
958.705	6.500
958.913	-6.500
959.121	-9.500
959.329	38.500
959.537	13.500
959.745	28.500
959.953	1.500
960.161	-20.500
960.370	-17.500
960.578	-44.500
960.786	-18.500
960.994	3.500
961.202	14.500
961.410	-21.500
961.618	-38.500
961.826	12.500
962.034	-5.500
962.242	38.500
962.451	-2.500
962.659	-20.500
962.867	-6.500
963.075	-1.500
963.283	10.500
963.491	15.500
963.699	-30.500
963.907	26.500
964.115	0.500
964.323	3.500
964.531	-41.500
964.740	0.500
964.948	56.500
965.156	1.500
965.364	-15.500
965.572	-16.500
965.780	-24.500
965.999	-5.500
966.218	-21.500
966.438	-32.500
966.657	-11.500
966.876	-61.500
967.095	23.500
967.315	0.500
967.534	14.500
967.753	35.500
967.972	6.500
968.192	-44.500
968.411	-9.500
968.630	2.500
968.849	12.500
969.068	7.500
969.288	73.500
969.507	-22.500
969.726	25.500
969.945	40.500
970.165	-21.500
970.384	-20.500
970.603	-12.500
970.822	0.500
971.042	-56.500
971.261	24.500
971.480	25.500
971.699	23.500
971.919	39.500
972.138	33.500
972.357	41.500
972.576	-74.500
972.795	-0.500
973.015	-17.500
973.234	-20.500
973.453	-11.500
973.672	27.500
973.892	18.500
974.111	26.500
974.330	-36.500
974.549	31.500
974.769	24.500
974.988	-52.500
975.207	20.500
975.426	13.500
975.646	31.500
975.865	17.500
976.084	33.500
976.303	33.500
976.522	2.500
976.742	-16.500
976.961	11.500
977.180	31.500
977.399	8.500
977.619	26.500
977.838	25.500
978.057	39.500
978.276	10.500
978.496	-12.500
978.715	-8.500
978.934	9.500
979.153	-3.500
979.372	-0.500
979.592	-38.500
979.811	1.500
980.030	-8.500
980.249	7.500
980.469	39.500
980.688	6.500
980.907	-2.500
981.126	11.500
981.346	74.500
981.565	-28.500
981.784	-2.500
982.003	13.500
982.223	-10.500
982.442	15.500
982.661	1.500
982.880	-5.500
983.099	13.500
983.319	-14.500
983.538	-23.500
983.757	20.500
983.976	3.500
984.196	-3.500
984.415	38.500
984.634	-33.500
984.853	-33.500
985.073	-26.500
985.292	-50.500
985.511	-54.500
985.730	-25.500
985.949	14.500
986.169	26.500
986.388	23.500
986.607	-3.500
986.826	6.500
987.046	53.500
987.265	-8.500
987.484	-5.500
987.703	-21.500
987.923	-26.500
988.142	-35.500
988.361	16.500
988.580	37.500
988.800	20.500
989.019	21.500
989.238	-9.500
989.457	13.500
989.676	23.500
989.896	36.500
990.115	-7.500
990.334	-26.500
990.553	3.500
990.773	33.500
990.992	10.500
991.211	-1.500
991.430	3.500
991.650	-8.500
991.869	-28.500
992.088	-59.500
992.307	-58.500
992.527	9.500
992.746	-3.500
992.965	10.500
993.184	29.500
993.403	-7.500
993.623	-56.500
993.842	-45.500
994.061	13.500
994.280	97.500
994.500	2.500
994.719	23.500
994.938	-18.500
995.157	17.500
995.377	9.500
995.596	42.500
995.815	1.500
996.034	-1.500
996.253	25.500
996.473	32.500
996.692	58.500
996.911	20.500
997.130	39.500
997.350	13.500
997.569	3.500
997.788	23.500
998.007	-21.500
998.227	-21.500
998.446	29.500
998.665	34.500
998.884	20.500
999.104	40.500
999.323	6.500
999.542	32.500
999.761	-1.500
999.980	25.500
1000.200	-27.500
1000.419	0.500
1000.638	-21.500
1000.857	11.500
1001.077	63.500
1001.296	37.500
1001.515	-7.500
1001.734	-7.500
1001.954	17.500
1002.173	-8.500
1002.392	-9.500
1002.611	-18.500
1002.830	10.500
1003.050	-6.500
1003.269	-18.500
1003.488	11.500
1003.707	33.500
1003.927	-3.500
1004.146	17.500
1004.365	-5.500
1004.584	-25.500
1004.804	-57.500
1005.023	-8.500
1005.242	3.500
1005.461	20.500
1005.681	10.500
1005.900	22.500
1006.119	-11.500
1006.338	11.500
1006.557	57.500
1006.777	-18.500
1006.996	-31.500
1007.215	17.500
1007.434	40.500
1007.654	-14.500
1007.873	1.500
1008.092	17.500
1008.311	33.500
1008.531	-72.500
1008.750	-50.500
1008.969	36.500
1009.188	-55.500
1009.407	1.500
1009.627	6.500
1009.846	-10.500
1010.065	12.500
1010.284	-16.500
1010.504	-74.500
1010.723	-9.500
1010.942	-7.500
1011.161	-25.500
1011.381	15.500
1011.600	-20.500
1011.819	43.500
1012.038	18.500
1012.258	9.500
1012.477	-25.500
1012.696	58.500
1012.915	17.500
1013.134	-18.500
1013.354	-28.500
1013.573	1.500
1013.792	43.500
1014.011	29.500
1014.231	16.500
1014.450	2.500
1014.669	-2.500
1014.888	19.500
1015.108	10.500
1015.327	10.500
1015.546	-37.500
1015.765	-2.500
1015.984	7.500
1016.204	11.500
1016.423	-13.500
1016.642	-24.500
1016.861	-2.500
1017.081	-5.500
1017.300	-40.500
1017.519	1.500
