296.912	101.500
297.101	110.500
297.290	89.500
297.479	69.500
297.668	57.500
297.858	36.500
298.047	63.500
298.236	86.500
298.425	73.500
298.614	28.500
298.803	32.500
298.992	86.500
299.181	74.500
299.370	66.500
299.559	88.500
299.748	113.500
299.937	126.500
300.126	119.500
300.315	69.500
300.504	52.500
300.693	67.500
300.882	42.500
301.071	45.500
301.260	66.500
301.449	61.500
301.638	84.500
301.827	64.500
302.016	61.500
302.205	70.500
302.395	30.500
302.584	31.500
302.773	78.500
302.962	67.500
303.151	66.500
303.340	76.500
303.529	51.500
303.718	70.500
303.907	111.500
304.096	80.500
304.285	63.500
304.474	51.500
304.663	59.500
304.852	77.500
305.041	88.500
305.230	64.500
305.419	68.500
305.608	84.500
305.797	102.500
305.986	60.500
306.175	51.500
306.364	45.500
306.553	60.500
306.743	89.500
306.932	98.500
307.121	56.500
307.310	49.500
307.499	72.500
307.688	59.500
307.877	117.500
308.066	97.500
308.255	79.500
308.444	73.500
308.633	60.500
308.822	54.500
309.011	60.500
309.200	51.500
309.389	59.500
309.578	36.500
309.767	50.500
309.956	103.500
310.145	75.500
310.334	24.500
310.523	57.500
310.712	114.500
310.901	102.500
311.091	106.500
311.280	109.500
311.469	81.500
311.658	92.500
311.847	79.500
312.036	81.500
312.225	54.500
312.414	57.500
312.603	85.500
312.792	102.500
312.981	96.500
313.170	74.500
313.349	74.500
313.527	63.500
313.706	57.500
313.884	49.500
314.063	109.500
314.241	93.500
314.420	102.500
314.598	89.500
314.777	96.500
314.955	103.500
315.134	57.500
315.312	71.500
315.491	80.500
315.669	72.500
315.848	71.500
316.027	90.500
316.205	88.500
316.384	58.500
316.562	77.500
316.741	58.500
316.919	36.500
317.098	70.500
317.276	61.500
317.455	75.500
317.633	79.500
317.812	75.500
317.990	82.500
318.169	103.500
318.347	87.500
318.526	90.500
318.705	62.500
318.883	66.500
319.062	126.500
319.240	129.500
319.419	86.500
319.597	96.500
319.776	101.500
319.954	120.500
320.133	146.500
320.311	71.500
320.490	69.500
320.668	62.500
320.847	96.500
321.025	123.500
321.204	96.500
321.382	94.500
321.561	108.500
321.740	101.500
321.918	91.500
322.097	80.500
322.275	85.500
322.454	132.500
322.632	139.500
322.811	78.500
322.989	65.500
323.168	91.500
323.346	99.500
323.525	49.500
323.703	17.500
323.882	79.500
324.060	104.500
324.239	133.500
324.418	121.500
324.596	120.500
324.775	115.500
324.953	100.500
325.132	150.500
325.310	142.500
325.489	93.500
325.667	70.500
325.846	67.500
326.024	54.500
326.203	58.500
326.381	60.500
326.560	103.500
326.738	124.500
326.917	104.500
327.096	76.500
327.274	103.500
327.453	81.500
327.631	38.500
327.810	63.500
327.988	62.500
328.167	117.500
328.345	128.500
328.524	121.500
328.702	74.500
328.881	83.500
329.059	71.500
329.238	71.500
329.416	87.500
329.595	99.500
329.774	112.500
329.952	108.500
330.131	130.500
330.309	91.500
330.488	93.500
330.666	95.500
330.845	127.500
331.023	63.500
331.202	99.500
331.380	131.500
331.559	118.500
331.737	119.500
331.916	76.500
332.094	81.500
332.273	124.500
332.452	100.500
332.630	102.500
332.809	114.500
332.987	125.500
333.166	106.500
333.344	130.500
333.523	102.500
333.701	70.500
333.880	98.500
334.058	86.500
334.237	60.500
334.415	91.500
334.594	123.500
334.772	119.500
334.951	87.500
335.129	91.500
335.308	116.500
335.487	110.500
335.665	72.500
335.844	112.500
336.022	121.500
336.201	79.500
336.379	79.500
336.558	125.500
336.736	97.500
336.915	108.500
337.093	130.500
337.272	87.500
337.450	84.500
337.629	99.500
337.807	89.500
337.986	88.500
338.165	126.500
338.343	115.500
338.522	93.500
338.700	96.500
338.879	101.500
339.057	121.500
339.236	116.500
339.414	66.500
339.593	81.500
339.771	113.500
339.950	97.500
340.128	94.500
340.307	89.500
340.485	124.500
340.664	112.500
340.843	98.500
341.021	147.500
341.200	104.500
341.378	73.500
341.557	112.500
341.735	104.500
341.914	104.500
342.092	129.500
342.271	132.500
342.449	117.500
342.628	101.500
342.806	84.500
342.985	80.500
343.163	89.500
343.342	116.500
343.521	117.500
343.699	126.500
343.878	124.500
344.056	99.500
344.235	86.500
344.413	85.500
344.592	135.500
344.770	111.500
344.949	105.500
345.127	94.500
345.306	100.500
345.484	167.500
345.663	139.500
345.841	91.500
346.020	96.500
346.199	93.500
346.377	98.500
346.556	126.500
346.734	116.500
346.913	90.500
347.091	123.500
347.270	140.500
347.448	141.500
347.627	115.500
347.805	103.500
347.984	103.500
348.162	99.500
348.341	123.500
348.519	120.500
348.698	102.500
348.876	101.500
349.055	79.500
349.234	90.500
349.412	108.500
349.591	84.500
349.769	82.500
349.948	105.500
350.126	111.500
350.305	122.500
350.483	132.500
350.662	120.500
350.840	97.500
351.019	54.500
351.197	113.500
351.376	142.500
351.554	104.500
351.733	74.500
351.912	133.500
352.090	115.500
352.269	128.500
352.447	110.500
352.626	97.500
352.804	82.500
352.983	61.500
353.161	117.500
353.340	138.500
353.518	144.500
353.697	178.500
353.875	143.500
354.054	141.500
354.232	116.500
354.411	103.500
354.590	115.500
354.768	110.500
354.947	101.500
355.125	104.500
355.304	129.500
355.482	101.500
355.661	81.500
355.839	104.500
356.018	117.500
356.196	92.500
356.375	58.500
356.553	64.500
356.732	49.500
356.910	99.500
357.089	120.500
357.268	130.500
357.446	147.500
357.625	106.500
357.803	100.500
357.982	101.500
358.160	87.500
358.339	85.500
358.517	82.500
358.696	103.500
358.874	117.500
359.053	74.500
359.231	109.500
359.410	107.500
359.588	93.500
359.767	104.500
359.945	95.500
360.124	58.500
360.303	72.500
360.481	138.500
360.660	138.500
360.838	127.500
361.017	106.500
361.195	108.500
361.374	113.500
361.552	81.500
361.731	92.500
361.909	131.500
362.088	103.500
362.266	93.500
362.445	125.500
362.623	119.500
362.802	98.500
362.981	119.500
363.159	171.500
363.338	77.500
363.516	63.500
363.695	108.500
363.873	131.500
364.052	124.500
364.230	92.500
364.409	101.500
364.587	136.500
364.766	98.500
364.944	102.500
365.123	95.500
365.301	60.500
365.480	113.500
365.660	131.500
365.839	125.500
366.019	152.500
366.199	132.500
366.379	87.500
366.558	54.500
366.738	120.500
366.918	141.500
367.098	133.500
367.277	136.500
367.457	138.500
367.637	148.500
367.816	132.500
367.996	123.500
368.176	121.500
368.356	117.500
368.535	90.500
368.715	150.500
368.895	128.500
369.075	125.500
369.254	118.500
369.434	116.500
369.614	81.500
369.793	110.500
369.973	123.500
370.153	127.500
370.333	131.500
370.512	111.500
370.692	111.500
370.872	134.500
371.051	147.500
371.231	150.500
371.411	134.500
371.591	70.500
371.770	100.500
371.950	146.500
372.130	128.500
372.310	107.500
372.489	132.500
372.669	148.500
372.849	150.500
373.028	157.500
373.208	145.500
373.388	87.500
373.568	57.500
373.747	84.500
373.927	111.500
374.107	99.500
374.287	128.500
374.466	99.500
374.646	102.500
374.826	138.500
375.005	76.500
375.185	96.500
375.365	138.500
375.545	98.500
375.724	65.500
375.904	89.500
376.084	145.500
376.263	156.500
376.443	128.500
376.623	114.500
376.803	135.500
376.982	122.500
377.162	106.500
377.342	101.500
377.522	105.500
377.701	180.500
377.881	139.500
378.061	144.500
378.240	172.500
378.420	154.500
378.600	141.500
378.780	130.500
378.959	149.500
379.139	132.500
379.319	138.500
379.499	149.500
379.678	122.500
379.858	132.500
380.038	151.500
380.217	149.500
380.397	149.500
380.577	104.500
380.757	83.500
380.936	73.500
381.116	119.500
381.296	153.500
381.476	131.500
381.655	124.500
381.835	115.500
382.015	106.500
382.194	104.500
382.374	90.500
382.554	134.500
382.734	183.500
382.913	168.500
383.093	135.500
383.273	111.500
383.452	115.500
383.632	129.500
383.812	91.500
383.992	115.500
384.171	114.500
384.351	112.500
384.531	107.500
384.711	136.500
384.890	132.500
385.070	100.500
385.250	80.500
385.429	81.500
385.609	109.500
385.789	136.500
385.969	156.500
386.148	106.500
386.328	113.500
386.508	153.500
386.688	132.500
386.867	90.500
387.047	100.500
387.227	132.500
387.406	153.500
387.586	125.500
387.766	115.500
387.946	84.500
388.125	108.500
388.305	102.500
388.485	93.500
388.664	90.500
388.844	87.500
389.024	74.500
389.204	94.500
389.383	83.500
389.563	104.500
389.743	115.500
389.923	140.500
390.102	97.500
390.282	91.500
390.462	84.500
390.641	112.500
390.821	103.500
391.001	107.500
391.181	90.500
391.360	101.500
391.540	114.500
391.720	121.500
391.900	114.500
392.079	117.500
392.259	150.500
392.439	114.500
392.618	100.500
392.798	119.500
392.978	133.500
393.158	93.500
393.337	91.500
393.517	176.500
393.697	198.500
393.877	162.500
394.056	158.500
394.236	206.500
394.416	180.500
394.595	156.500
394.775	116.500
394.955	141.500
395.135	176.500
395.314	170.500
395.494	181.500
395.674	165.500
395.853	164.500
396.033	171.500
396.213	138.500
396.393	120.500
396.572	135.500
396.752	162.500
396.932	199.500
397.112	212.500
397.291	212.500
397.471	190.500
397.651	179.500
397.830	182.500
398.010	157.500
398.190	164.500
398.370	176.500
398.549	188.500
398.729	152.500
398.909	166.500
399.089	184.500
399.268	229.500
399.448	201.500
399.628	156.500
399.807	163.500
399.987	162.500
400.167	190.500
400.347	210.500
400.526	239.500
400.706	213.500
400.886	186.500
401.065	151.500
401.245	177.500
401.425	202.500
401.605	198.500
401.784	176.500
401.964	173.500
402.144	190.500
402.324	182.500
402.503	195.500
402.683	246.500
402.863	245.500
403.042	206.500
403.222	187.500
403.402	232.500
403.582	204.500
403.761	201.500
403.941	225.500
404.121	236.500
404.301	243.500
404.480	285.500
404.660	281.500
404.844	272.500
405.029	280.500
405.213	269.500
405.398	289.500
405.582	321.500
405.767	369.500
405.951	326.500
406.136	312.500
406.320	326.500
406.505	337.500
406.689	413.500
406.874	422.500
407.058	429.500
407.243	486.500
407.427	497.500
407.612	483.500
407.796	491.500
407.981	579.500
408.165	645.500
408.350	660.500
408.534	627.500
408.719	692.500
408.903	740.500
409.088	768.500
409.272	817.500
409.457	854.500
409.641	894.500
409.826	935.500
410.010	1051.500
410.195	1109.500
410.379	1205.500
410.564	1250.500
410.748	1379.500
410.933	1528.500
411.117	1616.500
411.302	1696.500
411.486	1775.500
411.671	1900.500
411.855	1980.500
412.040	2049.500
412.224	2157.500
412.409	2282.500
412.593	2383.500
412.778	2481.500
412.962	2691.500
413.147	2828.500
413.331	2886.500
413.516	3049.500
413.700	3146.500
413.885	3232.500
414.069	3346.500
414.254	3499.500
414.438	3631.500
414.623	3753.500
414.807	3956.500
414.992	4053.500
415.176	4170.500
415.361	4269.500
415.545	4479.500
415.730	4694.500
415.914	4886.500
416.099	4956.500
416.283	5060.500
416.468	5232.500
416.652	5290.500
416.837	5290.500
417.021	5336.500
417.206	5453.500
417.390	5653.500
417.575	5754.500
417.759	5893.500
417.944	5988.500
418.128	6132.500
418.313	6291.500
418.497	6367.500
418.682	6434.500
418.866	6598.500
419.051	6749.500
419.235	6823.500
419.420	6900.500
419.604	7057.500
419.789	7216.500
419.973	7361.500
420.158	7597.500
420.342	7694.500
420.527	7787.500
420.711	8052.500
420.896	8186.500
421.080	8206.500
421.265	8295.500
421.449	8312.500
421.634	8207.500
421.818	8211.500
422.003	8282.500
422.187	8266.500
422.372	8274.500
422.556	8452.500
422.741	8567.500
422.925	8733.500
423.110	8854.500
423.294	8985.500
423.479	9161.500
423.663	9225.500
423.848	9234.500
424.032	9362.500
424.217	9447.500
424.401	9477.500
424.586	9576.500
424.770	9530.500
424.955	9528.500
425.139	9607.500
425.324	9745.500
425.508	9768.500
425.693	9781.500
425.877	9876.500
426.062	9856.500
426.246	9852.500
426.431	9726.500
426.615	9610.500
426.800	9640.500
426.984	9682.500
427.169	9743.500
427.353	9921.500
427.538	9982.500
427.722	10017.500
427.907	9969.500
428.091	9937.500
428.276	9886.500
428.460	9879.500
428.645	9922.500
428.829	9743.500
429.014	9496.500
429.198	9324.500
429.383	9186.500
429.567	8945.500
429.752	8588.500
429.936	8404.500
430.121	8331.500
430.305	8453.500
430.490	8674.500
430.674	9076.500
430.859	9378.500
431.043	9856.500
431.228	10277.500
431.412	10504.500
431.597	10589.500
431.781	10859.500
431.966	10945.500
432.150	11031.500
432.335	11258.500
432.519	11409.500
432.704	11490.500
432.888	11472.500
433.073	11455.500
433.257	11295.500
433.442	11117.500
433.626	11031.500
433.811	11207.500
433.995	11294.500
434.180	11477.500
434.364	11628.500
434.549	11736.500
434.733	11899.500
434.918	12036.500
435.102	12161.500
435.287	12434.500
435.471	12578.500
435.656	12761.500
435.840	12942.500
436.030	12994.500
436.219	12934.500
436.409	12936.500
436.599	12929.500
436.789	12918.500
436.978	12770.500
437.168	12602.500
437.358	12506.500
437.548	12357.500
437.737	12261.500
437.927	12136.500
438.117	12243.500
438.306	12234.500
438.496	12126.500
438.686	12323.500
438.876	12665.500
439.065	12660.500
439.255	12640.500
439.445	12672.500
439.634	12718.500
439.824	12800.500
440.014	12934.500
440.204	13217.500
440.393	13359.500
440.583	13464.500
440.773	13600.500
440.963	13931.500
441.152	14055.500
441.342	14230.500
441.532	14456.500
441.721	14690.500
441.911	14691.500
442.101	14633.500
442.291	14683.500
442.480	14799.500
442.670	14803.500
442.860	14795.500
443.050	15025.500
443.239	15063.500
443.429	15086.500
443.619	15164.500
443.808	15311.500
443.998	15456.500
444.188	15632.500
444.378	15615.500
444.567	15504.500
444.757	15461.500
444.947	15513.500
445.137	15410.500
445.326	15177.500
445.516	15205.500
445.706	15189.500
445.895	15148.500
446.085	15233.500
446.275	15516.500
446.465	15740.500
446.654	15950.500
446.844	16213.500
447.034	16322.500
447.223	16413.500
447.413	16591.500
447.603	16778.500
447.793	16819.500
447.982	16779.500
448.172	16923.500
448.362	17038.500
448.552	17082.500
448.741	17097.500
448.931	16916.500
449.121	17077.500
449.310	17273.500
449.500	17380.500
449.690	17543.500
449.880	17726.500
450.069	17991.500
450.259	18035.500
450.449	18161.500
450.639	18185.500
450.828	18184.500
451.018	18159.500
451.208	18150.500
451.397	18256.500
451.587	18227.500
451.777	18094.500
451.967	17951.500
452.156	17754.500
452.346	17633.500
452.536	17303.500
452.725	17005.500
452.915	16833.500
453.105	16893.500
453.295	17023.500
453.484	17062.500
453.674	17293.500
453.864	17456.500
454.054	17405.500
454.243	17540.500
454.433	17497.500
454.623	17478.500
454.812	17546.500
455.002	17489.500
455.192	17681.500
455.382	17755.500
455.571	17688.500
455.761	17671.500
455.951	17809.500
456.141	17863.500
456.330	17957.500
456.520	17952.500
456.710	18054.500
456.899	18025.500
457.089	18136.500
457.279	18223.500
457.469	18303.500
457.658	18249.500
457.848	18046.500
458.038	17926.500
458.228	17809.500
458.417	17794.500
458.607	17737.500
458.797	17747.500
458.986	17740.500
459.176	17699.500
459.366	17696.500
459.556	17659.500
459.745	17744.500
459.935	17883.500
460.125	17863.500
460.314	17894.500
460.504	18014.500
460.694	18011.500
460.884	18144.500
461.073	18169.500
461.263	18187.500
461.453	18230.500
461.643	18297.500
461.832	18384.500
462.022	18257.500
462.212	18253.500
462.401	18340.500
462.591	18560.500
462.781	18629.500
462.971	18622.500
463.160	18477.500
463.350	18507.500
463.540	18473.500
463.730	18218.500
463.919	18075.500
464.109	18177.500
464.299	18205.500
464.488	18028.500
464.678	17905.500
464.868	17967.500
465.058	18058.500
465.247	18073.500
465.437	18171.500
465.627	18322.500
465.816	18128.500
466.006	18023.500
466.196	18126.500
466.386	18078.500
466.575	18044.500
466.765	17781.500
466.955	17635.500
467.145	17956.500
467.334	18150.500
467.524	17958.500
467.714	18041.500
467.903	18143.500
468.093	18144.500
468.283	18225.500
468.473	18376.500
468.662	18480.500
468.852	18476.500
469.042	18391.500
469.232	18357.500
469.421	18510.500
469.611	18298.500
469.801	18221.500
469.990	18270.500
470.180	18265.500
470.370	18229.500
470.560	18082.500
470.749	18194.500
470.939	18261.500
471.129	18439.500
471.318	18644.500
471.508	18812.500
471.698	19005.500
471.888	19181.500
472.077	19203.500
472.267	19352.500
472.457	19393.500
472.647	19228.500
472.836	19018.500
473.026	19130.500
473.216	19325.500
473.405	19233.500
473.595	19266.500
473.785	19326.500
473.975	19308.500
474.164	19405.500
474.354	19566.500
474.544	19722.500
474.734	19649.500
474.923	19631.500
475.113	19621.500
475.303	19562.500
475.492	19606.500
475.682	19487.500
475.872	19488.500
476.062	19318.500
476.251	19235.500
476.441	19267.500
476.631	19241.500
476.821	19348.500
477.010	19448.500
477.200	19501.500
477.390	19570.500
477.579	19783.500
477.769	19820.500
477.959	19877.500
478.149	19905.500
478.338	20012.500
478.528	19767.500
478.718	19737.500
478.907	19846.500
479.097	19774.500
479.287	19767.500
479.477	19900.500
479.666	19983.500
479.856	19892.500
480.046	19973.500
480.236	20127.500
480.425	19916.500
480.615	19888.500
480.805	19700.500
480.994	19697.500
481.184	19776.500
481.374	19866.500
481.564	20001.500
481.753	19888.500
481.943	19707.500
482.133	19747.500
482.323	19754.500
482.512	19787.500
482.702	19728.500
482.892	19561.500
483.081	19669.500
483.271	19636.500
483.461	19499.500
483.651	19342.500
483.840	19308.500
484.030	19095.500
484.220	18954.500
484.409	19020.500
484.599	19068.500
484.789	19041.500
484.979	18905.500
485.168	18795.500
485.358	18398.500
485.548	17898.500
485.738	17439.500
485.927	16952.500
486.117	16637.500
486.307	16422.500
486.496	16406.500
486.686	16527.500
486.876	16635.500
487.066	16886.500
487.255	16947.500
487.445	17022.500
487.635	17378.500
487.825	17659.500
488.014	17727.500
488.204	17813.500
488.394	18121.500
488.583	18004.500
488.773	17910.500
488.963	18055.500
489.153	18154.500
489.342	18154.500
489.532	18298.500
489.722	18464.500
489.912	18691.500
490.101	18955.500
490.291	18977.500
490.481	18864.500
490.670	18786.500
490.860	18977.500
491.050	19028.500
491.240	18786.500
491.429	18545.500
491.619	18430.500
491.809	18297.500
491.998	18149.500
492.188	17993.500
492.378	18148.500
492.568	18331.500
492.757	18414.500
492.947	18619.500
493.137	18526.500
493.327	18453.500
493.516	18604.500
493.706	18562.500
493.896	18613.500
494.085	18801.500
494.275	18661.500
494.465	18786.500
494.655	19153.500
494.844	19491.500
495.034	19356.500
495.224	19004.500
495.414	18991.500
495.603	18981.500
495.793	18753.500
495.983	18924.500
496.172	19102.500
496.362	19211.500
496.552	19273.500
496.742	19328.500
496.931	19473.500
497.121	19456.500
497.311	19138.500
497.500	19261.500
497.690	19272.500
497.880	18944.500
498.070	18770.500
498.259	18948.500
498.449	18766.500
498.639	18551.500
498.829	18733.500
499.018	18986.500
499.208	18962.500
499.398	18995.500
499.587	18985.500
499.777	18778.500
499.967	18744.500
500.157	18726.500
500.346	18593.500
500.536	18580.500
500.726	18388.500
500.916	18436.500
501.105	18289.500
501.295	18102.500
501.485	17907.500
501.674	17954.500
501.864	17942.500
502.054	18007.500
502.244	18094.500
502.433	18353.500
502.623	18361.500
502.813	18269.500
503.003	18297.500
503.192	18533.500
503.382	18704.500
503.572	18462.500
503.761	18361.500
503.951	18261.500
504.141	18176.500
504.331	18269.500
504.520	18314.500
504.710	18303.500
504.900	18303.500
505.089	18293.500
505.279	18548.500
505.469	18682.500
505.659	18694.500
505.848	18916.500
506.038	18806.500
506.228	18877.500
506.418	18827.500
506.607	18727.500
506.797	18638.500
506.987	18580.500
507.176	18552.500
507.366	18404.500
507.556	18170.500
507.746	18108.500
507.935	18184.500
508.125	18169.500
508.315	18149.500
508.505	18190.500
508.694	18044.500
508.884	18007.500
509.074	18300.500
509.263	18446.500
509.453	18426.500
509.643	18216.500
509.833	18136.500
510.022	18057.500
510.212	17963.500
510.402	18025.500
510.592	17973.500
510.781	17951.500
510.971	17943.500
511.161	17976.500
511.350	18033.500
511.540	18002.500
511.730	18034.500
511.920	17879.500
512.109	17685.500
512.299	17826.500
512.489	17901.500
512.678	17640.500
512.868	17589.500
513.058	17435.500
513.248	17451.500
513.437	17415.500
513.627	17177.500
513.817	17081.500
514.007	17147.500
514.196	17110.500
514.386	17049.500
514.576	17060.500
514.765	17065.500
514.955	17013.500
515.145	16954.500
515.335	17141.500
515.524	17123.500
515.714	17121.500
515.904	16853.500
516.094	16643.500
516.283	16282.500
516.473	15894.500
516.663	15553.500
516.852	15237.500
517.042	15196.500
517.232	15221.500
517.422	15263.500
517.611	15339.500
517.801	15309.500
517.991	15276.500
518.180	15199.500
518.370	15216.500
518.560	15304.500
518.750	15415.500
518.939	15411.500
519.129	15747.500
519.319	15850.500
519.509	16020.500
519.698	16181.500
519.888	16262.500
520.078	16380.500
520.267	16328.500
520.457	16393.500
520.647	16348.500
520.837	16372.500
521.026	16501.500
521.216	16664.500
521.406	16744.500
521.596	16711.500
521.785	16753.500
521.975	16658.500
522.165	16617.500
522.354	16578.500
522.544	16518.500
522.734	16519.500
522.924	16473.500
523.113	16481.500
523.303	16550.500
523.493	16486.500
523.683	16619.500
523.872	16841.500
524.062	16818.500
524.252	16973.500
524.441	16812.500
524.631	16885.500
524.821	17077.500
525.011	17002.500
525.200	17106.500
525.390	17137.500
525.580	16877.500
525.769	16683.500
525.959	16546.500
526.149	16228.500
526.339	16016.500
526.528	15961.500
526.718	15884.500
526.908	15625.500
527.098	15629.500
527.287	15880.500
527.477	15997.500
527.667	16106.500
527.856	16282.500
528.046	16409.500
528.236	16471.500
528.426	16702.500
528.615	16806.500
528.805	16981.500
528.995	17081.500
529.185	16957.500
529.374	17048.500
529.564	17153.500
529.754	16906.500
529.943	16694.500
530.133	16910.500
530.323	17035.500
530.513	17068.500
530.702	17129.500
530.892	17099.500
531.082	16949.500
531.271	16962.500
531.461	16786.500
531.651	16624.500
531.841	16581.500
532.030	16328.500
532.220	15921.500
532.410	15881.500
532.600	15816.500
532.789	15844.500
532.979	15526.500
533.169	15683.500
533.358	15787.500
533.548	15782.500
533.738	15809.500
533.928	15886.500
534.117	15791.500
534.307	15593.500
534.497	15695.500
534.687	15904.500
534.876	15947.500
535.066	15978.500
535.256	15896.500
535.445	15705.500
535.635	15792.500
535.825	15798.500
536.015	15620.500
536.204	15409.500
536.394	15290.500
536.584	15205.500
536.773	15111.500
536.963	15269.500
537.153	15405.500
537.343	15261.500
537.532	15244.500
537.722	15275.500
537.912	15368.500
538.102	15344.500
538.291	15365.500
538.481	15205.500
538.671	15044.500
538.860	14946.500
539.050	14907.500
539.240	14941.500
539.430	14798.500
539.619	14572.500
539.809	14516.500
539.999	14485.500
540.189	14493.500
540.378	14351.500
540.568	14393.500
540.758	14330.500
540.947	14475.500
541.137	14732.500
541.327	14627.500
541.517	14683.500
541.706	14632.500
541.896	14575.500
542.086	14518.500
542.276	14667.500
542.465	14719.500
542.655	14561.500
542.845	14457.500
543.034	14354.500
543.224	14448.500
543.414	14632.500
543.604	14647.500
543.793	14660.500
543.983	14757.500
544.173	14734.500
544.362	14666.500
544.552	14589.500
544.742	14727.500
544.932	14776.500
545.121	14634.500
545.311	14552.500
545.501	14536.500
545.691	14555.500
545.880	14475.500
546.070	14489.500
546.264	14320.500
546.459	14252.500
546.653	14326.500
546.847	14217.500
547.041	14295.500
547.236	14216.500
547.430	14095.500
547.624	14121.500
547.818	14224.500
548.013	14278.500
548.207	14298.500
548.401	14291.500
548.596	14290.500
548.790	14289.500
548.984	14240.500
549.178	14250.500
549.373	14285.500
549.567	14195.500
549.761	14095.500
549.956	14047.500
550.150	14073.500
550.344	14056.500
550.538	14122.500
550.733	14146.500
550.927	13997.500
551.121	13926.500
551.315	14049.500
551.510	14166.500
551.704	14140.500
551.898	14075.500
552.093	14029.500
552.287	13882.500
552.481	13899.500
552.675	13909.500
552.870	13811.500
553.064	13887.500
553.258	14032.500
553.453	13974.500
553.647	14049.500
553.841	14032.500
554.035	14096.500
554.230	14033.500
554.424	13967.500
554.618	13952.500
554.812	13978.500
555.007	13917.500
555.201	13980.500
555.395	13989.500
555.590	13835.500
555.784	13687.500
555.978	13785.500
556.172	13847.500
556.367	13720.500
556.561	13624.500
556.755	13534.500
556.949	13383.500
557.144	13553.500
557.338	13499.500
557.532	13449.500
557.727	13414.500
557.921	13276.500
558.115	13133.500
558.309	13265.500
558.504	13403.500
558.698	13352.500
558.892	13140.500
559.087	13099.500
559.281	13172.500
559.475	13196.500
559.669	13143.500
559.864	13220.500
560.058	13384.500
560.252	13454.500
560.446	13561.500
560.641	13499.500
560.835	13466.500
561.029	13437.500
561.224	13392.500
561.418	13423.500
561.612	13509.500
561.806	13493.500
562.001	13435.500
562.195	13373.500
562.389	13367.500
562.584	13336.500
562.778	13542.500
562.972	13541.500
563.166	13381.500
563.361	13483.500
563.555	13474.500
563.749	13364.500
563.943	13425.500
564.138	13464.500
564.332	13462.500
564.526	13471.500
564.721	13321.500
564.915	13317.500
565.109	13235.500
565.303	13193.500
565.498	13060.500
565.692	13101.500
565.886	13150.500
566.081	12952.500
566.275	13064.500
566.469	13195.500
566.663	13149.500
566.858	13044.500
567.052	13120.500
567.246	13111.500
567.440	13030.500
567.635	13067.500
567.829	12998.500
568.023	12976.500
568.218	12916.500
568.412	13002.500
568.606	13026.500
568.800	13030.500
568.995	12922.500
569.189	12761.500
569.383	12658.500
569.577	12717.500
569.772	12759.500
569.966	12665.500
570.160	12559.500
570.355	12518.500
570.549	12518.500
570.743	12464.500
570.937	12563.500
571.132	12676.500
571.326	12665.500
571.520	12611.500
571.715	12559.500
571.909	12588.500
572.103	12687.500
572.297	12692.500
572.492	12656.500
572.686	12606.500
572.880	12624.500
573.074	12656.500
573.269	12673.500
573.463	12680.500
573.657	12620.500
573.852	12556.500
574.046	12422.500
574.240	12476.500
574.434	12521.500
574.629	12395.500
574.823	12342.500
575.017	12217.500
575.212	12345.500
575.406	12451.500
575.600	12322.500
575.794	12307.500
575.989	12292.500
576.183	12257.500
576.377	12287.500
576.571	12136.500
576.766	12090.500
576.960	12040.500
577.159	12054.500
577.357	12100.500
577.556	11960.500
577.755	11848.500
577.953	12002.500
578.152	12018.500
578.350	12036.500
578.549	11908.500
578.748	11807.500
578.946	11849.500
579.145	11830.500
579.344	11934.500
579.542	11931.500
579.741	11889.500
579.940	12003.500
580.138	11989.500
580.337	12020.500
580.535	12130.500
580.734	12256.500
580.933	12196.500
581.131	12257.500
581.330	12348.500
581.529	12402.500
581.727	12410.500
581.926	12519.500
582.125	12683.500
582.323	12653.500
582.522	12702.500
582.721	12672.500
582.919	12812.500
583.118	12891.500
583.316	12946.500
583.515	13030.500
583.714	13022.500
583.912	13004.500
584.111	12979.500
584.310	12934.500
584.508	12891.500
584.707	12943.500
584.906	12841.500
585.104	12819.500
585.303	12861.500
585.501	12914.500
585.700	12891.500
585.899	12884.500
586.097	12908.500
586.296	12786.500
586.495	12770.500
586.693	12823.500
586.892	12856.500
587.091	12795.500
587.289	12806.500
587.488	12818.500
587.686	12605.500
587.885	12257.500
588.084	12187.500
588.282	12041.500
588.481	11786.500
588.680	11494.500
588.878	11430.500
589.077	11480.500
589.276	11465.500
589.474	11440.500
589.673	11526.500
589.871	11593.500
590.070	11708.500
590.269	11818.500
590.467	11894.500
590.666	11823.500
590.865	11765.500
591.063	11767.500
591.262	11766.500
591.461	11995.500
591.659	11986.500
591.858	11960.500
592.056	11994.500
592.255	12027.500
592.454	12063.500
592.652	12093.500
592.851	12083.500
593.050	12049.500
593.248	11943.500
593.447	11990.500
593.646	11948.500
593.844	11808.500
594.043	11705.500
594.241	11909.500
594.440	12066.500
594.639	12001.500
594.837	11860.500
595.036	11910.500
595.235	11903.500
595.433	11917.500
595.632	11898.500
595.831	12004.500
596.029	12094.500
596.228	12070.500
596.427	12018.500
596.625	12025.500
596.824	12012.500
597.022	12114.500
597.221	11952.500
597.420	11964.500
597.618	11931.500
597.817	11871.500
598.016	11922.500
598.214	12109.500
598.413	12038.500
598.612	11881.500
598.810	11963.500
599.009	12000.500
599.207	12049.500
599.406	12063.500
599.605	12029.500
599.803	11994.500
600.002	12026.500
600.201	11941.500
600.399	11952.500
600.598	12117.500
600.797	12006.500
600.995	11809.500
601.194	11817.500
601.392	11864.500
601.591	11808.500
601.790	11644.500
601.988	11728.500
602.187	11765.500
602.386	11980.500
602.584	11999.500
602.783	11888.500
602.982	11987.500
603.180	12021.500
603.379	11945.500
603.577	12048.500
603.776	12144.500
603.975	12100.500
604.173	12174.500
604.372	12232.500
604.571	12135.500
604.769	12100.500
604.968	12050.500
605.167	12028.500
605.365	12118.500
605.564	12041.500
605.762	11932.500
605.961	11980.500
606.160	12041.500
606.358	11985.500
606.557	12032.500
606.756	12051.500
606.954	11997.500
607.153	12118.500
607.352	12078.500
607.550	12008.500
607.749	12002.500
607.948	11833.500
608.146	11846.500
608.345	11979.500
608.543	12011.500
608.742	11958.500
608.941	11877.500
609.139	11789.500
609.338	11794.500
609.537	11735.500
609.735	11740.500
609.934	11733.500
610.133	11624.500
610.331	11771.500
610.530	11869.500
610.728	11963.500
610.927	11863.500
611.126	11764.500
611.324	11805.500
611.523	11845.500
611.722	11814.500
611.920	11715.500
612.119	11694.500
612.318	11645.500
612.516	11579.500
612.715	11491.500
612.913	11498.500
613.112	11456.500
613.311	11514.500
613.509	11540.500
613.708	11553.500
613.907	11502.500
614.105	11463.500
614.304	11299.500
614.503	11471.500
614.701	11588.500
614.900	11520.500
615.098	11582.500
615.297	11428.500
615.496	11278.500
615.694	11322.500
615.893	11417.500
616.092	11198.500
616.290	11154.500
616.489	11352.500
616.688	11308.500
616.886	11184.500
617.085	11211.500
617.283	11213.500
617.482	11249.500
617.681	11388.500
617.879	11342.500
618.078	11294.500
618.277	11355.500
618.475	11217.500
618.674	11304.500
618.873	11301.500
619.071	11331.500
619.270	11387.500
619.468	11245.500
619.667	11327.500
619.866	11330.500
620.064	11377.500
620.263	11359.500
620.462	11355.500
620.660	11354.500
620.859	11291.500
621.058	11229.500
621.256	11263.500
621.455	11145.500
621.654	11184.500
621.852	11123.500
622.051	11170.500
622.249	11204.500
622.448	11148.500
622.647	11160.500
622.845	11086.500
623.044	11137.500
623.243	11137.500
623.441	11022.500
623.640	11005.500
623.839	10988.500
624.037	10866.500
624.236	10921.500
624.434	11002.500
624.633	10875.500
624.832	10858.500
625.030	10722.500
625.229	10801.500
625.428	10789.500
625.626	10802.500
625.825	10687.500
626.024	10749.500
626.222	10715.500
626.421	10750.500
626.619	10818.500
626.818	10712.500
627.017	10659.500
627.215	10718.500
627.414	10606.500
627.613	10490.500
627.811	10475.500
628.010	10501.500
628.209	10557.500
628.407	10594.500
628.606	10562.500
628.804	10579.500
629.003	10541.500
629.202	10452.500
629.400	10550.500
629.599	10579.500
629.798	10595.500
629.996	10465.500
630.195	10349.500
630.394	10397.500
630.592	10420.500
630.791	10365.500
630.990	10544.500
631.188	10494.500
631.387	10331.500
631.585	10327.500
631.784	10478.500
631.983	10416.500
632.181	10539.500
632.380	10655.500
632.579	10506.500
632.777	10435.500
632.976	10474.500
633.175	10488.500
633.373	10523.500
633.572	10688.500
633.770	10627.500
633.969	10569.500
634.168	10544.500
634.366	10552.500
634.565	10666.500
634.764	10639.500
634.962	10593.500
635.161	10594.500
635.360	10536.500
635.558	10438.500
635.757	10451.500
635.955	10515.500
636.154	10546.500
636.353	10554.500
636.551	10593.500
636.750	10488.500
636.949	10515.500
637.147	10726.500
637.346	10545.500
637.545	10503.500
637.743	10576.500
637.942	10633.500
638.140	10514.500
638.339	10485.500
638.538	10644.500
638.736	10692.500
638.935	10602.500
639.134	10600.500
639.332	10506.500
639.531	10411.500
639.730	10459.500
639.928	10586.500
640.127	10541.500
640.325	10458.500
640.524	10387.500
640.723	10388.500
640.921	10375.500
641.120	10269.500
641.319	10341.500
641.517	10311.500
641.716	10341.500
641.915	10411.500
642.113	10472.500
642.312	10387.500
642.510	10398.500
642.709	10388.500
642.908	10423.500
643.106	10431.500
643.305	10353.500
643.504	10422.500
643.702	10462.500
643.901	10444.500
644.100	10355.500
644.298	10374.500
644.497	10456.500
644.696	10443.500
644.894	10339.500
645.093	10387.500
645.291	10325.500
645.490	10286.500
645.689	10190.500
645.887	10223.500
646.086	10280.500
646.285	10353.500
646.483	10269.500
646.682	10225.500
646.881	10037.500
647.079	10060.500
647.278	10199.500
647.476	10126.500
647.675	10041.500
647.874	10102.500
648.072	10016.500
648.271	10073.500
648.470	10019.500
648.668	10050.500
648.867	10058.500
649.066	9919.500
649.264	9887.500
649.463	10022.500
649.661	10023.500
649.860	10014.500
650.059	10146.500
650.257	10137.500
650.456	10099.500
650.655	10228.500
650.853	10124.500
651.052	10099.500
651.251	10117.500
651.449	10026.500
651.648	10102.500
651.846	10158.500
652.045	10246.500
652.244	10179.500
652.442	10159.500
652.641	10352.500
652.840	10257.500
653.038	10226.500
653.237	10335.500
653.436	10278.500
653.634	10236.500
653.833	10170.500
654.032	10201.500
654.230	10231.500
654.429	10234.500
654.627	10126.500
654.826	10027.500
655.025	9940.500
655.223	9716.500
655.422	9486.500
655.621	9433.500
655.819	9235.500
656.018	9176.500
656.217	9236.500
656.415	9163.500
656.614	9164.500
656.812	9246.500
657.011	9401.500
657.210	9518.500
657.408	9510.500
657.607	9659.500
657.806	9785.500
658.004	9836.500
658.203	9906.500
658.402	9995.500
658.600	9959.500
658.799	10037.500
658.997	10049.500
659.196	10088.500
659.395	10043.500
659.593	10149.500
659.792	10336.500
659.991	10247.500
660.189	10180.500
660.388	10291.500
660.587	10481.500
660.785	10418.500
660.984	10354.500
661.182	10342.500
661.381	10307.500
661.580	10438.500
661.778	10475.500
661.977	10340.500
662.176	10483.500
662.374	10503.500
662.573	10514.500
662.772	10424.500
662.970	10294.500
663.169	10380.500
663.367	10452.500
663.566	10367.500
663.765	10388.500
663.963	10306.500
664.162	10219.500
664.361	10170.500
664.559	10285.500
664.758	10445.500
664.957	10484.500
665.155	10453.500
665.354	10478.500
665.552	10368.500
665.751	10311.500
665.950	10315.500
666.148	10182.500
666.347	10219.500
666.546	10249.500
666.744	10197.500
666.943	10194.500
667.142	10247.500
667.340	10226.500
667.539	10244.500
667.738	10311.500
667.936	10307.500
668.135	10230.500
668.333	10163.500
668.532	10190.500
668.731	10278.500
668.929	10352.500
669.128	10214.500
669.327	10140.500
669.525	10119.500
669.724	10109.500
669.923	10088.500
670.121	10091.500
670.320	10023.500
670.518	10099.500
670.717	10111.500
670.916	9970.500
671.114	9956.500
671.313	9926.500
671.512	10013.500
671.710	10026.500
671.909	10024.500
672.108	10054.500
672.306	9912.500
672.505	9892.500
672.703	9972.500
672.902	10067.500
673.101	10149.500
673.299	10019.500
673.498	10011.500
673.697	9996.500
673.895	9903.500
674.094	9842.500
674.293	9910.500
674.491	9760.500
674.690	9848.500
674.888	9812.500
675.087	9860.500
675.286	9926.500
675.484	9801.500
675.683	9727.500
675.882	9884.500
676.080	9914.500
676.279	9809.500
676.478	9790.500
676.676	9728.500
676.875	9838.500
677.073	9809.500
677.272	9782.500
677.471	9852.500
677.669	9812.500
677.868	9816.500
678.067	9696.500
678.265	9633.500
678.464	9729.500
678.663	9717.500
678.861	9707.500
679.060	9728.500
679.259	9684.500
679.457	9723.500
679.656	9650.500
679.854	9659.500
680.053	9615.500
680.252	9569.500
680.450	9547.500
680.649	9554.500
680.848	9597.500
681.046	9629.500
681.245	9606.500
681.444	9401.500
681.642	9374.500
681.841	9432.500
682.039	9448.500
682.238	9421.500
682.437	9452.500
682.635	9446.500
682.834	9435.500
683.033	9366.500
683.231	9419.500
683.430	9312.500
683.629	9255.500
683.827	9232.500
684.026	9239.500
684.224	9237.500
684.423	9312.500
684.622	9193.500
684.820	9206.500
685.019	9246.500
685.218	9192.500
685.416	8968.500
685.615	8883.500
685.814	8667.500
686.012	8354.500
686.211	8084.500
686.409	7848.500
686.608	7704.500
686.807	7645.500
687.005	7561.500
687.204	7681.500
687.403	7698.500
687.601	7681.500
687.800	7721.500
687.999	7728.500
688.197	7580.500
688.396	7630.500
688.594	7710.500
688.793	7670.500
688.992	7741.500
689.190	7779.500
689.389	7772.500
689.588	7863.500
689.786	7871.500
689.985	7851.500
690.184	7983.500
690.382	8004.500
690.581	8049.500
690.779	8022.500
690.978	8136.500
691.177	8189.500
691.375	8076.500
691.574	8149.500
691.773	8206.500
691.971	8237.500
692.170	8164.500
692.369	8094.500
692.567	8089.500
692.766	8196.500
692.965	8077.500
693.163	8070.500
693.362	8222.500
693.560	8250.500
693.759	8203.500
693.958	8195.500
694.156	8065.500
694.355	8087.500
694.554	8134.500
694.752	8174.500
694.951	8111.500
695.150	8034.500
695.348	8011.500
695.547	8219.500
695.745	8320.500
695.944	8376.500
696.143	8321.500
696.341	8325.500
696.540	8302.500
696.743	8319.500
696.946	8407.500
697.149	8406.500
697.352	8267.500
697.555	8346.500
697.757	8430.500
697.960	8260.500
698.163	8324.500
698.366	8243.500
698.569	8241.500
698.772	8197.500
698.975	8268.500
699.178	8308.500
699.381	8146.500
699.584	8048.500
699.787	8166.500
699.989	8046.500
700.192	7992.500
700.395	8040.500
700.598	7892.500
700.801	7888.500
701.004	7957.500
701.207	7936.500
701.410	7962.500
701.613	7944.500
701.816	7935.500
702.019	7972.500
702.221	8114.500
702.424	8049.500
702.627	7994.500
702.830	7993.500
703.033	8024.500
703.236	8080.500
703.439	8131.500
703.642	8190.500
703.845	8086.500
704.048	8055.500
704.251	8116.500
704.453	8165.500
704.656	8130.500
704.859	8158.500
705.062	8231.500
705.265	8229.500
705.468	8191.500
705.671	8126.500
705.874	8211.500
706.077	8184.500
706.280	8145.500
706.483	8185.500
706.685	8099.500
706.888	8112.500
707.091	8070.500
707.294	8066.500
707.497	8087.500
707.700	8050.500
707.903	8121.500
708.106	8096.500
708.309	8046.500
708.512	8037.500
708.715	8141.500
708.917	8147.500
709.120	8078.500
709.323	8184.500
709.526	8109.500
709.729	8095.500
709.932	8089.500
710.135	8050.500
710.338	8049.500
710.541	8084.500
710.744	8191.500
710.947	8126.500
711.149	8040.500
711.352	7989.500
711.555	8006.500
711.758	7975.500
711.961	8012.500
712.164	8057.500
712.367	7984.500
712.570	7988.500
712.773	8070.500
712.976	8050.500
713.179	7917.500
713.381	7881.500
713.584	7787.500
713.787	7832.500
713.990	7761.500
714.193	7785.500
714.396	7751.500
714.599	7752.500
714.802	7558.500
715.005	7566.500
715.208	7618.500
715.411	7647.500
715.613	7470.500
715.816	7380.500
716.019	7157.500
716.222	7032.500
716.425	6894.500
716.628	6686.500
716.831	6585.500
717.034	6408.500
717.237	6270.500
717.440	6191.500
717.643	6130.500
717.845	6021.500
718.048	5798.500
718.251	5795.500
718.454	5776.500
718.657	5769.500
718.860	5674.500
719.063	5650.500
719.266	5604.500
719.469	5584.500
719.672	5614.500
719.875	5704.500
720.077	5817.500
720.280	5897.500
720.483	6047.500
720.686	6113.500
720.889	6280.500
721.092	6345.500
721.295	6322.500
721.498	6450.500
721.701	6438.500
721.904	6503.500
722.107	6392.500
722.309	6400.500
722.512	6263.500
722.715	6138.500
722.918	6191.500
723.121	6069.500
723.324	6033.500
723.527	6035.500
723.730	6084.500
723.933	6020.500
724.136	5903.500
724.339	5888.500
724.541	5778.500
724.744	5775.500
724.947	5810.500
725.150	5750.500
725.353	5782.500
725.556	5824.500
725.759	5839.500
725.962	5845.500
726.165	5852.500
726.368	5759.500
726.571	5723.500
726.773	5773.500
726.976	5711.500
727.179	5697.500
727.382	5688.500
727.585	5737.500
727.788	5788.500
727.991	5674.500
728.194	5653.500
728.397	5626.500
728.600	5632.500
728.803	5565.500
729.005	5673.500
729.208	5750.500
729.411	5800.500
729.614	5727.500
729.817	5663.500
730.020	5759.500
730.223	5792.500
730.426	5756.500
730.629	5707.500
730.832	5714.500
731.035	5718.500
731.237	5720.500
731.440	5872.500
731.643	5978.500
731.846	6048.500
732.049	6056.500
732.252	5996.500
732.455	6033.500
732.658	6125.500
732.861	6157.500
733.064	6253.500
733.267	6297.500
733.469	6267.500
733.672	6266.500
733.875	6248.500
734.078	6211.500
734.281	6191.500
734.484	6185.500
734.687	6217.500
734.890	6163.500
735.093	6191.500
735.296	6175.500
735.499	6053.500
735.701	6063.500
735.904	6143.500
736.107	6114.500
736.310	6165.500
736.513	6138.500
736.716	6021.500
736.919	6126.500
737.122	6048.500
737.325	6069.500
737.528	6116.500
737.731	6088.500
737.933	6126.500
738.136	6173.500
738.339	6070.500
738.542	6076.500
738.745	6118.500
738.948	6194.500
739.151	6211.500
739.354	6026.500
739.557	6085.500
739.760	6027.500
739.963	5990.500
740.165	6045.500
740.368	5980.500
740.571	6050.500
740.774	6047.500
740.977	5894.500
741.180	5913.500
741.383	5921.500
741.586	5949.500
741.789	6014.500
741.992	6031.500
742.195	6008.500
742.397	5930.500
742.600	6065.500
742.803	6129.500
743.006	5997.500
743.209	5920.500
743.412	5912.500
743.615	5882.500
743.818	5930.500
744.021	5900.500
744.224	5949.500
744.427	5975.500
744.629	5934.500
744.832	5878.500
745.035	5921.500
745.238	5821.500
745.441	5832.500
745.644	5795.500
745.847	5816.500
746.050	5925.500
746.253	5843.500
746.456	5921.500
746.659	5874.500
746.861	5890.500
747.064	5908.500
747.267	5874.500
747.470	5816.500
747.673	5805.500
747.876	5860.500
748.079	5793.500
748.282	5739.500
748.485	5725.500
748.688	5749.500
748.891	5638.500
749.093	5577.500
749.296	5679.500
749.499	5688.500
749.702	5730.500
749.905	5680.500
750.108	5670.500
750.311	5579.500
750.514	5606.500
750.717	5652.500
750.920	5568.500
751.123	5613.500
751.325	5498.500
751.528	5518.500
751.731	5564.500
751.934	5543.500
752.137	5522.500
752.340	5521.500
752.543	5450.500
752.746	5527.500
752.949	5626.500
753.152	5589.500
753.355	5520.500
753.557	5478.500
753.760	5545.500
753.963	5474.500
754.166	5334.500
754.369	5364.500
754.572	5468.500
754.775	5475.500
754.978	5489.500
755.181	5409.500
755.384	5316.500
755.587	5394.500
755.789	5406.500
755.992	5315.500
756.195	5307.500
756.398	5334.500
756.601	5342.500
756.804	5286.500
757.007	5237.500
757.210	5163.500
757.413	5155.500
757.616	5123.500
757.819	5093.500
758.021	4969.500
758.224	4686.500
758.427	4463.500
758.630	4134.500
758.833	3632.500
759.036	3281.500
759.239	3044.500
759.442	2811.500
759.645	2628.500
759.848	2501.500
760.051	2408.500
760.253	2407.500
760.456	2442.500
760.659	2501.500
760.862	2421.500
761.065	2403.500
761.268	2421.500
761.471	2401.500
761.674	2327.500
761.877	2218.500
762.080	2235.500
762.283	2256.500
762.485	2242.500
762.688	2304.500
762.891	2459.500
763.094	2540.500
763.297	2543.500
763.500	2508.500
763.706	2598.500
763.912	2690.500
764.118	2803.500
764.325	2885.500
764.531	2960.500
764.737	3012.500
764.943	3062.500
765.149	3182.500
765.355	3246.500
765.561	3338.500
765.768	3442.500
765.974	3659.500
766.180	3856.500
766.386	3933.500
766.592	3970.500
766.798	4066.500
767.004	4113.500
767.210	4242.500
767.417	4230.500
767.623	4145.500
767.829	4231.500
768.035	4302.500
768.241	4343.500
768.447	4434.500
768.653	4457.500
768.860	4491.500
769.066	4507.500
769.272	4526.500
769.478	4478.500
769.684	4521.500
769.890	4519.500
770.096	4513.500
770.303	4458.500
770.509	4566.500
770.715	4612.500
770.921	4554.500
771.127	4545.500
771.333	4616.500
771.539	4569.500
771.745	4593.500
771.952	4588.500
772.158	4536.500
772.364	4554.500
772.570	4553.500
772.776	4546.500
772.982	4472.500
773.188	4449.500
773.395	4435.500
773.601	4426.500
773.807	4375.500
774.013	4470.500
774.219	4503.500
774.425	4529.500
774.631	4518.500
774.838	4498.500
775.044	4424.500
775.250	4388.500
775.456	4486.500
775.662	4491.500
775.868	4501.500
776.074	4479.500
776.281	4437.500
776.487	4495.500
776.693	4346.500
776.899	4303.500
777.105	4342.500
777.311	4351.500
777.517	4308.500
777.723	4356.500
777.930	4393.500
778.136	4320.500
778.342	4320.500
778.548	4305.500
778.754	4308.500
778.960	4255.500
779.166	4291.500
779.373	4309.500
779.579	4215.500
779.785	4267.500
779.991	4264.500
780.197	4143.500
780.403	4155.500
780.609	4179.500
780.816	4205.500
781.022	4173.500
781.228	4197.500
781.434	4207.500
781.640	4237.500
781.846	4296.500
782.052	4165.500
782.259	4047.500
782.465	4202.500
782.671	4275.500
782.877	4138.500
783.083	4136.500
783.289	4024.500
783.495	4036.500
783.701	3978.500
783.908	3971.500
784.114	3971.500
784.320	4018.500
784.526	4067.500
784.732	4053.500
784.938	4003.500
785.144	4037.500
785.351	4105.500
785.557	4027.500
785.763	3995.500
785.969	3944.500
786.175	3871.500
786.381	3927.500
786.587	3932.500
786.794	3878.500
787.000	3963.500
787.206	3938.500
787.412	3864.500
787.618	3822.500
787.824	3754.500
788.030	3739.500
788.236	3760.500
788.443	3753.500
788.649	3685.500
788.855	3739.500
789.061	3714.500
789.267	3714.500
789.473	3704.500
789.679	3726.500
789.886	3708.500
790.092	3688.500
790.298	3698.500
790.504	3704.500
790.710	3655.500
790.916	3570.500
791.122	3592.500
791.329	3656.500
791.535	3550.500
791.741	3503.500
791.947	3588.500
792.153	3599.500
792.359	3496.500
792.565	3515.500
792.771	3556.500
792.978	3537.500
793.184	3499.500
793.390	3434.500
793.596	3483.500
793.802	3563.500
794.008	3485.500
794.214	3456.500
794.421	3497.500
794.627	3442.500
794.833	3345.500
795.039	3399.500
795.245	3400.500
795.451	3359.500
795.657	3318.500
795.864	3307.500
796.070	3379.500
796.276	3365.500
796.482	3296.500
796.688	3306.500
796.894	3421.500
797.100	3436.500
797.307	3309.500
797.513	3318.500
797.719	3350.500
797.925	3293.500
798.131	3335.500
798.337	3353.500
798.543	3278.500
798.749	3290.500
798.956	3268.500
799.162	3190.500
799.368	3123.500
799.574	3166.500
799.780	3295.500
799.986	3189.500
800.192	3182.500
800.399	3294.500
800.605	3263.500
800.811	3194.500
801.017	3257.500
801.223	3119.500
801.429	3080.500
801.635	3123.500
801.842	3143.500
802.048	3138.500
802.254	3137.500
802.460	3171.500
802.666	3155.500
802.872	3125.500
803.078	3123.500
803.285	3091.500
803.491	3036.500
803.697	3096.500
803.903	3069.500
804.109	3014.500
804.315	3073.500
804.521	3028.500
804.727	3082.500
804.934	3040.500
805.140	3043.500
805.346	3026.500
805.552	2977.500
805.758	3059.500
805.964	3026.500
806.170	3006.500
806.377	3032.500
806.583	2998.500
806.789	2892.500
806.995	2900.500
807.201	2952.500
807.407	3024.500
807.613	2964.500
807.820	2941.500
808.026	2943.500
808.232	2955.500
808.438	2912.500
808.644	2855.500
808.850	2815.500
809.056	2839.500
809.262	2814.500
809.469	2814.500
809.675	2824.500
809.881	2794.500
810.087	2828.500
810.293	2854.500
810.499	2809.500
810.705	2655.500
810.912	2721.500
811.118	2722.500
811.324	2720.500
811.530	2744.500
811.739	2704.500
811.947	2623.500
812.156	2558.500
812.365	2586.500
812.573	2533.500
812.782	2448.500
812.990	2376.500
813.199	2370.500
813.408	2400.500
813.616	2342.500
813.825	2274.500
814.034	2298.500
814.242	2320.500
814.451	2324.500
814.659	2310.500
814.868	2225.500
815.077	2192.500
815.285	2154.500
815.494	2106.500
815.703	2135.500
815.911	2163.500
816.120	2171.500
816.329	2149.500
816.537	2106.500
816.746	2086.500
816.954	2042.500
817.163	2055.500
817.372	2122.500
817.580	2071.500
817.789	2033.500
817.998	2074.500
818.206	2103.500
818.415	2046.500
818.624	1978.500
818.832	1949.500
819.041	1961.500
819.249	2049.500
819.458	2106.500
819.667	2145.500
819.875	2106.500
820.084	2116.500
820.293	2160.500
820.501	2141.500
820.710	2149.500
820.919	2166.500
821.127	2122.500
821.336	2069.500
821.544	2027.500
821.753	1983.500
821.962	1904.500
822.170	1925.500
822.379	1912.500
822.588	1996.500
822.796	2055.500
823.005	1955.500
823.213	1978.500
823.422	2077.500
823.631	2022.500
823.839	2012.500
824.048	2051.500
824.257	2101.500
824.465	2122.500
824.674	2076.500
824.883	2023.500
825.091	2039.500
825.300	2134.500
825.508	2157.500
825.717	2141.500
825.926	2159.500
826.134	2197.500
826.343	2147.500
826.552	2071.500
826.760	2064.500
826.969	2066.500
827.178	2064.500
827.386	1948.500
827.595	1979.500
827.803	2065.500
828.012	2035.500
828.221	2011.500
828.429	2032.500
828.638	2038.500
828.847	2024.500
829.055	1980.500
829.264	2029.500
829.472	2026.500
829.681	2014.500
829.890	1961.500
830.098	1964.500
830.307	2004.500
830.516	1971.500
830.724	1993.500
830.933	1964.500
831.142	1970.500
831.350	1982.500
831.559	1978.500
831.767	1996.500
831.976	1947.500
832.185	1940.500
832.393	1959.500
832.602	1941.500
832.811	1917.500
833.019	1920.500
833.228	1924.500
833.437	1928.500
833.645	1956.500
833.854	1959.500
834.062	2001.500
834.271	1991.500
834.480	1955.500
834.688	1964.500
834.897	1970.500
835.106	1906.500
835.314	1929.500
835.523	1986.500
835.731	1955.500
835.940	1954.500
836.149	1892.500
836.357	1963.500
836.566	2068.500
836.775	2046.500
836.983	1985.500
837.192	1965.500
837.401	1996.500
837.609	2022.500
837.818	2017.500
838.026	1963.500
838.235	1930.500
838.444	1939.500
838.652	1991.500
838.861	2008.500
839.070	2009.500
839.278	1957.500
839.487	1913.500
839.696	1893.500
839.904	1913.500
840.113	1933.500
840.321	1921.500
840.530	2033.500
840.739	2023.500
840.947	1898.500
841.156	1932.500
841.365	1966.500
841.573	1934.500
841.782	1958.500
841.991	1995.500
842.199	1952.500
842.408	1888.500
842.616	1883.500
842.825	1901.500
843.034	1932.500
843.242	1925.500
843.451	1886.500
843.660	1895.500
843.868	1890.500
844.077	1849.500
844.285	1914.500
844.494	1924.500
844.703	1882.500
844.911	1911.500
845.120	1877.500
845.329	1864.500
845.537	1850.500
845.746	1811.500
845.955	1845.500
846.163	1876.500
846.372	1876.500
846.580	1820.500
846.789	1801.500
846.998	1820.500
847.206	1831.500
847.415	1800.500
847.624	1826.500
847.832	1897.500
848.041	1810.500
848.250	1831.500
848.458	1835.500
848.667	1827.500
848.875	1806.500
849.084	1677.500
849.293	1642.500
849.501	1689.500
849.710	1690.500
849.919	1670.500
850.127	1647.500
850.336	1710.500
850.544	1718.500
850.753	1714.500
850.962	1674.500
851.170	1689.500
851.379	1702.500
851.588	1725.500
851.796	1737.500
852.005	1706.500
852.214	1651.500
852.422	1630.500
852.631	1557.500
852.839	1533.500
853.048	1574.500
853.257	1546.500
853.465	1479.500
853.674	1426.500
853.883	1450.500
854.091	1445.500
854.300	1533.500
854.509	1518.500
854.717	1568.500
854.926	1595.500
855.134	1552.500
855.343	1526.500
855.552	1520.500
855.760	1546.500
855.969	1589.500
856.178	1554.500
856.386	1567.500
856.595	1582.500
856.803	1529.500
857.012	1557.500
857.221	1533.500
857.429	1542.500
857.638	1467.500
857.847	1551.500
858.055	1640.500
858.264	1646.500
858.473	1572.500
858.681	1506.500
858.890	1517.500
859.098	1530.500
859.307	1549.500
859.516	1508.500
859.724	1502.500
859.933	1528.500
860.142	1548.500
860.350	1546.500
860.559	1469.500
860.768	1520.500
860.976	1506.500
861.185	1430.500
861.393	1490.500
861.602	1534.500
861.811	1524.500
862.019	1565.500
862.228	1510.500
862.437	1443.500
862.645	1466.500
862.854	1500.500
863.062	1490.500
863.271	1450.500
863.480	1411.500
863.688	1404.500
863.897	1381.500
864.106	1384.500
864.314	1440.500
864.523	1408.500
864.732	1394.500
864.940	1354.500
865.149	1325.500
865.357	1342.500
865.566	1289.500
865.775	1301.500
865.983	1305.500
866.192	1228.500
866.401	1272.500
866.609	1306.500
866.818	1341.500
867.027	1312.500
867.235	1268.500
867.444	1262.500
867.652	1259.500
867.861	1268.500
868.070	1285.500
868.278	1286.500
868.487	1313.500
868.696	1357.500
868.904	1299.500
869.113	1242.500
869.321	1274.500
869.530	1254.500
869.739	1245.500
869.947	1278.500
870.156	1302.500
870.365	1233.500
870.573	1214.500
870.782	1273.500
870.991	1266.500
871.199	1270.500
871.408	1271.500
871.616	1220.500
871.825	1219.500
872.034	1270.500
872.242	1214.500
872.451	1162.500
872.660	1202.500
872.868	1254.500
873.077	1173.500
873.286	1166.500
873.494	1196.500
873.703	1150.500
873.911	1174.500
874.120	1163.500
874.329	1138.500
874.537	1184.500
874.746	1202.500
874.955	1162.500
875.163	1120.500
875.372	1152.500
875.581	1140.500
875.789	1101.500
875.998	1126.500
876.206	1191.500
876.415	1138.500
876.624	1134.500
876.832	1118.500
877.041	1074.500
877.250	1073.500
877.458	1045.500
877.667	1082.500
877.875	1112.500
878.084	1149.500
878.293	1147.500
878.501	1090.500
878.710	1021.500
878.919	1102.500
879.127	1047.500
879.336	1020.500
879.545	1010.500
879.753	1028.500
879.962	1046.500
880.170	973.500
880.379	1019.500
880.588	1090.500
880.796	1080.500
881.005	978.500
881.214	1015.500
881.422	1071.500
881.631	1014.500
881.840	1007.500
882.048	1042.500
882.257	1020.500
882.465	994.500
882.674	1022.500
882.883	1086.500
883.091	1030.500
883.300	998.500
883.509	941.500
883.717	1019.500
883.926	1054.500
884.134	1038.500
884.343	969.500
884.552	978.500
884.760	1014.500
884.969	1007.500
885.178	1008.500
885.386	942.500
885.595	892.500
885.804	904.500
886.012	933.500
886.221	958.500
886.429	996.500
886.638	982.500
886.847	981.500
887.055	957.500
887.264	968.500
887.473	990.500
887.681	980.500
887.890	937.500
888.099	952.500
888.307	951.500
888.516	956.500
888.724	933.500
888.933	940.500
889.142	952.500
889.350	917.500
889.559	890.500
889.768	851.500
889.976	863.500
890.185	893.500
890.393	893.500
890.602	887.500
890.811	892.500
891.019	882.500
891.228	884.500
891.437	840.500
891.645	853.500
891.854	854.500
892.063	922.500
892.271	862.500
892.480	814.500
892.688	883.500
892.897	907.500
893.106	854.500
893.314	820.500
893.523	795.500
893.732	807.500
893.940	800.500
894.149	740.500
894.358	707.500
894.566	756.500
894.775	746.500
894.983	746.500
895.192	701.500
895.401	695.500
895.609	689.500
895.818	678.500
896.027	678.500
896.235	677.500
896.444	696.500
896.652	686.500
896.861	706.500
897.070	736.500
897.278	735.500
897.487	712.500
897.696	647.500
897.904	592.500
898.113	591.500
898.322	622.500
898.530	616.500
898.739	614.500
898.947	631.500
899.156	618.500
899.365	617.500
899.573	639.500
899.782	604.500
899.991	612.500
900.199	594.500
900.408	590.500
900.617	599.500
900.825	576.500
901.034	634.500
901.242	597.500
901.451	562.500
901.660	607.500
901.868	648.500
902.077	681.500
902.286	671.500
902.494	662.500
902.703	666.500
902.911	682.500
903.120	652.500
903.329	663.500
903.537	656.500
903.746	699.500
903.955	688.500
904.163	690.500
904.372	661.500
904.581	714.500
904.789	689.500
904.998	688.500
905.206	689.500
905.415	669.500
905.624	625.500
905.832	650.500
906.041	616.500
906.250	572.500
906.458	585.500
906.667	572.500
906.876	571.500
907.084	569.500
907.293	592.500
907.501	626.500
907.710	577.500
907.919	561.500
908.127	584.500
908.336	570.500
908.545	581.500
908.753	568.500
908.962	554.500
909.170	555.500
909.379	535.500
909.588	549.500
909.796	565.500
910.005	548.500
910.214	522.500
910.422	492.500
910.631	524.500
910.840	532.500
911.048	518.500
911.257	523.500
911.465	534.500
911.674	548.500
911.883	525.500
912.091	564.500
912.300	544.500
912.508	552.500
912.716	549.500
912.924	483.500
913.132	523.500
913.340	501.500
913.549	470.500
913.757	498.500
913.965	505.500
914.173	506.500
914.381	470.500
914.589	472.500
914.797	506.500
915.005	506.500
915.213	468.500
915.421	507.500
915.629	496.500
915.838	453.500
916.046	439.500
916.254	439.500
916.462	413.500
916.670	427.500
916.878	497.500
917.086	509.500
917.294	504.500
917.502	503.500
917.710	499.500
917.919	506.500
918.127	503.500
918.335	506.500
918.543	491.500
918.751	491.500
918.959	507.500
919.167	505.500
919.375	498.500
919.583	494.500
919.791	518.500
919.999	554.500
920.208	535.500
920.416	487.500
920.624	513.500
920.832	494.500
921.040	449.500
921.248	489.500
921.456	494.500
921.664	458.500
921.872	484.500
922.080	497.500
922.288	498.500
922.497	474.500
922.705	467.500
922.913	468.500
923.121	468.500
923.329	468.500
923.537	437.500
923.745	423.500
923.953	425.500
924.161	465.500
924.369	420.500
924.578	419.500
924.786	445.500
924.994	466.500
925.202	457.500
925.410	435.500
925.618	423.500
925.826	432.500
926.034	464.500
926.242	441.500
926.450	466.500
926.658	418.500
926.867	416.500
927.075	394.500
927.283	425.500
927.491	377.500
927.699	355.500
927.907	360.500
928.115	394.500
928.323	396.500
928.531	361.500
928.739	296.500
928.947	291.500
929.156	267.500
929.364	258.500
929.572	292.500
929.780	233.500
929.988	228.500
930.196	254.500
930.404	271.500
930.612	286.500
930.820	258.500
931.028	256.500
931.236	201.500
931.445	165.500
931.653	200.500
931.861	202.500
932.069	181.500
932.277	197.500
932.485	203.500
932.693	189.500
932.901	151.500
933.109	162.500
933.317	128.500
933.526	122.500
933.734	112.500
933.942	131.500
934.150	157.500
934.358	164.500
934.566	163.500
934.774	170.500
934.982	139.500
935.190	65.500
935.398	107.500
935.606	115.500
935.815	110.500
936.023	64.500
936.231	79.500
936.439	155.500
936.647	140.500
936.855	148.500
937.063	152.500
937.271	153.500
937.479	238.500
937.687	191.500
937.895	123.500
938.104	150.500
938.312	172.500
938.520	173.500
938.728	168.500
938.936	152.500
939.144	173.500
939.352	148.500
939.560	141.500
939.768	191.500
939.976	173.500
940.185	154.500
940.393	141.500
940.601	145.500
940.809	182.500
941.017	176.500
941.225	146.500
941.433	107.500
941.641	98.500
941.849	97.500
942.057	112.500
942.265	151.500
942.474	140.500
942.682	159.500
942.890	121.500
943.098	118.500
943.306	110.500
943.514	128.500
943.722	112.500
943.930	103.500
944.138	134.500
944.346	161.500
944.554	149.500
944.763	133.500
944.971	77.500
945.179	82.500
945.387	156.500
945.595	173.500
945.803	155.500
946.011	98.500
946.219	143.500
946.427	142.500
946.635	184.500
946.843	187.500
947.052	127.500
947.260	94.500
947.468	100.500
947.676	100.500
947.884	130.500
948.092	131.500
948.300	165.500
948.508	155.500
948.716	155.500
948.924	160.500
949.133	158.500
949.341	141.500
949.549	92.500
949.757	65.500
949.965	72.500
950.173	75.500
950.381	124.500
950.589	147.500
950.797	147.500
951.005	126.500
951.213	82.500
951.422	94.500
951.630	78.500
951.838	122.500
952.046	169.500
952.254	166.500
952.462	148.500
952.670	165.500
952.878	154.500
953.086	141.500
953.294	146.500
953.502	124.500
953.711	95.500
953.919	116.500
954.127	124.500
954.335	124.500
954.543	130.500
954.751	158.500
954.959	139.500
955.167	135.500
955.375	146.500
955.583	149.500
955.792	160.500
956.000	162.500
956.208	147.500
956.416	132.500
956.624	109.500
956.832	120.500
957.040	165.500
957.248	149.500
957.456	115.500
957.664	155.500
957.872	149.500
958.081	145.500
958.289	132.500
958.497	106.500
958.705	126.500
958.913	132.500
959.121	80.500
959.329	78.500
959.537	113.500
959.745	140.500
959.953	141.500
960.161	121.500
960.370	150.500
960.578	144.500
960.786	145.500
960.994	127.500
961.202	145.500
961.410	141.500
961.618	126.500
961.826	131.500
962.034	181.500
962.242	177.500
962.451	115.500
962.659	87.500
962.867	119.500
963.075	138.500
963.283	126.500
963.491	110.500
963.699	71.500
963.907	107.500
964.115	108.500
964.323	118.500
964.531	139.500
964.740	132.500
964.948	121.500
965.156	94.500
965.364	117.500
965.572	160.500
965.780	161.500
965.999	130.500
966.218	150.500
966.438	145.500
966.657	157.500
966.876	198.500
967.095	153.500
967.315	127.500
967.534	128.500
967.753	167.500
967.972	146.500
968.192	92.500
968.411	126.500
968.630	163.500
968.849	153.500
969.068	135.500
969.288	141.500
969.507	133.500
969.726	163.500
969.945	207.500
970.165	129.500
970.384	92.500
970.603	156.500
970.822	163.500
971.042	182.500
971.261	201.500
971.480	195.500
971.699	166.500
971.919	179.500
972.138	152.500
972.357	160.500
972.576	161.500
972.795	181.500
973.015	179.500
973.234	193.500
973.453	166.500
973.672	121.500
973.892	141.500
974.111	178.500
974.330	170.500
974.549	162.500
974.769	145.500
974.988	139.500
975.207	111.500
975.426	121.500
975.646	131.500
975.865	144.500
976.084	94.500
976.303	64.500
976.522	103.500
976.742	123.500
976.961	125.500
977.180	135.500
977.399	108.500
977.619	112.500
977.838	130.500
978.057	116.500
978.276	154.500
978.496	112.500
978.715	114.500
978.934	164.500
979.153	134.500
979.372	150.500
979.592	160.500
979.811	122.500
980.030	139.500
980.249	144.500
980.469	111.500
980.688	88.500
980.907	69.500
981.126	102.500
981.346	140.500
981.565	202.500
981.784	202.500
982.003	160.500
982.223	163.500
982.442	200.500
982.661	137.500
982.880	136.500
983.099	159.500
983.319	154.500
983.538	168.500
983.757	161.500
983.976	152.500
984.196	110.500
984.415	111.500
984.634	112.500
984.853	101.500
985.073	117.500
985.292	116.500
985.511	122.500
985.730	128.500
985.949	139.500
986.169	151.500
986.388	152.500
986.607	119.500
986.826	138.500
987.046	97.500
987.265	99.500
987.484	129.500
987.703	125.500
987.923	112.500
988.142	144.500
988.361	141.500
988.580	157.500
988.800	129.500
989.019	141.500
989.238	167.500
989.457	102.500
989.676	106.500
989.896	109.500
990.115	112.500
990.334	121.500
990.553	135.500
990.773	121.500
990.992	119.500
991.211	77.500
991.430	87.500
991.650	77.500
991.869	81.500
992.088	126.500
992.307	119.500
992.527	98.500
992.746	91.500
992.965	99.500
993.184	100.500
993.403	105.500
993.623	106.500
993.842	112.500
994.061	103.500
994.280	134.500
994.500	133.500
994.719	121.500
994.938	117.500
995.157	114.500
995.377	93.500
995.596	57.500
995.815	89.500
996.034	85.500
996.253	82.500
996.473	123.500
996.692	137.500
996.911	99.500
997.130	70.500
997.350	73.500
997.569	52.500
997.788	61.500
998.007	98.500
998.227	108.500
998.446	96.500
998.665	142.500
998.884	121.500
999.104	86.500
999.323	85.500
999.542	82.500
999.761	83.500
999.980	77.500
1000.200	120.500
1000.419	92.500
1000.638	45.500
1000.857	44.500
1001.077	94.500
1001.296	100.500
1001.515	81.500
1001.734	83.500
1001.954	103.500
1002.173	129.500
1002.392	125.500
1002.611	68.500
1002.830	28.500
1003.050	82.500
1003.269	90.500
1003.488	57.500
1003.707	43.500
1003.927	98.500
1004.146	147.500
1004.365	136.500
1004.584	112.500
1004.804	95.500
1005.023	82.500
1005.242	82.500
1005.461	78.500
1005.681	88.500
1005.900	51.500
1006.119	82.500
1006.338	99.500
1006.557	79.500
1006.777	56.500
1006.996	104.500
1007.215	92.500
1007.434	57.500
1007.654	94.500
1007.873	84.500
1008.092	64.500
1008.311	49.500
1008.531	52.500
1008.750	99.500
1008.969	69.500
1009.188	42.500
1009.407	41.500
1009.627	76.500
1009.846	69.500
1010.065	50.500
1010.284	59.500
1010.504	49.500
1010.723	77.500
1010.942	87.500
1011.161	85.500
1011.381	75.500
1011.600	106.500
1011.819	77.500
1012.038	57.500
1012.258	78.500
1012.477	51.500
1012.696	71.500
1012.915	79.500
1013.134	59.500
1013.354	54.500
1013.573	65.500
1013.792	88.500
1014.011	73.500
1014.231	74.500
1014.450	90.500
1014.669	79.500
1014.888	58.500
1015.108	74.500
1015.327	103.500
1015.546	107.500
1015.765	115.500
1015.984	66.500
1016.204	39.500
1016.423	78.500
1016.642	83.500
1016.861	41.500
1017.081	46.500
1017.300	85.500
1017.519	76.500
