296.912	91.500
297.101	65.500
297.290	72.500
297.479	97.500
297.668	68.500
297.858	91.500
298.047	99.500
298.236	58.500
298.425	31.500
298.614	24.500
298.803	14.500
298.992	100.500
299.181	64.500
299.370	95.500
299.559	80.500
299.748	101.500
299.937	26.500
300.126	74.500
300.315	53.500
300.504	3.500
300.693	40.500
300.882	73.500
301.071	70.500
301.260	56.500
301.449	100.500
301.638	35.500
301.827	97.500
302.016	60.500
302.205	79.500
302.395	102.500
302.584	72.500
302.773	73.500
302.962	103.500
303.151	87.500
303.340	123.500
303.529	46.500
303.718	74.500
303.907	77.500
304.096	93.500
304.285	13.500
304.474	84.500
304.663	110.500
304.852	110.500
305.041	103.500
305.230	64.500
305.419	5.500
305.608	77.500
305.797	39.500
305.986	103.500
306.175	68.500
306.364	62.500
306.553	109.500
306.743	95.500
306.932	44.500
307.121	55.500
307.310	54.500
307.499	99.500
307.688	-15.500
307.877	14.500
308.066	23.500
308.255	72.500
308.444	88.500
308.633	86.500
308.822	105.500
309.011	91.500
309.200	55.500
309.389	44.500
309.578	27.500
309.767	53.500
309.956	50.500
310.145	75.500
310.334	92.500
310.523	41.500
310.712	41.500
310.901	87.500
311.091	55.500
311.280	91.500
311.469	49.500
311.658	81.500
311.847	109.500
312.036	105.500
312.225	62.500
312.414	94.500
312.603	70.500
312.792	117.500
312.981	67.500
313.170	33.500
313.349	53.500
313.527	74.500
313.706	66.500
313.884	58.500
314.063	115.500
314.241	47.500
314.420	57.500
314.598	80.500
314.777	49.500
314.955	62.500
315.134	56.500
315.312	64.500
315.491	102.500
315.669	106.500
315.848	104.500
316.027	46.500
316.205	79.500
316.384	41.500
316.562	129.500
316.741	65.500
316.919	47.500
317.098	64.500
317.276	73.500
317.455	67.500
317.633	77.500
317.812	89.500
317.990	101.500
318.169	116.500
318.347	78.500
318.526	60.500
318.705	65.500
318.883	66.500
319.062	110.500
319.240	117.500
319.419	109.500
319.597	115.500
319.776	57.500
319.954	49.500
320.133	84.500
320.311	52.500
320.490	118.500
320.668	118.500
320.847	47.500
321.025	94.500
321.204	99.500
321.382	139.500
321.561	134.500
321.740	70.500
321.918	70.500
322.097	39.500
322.275	126.500
322.454	108.500
322.632	141.500
322.811	88.500
322.989	89.500
323.168	90.500
323.346	30.500
323.525	127.500
323.703	79.500
323.882	91.500
324.060	100.500
324.239	91.500
324.418	116.500
324.596	89.500
324.775	142.500
324.953	13.500
325.132	68.500
325.310	66.500
325.489	76.500
325.667	77.500
325.846	70.500
326.024	65.500
326.203	103.500
326.381	118.500
326.560	77.500
326.738	82.500
326.917	69.500
327.096	88.500
327.274	76.500
327.453	59.500
327.631	145.500
327.810	74.500
327.988	69.500
328.167	96.500
328.345	33.500
328.524	105.500
328.702	72.500
328.881	58.500
329.059	22.500
329.238	86.500
329.416	120.500
329.595	95.500
329.774	105.500
329.952	87.500
330.131	80.500
330.309	65.500
330.488	87.500
330.666	94.500
330.845	110.500
331.023	104.500
331.202	113.500
331.380	72.500
331.559	120.500
331.737	44.500
331.916	61.500
332.094	104.500
332.273	124.500
332.452	88.500
332.630	87.500
332.809	98.500
332.987	79.500
333.166	121.500
333.344	53.500
333.523	102.500
333.701	101.500
333.880	64.500
334.058	58.500
334.237	82.500
334.415	113.500
334.594	102.500
334.772	133.500
334.951	107.500
335.129	105.500
335.308	104.500
335.487	138.500
335.665	90.500
335.844	116.500
336.022	50.500
336.201	121.500
336.379	184.500
336.558	133.500
336.736	88.500
336.915	117.500
337.093	119.500
337.272	94.500
337.450	65.500
337.629	95.500
337.807	162.500
337.986	129.500
338.165	132.500
338.343	122.500
338.522	132.500
338.700	160.500
338.879	148.500
339.057	68.500
339.236	114.500
339.414	90.500
339.593	135.500
339.771	44.500
339.950	113.500
340.128	74.500
340.307	104.500
340.485	88.500
340.664	56.500
340.843	76.500
341.021	110.500
341.200	115.500
341.378	133.500
341.557	113.500
341.735	66.500
341.914	109.500
342.092	112.500
342.271	47.500
342.449	33.500
342.628	55.500
342.806	75.500
342.985	91.500
343.163	150.500
343.342	177.500
343.521	112.500
343.699	67.500
343.878	74.500
344.056	92.500
344.235	61.500
344.413	117.500
344.592	108.500
344.770	110.500
344.949	125.500
345.127	77.500
345.306	55.500
345.484	109.500
345.663	112.500
345.841	114.500
346.020	111.500
346.199	91.500
346.377	115.500
346.556	137.500
346.734	78.500
346.913	131.500
347.091	33.500
347.270	40.500
347.448	119.500
347.627	106.500
347.805	133.500
347.984	86.500
348.162	111.500
348.341	146.500
348.519	74.500
348.698	94.500
348.876	86.500
349.055	67.500
349.234	103.500
349.412	99.500
349.591	101.500
349.769	99.500
349.948	117.500
350.126	155.500
350.305	159.500
350.483	140.500
350.662	128.500
350.840	105.500
351.019	110.500
351.197	90.500
351.376	117.500
351.554	88.500
351.733	82.500
351.912	125.500
352.090	124.500
352.269	116.500
352.447	130.500
352.626	138.500
352.804	130.500
352.983	79.500
353.161	97.500
353.340	134.500
353.518	154.500
353.697	153.500
353.875	141.500
354.054	78.500
354.232	109.500
354.411	125.500
354.590	126.500
354.768	115.500
354.947	76.500
355.125	100.500
355.304	105.500
355.482	131.500
355.661	137.500
355.839	151.500
356.018	98.500
356.196	95.500
356.375	143.500
356.553	81.500
356.732	73.500
356.910	43.500
357.089	132.500
357.268	133.500
357.446	94.500
357.625	59.500
357.803	122.500
357.982	123.500
358.160	84.500
358.339	79.500
358.517	64.500
358.696	97.500
358.874	113.500
359.053	125.500
359.231	104.500
359.410	70.500
359.588	109.500
359.767	157.500
359.945	140.500
360.124	96.500
360.303	125.500
360.481	109.500
360.660	94.500
360.838	122.500
361.017	112.500
361.195	75.500
361.374	116.500
361.552	74.500
361.731	137.500
361.909	101.500
362.088	145.500
362.266	145.500
362.445	117.500
362.623	109.500
362.802	124.500
362.981	105.500
363.159	99.500
363.338	97.500
363.516	63.500
363.695	83.500
363.873	95.500
364.052	68.500
364.230	138.500
364.409	182.500
364.587	129.500
364.766	75.500
364.944	78.500
365.123	116.500
365.301	118.500
365.480	152.500
365.660	123.500
365.839	162.500
366.019	102.500
366.199	149.500
366.379	143.500
366.558	118.500
366.738	112.500
366.918	121.500
367.098	110.500
367.277	99.500
367.457	155.500
367.637	156.500
367.816	140.500
367.996	94.500
368.176	119.500
368.356	102.500
368.535	154.500
368.715	77.500
368.895	68.500
369.075	104.500
369.254	109.500
369.434	143.500
369.614	135.500
369.793	128.500
369.973	91.500
370.153	120.500
370.333	125.500
370.512	74.500
370.692	71.500
370.872	147.500
371.051	150.500
371.231	146.500
371.411	171.500
371.591	145.500
371.770	133.500
371.950	138.500
372.130	157.500
372.310	147.500
372.489	173.500
372.669	95.500
372.849	171.500
373.028	77.500
373.208	118.500
373.388	106.500
373.568	125.500
373.747	171.500
373.927	183.500
374.107	130.500
374.287	158.500
374.466	129.500
374.646	135.500
374.826	112.500
375.005	169.500
375.185	150.500
375.365	142.500
375.545	166.500
375.724	140.500
375.904	112.500
376.084	154.500
376.263	157.500
376.443	148.500
376.623	146.500
376.803	144.500
376.982	159.500
377.162	103.500
377.342	123.500
377.522	156.500
377.701	152.500
377.881	108.500
378.061	151.500
378.240	158.500
378.420	98.500
378.600	99.500
378.780	110.500
378.959	120.500
379.139	157.500
379.319	138.500
379.499	169.500
379.678	166.500
379.858	170.500
380.038	160.500
380.217	135.500
380.397	115.500
380.577	146.500
380.757	124.500
380.936	96.500
381.116	122.500
381.296	136.500
381.476	129.500
381.655	167.500
381.835	120.500
382.015	127.500
382.194	120.500
382.374	129.500
382.554	158.500
382.734	130.500
382.913	136.500
383.093	150.500
383.273	137.500
383.452	202.500
383.632	121.500
383.812	141.500
383.992	142.500
384.171	129.500
384.351	124.500
384.531	156.500
384.711	143.500
384.890	123.500
385.070	134.500
385.250	142.500
385.429	111.500
385.609	96.500
385.789	157.500
385.969	115.500
386.148	121.500
386.328	97.500
386.508	96.500
386.688	177.500
386.867	155.500
387.047	177.500
387.227	125.500
387.406	90.500
387.586	104.500
387.766	145.500
387.946	108.500
388.125	154.500
388.305	165.500
388.485	159.500
388.664	121.500
388.844	135.500
389.024	140.500
389.204	105.500
389.383	120.500
389.563	73.500
389.743	88.500
389.923	112.500
390.102	131.500
390.282	146.500
390.462	127.500
390.641	113.500
390.821	83.500
391.001	104.500
391.181	142.500
391.360	112.500
391.540	102.500
391.720	123.500
391.900	162.500
392.079	117.500
392.259	119.500
392.439	158.500
392.618	54.500
392.798	134.500
392.978	98.500
393.158	146.500
393.337	162.500
393.517	153.500
393.697	145.500
393.877	216.500
394.056	145.500
394.236	177.500
394.416	155.500
394.595	147.500
394.775	153.500
394.955	159.500
395.135	178.500
395.314	154.500
395.494	216.500
395.674	136.500
395.853	210.500
396.033	127.500
396.213	162.500
396.393	144.500
396.572	178.500
396.752	138.500
396.932	196.500
397.112	191.500
397.291	203.500
397.471	147.500
397.651	177.500
397.830	193.500
398.010	115.500
398.190	156.500
398.370	177.500
398.549	147.500
398.729	213.500
398.909	218.500
399.089	244.500
399.268	223.500
399.448	170.500
399.628	224.500
399.807	200.500
399.987	226.500
400.167	194.500
400.347	176.500
400.526	206.500
400.706	202.500
400.886	193.500
401.065	211.500
401.245	227.500
401.425	250.500
401.605	191.500
401.784	210.500
401.964	233.500
402.144	234.500
402.324	204.500
402.503	209.500
402.683	248.500
402.863	193.500
403.042	188.500
403.222	245.500
403.402	214.500
403.582	238.500
403.761	220.500
403.941	256.500
404.121	273.500
404.301	238.500
404.480	257.500
404.660	261.500
404.844	300.500
405.029	278.500
405.213	282.500
405.398	302.500
405.582	321.500
405.767	359.500
405.951	369.500
406.136	355.500
406.320	354.500
406.505	363.500
406.689	395.500
406.874	393.500
407.058	420.500
407.243	399.500
407.427	446.500
407.612	479.500
407.796	587.500
407.981	559.500
408.165	650.500
408.350	689.500
408.534	708.500
408.719	729.500
408.903	726.500
409.088	763.500
409.272	790.500
409.457	790.500
409.641	899.500
409.826	911.500
410.010	945.500
410.195	1053.500
410.379	1175.500
410.564	1237.500
410.748	1358.500
410.933	1518.500
411.117	1586.500
411.302	1735.500
411.486	1828.500
411.671	1740.500
411.855	1894.500
412.040	1980.500
412.224	2128.500
412.409	2209.500
412.593	2418.500
412.778	2542.500
412.962	2616.500
413.147	2800.500
413.331	2850.500
413.516	3043.500
413.700	3059.500
413.885	3224.500
414.069	3239.500
414.254	3444.500
414.438	3456.500
414.623	3685.500
414.807	3764.500
414.992	4028.500
415.176	4144.500
415.361	4183.500
415.545	4331.500
415.730	4590.500
415.914	4648.500
416.099	4660.500
416.283	4876.500
416.468	4923.500
416.652	5060.500
416.837	5129.500
417.021	5146.500
417.206	5278.500
417.390	5377.500
417.575	5529.500
417.759	5464.500
417.944	5763.500
418.128	5858.500
418.313	5950.500
418.497	6099.500
418.682	6133.500
418.866	6218.500
419.051	6418.500
419.235	6439.500
419.420	6516.500
419.604	6490.500
419.789	6566.500
419.973	6857.500
420.158	7065.500
420.342	7414.500
420.527	7491.500
420.711	7553.500
420.896	7609.500
421.080	7924.500
421.265	7918.500
421.449	7833.500
421.634	7811.500
421.818	7915.500
422.003	7903.500
422.187	7881.500
422.372	8113.500
422.556	7947.500
422.741	8011.500
422.925	8248.500
423.110	8124.500
423.294	8288.500
423.479	8513.500
423.663	8593.500
423.848	8635.500
424.032	8778.500
424.217	8776.500
424.401	8835.500
424.586	8861.500
424.770	8975.500
424.955	8933.500
425.139	9058.500
425.324	9119.500
425.508	9228.500
425.693	9500.500
425.877	9298.500
426.062	9277.500
426.246	9399.500
426.431	9281.500
426.615	9188.500
426.800	9190.500
426.984	9180.500
427.169	9263.500
427.353	9313.500
427.538	9613.500
427.722	9649.500
427.907	9518.500
428.091	9365.500
428.276	9436.500
428.460	9420.500
428.645	9372.500
428.829	9134.500
429.014	8993.500
429.198	8768.500
429.383	8578.500
429.567	8445.500
429.752	8111.500
429.936	8008.500
430.121	7793.500
430.305	7895.500
430.490	7955.500
430.674	8605.500
430.859	8842.500
431.043	9347.500
431.228	9394.500
431.412	9796.500
431.597	10023.500
431.781	10147.500
431.966	10314.500
432.150	10489.500
432.335	10649.500
432.519	10846.500
432.704	10995.500
432.888	10813.500
433.073	10776.500
433.257	10759.500
433.442	10474.500
433.626	10426.500
433.811	10519.500
433.995	10710.500
434.180	10905.500
434.364	10959.500
434.549	10917.500
434.733	11107.500
434.918	11304.500
435.102	11388.500
435.287	11634.500
435.471	11837.500
435.656	12021.500
435.840	12251.500
436.030	12338.500
436.219	12310.500
436.409	12279.500
436.599	12181.500
436.789	12285.500
436.978	12138.500
437.168	12005.500
437.358	11807.500
437.548	11694.500
437.737	11676.500
437.927	11619.500
438.117	11525.500
438.306	11600.500
438.496	11584.500
438.686	11918.500
438.876	11856.500
439.065	12056.500
439.255	12195.500
439.445	12206.500
439.634	12134.500
439.824	12350.500
440.014	12464.500
440.204	12706.500
440.393	12658.500
440.583	12764.500
440.773	13048.500
440.963	13421.500
441.152	13457.500
441.342	13716.500
441.532	13820.500
441.721	13804.500
441.911	13990.500
442.101	14263.500
442.291	14293.500
442.480	14299.500
442.670	14372.500
442.860	14255.500
443.050	14204.500
443.239	14340.500
443.429	14408.500
443.619	14580.500
443.808	14804.500
443.998	14783.500
444.188	14926.500
444.378	14966.500
444.567	14900.500
444.757	14792.500
444.947	14792.500
445.137	14583.500
445.326	14849.500
445.516	14900.500
445.706	14661.500
445.895	14739.500
446.085	14682.500
446.275	15012.500
446.465	15156.500
446.654	15232.500
446.844	15930.500
447.034	15763.500
447.223	15735.500
447.413	16022.500
447.603	16061.500
447.793	16257.500
447.982	16219.500
448.172	16207.500
448.362	16595.500
448.552	16399.500
448.741	16337.500
448.931	16586.500
449.121	16409.500
449.310	16765.500
449.500	16801.500
449.690	16839.500
449.880	17033.500
450.069	17294.500
450.259	17528.500
450.449	17682.500
450.639	17554.500
450.828	17781.500
451.018	17653.500
451.208	17752.500
451.397	17705.500
451.587	17797.500
451.777	17471.500
451.967	17232.500
452.156	17090.500
452.346	16853.500
452.536	16671.500
452.725	16562.500
452.915	16528.500
453.105	16694.500
453.295	16669.500
453.484	16847.500
453.674	16862.500
453.864	16879.500
454.054	16991.500
454.243	16863.500
454.433	17064.500
454.623	16961.500
454.812	16948.500
455.002	16947.500
455.192	17138.500
455.382	17157.500
455.571	17358.500
455.761	17388.500
455.951	17557.500
456.141	17385.500
456.330	17542.500
456.520	17611.500
456.710	17781.500
456.899	17713.500
457.089	17748.500
457.279	17659.500
457.469	17532.500
457.658	17520.500
457.848	17533.500
458.038	17474.500
458.228	17497.500
458.417	17496.500
458.607	17349.500
458.797	17176.500
458.986	17540.500
459.176	17499.500
459.366	17227.500
459.556	17261.500
459.745	17203.500
459.935	17208.500
460.125	17498.500
460.314	17544.500
460.504	17547.500
460.694	17768.500
460.884	17679.500
461.073	17839.500
461.263	17856.500
461.453	17854.500
461.643	18026.500
461.832	18077.500
462.022	18174.500
462.212	18178.500
462.401	18263.500
462.591	18170.500
462.781	18211.500
462.971	18108.500
463.160	18133.500
463.350	18126.500
463.540	18057.500
463.730	17830.500
463.919	17966.500
464.109	17867.500
464.299	17822.500
464.488	17909.500
464.678	17735.500
464.868	17619.500
465.058	17701.500
465.247	17828.500
465.437	17802.500
465.627	17989.500
465.816	17755.500
466.006	17777.500
466.196	18064.500
466.386	17747.500
466.575	17411.500
466.765	17473.500
466.955	17448.500
467.145	17535.500
467.334	17720.500
467.524	17546.500
467.714	17857.500
467.903	17904.500
468.093	17900.500
468.283	18210.500
468.473	18029.500
468.662	18199.500
468.852	18243.500
469.042	18107.500
469.232	18195.500
469.421	18301.500
469.611	18147.500
469.801	18191.500
469.990	17957.500
470.180	17775.500
470.370	17855.500
470.560	17882.500
470.749	17905.500
470.939	17808.500
471.129	18140.500
471.318	18234.500
471.508	18223.500
471.698	18800.500
471.888	19084.500
472.077	18917.500
472.267	18877.500
472.457	19201.500
472.647	18834.500
472.836	19084.500
473.026	19049.500
473.216	18762.500
473.405	18969.500
473.595	18755.500
473.785	18907.500
473.975	19071.500
474.164	19202.500
474.354	19177.500
474.544	19533.500
474.734	19519.500
474.923	19601.500
475.113	19432.500
475.303	19408.500
475.492	19292.500
475.682	19360.500
475.872	19424.500
476.062	19094.500
476.251	19123.500
476.441	18772.500
476.631	19182.500
476.821	19232.500
477.010	19243.500
477.200	19298.500
477.390	19422.500
477.579	19572.500
477.769	19622.500
477.959	19828.500
478.149	19731.500
478.338	19738.500
478.528	19488.500
478.718	19575.500
478.907	19567.500
479.097	19604.500
479.287	19597.500
479.477	19664.500
479.666	19742.500
479.856	19896.500
480.046	19789.500
480.236	19702.500
480.425	19760.500
480.615	19810.500
480.805	19615.500
480.994	19873.500
481.184	19778.500
481.374	19764.500
481.564	19928.500
481.753	19830.500
481.943	19888.500
482.133	19810.500
482.323	19608.500
482.512	19590.500
482.702	19598.500
482.892	19350.500
483.081	19499.500
483.271	19220.500
483.461	19502.500
483.651	19454.500
483.840	19236.500
484.030	19237.500
484.220	19057.500
484.409	19217.500
484.599	19147.500
484.789	18929.500
484.979	18834.500
485.168	18647.500
485.358	18319.500
485.548	17824.500
485.738	17249.500
485.927	17004.500
486.117	16647.500
486.307	16500.500
486.496	16156.500
486.686	16396.500
486.876	16542.500
487.066	16595.500
487.255	16740.500
487.445	17138.500
487.635	17426.500
487.825	17574.500
488.014	17707.500
488.204	17754.500
488.394	17938.500
488.583	18002.500
488.773	17897.500
488.963	17986.500
489.153	18189.500
489.342	18151.500
489.532	18338.500
489.722	18625.500
489.912	18909.500
490.101	19010.500
490.291	19009.500
490.481	18760.500
490.670	19028.500
490.860	18801.500
491.050	18807.500
491.240	18677.500
491.429	18741.500
491.619	18464.500
491.809	18126.500
491.998	18108.500
492.188	18090.500
492.378	18131.500
492.568	18317.500
492.757	18316.500
492.947	18485.500
493.137	18577.500
493.327	18611.500
493.516	18616.500
493.706	18641.500
493.896	18845.500
494.085	18832.500
494.275	18864.500
494.465	19243.500
494.655	19203.500
494.844	19238.500
495.034	19442.500
495.224	19349.500
495.414	19307.500
495.603	19327.500
495.793	19189.500
495.983	19004.500
496.172	19212.500
496.362	19319.500
496.552	19187.500
496.742	19159.500
496.931	19214.500
497.121	19372.500
497.311	19306.500
497.500	19266.500
497.690	19356.500
497.880	19228.500
498.070	18977.500
498.259	18996.500
498.449	18796.500
498.639	18630.500
498.829	18931.500
499.018	19025.500
499.208	19039.500
499.398	19196.500
499.587	19155.500
499.777	18967.500
499.967	18918.500
500.157	18844.500
500.346	18675.500
500.536	18725.500
500.726	18568.500
500.916	18342.500
501.105	18448.500
501.295	18424.500
501.485	18179.500
501.674	18336.500
501.864	18319.500
502.054	18174.500
502.244	18253.500
502.433	18322.500
502.623	18519.500
502.813	18603.500
503.003	18756.500
503.192	18610.500
503.382	18484.500
503.572	18446.500
503.761	18304.500
503.951	18302.500
504.141	18325.500
504.331	18238.500
504.520	18413.500
504.710	18646.500
504.900	18666.500
505.089	18577.500
505.279	18614.500
505.469	18737.500
505.659	18814.500
505.848	18914.500
506.038	18938.500
506.228	19017.500
506.418	19025.500
506.607	19025.500
506.797	18875.500
506.987	18570.500
507.176	18834.500
507.366	18530.500
507.556	18469.500
507.746	18571.500
507.935	18359.500
508.125	18228.500
508.315	18295.500
508.505	18586.500
508.694	18666.500
508.884	18383.500
509.074	18598.500
509.263	18446.500
509.453	18354.500
509.643	18338.500
509.833	18410.500
510.022	18418.500
510.212	18352.500
510.402	18335.500
510.592	18569.500
510.781	18197.500
510.971	18201.500
511.161	18165.500
511.350	18455.500
511.540	18286.500
511.730	18494.500
511.920	18348.500
512.109	18121.500
512.299	18065.500
512.489	18072.500
512.678	17804.500
512.868	17913.500
513.058	17728.500
513.248	17425.500
513.437	17634.500
513.627	17381.500
513.817	17475.500
514.007	17360.500
514.196	17272.500
514.386	17138.500
514.576	17149.500
514.765	17426.500
514.955	17336.500
515.145	17224.500
515.335	17293.500
515.524	17412.500
515.714	17360.500
515.904	17056.500
516.094	16922.500
516.283	16660.500
516.473	16101.500
516.663	15869.500
516.852	15649.500
517.042	15590.500
517.232	15730.500
517.422	15540.500
517.611	15562.500
517.801	15695.500
517.991	15762.500
518.180	15528.500
518.370	15572.500
518.560	15754.500
518.750	15651.500
518.939	15922.500
519.129	16040.500
519.319	16218.500
519.509	16406.500
519.698	16459.500
519.888	16455.500
520.078	16525.500
520.267	16680.500
520.457	16818.500
520.647	16971.500
520.837	16784.500
521.026	16752.500
521.216	16971.500
521.406	17234.500
521.596	17049.500
521.785	16742.500
521.975	16935.500
522.165	16942.500
522.354	16957.500
522.544	16892.500
522.734	16751.500
522.924	16711.500
523.113	16753.500
523.303	16873.500
523.493	17021.500
523.683	16905.500
523.872	17338.500
524.062	17167.500
524.252	17201.500
524.441	17308.500
524.631	17367.500
524.821	17276.500
525.011	17469.500
525.200	17413.500
525.390	17448.500
525.580	17506.500
525.769	17083.500
525.959	16920.500
526.149	16574.500
526.339	16463.500
526.528	16128.500
526.718	16089.500
526.908	16006.500
527.098	16390.500
527.287	16374.500
527.477	16331.500
527.667	16549.500
527.856	16746.500
528.046	16722.500
528.236	16983.500
528.426	17081.500
528.615	17221.500
528.805	17355.500
528.995	17362.500
529.185	17307.500
529.374	17287.500
529.564	17254.500
529.754	17282.500
529.943	17431.500
530.133	17429.500
530.323	17329.500
530.513	17447.500
530.702	17388.500
530.892	17575.500
531.082	17602.500
531.271	17357.500
531.461	17234.500
531.651	17136.500
531.841	16974.500
532.030	16802.500
532.220	16691.500
532.410	16371.500
532.600	16206.500
532.789	16144.500
532.979	16062.500
533.169	16091.500
533.358	16171.500
533.548	16070.500
533.738	16346.500
533.928	16131.500
534.117	15958.500
534.307	16050.500
534.497	16025.500
534.687	16160.500
534.876	16229.500
535.066	16567.500
535.256	16474.500
535.445	16554.500
535.635	16391.500
535.825	16309.500
536.015	16162.500
536.204	15895.500
536.394	15779.500
536.584	15649.500
536.773	15492.500
536.963	15568.500
537.153	15586.500
537.343	15663.500
537.532	15755.500
537.722	15699.500
537.912	15835.500
538.102	15737.500
538.291	15684.500
538.481	15712.500
538.671	15677.500
538.860	15369.500
539.050	15301.500
539.240	15279.500
539.430	15224.500
539.619	15021.500
539.809	14945.500
539.999	15056.500
540.189	14922.500
540.378	14713.500
540.568	14750.500
540.758	14759.500
540.947	15078.500
541.137	15113.500
541.327	15080.500
541.517	15277.500
541.706	15244.500
541.896	14915.500
542.086	14874.500
542.276	14923.500
542.465	14756.500
542.655	14875.500
542.845	15061.500
543.034	15170.500
543.224	15222.500
543.414	15216.500
543.604	15247.500
543.793	15118.500
543.983	15109.500
544.173	14934.500
544.362	15039.500
544.552	15096.500
544.742	15296.500
544.932	15169.500
545.121	14924.500
545.311	14931.500
545.501	15092.500
545.691	14791.500
545.880	14782.500
546.070	14875.500
546.264	14894.500
546.459	14728.500
546.653	14702.500
546.847	14747.500
547.041	14676.500
547.236	14491.500
547.430	14692.500
547.624	14510.500
547.818	14742.500
548.013	14819.500
548.207	14891.500
548.401	14533.500
548.596	14628.500
548.790	14705.500
548.984	14843.500
549.178	14743.500
549.373	14544.500
549.567	14868.500
549.761	14700.500
549.956	14560.500
550.150	14435.500
550.344	14412.500
550.538	14378.500
550.733	14710.500
550.927	14693.500
551.121	14542.500
551.315	14592.500
551.510	14585.500
551.704	14355.500
551.898	14582.500
552.093	14703.500
552.287	14519.500
552.481	14238.500
552.675	14231.500
552.870	14518.500
553.064	14410.500
553.258	14337.500
553.453	14272.500
553.647	14785.500
553.841	14548.500
554.035	14430.500
554.230	14596.500
554.424	14542.500
554.618	14618.500
554.812	14473.500
555.007	14342.500
555.201	14469.500
555.395	14303.500
555.590	14206.500
555.784	14401.500
555.978	14177.500
556.172	14198.500
556.367	14163.500
556.561	14108.500
556.755	13975.500
556.949	14026.500
557.144	14041.500
557.338	14079.500
557.532	14014.500
557.727	13716.500
557.921	14044.500
558.115	13839.500
558.309	13705.500
558.504	13604.500
558.698	13612.500
558.892	13626.500
559.087	13565.500
559.281	13625.500
559.475	13546.500
559.669	13644.500
559.864	13700.500
560.058	13883.500
560.252	13803.500
560.446	13938.500
560.641	14043.500
560.835	14063.500
561.029	14004.500
561.224	13839.500
561.418	13802.500
561.612	13887.500
561.806	13864.500
562.001	13975.500
562.195	14016.500
562.389	14051.500
562.584	13816.500
562.778	13993.500
562.972	13876.500
563.166	13931.500
563.361	14011.500
563.555	13900.500
563.749	13814.500
563.943	13881.500
564.138	13894.500
564.332	13711.500
564.526	13742.500
564.721	13889.500
564.915	13608.500
565.109	13664.500
565.303	13641.500
565.498	13670.500
565.692	13473.500
565.886	13498.500
566.081	13553.500
566.275	13617.500
566.469	13522.500
566.663	13595.500
566.858	13560.500
567.052	13482.500
567.246	13447.500
567.440	13538.500
567.635	13539.500
567.829	13324.500
568.023	13431.500
568.218	13419.500
568.412	13386.500
568.606	13398.500
568.800	13417.500
568.995	13170.500
569.189	13294.500
569.383	13261.500
569.577	13027.500
569.772	13094.500
569.966	13029.500
570.160	13015.500
570.355	12997.500
570.549	12814.500
570.743	13043.500
570.937	12974.500
571.132	12901.500
571.326	13160.500
571.520	13044.500
571.715	12946.500
571.909	13165.500
572.103	12930.500
572.297	13126.500
572.492	13146.500
572.686	13182.500
572.880	13152.500
573.074	13137.500
573.269	13243.500
573.463	13024.500
573.657	12991.500
573.852	13112.500
574.046	13156.500
574.240	13159.500
574.434	12911.500
574.629	12793.500
574.823	12858.500
575.017	12656.500
575.212	12780.500
575.406	12936.500
575.600	12710.500
575.794	12669.500
575.989	12801.500
576.183	12690.500
576.377	12532.500
576.571	12580.500
576.766	12675.500
576.960	12628.500
577.159	12515.500
577.357	12580.500
577.556	12460.500
577.755	12323.500
577.953	12311.500
578.152	12368.500
578.350	12371.500
578.549	12362.500
578.748	12398.500
578.946	12373.500
579.145	12309.500
579.344	12415.500
579.542	12338.500
579.741	12403.500
579.940	12418.500
580.138	12440.500
580.337	12438.500
580.535	12628.500
580.734	12715.500
580.933	12776.500
581.131	12791.500
581.330	12850.500
581.529	12991.500
581.727	13082.500
581.926	12837.500
582.125	13070.500
582.323	13030.500
582.522	13258.500
582.721	13198.500
582.919	13345.500
583.118	13421.500
583.316	13275.500
583.515	13310.500
583.714	13569.500
583.912	13274.500
584.111	13422.500
584.310	13457.500
584.508	13472.500
584.707	13285.500
584.906	13286.500
585.104	13450.500
585.303	13286.500
585.501	13290.500
585.700	13310.500
585.899	13361.500
586.097	13408.500
586.296	13311.500
586.495	13290.500
586.693	13304.500
586.892	13221.500
587.091	13315.500
587.289	13180.500
587.488	13162.500
587.686	13047.500
587.885	12918.500
588.084	12575.500
588.282	12425.500
588.481	12140.500
588.680	11980.500
588.878	11883.500
589.077	11891.500
589.276	11847.500
589.474	11797.500
589.673	11931.500
589.871	12149.500
590.070	12042.500
590.269	12179.500
590.467	12179.500
590.666	12328.500
590.865	12189.500
591.063	12193.500
591.262	12444.500
591.461	12410.500
591.659	12423.500
591.858	12283.500
592.056	12326.500
592.255	12558.500
592.454	12603.500
592.652	12559.500
592.851	12533.500
593.050	12626.500
593.248	12578.500
593.447	12532.500
593.646	12301.500
593.844	12372.500
594.043	12287.500
594.241	12397.500
594.440	12305.500
594.639	12292.500
594.837	12443.500
595.036	12310.500
595.235	12440.500
595.433	12474.500
595.632	12376.500
595.831	12452.500
596.029	12557.500
596.228	12500.500
596.427	12497.500
596.625	12409.500
596.824	12669.500
597.022	12429.500
597.221	12378.500
597.420	12495.500
597.618	12455.500
597.817	12580.500
598.016	12422.500
598.214	12384.500
598.413	12502.500
598.612	12134.500
598.810	12311.500
599.009	12396.500
599.207	12405.500
599.406	12408.500
599.605	12368.500
599.803	12260.500
600.002	12358.500
600.201	12444.500
600.399	12345.500
600.598	12369.500
600.797	12225.500
600.995	12336.500
601.194	12336.500
601.392	12247.500
601.591	12271.500
601.790	12139.500
601.988	12266.500
602.187	12285.500
602.386	12215.500
602.584	12397.500
602.783	12383.500
602.982	12666.500
603.180	12546.500
603.379	12392.500
603.577	12347.500
603.776	12459.500
603.975	12537.500
604.173	12553.500
604.372	12617.500
604.571	12553.500
604.769	12541.500
604.968	12497.500
605.167	12560.500
605.365	12705.500
605.564	12660.500
605.762	12626.500
605.961	12559.500
606.160	12403.500
606.358	12538.500
606.557	12638.500
606.756	12415.500
606.954	12452.500
607.153	12461.500
607.352	12495.500
607.550	12473.500
607.749	12373.500
607.948	12321.500
608.146	12340.500
608.345	12466.500
608.543	12379.500
608.742	12467.500
608.941	12399.500
609.139	12260.500
609.338	12391.500
609.537	12300.500
609.735	12259.500
609.934	12277.500
610.133	12221.500
610.331	12254.500
610.530	12117.500
610.728	12156.500
610.927	12147.500
611.126	12316.500
611.324	12246.500
611.523	12138.500
611.722	12242.500
611.920	12233.500
612.119	12304.500
612.318	12159.500
612.516	12149.500
612.715	12113.500
612.913	12067.500
613.112	12068.500
613.311	11981.500
613.509	11879.500
613.708	11896.500
613.907	11972.500
614.105	12036.500
614.304	12025.500
614.503	11996.500
614.701	11953.500
614.900	11950.500
615.098	11805.500
615.297	11889.500
615.496	11803.500
615.694	11755.500
615.893	11802.500
616.092	11687.500
616.290	11522.500
616.489	11632.500
616.688	11402.500
616.886	11598.500
617.085	11596.500
617.283	11630.500
617.482	11620.500
617.681	11719.500
617.879	11844.500
618.078	11762.500
618.277	11827.500
618.475	11870.500
618.674	11683.500
618.873	11785.500
619.071	11896.500
619.270	11815.500
619.468	11866.500
619.667	11806.500
619.866	11911.500
620.064	11790.500
620.263	11724.500
620.462	11815.500
620.660	11820.500
620.859	11752.500
621.058	11873.500
621.256	11761.500
621.455	11796.500
621.654	11794.500
621.852	11583.500
622.051	11618.500
622.249	11459.500
622.448	11631.500
622.647	11439.500
622.845	11510.500
623.044	11657.500
623.243	11474.500
623.441	11350.500
623.640	11452.500
623.839	11557.500
624.037	11342.500
624.236	11367.500
624.434	11243.500
624.633	11224.500
624.832	11304.500
625.030	11307.500
625.229	11205.500
625.428	11251.500
625.626	11271.500
625.825	11232.500
626.024	11205.500
626.222	11252.500
626.421	11334.500
626.619	11276.500
626.818	11184.500
627.017	11330.500
627.215	11158.500
627.414	11056.500
627.613	11151.500
627.811	10943.500
628.010	10969.500
628.209	10986.500
628.407	10894.500
628.606	11098.500
628.804	11024.500
629.003	10940.500
629.202	11084.500
629.400	10853.500
629.599	10935.500
629.798	10958.500
629.996	10980.500
630.195	10861.500
630.394	11032.500
630.592	10932.500
630.791	10685.500
630.990	10952.500
631.188	10994.500
631.387	10835.500
631.585	10774.500
631.784	10831.500
631.983	10951.500
632.181	11054.500
632.380	10960.500
632.579	10999.500
632.777	10958.500
632.976	10962.500
633.175	11011.500
633.373	10913.500
633.572	10887.500
633.770	10869.500
633.969	10968.500
634.168	10993.500
634.366	11139.500
634.565	10908.500
634.764	10959.500
634.962	10994.500
635.161	10981.500
635.360	10841.500
635.558	10801.500
635.757	10930.500
635.955	10945.500
636.154	11010.500
636.353	10910.500
636.551	10842.500
636.750	10884.500
636.949	10936.500
637.147	10990.500
637.346	10950.500
637.545	10934.500
637.743	11104.500
637.942	11177.500
638.140	10907.500
638.339	11066.500
638.538	11049.500
638.736	10947.500
638.935	11319.500
639.134	10970.500
639.332	11034.500
639.531	11069.500
639.730	10952.500
639.928	11090.500
640.127	10995.500
640.325	10922.500
640.524	10923.500
640.723	10925.500
640.921	10936.500
641.120	10952.500
641.319	10820.500
641.517	10728.500
641.716	10848.500
641.915	10875.500
642.113	10859.500
642.312	11028.500
642.510	10973.500
642.709	11134.500
642.908	11139.500
643.106	10972.500
643.305	10827.500
643.504	11015.500
643.702	10891.500
643.901	10972.500
644.100	11096.500
644.298	11057.500
644.497	10903.500
644.696	11055.500
644.894	10891.500
645.093	10907.500
645.291	10675.500
645.490	10863.500
645.689	10711.500
645.887	10849.500
646.086	10752.500
646.285	10747.500
646.483	10906.500
646.682	10629.500
646.881	10679.500
647.079	10711.500
647.278	10783.500
647.476	10592.500
647.675	10420.500
647.874	10647.500
648.072	10535.500
648.271	10703.500
648.470	10596.500
648.668	10576.500
648.867	10558.500
649.066	10330.500
649.264	10413.500
649.463	10454.500
649.661	10511.500
649.860	10389.500
650.059	10625.500
650.257	10647.500
650.456	10832.500
650.655	10761.500
650.853	10651.500
651.052	10531.500
651.251	10588.500
651.449	10629.500
651.648	10721.500
651.846	10685.500
652.045	10706.500
652.244	10755.500
652.442	10695.500
652.641	10741.500
652.840	10746.500
653.038	10797.500
653.237	10675.500
653.436	10818.500
653.634	10810.500
653.833	10873.500
654.032	10775.500
654.230	10862.500
654.429	10511.500
654.627	10712.500
654.826	10592.500
655.025	10516.500
655.223	10370.500
655.422	10011.500
655.621	9736.500
655.819	9818.500
656.018	9558.500
656.217	9546.500
656.415	9615.500
656.614	9634.500
656.812	9833.500
657.011	9922.500
657.210	9829.500
657.408	9935.500
657.607	10146.500
657.806	10197.500
658.004	10278.500
658.203	10295.500
658.402	10503.500
658.600	10325.500
658.799	10517.500
658.997	10512.500
659.196	10559.500
659.395	10712.500
659.593	10775.500
659.792	10856.500
659.991	10804.500
660.189	10761.500
660.388	10946.500
660.587	10802.500
660.785	10807.500
660.984	10861.500
661.182	10866.500
661.381	10952.500
661.580	11004.500
661.778	10949.500
661.977	10812.500
662.176	10965.500
662.374	10844.500
662.573	10788.500
662.772	10865.500
662.970	10945.500
663.169	10822.500
663.367	10704.500
663.566	10635.500
663.765	10726.500
663.963	10782.500
664.162	10690.500
664.361	10768.500
664.559	10780.500
664.758	10801.500
664.957	10761.500
665.155	10852.500
665.354	10907.500
665.552	10798.500
665.751	10710.500
665.950	10950.500
666.148	10755.500
666.347	10804.500
666.546	10839.500
666.744	10817.500
666.943	10779.500
667.142	10933.500
667.340	10771.500
667.539	10728.500
667.738	10740.500
667.936	10716.500
668.135	10767.500
668.333	10758.500
668.532	10886.500
668.731	10710.500
668.929	10754.500
669.128	10843.500
669.327	10801.500
669.525	10729.500
669.724	10680.500
669.923	10475.500
670.121	10631.500
670.320	10749.500
670.518	10593.500
670.717	10552.500
670.916	10373.500
671.114	10607.500
671.313	10541.500
671.512	10538.500
671.710	10570.500
671.909	10489.500
672.108	10340.500
672.306	10504.500
672.505	10274.500
672.703	10478.500
672.902	10351.500
673.101	10520.500
673.299	10663.500
673.498	10600.500
673.697	10525.500
673.895	10412.500
674.094	10423.500
674.293	10360.500
674.491	10373.500
674.690	10295.500
674.888	10319.500
675.087	10482.500
675.286	10509.500
675.484	10580.500
675.683	10414.500
675.882	10443.500
676.080	10391.500
676.279	10439.500
676.478	10318.500
676.676	10199.500
676.875	10349.500
677.073	10317.500
677.272	10182.500
677.471	10299.500
677.669	10309.500
677.868	10370.500
678.067	10350.500
678.265	10348.500
678.464	10110.500
678.663	10128.500
678.861	10269.500
679.060	10279.500
679.259	10046.500
679.457	10316.500
679.656	10106.500
679.854	10005.500
680.053	10035.500
680.252	10237.500
680.450	10129.500
680.649	10103.500
680.848	10097.500
681.046	9948.500
681.245	9991.500
681.444	9986.500
681.642	9883.500
681.841	9955.500
682.039	9978.500
682.238	9839.500
682.437	9903.500
682.635	9986.500
682.834	9881.500
683.033	9812.500
683.231	9971.500
683.430	9730.500
683.629	9880.500
683.827	9813.500
684.026	9882.500
684.224	9758.500
684.423	9833.500
684.622	9771.500
684.820	9779.500
685.019	9759.500
685.218	9675.500
685.416	9828.500
685.615	9615.500
685.814	9378.500
686.012	8971.500
686.211	8582.500
686.409	8419.500
686.608	8080.500
686.807	8057.500
687.005	8196.500
687.204	8121.500
687.403	8094.500
687.601	8125.500
687.800	7987.500
687.999	8080.500
688.197	8107.500
688.396	7977.500
688.594	8063.500
688.793	8056.500
688.992	8080.500
689.190	8096.500
689.389	8062.500
689.588	8288.500
689.786	8362.500
689.985	8517.500
690.184	8278.500
690.382	8487.500
690.581	8665.500
690.779	8522.500
690.978	8764.500
691.177	8753.500
691.375	8651.500
691.574	8582.500
691.773	8594.500
691.971	8618.500
692.170	8666.500
692.369	8711.500
692.567	8645.500
692.766	8663.500
692.965	8720.500
693.163	8566.500
693.362	8430.500
693.560	8534.500
693.759	8431.500
693.958	8500.500
694.156	8623.500
694.355	8614.500
694.554	8577.500
694.752	8625.500
694.951	8594.500
695.150	8704.500
695.348	8674.500
695.547	8750.500
695.745	8624.500
695.944	8777.500
696.143	8874.500
696.341	8931.500
696.540	8747.500
696.743	8806.500
696.946	8980.500
697.149	8855.500
697.352	8942.500
697.555	8832.500
697.757	8689.500
697.960	8957.500
698.163	8782.500
698.366	8707.500
698.569	8737.500
698.772	8695.500
698.975	8698.500
699.178	8662.500
699.381	8589.500
699.584	8782.500
699.787	8498.500
699.989	8594.500
700.192	8522.500
700.395	8651.500
700.598	8543.500
700.801	8490.500
701.004	8382.500
701.207	8432.500
701.410	8440.500
701.613	8390.500
701.816	8552.500
702.019	8448.500
702.221	8464.500
702.424	8516.500
702.627	8591.500
702.830	8598.500
703.033	8474.500
703.236	8678.500
703.439	8757.500
703.642	8713.500
703.845	8541.500
704.048	8765.500
704.251	8645.500
704.453	8671.500
704.656	8629.500
704.859	8607.500
705.062	8561.500
705.265	8570.500
705.468	8777.500
705.671	8690.500
705.874	8732.500
706.077	8695.500
706.280	8551.500
706.483	8698.500
706.685	8835.500
706.888	8771.500
707.091	8569.500
707.294	8460.500
707.497	8676.500
707.700	8577.500
707.903	8675.500
708.106	8790.500
708.309	8614.500
708.512	8569.500
708.715	8661.500
708.917	8666.500
709.120	8714.500
709.323	8629.500
709.526	8508.500
709.729	8673.500
709.932	8639.500
710.135	8741.500
710.338	8696.500
710.541	8646.500
710.744	8636.500
710.947	8613.500
711.149	8628.500
711.352	8552.500
711.555	8449.500
711.758	8705.500
711.961	8443.500
712.164	8489.500
712.367	8594.500
712.570	8537.500
712.773	8516.500
712.976	8513.500
713.179	8604.500
713.381	8563.500
713.584	8544.500
713.787	8423.500
713.990	8281.500
714.193	8188.500
714.396	8210.500
714.599	8164.500
714.802	8236.500
715.005	8198.500
715.208	8032.500
715.411	8031.500
715.613	7895.500
715.816	7765.500
716.019	7703.500
716.222	7573.500
716.425	7325.500
716.628	7278.500
716.831	7059.500
717.034	6815.500
717.237	6753.500
717.440	6660.500
717.643	6556.500
717.845	6400.500
718.048	6332.500
718.251	6285.500
718.454	6188.500
718.657	6153.500
718.860	6126.500
719.063	5995.500
719.266	5915.500
719.469	5885.500
719.672	6030.500
719.875	6199.500
720.077	6308.500
720.280	6399.500
720.483	6533.500
720.686	6623.500
720.889	6795.500
721.092	6744.500
721.295	6888.500
721.498	6787.500
721.701	6780.500
721.904	6786.500
722.107	6907.500
722.309	6849.500
722.512	6893.500
722.715	6753.500
722.918	6530.500
723.121	6573.500
723.324	6591.500
723.527	6453.500
723.730	6428.500
723.933	6372.500
724.136	6358.500
724.339	6372.500
724.541	6259.500
724.744	6334.500
724.947	6200.500
725.150	6393.500
725.353	6341.500
725.556	6317.500
725.759	6336.500
725.962	6336.500
726.165	6254.500
726.368	6276.500
726.571	6127.500
726.773	6196.500
726.976	6153.500
727.179	6190.500
727.382	6321.500
727.585	6163.500
727.788	6094.500
727.991	6042.500
728.194	6072.500
728.397	6094.500
728.600	6059.500
728.803	6119.500
729.005	6185.500
729.208	6352.500
729.411	6165.500
729.614	6338.500
729.817	6118.500
730.020	6002.500
730.223	6157.500
730.426	6058.500
730.629	6151.500
730.832	6338.500
731.035	6318.500
731.237	6326.500
731.440	6402.500
731.643	6404.500
731.846	6431.500
732.049	6452.500
732.252	6672.500
732.455	6609.500
732.658	6713.500
732.861	6634.500
733.064	6662.500
733.267	6705.500
733.469	6835.500
733.672	6755.500
733.875	6834.500
734.078	6735.500
734.281	6813.500
734.484	6744.500
734.687	6768.500
734.890	6907.500
735.093	6783.500
735.296	6640.500
735.499	6744.500
735.701	6837.500
735.904	6675.500
736.107	6782.500
736.310	6770.500
736.513	6560.500
736.716	6581.500
736.919	6835.500
737.122	6717.500
737.325	6662.500
737.528	6687.500
737.731	6636.500
737.933	6561.500
738.136	6587.500
738.339	6646.500
738.542	6644.500
738.745	6662.500
738.948	6657.500
739.151	6695.500
739.354	6677.500
739.557	6601.500
739.760	6706.500
739.963	6551.500
740.165	6514.500
740.368	6585.500
740.571	6507.500
740.774	6590.500
740.977	6462.500
741.180	6474.500
741.383	6447.500
741.586	6498.500
741.789	6372.500
741.992	6542.500
742.195	6598.500
742.397	6616.500
742.600	6553.500
742.803	6592.500
743.006	6594.500
743.209	6589.500
743.412	6477.500
743.615	6530.500
743.818	6559.500
744.021	6487.500
744.224	6548.500
744.427	6519.500
744.629	6477.500
744.832	6428.500
745.035	6467.500
745.238	6386.500
745.441	6403.500
745.644	6446.500
745.847	6508.500
746.050	6478.500
746.253	6556.500
746.456	6407.500
746.659	6414.500
746.861	6548.500
747.064	6492.500
747.267	6413.500
747.470	6416.500
747.673	6476.500
747.876	6314.500
748.079	6302.500
748.282	6197.500
748.485	6231.500
748.688	6172.500
748.891	6265.500
749.093	6199.500
749.296	6171.500
749.499	6184.500
749.702	6157.500
749.905	6302.500
750.108	6165.500
750.311	6098.500
750.514	6025.500
750.717	6123.500
750.920	6162.500
751.123	6194.500
751.325	6126.500
751.528	6167.500
751.731	6128.500
751.934	6002.500
752.137	6067.500
752.340	5952.500
752.543	6010.500
752.746	6087.500
752.949	6052.500
753.152	6110.500
753.355	6019.500
753.557	6084.500
753.760	6049.500
753.963	5946.500
754.166	5957.500
754.369	5887.500
754.572	6012.500
754.775	5795.500
754.978	5899.500
755.181	5918.500
755.384	5975.500
755.587	5905.500
755.789	5942.500
755.992	5896.500
756.195	5854.500
756.398	5739.500
756.601	5758.500
756.804	5810.500
757.007	5889.500
757.210	5781.500
757.413	5808.500
757.616	5744.500
757.819	5701.500
758.021	5461.500
758.224	5166.500
758.427	4952.500
758.630	4560.500
758.833	4131.500
759.036	3787.500
759.239	3505.500
759.442	3201.500
759.645	2888.500
759.848	2753.500
760.051	2624.500
760.253	2595.500
760.456	2698.500
760.659	2720.500
760.862	2705.500
761.065	2726.500
761.268	2613.500
761.471	2668.500
761.674	2459.500
761.877	2585.500
762.080	2556.500
762.283	2514.500
762.485	2490.500
762.688	2529.500
762.891	2661.500
763.094	2607.500
763.297	2699.500
763.500	2829.500
763.706	3015.500
763.912	3010.500
764.118	3107.500
764.325	3146.500
764.531	3159.500
764.737	3327.500
764.943	3296.500
765.149	3542.500
765.355	3586.500
765.561	3793.500
765.768	3803.500
765.974	3983.500
766.180	4110.500
766.386	4316.500
766.592	4288.500
766.798	4381.500
767.004	4346.500
767.210	4578.500
767.417	4626.500
767.623	4578.500
767.829	4741.500
768.035	4714.500
768.241	4757.500
768.447	4781.500
768.653	4893.500
768.860	4860.500
769.066	4914.500
769.272	4916.500
769.478	4919.500
769.684	4917.500
769.890	4998.500
770.096	5038.500
770.303	4978.500
770.509	4872.500
770.715	4915.500
770.921	4902.500
771.127	5039.500
771.333	5037.500
771.539	5057.500
771.745	5036.500
771.952	4930.500
772.158	4869.500
772.364	4911.500
772.570	5053.500
772.776	4929.500
772.982	5002.500
773.188	4960.500
773.395	4935.500
773.601	4861.500
773.807	4906.500
774.013	4864.500
774.219	4827.500
774.425	4837.500
774.631	4872.500
774.838	4993.500
775.044	4926.500
775.250	4895.500
775.456	4906.500
775.662	4780.500
775.868	4722.500
776.074	4799.500
776.281	4790.500
776.487	4850.500
776.693	4804.500
776.899	4845.500
777.105	4771.500
777.311	4805.500
777.517	4842.500
777.723	4720.500
777.930	4739.500
778.136	4765.500
778.342	4770.500
778.548	4754.500
778.754	4753.500
778.960	4799.500
779.166	4850.500
779.373	4669.500
779.579	4756.500
779.785	4630.500
779.991	4574.500
780.197	4578.500
780.403	4656.500
780.609	4447.500
780.816	4593.500
781.022	4593.500
781.228	4583.500
781.434	4662.500
781.640	4615.500
781.846	4510.500
782.052	4625.500
782.259	4564.500
782.465	4543.500
782.671	4581.500
782.877	4611.500
783.083	4498.500
783.289	4493.500
783.495	4385.500
783.701	4565.500
783.908	4404.500
784.114	4568.500
784.320	4422.500
784.526	4405.500
784.732	4321.500
784.938	4327.500
785.144	4404.500
785.351	4431.500
785.557	4402.500
785.763	4328.500
785.969	4260.500
786.175	4415.500
786.381	4271.500
786.587	4252.500
786.794	4265.500
787.000	4345.500
787.206	4224.500
787.412	4166.500
787.618	4233.500
787.824	4225.500
788.030	4317.500
788.236	4132.500
788.443	4055.500
788.649	4141.500
788.855	4022.500
789.061	4102.500
789.267	4152.500
789.473	4029.500
789.679	4096.500
789.886	4014.500
790.092	4035.500
790.298	4001.500
790.504	3819.500
790.710	3974.500
790.916	3960.500
791.122	3906.500
791.329	3901.500
791.535	3876.500
791.741	3873.500
791.947	3867.500
792.153	3921.500
792.359	3811.500
792.565	3780.500
792.771	3932.500
792.978	3912.500
793.184	3878.500
793.390	3816.500
793.596	3893.500
793.802	3869.500
794.008	3721.500
794.214	3829.500
794.421	3868.500
794.627	3831.500
794.833	3710.500
795.039	3741.500
795.245	3815.500
795.451	3800.500
795.657	3730.500
795.864	3760.500
796.070	3673.500
796.276	3687.500
796.482	3621.500
796.688	3681.500
796.894	3661.500
797.100	3664.500
797.307	3708.500
797.513	3744.500
797.719	3733.500
797.925	3760.500
798.131	3627.500
798.337	3625.500
798.543	3576.500
798.749	3605.500
798.956	3702.500
799.162	3593.500
799.368	3585.500
799.574	3679.500
799.780	3574.500
799.986	3475.500
800.192	3526.500
800.399	3579.500
800.605	3501.500
800.811	3522.500
801.017	3521.500
801.223	3466.500
801.429	3490.500
801.635	3509.500
801.842	3671.500
802.048	3408.500
802.254	3324.500
802.460	3513.500
802.666	3501.500
802.872	3457.500
803.078	3422.500
803.285	3403.500
803.491	3385.500
803.697	3400.500
803.903	3384.500
804.109	3361.500
804.315	3312.500
804.521	3419.500
804.727	3396.500
804.934	3412.500
805.140	3481.500
805.346	3373.500
805.552	3394.500
805.758	3385.500
805.964	3362.500
806.170	3305.500
806.377	3272.500
806.583	3238.500
806.789	3344.500
806.995	3282.500
807.201	3314.500
807.407	3274.500
807.613	3208.500
807.820	3194.500
808.026	3198.500
808.232	3258.500
808.438	3295.500
808.644	3188.500
808.850	3095.500
809.056	3167.500
809.262	3181.500
809.469	3103.500
809.675	3156.500
809.881	3074.500
810.087	3097.500
810.293	3027.500
810.499	3063.500
810.705	3058.500
810.912	2932.500
811.118	3060.500
811.324	2976.500
811.530	2966.500
811.739	2949.500
811.947	2796.500
812.156	2798.500
812.365	2858.500
812.573	2741.500
812.782	2762.500
812.990	2865.500
813.199	2734.500
813.408	2630.500
813.616	2629.500
813.825	2563.500
814.034	2591.500
814.242	2579.500
814.451	2578.500
814.659	2429.500
814.868	2418.500
815.077	2489.500
815.285	2314.500
815.494	2337.500
815.703	2387.500
815.911	2327.500
816.120	2302.500
816.329	2367.500
816.537	2284.500
816.746	2301.500
816.954	2311.500
817.163	2304.500
817.372	2271.500
817.580	2298.500
817.789	2293.500
817.998	2321.500
818.206	2300.500
818.415	2235.500
818.624	2333.500
818.832	2294.500
819.041	2250.500
819.249	2348.500
819.458	2362.500
819.667	2416.500
819.875	2486.500
820.084	2392.500
820.293	2357.500
820.501	2494.500
820.710	2495.500
820.919	2464.500
821.127	2317.500
821.336	2371.500
821.544	2317.500
821.753	2293.500
821.962	2286.500
822.170	2081.500
822.379	2104.500
822.588	2261.500
822.796	2203.500
823.005	2295.500
823.213	2292.500
823.422	2235.500
823.631	2253.500
823.839	2240.500
824.048	2387.500
824.257	2312.500
824.465	2275.500
824.674	2291.500
824.883	2263.500
825.091	2320.500
825.300	2259.500
825.508	2347.500
825.717	2311.500
825.926	2403.500
826.134	2286.500
826.343	2345.500
826.552	2308.500
826.760	2253.500
826.969	2287.500
827.178	2307.500
827.386	2180.500
827.595	2215.500
827.803	2297.500
828.012	2231.500
828.221	2124.500
828.429	2134.500
828.638	2150.500
828.847	2220.500
829.055	2306.500
829.264	2182.500
829.472	2242.500
829.681	2200.500
829.890	2153.500
830.098	2242.500
830.307	2222.500
830.516	2241.500
830.724	2196.500
830.933	2112.500
831.142	2086.500
831.350	2113.500
831.559	2220.500
831.767	2241.500
831.976	2170.500
832.185	2156.500
832.393	2117.500
832.602	2153.500
832.811	2196.500
833.019	2069.500
833.228	2115.500
833.437	2189.500
833.645	2206.500
833.854	2237.500
834.062	2229.500
834.271	2183.500
834.480	2166.500
834.688	2218.500
834.897	2253.500
835.106	2197.500
835.314	2234.500
835.523	2223.500
835.731	2227.500
835.940	2189.500
836.149	2108.500
836.357	2164.500
836.566	2219.500
836.775	2215.500
836.983	2169.500
837.192	2253.500
837.401	2226.500
837.609	2216.500
837.818	2155.500
838.026	2247.500
838.235	2230.500
838.444	2232.500
838.652	2166.500
838.861	2174.500
839.070	2194.500
839.278	2239.500
839.487	2278.500
839.696	2201.500
839.904	2145.500
840.113	2219.500
840.321	2243.500
840.530	2108.500
840.739	2146.500
840.947	2226.500
841.156	2190.500
841.365	2157.500
841.573	2125.500
841.782	2243.500
841.991	2090.500
842.199	2216.500
842.408	2063.500
842.616	2147.500
842.825	2136.500
843.034	2130.500
843.242	2105.500
843.451	2156.500
843.660	2062.500
843.868	2165.500
844.077	2140.500
844.285	2069.500
844.494	2124.500
844.703	2086.500
844.911	2078.500
845.120	2045.500
845.329	2170.500
845.537	2057.500
845.746	2099.500
845.955	2046.500
846.163	2100.500
846.372	2091.500
846.580	2049.500
846.789	2016.500
846.998	2067.500
847.206	2132.500
847.415	2091.500
847.624	2034.500
847.832	2010.500
848.041	2070.500
848.250	2004.500
848.458	1956.500
848.667	1902.500
848.875	1931.500
849.084	1870.500
849.293	1884.500
849.501	1868.500
849.710	1878.500
849.919	1952.500
850.127	1881.500
850.336	1916.500
850.544	1917.500
850.753	1983.500
850.962	1839.500
851.170	1883.500
851.379	1929.500
851.588	1856.500
851.796	1927.500
852.005	1909.500
852.214	1825.500
852.422	1909.500
852.631	1769.500
852.839	1820.500
853.048	1738.500
853.257	1675.500
853.465	1692.500
853.674	1594.500
853.883	1699.500
854.091	1730.500
854.300	1713.500
854.509	1698.500
854.717	1700.500
854.926	1693.500
855.134	1671.500
855.343	1762.500
855.552	1773.500
855.760	1721.500
855.969	1825.500
856.178	1773.500
856.386	1808.500
856.595	1694.500
856.803	1733.500
857.012	1731.500
857.221	1743.500
857.429	1767.500
857.638	1666.500
857.847	1793.500
858.055	1789.500
858.264	1762.500
858.473	1698.500
858.681	1740.500
858.890	1805.500
859.098	1744.500
859.307	1767.500
859.516	1681.500
859.724	1682.500
859.933	1759.500
860.142	1700.500
860.350	1738.500
860.559	1672.500
860.768	1658.500
860.976	1743.500
861.185	1671.500
861.393	1672.500
861.602	1611.500
861.811	1614.500
862.019	1614.500
862.228	1644.500
862.437	1704.500
862.645	1658.500
862.854	1630.500
863.062	1691.500
863.271	1652.500
863.480	1707.500
863.688	1686.500
863.897	1644.500
864.106	1645.500
864.314	1643.500
864.523	1467.500
864.732	1607.500
864.940	1530.500
865.149	1425.500
865.357	1462.500
865.566	1425.500
865.775	1446.500
865.983	1529.500
866.192	1522.500
866.401	1436.500
866.609	1388.500
866.818	1382.500
867.027	1456.500
867.235	1440.500
867.444	1432.500
867.652	1432.500
867.861	1487.500
868.070	1458.500
868.278	1487.500
868.487	1425.500
868.696	1436.500
868.904	1463.500
869.113	1391.500
869.321	1456.500
869.530	1445.500
869.739	1447.500
869.947	1468.500
870.156	1505.500
870.365	1438.500
870.573	1342.500
870.782	1428.500
870.991	1407.500
871.199	1379.500
871.408	1321.500
871.616	1359.500
871.825	1400.500
872.034	1430.500
872.242	1310.500
872.451	1365.500
872.660	1357.500
872.868	1388.500
873.077	1407.500
873.286	1318.500
873.494	1263.500
873.703	1248.500
873.911	1310.500
874.120	1273.500
874.329	1304.500
874.537	1297.500
874.746	1247.500
874.955	1218.500
875.163	1273.500
875.372	1310.500
875.581	1298.500
875.789	1327.500
875.998	1316.500
876.206	1280.500
876.415	1217.500
876.624	1149.500
876.832	1244.500
877.041	1256.500
877.250	1247.500
877.458	1251.500
877.667	1221.500
877.875	1266.500
878.084	1285.500
878.293	1194.500
878.501	1235.500
878.710	1233.500
878.919	1189.500
879.127	1158.500
879.336	1166.500
879.545	1137.500
879.753	1162.500
879.962	1166.500
880.170	1190.500
880.379	1126.500
880.588	1229.500
880.796	1219.500
881.005	1161.500
881.214	1144.500
881.422	1160.500
881.631	1177.500
881.840	1151.500
882.048	1146.500
882.257	1153.500
882.465	1170.500
882.674	1117.500
882.883	1098.500
883.091	1126.500
883.300	1124.500
883.509	1097.500
883.717	1106.500
883.926	1155.500
884.134	1127.500
884.343	1121.500
884.552	1129.500
884.760	1144.500
884.969	1119.500
885.178	1096.500
885.386	1122.500
885.595	1038.500
885.804	1081.500
886.012	1011.500
886.221	1047.500
886.429	1058.500
886.638	1108.500
886.847	1062.500
887.055	1084.500
887.264	980.500
887.473	1064.500
887.681	982.500
887.890	1070.500
888.099	1042.500
888.307	1116.500
888.516	1054.500
888.724	1069.500
888.933	1017.500
889.142	1033.500
889.350	1020.500
889.559	983.500
889.768	1034.500
889.976	1031.500
890.185	1030.500
890.393	1058.500
890.602	1062.500
890.811	1000.500
891.019	961.500
891.228	979.500
891.437	980.500
891.645	980.500
891.854	957.500
892.063	973.500
892.271	954.500
892.480	942.500
892.688	948.500
892.897	945.500
893.106	950.500
893.314	951.500
893.523	915.500
893.732	915.500
893.940	920.500
894.149	893.500
894.358	872.500
894.566	852.500
894.775	905.500
894.983	838.500
895.192	799.500
895.401	810.500
895.609	858.500
895.818	833.500
896.027	818.500
896.235	787.500
896.444	827.500
896.652	769.500
896.861	789.500
897.070	771.500
897.278	775.500
897.487	794.500
897.696	746.500
897.904	704.500
898.113	699.500
898.322	708.500
898.530	680.500
898.739	701.500
898.947	725.500
899.156	704.500
899.365	669.500
899.573	740.500
899.782	743.500
899.991	662.500
900.199	615.500
900.408	709.500
900.617	665.500
900.825	655.500
901.034	672.500
901.242	662.500
901.451	632.500
901.660	666.500
901.868	651.500
902.077	702.500
902.286	812.500
902.494	802.500
902.703	750.500
902.911	764.500
903.120	773.500
903.329	800.500
903.537	746.500
903.746	801.500
903.955	781.500
904.163	775.500
904.372	853.500
904.581	806.500
904.789	729.500
904.998	800.500
905.206	811.500
905.415	777.500
905.624	723.500
905.832	709.500
906.041	709.500
906.250	703.500
906.458	714.500
906.667	660.500
906.876	670.500
907.084	631.500
907.293	679.500
907.501	683.500
907.710	588.500
907.919	652.500
908.127	705.500
908.336	633.500
908.545	684.500
908.753	611.500
908.962	570.500
909.170	585.500
909.379	588.500
909.588	642.500
909.796	607.500
910.005	644.500
910.214	658.500
910.422	679.500
910.631	615.500
910.840	627.500
911.048	594.500
911.257	613.500
911.465	628.500
911.674	598.500
911.883	614.500
912.091	615.500
912.300	602.500
912.508	588.500
912.716	541.500
912.924	569.500
913.132	541.500
913.340	603.500
913.549	600.500
913.757	628.500
913.965	602.500
914.173	544.500
914.381	567.500
914.589	507.500
914.797	543.500
915.005	574.500
915.213	583.500
915.421	583.500
915.629	579.500
915.838	504.500
916.046	497.500
916.254	553.500
916.462	596.500
916.670	571.500
916.878	491.500
917.086	543.500
917.294	576.500
917.502	534.500
917.710	541.500
917.919	552.500
918.127	594.500
918.335	594.500
918.543	570.500
918.751	577.500
918.959	643.500
919.167	574.500
919.375	571.500
919.583	594.500
919.791	633.500
919.999	568.500
920.208	573.500
920.416	596.500
920.624	596.500
920.832	636.500
921.040	603.500
921.248	568.500
921.456	628.500
921.664	583.500
921.872	539.500
922.080	503.500
922.288	577.500
922.497	605.500
922.705	566.500
922.913	552.500
923.121	606.500
923.329	508.500
923.537	474.500
923.745	507.500
923.953	495.500
924.161	522.500
924.369	481.500
924.578	580.500
924.786	531.500
924.994	533.500
925.202	518.500
925.410	484.500
925.618	474.500
925.826	502.500
926.034	503.500
926.242	555.500
926.450	502.500
926.658	510.500
926.867	507.500
927.075	468.500
927.283	419.500
927.491	454.500
927.699	482.500
927.907	417.500
928.115	374.500
928.323	383.500
928.531	385.500
928.739	380.500
928.947	370.500
929.156	339.500
929.364	311.500
929.572	324.500
929.780	306.500
929.988	289.500
930.196	263.500
930.404	291.500
930.612	302.500
930.820	276.500
931.028	220.500
931.236	253.500
931.445	241.500
931.653	263.500
931.861	260.500
932.069	202.500
932.277	247.500
932.485	240.500
932.693	193.500
932.901	140.500
933.109	169.500
933.317	209.500
933.526	140.500
933.734	126.500
933.942	173.500
934.150	170.500
934.358	185.500
934.566	200.500
934.774	194.500
934.982	174.500
935.190	195.500
935.398	179.500
935.606	137.500
935.815	186.500
936.023	137.500
936.231	147.500
936.439	188.500
936.647	192.500
936.855	192.500
937.063	166.500
937.271	134.500
937.479	125.500
937.687	138.500
937.895	197.500
938.104	194.500
938.312	176.500
938.520	212.500
938.728	221.500
938.936	249.500
939.144	272.500
939.352	171.500
939.560	164.500
939.768	223.500
939.976	204.500
940.185	194.500
940.393	198.500
940.601	219.500
940.809	214.500
941.017	201.500
941.225	212.500
941.433	142.500
941.641	177.500
941.849	122.500
942.057	175.500
942.265	129.500
942.474	193.500
942.682	163.500
942.890	181.500
943.098	178.500
943.306	143.500
943.514	168.500
943.722	156.500
943.930	138.500
944.138	131.500
944.346	162.500
944.554	143.500
944.763	139.500
944.971	90.500
945.179	165.500
945.387	198.500
945.595	125.500
945.803	180.500
946.011	144.500
946.219	149.500
946.427	196.500
946.635	172.500
946.843	139.500
947.052	178.500
947.260	159.500
947.468	170.500
947.676	118.500
947.884	172.500
948.092	171.500
948.300	174.500
948.508	190.500
948.716	62.500
948.924	110.500
949.133	155.500
949.341	127.500
949.549	144.500
949.757	194.500
949.965	157.500
950.173	183.500
950.381	191.500
950.589	187.500
950.797	112.500
951.005	110.500
951.213	105.500
951.422	153.500
951.630	196.500
951.838	173.500
952.046	130.500
952.254	200.500
952.462	185.500
952.670	214.500
952.878	269.500
953.086	179.500
953.294	134.500
953.502	126.500
953.711	192.500
953.919	151.500
954.127	126.500
954.335	156.500
954.543	156.500
954.751	165.500
954.959	187.500
955.167	169.500
955.375	197.500
955.583	186.500
955.792	187.500
956.000	138.500
956.208	110.500
956.416	204.500
956.624	204.500
956.832	187.500
957.040	238.500
957.248	191.500
957.456	152.500
957.664	119.500
957.872	145.500
958.081	174.500
958.289	113.500
958.497	173.500
958.705	173.500
958.913	153.500
959.121	174.500
959.329	168.500
959.537	127.500
959.745	162.500
959.953	112.500
960.161	223.500
960.370	191.500
960.578	178.500
960.786	159.500
960.994	141.500
961.202	203.500
961.410	178.500
961.618	170.500
961.826	65.500
962.034	91.500
962.242	190.500
962.451	134.500
962.659	210.500
962.867	174.500
963.075	213.500
963.283	288.500
963.491	209.500
963.699	177.500
963.907	186.500
964.115	190.500
964.323	187.500
964.531	168.500
964.740	125.500
964.948	140.500
965.156	138.500
965.364	184.500
965.572	185.500
965.780	173.500
965.999	128.500
966.218	179.500
966.438	199.500
966.657	222.500
966.876	182.500
967.095	161.500
967.315	142.500
967.534	203.500
967.753	181.500
967.972	233.500
968.192	215.500
968.411	175.500
968.630	193.500
968.849	206.500
969.068	232.500
969.288	203.500
969.507	223.500
969.726	199.500
969.945	245.500
970.165	195.500
970.384	211.500
970.603	164.500
970.822	158.500
971.042	162.500
971.261	196.500
971.480	155.500
971.699	207.500
971.919	217.500
972.138	220.500
972.357	170.500
972.576	154.500
972.795	145.500
973.015	183.500
973.234	206.500
973.453	133.500
973.672	121.500
973.892	157.500
974.111	182.500
974.330	175.500
974.549	200.500
974.769	181.500
974.988	180.500
975.207	137.500
975.426	74.500
975.646	110.500
975.865	152.500
976.084	183.500
976.303	154.500
976.522	110.500
976.742	139.500
976.961	84.500
977.180	164.500
977.399	175.500
977.619	186.500
977.838	157.500
978.057	194.500
978.276	212.500
978.496	165.500
978.715	158.500
978.934	121.500
979.153	152.500
979.372	172.500
979.592	164.500
979.811	153.500
980.030	168.500
980.249	130.500
980.469	149.500
980.688	141.500
980.907	145.500
981.126	100.500
981.346	63.500
981.565	98.500
981.784	221.500
982.003	160.500
982.223	184.500
982.442	193.500
982.661	123.500
982.880	169.500
983.099	120.500
983.319	106.500
983.538	174.500
983.757	174.500
983.976	166.500
984.196	174.500
984.415	119.500
984.634	139.500
984.853	147.500
985.073	132.500
985.292	144.500
985.511	168.500
985.730	122.500
985.949	136.500
986.169	148.500
986.388	203.500
986.607	132.500
986.826	158.500
987.046	106.500
987.265	110.500
987.484	91.500
987.703	106.500
987.923	147.500
988.142	193.500
988.361	180.500
988.580	141.500
988.800	175.500
989.019	152.500
989.238	122.500
989.457	105.500
989.676	149.500
989.896	126.500
990.115	181.500
990.334	120.500
990.553	107.500
990.773	151.500
990.992	60.500
991.211	121.500
991.430	102.500
991.650	136.500
991.869	118.500
992.088	126.500
992.307	99.500
992.527	97.500
992.746	146.500
992.965	194.500
993.184	106.500
993.403	139.500
993.623	117.500
993.842	138.500
994.061	147.500
994.280	177.500
994.500	143.500
994.719	159.500
994.938	87.500
995.157	126.500
995.377	186.500
995.596	119.500
995.815	123.500
996.034	90.500
996.253	70.500
996.473	135.500
996.692	103.500
996.911	99.500
997.130	123.500
997.350	95.500
997.569	135.500
997.788	129.500
998.007	111.500
998.227	89.500
998.446	102.500
998.665	98.500
998.884	124.500
999.104	184.500
999.323	146.500
999.542	142.500
999.761	109.500
999.980	92.500
1000.200	100.500
1000.419	106.500
1000.638	133.500
1000.857	113.500
1001.077	88.500
1001.296	100.500
1001.515	139.500
1001.734	91.500
1001.954	116.500
1002.173	114.500
1002.392	121.500
1002.611	103.500
1002.830	79.500
1003.050	117.500
1003.269	194.500
1003.488	134.500
1003.707	129.500
1003.927	119.500
1004.146	130.500
1004.365	119.500
1004.584	107.500
1004.804	73.500
1005.023	148.500
1005.242	71.500
1005.461	63.500
1005.681	115.500
1005.900	70.500
1006.119	121.500
1006.338	61.500
1006.557	89.500
1006.777	59.500
1006.996	56.500
1007.215	166.500
1007.434	117.500
1007.654	128.500
1007.873	101.500
1008.092	59.500
1008.311	121.500
1008.531	60.500
1008.750	92.500
1008.969	55.500
1009.188	97.500
1009.407	73.500
1009.627	72.500
1009.846	74.500
1010.065	82.500
1010.284	73.500
1010.504	74.500
1010.723	94.500
1010.942	20.500
1011.161	74.500
1011.381	118.500
1011.600	115.500
1011.819	106.500
1012.038	52.500
1012.258	48.500
1012.477	75.500
1012.696	97.500
1012.915	72.500
1013.134	76.500
1013.354	66.500
1013.573	126.500
1013.792	85.500
1014.011	112.500
1014.231	103.500
1014.450	138.500
1014.669	97.500
1014.888	-2.500
1015.108	78.500
1015.327	110.500
1015.546	101.500
1015.765	70.500
1015.984	13.500
1016.204	46.500
1016.423	-2.500
1016.642	56.500
1016.861	75.500
1017.081	58.500
1017.300	102.500
1017.519	76.500
