296.912	-18.500
297.101	-14.500
297.290	-17.500
297.479	-25.500
297.668	-51.500
297.858	16.500
298.047	23.500
298.236	47.500
298.425	1.500
298.614	-55.500
298.803	-12.500
298.992	18.500
299.181	-21.500
299.370	-10.500
299.559	2.500
299.748	-16.500
299.937	0.500
300.126	-28.500
300.315	-31.500
300.504	-64.500
300.693	-13.500
300.882	-9.500
301.071	-40.500
301.260	-40.500
301.449	37.500
301.638	35.500
301.827	31.500
302.016	8.500
302.205	31.500
302.395	29.500
302.584	-63.500
302.773	-16.500
302.962	22.500
303.151	-41.500
303.340	-35.500
303.529	-4.500
303.718	-44.500
303.907	-11.500
304.096	12.500
304.285	25.500
304.474	-15.500
304.663	1.500
304.852	7.500
305.041	23.500
305.230	29.500
305.419	-5.500
305.608	51.500
305.797	-59.500
305.986	-64.500
306.175	-31.500
306.364	-6.500
306.553	-8.500
306.743	-14.500
306.932	14.500
307.121	-29.500
307.310	-15.500
307.499	-16.500
307.688	-15.500
307.877	-41.500
308.066	29.500
308.255	-28.500
308.444	1.500
308.633	-34.500
308.822	6.500
309.011	27.500
309.200	21.500
309.389	35.500
309.578	-33.500
309.767	-15.500
309.956	-29.500
310.145	-19.500
310.334	-26.500
310.523	-4.500
310.712	17.500
310.901	33.500
311.091	-7.500
311.280	9.500
311.469	26.500
311.658	-25.500
311.847	11.500
312.036	-4.500
312.225	-13.500
312.414	10.500
312.603	-20.500
312.792	-35.500
312.981	13.500
313.170	61.500
313.349	11.500
313.527	8.500
313.706	47.500
313.884	21.500
314.063	-25.500
314.241	-13.500
314.420	-1.500
314.598	29.500
314.777	16.500
314.955	-0.500
315.134	-58.500
315.312	-19.500
315.491	-45.500
315.669	-38.500
315.848	27.500
316.027	2.500
316.205	-18.500
316.384	32.500
316.562	9.500
316.741	-26.500
316.919	-12.500
317.098	-38.500
317.276	-30.500
317.455	-55.500
317.633	17.500
317.812	23.500
317.990	-19.500
318.169	-28.500
318.347	-40.500
318.526	-19.500
318.705	25.500
318.883	12.500
319.062	2.500
319.240	54.500
319.419	46.500
319.597	-1.500
319.776	-27.500
319.954	-2.500
320.133	-55.500
320.311	-34.500
320.490	-14.500
320.668	-26.500
320.847	39.500
321.025	21.500
321.204	34.500
321.382	2.500
321.561	-7.500
321.740	4.500
321.918	-70.500
322.097	-8.500
322.275	-62.500
322.454	-43.500
322.632	10.500
322.811	-9.500
322.989	17.500
323.168	-4.500
323.346	-68.500
323.525	15.500
323.703	17.500
323.882	29.500
324.060	17.500
324.239	-4.500
324.418	21.500
324.596	0.500
324.775	43.500
324.953	-37.500
325.132	4.500
325.310	4.500
325.489	-4.500
325.667	18.500
325.846	48.500
326.024	-0.500
326.203	56.500
326.381	-5.500
326.560	-16.500
326.738	-31.500
326.917	-38.500
327.096	17.500
327.274	-27.500
327.453	20.500
327.631	-38.500
327.810	8.500
327.988	17.500
328.167	29.500
328.345	-14.500
328.524	-0.500
328.702	-15.500
328.881	-47.500
329.059	-11.500
329.238	-32.500
329.416	59.500
329.595	13.500
329.774	0.500
329.952	31.500
330.131	28.500
330.309	-15.500
330.488	56.500
330.666	12.500
330.845	-13.500
331.023	-41.500
331.202	26.500
331.380	44.500
331.559	29.500
331.737	19.500
331.916	-14.500
332.094	-17.500
332.273	-38.500
332.452	-12.500
332.630	-34.500
332.809	-38.500
332.987	-30.500
333.166	-8.500
333.344	-18.500
333.523	7.500
333.701	-18.500
333.880	-11.500
334.058	-27.500
334.237	-19.500
334.415	-29.500
334.594	-49.500
334.772	-1.500
334.951	51.500
335.129	1.500
335.308	2.500
335.487	13.500
335.665	5.500
335.844	-36.500
336.022	23.500
336.201	50.500
336.379	-20.500
336.558	-5.500
336.736	55.500
336.915	55.500
337.093	6.500
337.272	-32.500
337.450	-37.500
337.629	11.500
337.807	9.500
337.986	-32.500
338.165	-13.500
338.343	-42.500
338.522	17.500
338.700	-46.500
338.879	22.500
339.057	28.500
339.236	-2.500
339.414	31.500
339.593	-35.500
339.771	-14.500
339.950	23.500
340.128	-22.500
340.307	0.500
340.485	-26.500
340.664	-10.500
340.843	-10.500
341.021	-2.500
341.200	7.500
341.378	8.500
341.557	31.500
341.735	36.500
341.914	84.500
342.092	-12.500
342.271	28.500
342.449	-9.500
342.628	-3.500
342.806	12.500
342.985	4.500
343.163	0.500
343.342	-2.500
343.521	0.500
343.699	37.500
343.878	-15.500
344.056	0.500
344.235	5.500
344.413	11.500
344.592	-44.500
344.770	-40.500
344.949	1.500
345.127	27.500
345.306	-6.500
345.484	25.500
345.663	49.500
345.841	0.500
346.020	4.500
346.199	47.500
346.377	-13.500
346.556	-32.500
346.734	-12.500
346.913	15.500
347.091	11.500
347.270	-2.500
347.448	-7.500
347.627	-1.500
347.805	-38.500
347.984	-8.500
348.162	30.500
348.341	-39.500
348.519	-2.500
348.698	5.500
348.876	49.500
349.055	13.500
349.234	-2.500
349.412	46.500
349.591	36.500
349.769	7.500
349.948	31.500
350.126	-13.500
350.305	17.500
350.483	45.500
350.662	40.500
350.840	-61.500
351.019	25.500
351.197	23.500
351.376	-54.500
351.554	26.500
351.733	20.500
351.912	-52.500
352.090	-0.500
352.269	5.500
352.447	-7.500
352.626	-21.500
352.804	0.500
352.983	27.500
353.161	-20.500
353.340	77.500
353.518	-45.500
353.697	-1.500
353.875	53.500
354.054	47.500
354.232	4.500
354.411	14.500
354.590	27.500
354.768	-22.500
354.947	-54.500
355.125	29.500
355.304	0.500
355.482	-12.500
355.661	9.500
355.839	-24.500
356.018	20.500
356.196	63.500
356.375	23.500
356.553	3.500
356.732	5.500
356.910	-40.500
357.089	-19.500
357.268	10.500
357.446	45.500
357.625	55.500
357.803	18.500
357.982	2.500
358.160	-38.500
358.339	-17.500
358.517	3.500
358.696	13.500
358.874	-0.500
359.053	-12.500
359.231	23.500
359.410	38.500
359.588	31.500
359.767	-4.500
359.945	-57.500
360.124	-51.500
360.303	-23.500
360.481	-15.500
360.660	-13.500
360.838	33.500
361.017	22.500
361.195	25.500
361.374	39.500
361.552	-40.500
361.731	13.500
361.909	32.500
362.088	14.500
362.266	-27.500
362.445	40.500
362.623	19.500
362.802	47.500
362.981	11.500
363.159	-13.500
363.338	-32.500
363.516	47.500
363.695	53.500
363.873	-7.500
364.052	5.500
364.230	35.500
364.409	48.500
364.587	16.500
364.766	-30.500
364.944	-2.500
365.123	-15.500
365.301	-0.500
365.480	13.500
365.660	22.500
365.839	10.500
366.019	47.500
366.199	9.500
366.379	-7.500
366.558	-13.500
366.738	9.500
366.918	-32.500
367.098	-11.500
367.277	17.500
367.457	-54.500
367.637	-7.500
367.816	-4.500
367.996	46.500
368.176	13.500
368.356	-14.500
368.535	-14.500
368.715	43.500
368.895	10.500
369.075	3.500
369.254	33.500
369.434	4.500
369.614	-0.500
369.793	44.500
369.973	47.500
370.153	26.500
370.333	-20.500
370.512	10.500
370.692	11.500
370.872	-32.500
371.051	48.500
371.231	37.500
371.411	60.500
371.591	25.500
371.770	-54.500
371.950	-30.500
372.130	7.500
372.310	28.500
372.489	-9.500
372.669	-35.500
372.849	13.500
373.028	47.500
373.208	10.500
373.388	72.500
373.568	23.500
373.747	-28.500
373.927	12.500
374.107	-12.500
374.287	-3.500
374.466	-23.500
374.646	18.500
374.826	-15.500
375.005	64.500
375.185	47.500
375.365	68.500
375.545	71.500
375.724	34.500
375.904	-29.500
376.084	-17.500
376.263	44.500
376.443	10.500
376.623	35.500
376.803	20.500
376.982	-19.500
377.162	6.500
377.342	7.500
377.522	35.500
377.701	-1.500
377.881	-8.500
378.061	40.500
378.240	71.500
378.420	31.500
378.600	19.500
378.780	50.500
378.959	-38.500
379.139	-51.500
379.319	-27.500
379.499	-71.500
379.678	32.500
379.858	-36.500
380.038	13.500
380.217	11.500
380.397	-12.500
380.577	-18.500
380.757	-14.500
380.936	2.500
381.116	43.500
381.296	-2.500
381.476	25.500
381.655	41.500
381.835	-20.500
382.015	46.500
382.194	-47.500
382.374	-49.500
382.554	-11.500
382.734	-29.500
382.913	-32.500
383.093	11.500
383.273	-16.500
383.452	67.500
383.632	-0.500
383.812	-25.500
383.992	-6.500
384.171	-2.500
384.351	-40.500
384.531	18.500
384.711	-2.500
384.890	13.500
385.070	11.500
385.250	8.500
385.429	23.500
385.609	-34.500
385.789	-12.500
385.969	6.500
386.148	11.500
386.328	-16.500
386.508	-11.500
386.688	-49.500
386.867	20.500
387.047	6.500
387.227	19.500
387.406	-11.500
387.586	-12.500
387.766	-11.500
387.946	-16.500
388.125	-17.500
388.305	-68.500
388.485	-2.500
388.664	-34.500
388.844	8.500
389.024	44.500
389.204	-43.500
389.383	-4.500
389.563	2.500
389.743	25.500
389.923	40.500
390.102	-15.500
390.282	0.500
390.462	32.500
390.641	19.500
390.821	9.500
391.001	-7.500
391.181	-4.500
391.360	-43.500
391.540	-21.500
391.720	-18.500
391.900	40.500
392.079	40.500
392.259	-43.500
392.439	-20.500
392.618	-47.500
392.798	-18.500
392.978	-29.500
393.158	-34.500
393.337	15.500
393.517	2.500
393.697	42.500
393.877	25.500
394.056	-37.500
394.236	-20.500
394.416	-4.500
394.595	-26.500
394.775	11.500
394.955	-29.500
395.135	-17.500
395.314	-46.500
395.494	2.500
395.674	53.500
395.853	-0.500
396.033	9.500
396.213	-42.500
396.393	0.500
396.572	31.500
396.752	-28.500
396.932	-27.500
397.112	33.500
397.291	41.500
397.471	65.500
397.651	38.500
397.830	29.500
398.010	29.500
398.190	-32.500
398.370	-10.500
398.549	0.500
398.729	-9.500
398.909	20.500
399.089	20.500
399.268	-4.500
399.448	7.500
399.628	32.500
399.807	13.500
399.987	5.500
400.167	-23.500
400.347	-4.500
400.526	-44.500
400.706	-1.500
400.886	12.500
401.065	1.500
401.245	26.500
401.425	34.500
401.605	-4.500
401.784	-12.500
401.964	-31.500
402.144	-2.500
402.324	53.500
402.503	42.500
402.683	53.500
402.863	27.500
403.042	-4.500
403.222	-30.500
403.402	-10.500
403.582	4.500
403.761	16.500
403.941	-11.500
404.121	17.500
404.301	14.500
404.480	16.500
404.660	39.500
404.844	-41.500
405.029	8.500
405.213	91.500
405.398	80.500
405.582	-28.500
405.767	-37.500
405.951	-24.500
406.136	25.500
406.320	-7.500
406.505	50.500
406.689	-16.500
406.874	-8.500
407.058	-27.500
407.243	37.500
407.427	33.500
407.612	-10.500
407.796	10.500
407.981	38.500
408.165	-7.500
408.350	11.500
408.534	29.500
408.719	22.500
408.903	-38.500
409.088	18.500
409.272	-22.500
409.457	31.500
409.641	0.500
409.826	31.500
410.010	25.500
410.195	14.500
410.379	-32.500
410.564	-20.500
410.748	24.500
410.933	3.500
411.117	12.500
411.302	-16.500
411.486	5.500
411.671	26.500
411.855	13.500
412.040	-15.500
412.224	-35.500
412.409	-26.500
412.593	25.500
412.778	61.500
412.962	27.500
413.147	30.500
413.331	17.500
413.516	3.500
413.700	31.500
413.885	-10.500
414.069	12.500
414.254	28.500
414.438	-12.500
414.623	-4.500
414.807	45.500
414.992	31.500
415.176	26.500
415.361	19.500
415.545	31.500
415.730	-15.500
415.914	68.500
416.099	20.500
416.283	-7.500
416.468	18.500
416.652	37.500
416.837	49.500
417.021	58.500
417.206	46.500
417.390	22.500
417.575	43.500
417.759	16.500
417.944	68.500
418.128	40.500
418.313	36.500
418.497	73.500
418.682	23.500
418.866	77.500
419.051	17.500
419.235	4.500
419.420	12.500
419.604	22.500
419.789	55.500
419.973	74.500
420.158	66.500
420.342	95.500
420.527	104.500
420.711	5.500
420.896	59.500
421.080	60.500
421.265	92.500
421.449	74.500
421.634	38.500
421.818	-34.500
422.003	24.500
422.187	50.500
422.372	52.500
422.556	49.500
422.741	91.500
422.925	54.500
423.110	-2.500
423.294	113.500
423.479	14.500
423.663	32.500
423.848	60.500
424.032	90.500
424.217	69.500
424.401	104.500
424.586	57.500
424.770	85.500
424.955	116.500
425.139	117.500
425.324	50.500
425.508	127.500
425.693	120.500
425.877	89.500
426.062	127.500
426.246	118.500
426.431	97.500
426.615	92.500
426.800	111.500
426.984	122.500
427.169	146.500
427.353	134.500
427.538	171.500
427.722	107.500
427.907	186.500
428.091	151.500
428.276	126.500
428.460	196.500
428.645	124.500
428.829	194.500
429.014	195.500
429.198	193.500
429.383	235.500
429.567	180.500
429.752	162.500
429.936	215.500
430.121	149.500
430.305	172.500
430.490	238.500
430.674	215.500
430.859	253.500
431.043	256.500
431.228	295.500
431.412	304.500
431.597	323.500
431.781	253.500
431.966	315.500
432.150	313.500
432.335	249.500
432.519	274.500
432.704	305.500
432.888	316.500
433.073	298.500
433.257	309.500
433.442	331.500
433.626	357.500
433.811	320.500
433.995	343.500
434.180	375.500
434.364	335.500
434.549	363.500
434.733	412.500
434.918	399.500
435.102	406.500
435.287	433.500
435.471	391.500
435.656	372.500
435.840	423.500
436.030	415.500
436.219	469.500
436.409	431.500
436.599	454.500
436.789	433.500
436.978	483.500
437.168	471.500
437.358	492.500
437.548	498.500
437.737	456.500
437.927	457.500
438.117	533.500
438.306	524.500
438.496	522.500
438.686	561.500
438.876	580.500
439.065	539.500
439.255	567.500
439.445	541.500
439.634	550.500
439.824	523.500
440.014	668.500
440.204	613.500
440.393	654.500
440.583	692.500
440.773	588.500
440.963	664.500
441.152	646.500
441.342	676.500
441.532	722.500
441.721	748.500
441.911	738.500
442.101	759.500
442.291	783.500
442.480	836.500
442.670	875.500
442.860	856.500
443.050	842.500
443.239	943.500
443.429	954.500
443.619	946.500
443.808	983.500
443.998	1096.500
444.188	1032.500
444.378	1079.500
444.567	1089.500
444.757	1121.500
444.947	1188.500
445.137	1274.500
445.326	1327.500
445.516	1260.500
445.706	1304.500
445.895	1364.500
446.085	1444.500
446.275	1452.500
446.465	1465.500
446.654	1514.500
446.844	1519.500
447.034	1552.500
447.223	1568.500
447.413	1656.500
447.603	1621.500
447.793	1728.500
447.982	1803.500
448.172	1816.500
448.362	1791.500
448.552	1869.500
448.741	1836.500
448.931	1827.500
449.121	1951.500
449.310	2026.500
449.500	2036.500
449.690	2071.500
449.880	2047.500
450.069	2019.500
450.259	2123.500
450.449	2031.500
450.639	2137.500
450.828	2171.500
451.018	2235.500
451.208	2151.500
451.397	2222.500
451.587	2171.500
451.777	2188.500
451.967	2142.500
452.156	2087.500
452.346	2175.500
452.536	2179.500
452.725	2136.500
452.915	2123.500
453.105	2156.500
453.295	2122.500
453.484	2053.500
453.674	2178.500
453.864	2013.500
454.054	2038.500
454.243	1988.500
454.433	1991.500
454.623	2053.500
454.812	2005.500
455.002	1879.500
455.192	1915.500
455.382	1920.500
455.571	1802.500
455.761	1787.500
455.951	1732.500
456.141	1652.500
456.330	1635.500
456.520	1628.500
456.710	1597.500
456.899	1595.500
457.089	1597.500
457.279	1461.500
457.469	1383.500
457.658	1404.500
457.848	1363.500
458.038	1340.500
458.228	1362.500
458.417	1342.500
458.607	1253.500
458.797	1207.500
458.986	1146.500
459.176	1220.500
459.366	1165.500
459.556	1110.500
459.745	1047.500
459.935	1019.500
460.125	1050.500
460.314	1020.500
460.504	977.500
460.694	1021.500
460.884	977.500
461.073	966.500
461.263	950.500
461.453	894.500
461.643	891.500
461.832	859.500
462.022	835.500
462.212	847.500
462.401	795.500
462.591	811.500
462.781	800.500
462.971	763.500
463.160	878.500
463.350	770.500
463.540	768.500
463.730	694.500
463.919	743.500
464.109	736.500
464.299	737.500
464.488	719.500
464.678	753.500
464.868	770.500
465.058	713.500
465.247	675.500
465.437	748.500
465.627	651.500
465.816	711.500
466.006	696.500
466.196	643.500
466.386	696.500
466.575	707.500
466.765	709.500
466.955	656.500
467.145	662.500
467.334	695.500
467.524	653.500
467.714	594.500
467.903	655.500
468.093	619.500
468.283	631.500
468.473	713.500
468.662	575.500
468.852	583.500
469.042	589.500
469.232	577.500
469.421	582.500
469.611	568.500
469.801	565.500
469.990	526.500
470.180	523.500
470.370	486.500
470.560	472.500
470.749	504.500
470.939	462.500
471.129	459.500
471.318	514.500
471.508	490.500
471.698	538.500
471.888	450.500
472.077	371.500
472.267	441.500
472.457	388.500
472.647	372.500
472.836	397.500
473.026	419.500
473.216	365.500
473.405	366.500
473.595	310.500
473.785	386.500
473.975	354.500
474.164	355.500
474.354	335.500
474.544	360.500
474.734	300.500
474.923	323.500
475.113	340.500
475.303	388.500
475.492	358.500
475.682	284.500
475.872	321.500
476.062	290.500
476.251	288.500
476.441	310.500
476.631	331.500
476.821	358.500
477.010	310.500
477.200	264.500
477.390	263.500
477.579	289.500
477.769	293.500
477.959	293.500
478.149	227.500
478.338	247.500
478.528	250.500
478.718	311.500
478.907	263.500
479.097	328.500
479.287	254.500
479.477	264.500
479.666	284.500
479.856	263.500
480.046	292.500
480.236	257.500
480.425	242.500
480.615	259.500
480.805	226.500
480.994	238.500
481.184	262.500
481.374	281.500
481.564	288.500
481.753	173.500
481.943	194.500
482.133	194.500
482.323	231.500
482.512	245.500
482.702	248.500
482.892	204.500
483.081	202.500
483.271	225.500
483.461	226.500
483.651	196.500
483.840	219.500
484.030	236.500
484.220	291.500
484.409	234.500
484.599	270.500
484.789	218.500
484.979	229.500
485.168	179.500
485.358	187.500
485.548	191.500
485.738	196.500
485.927	192.500
486.117	281.500
486.307	268.500
486.496	252.500
486.686	205.500
486.876	183.500
487.066	181.500
487.255	243.500
487.445	250.500
487.635	184.500
487.825	191.500
488.014	220.500
488.204	246.500
488.394	250.500
488.583	171.500
488.773	194.500
488.963	222.500
489.153	267.500
489.342	284.500
489.532	183.500
489.722	275.500
489.912	229.500
490.101	172.500
490.291	246.500
490.481	300.500
490.670	223.500
490.860	238.500
491.050	188.500
491.240	190.500
491.429	231.500
491.619	260.500
491.809	233.500
491.998	244.500
492.188	269.500
492.378	255.500
492.568	240.500
492.757	234.500
492.947	205.500
493.137	220.500
493.327	286.500
493.516	275.500
493.706	274.500
493.896	229.500
494.085	311.500
494.275	281.500
494.465	281.500
494.655	223.500
494.844	246.500
495.034	262.500
495.224	347.500
495.414	357.500
495.603	251.500
495.793	307.500
495.983	302.500
496.172	308.500
496.362	202.500
496.552	321.500
496.742	294.500
496.931	299.500
497.121	306.500
497.311	348.500
497.500	327.500
497.690	301.500
497.880	322.500
498.070	357.500
498.259	310.500
498.449	293.500
498.639	395.500
498.829	373.500
499.018	339.500
499.208	376.500
499.398	352.500
499.587	346.500
499.777	374.500
499.967	386.500
500.157	376.500
500.346	391.500
500.536	386.500
500.726	436.500
500.916	422.500
501.105	432.500
501.295	449.500
501.485	418.500
501.674	403.500
501.864	413.500
502.054	434.500
502.244	423.500
502.433	442.500
502.623	421.500
502.813	451.500
503.003	461.500
503.192	467.500
503.382	492.500
503.572	542.500
503.761	480.500
503.951	472.500
504.141	464.500
504.331	524.500
504.520	555.500
504.710	534.500
504.900	508.500
505.089	537.500
505.279	555.500
505.469	451.500
505.659	498.500
505.848	565.500
506.038	567.500
506.228	561.500
506.418	598.500
506.607	533.500
506.797	586.500
506.987	545.500
507.176	550.500
507.366	570.500
507.556	579.500
507.746	609.500
507.935	575.500
508.125	677.500
508.315	723.500
508.505	716.500
508.694	691.500
508.884	681.500
509.074	648.500
509.263	623.500
509.453	698.500
509.643	665.500
509.833	695.500
510.022	708.500
510.212	677.500
510.402	671.500
510.592	730.500
510.781	671.500
510.971	666.500
511.161	699.500
511.350	707.500
511.540	715.500
511.730	731.500
511.920	776.500
512.109	739.500
512.299	740.500
512.489	725.500
512.678	784.500
512.868	763.500
513.058	756.500
513.248	714.500
513.437	771.500
513.627	675.500
513.817	747.500
514.007	763.500
514.196	782.500
514.386	775.500
514.576	757.500
514.765	798.500
514.955	771.500
515.145	751.500
515.335	837.500
515.524	846.500
515.714	803.500
515.904	838.500
516.094	823.500
516.283	873.500
516.473	838.500
516.663	888.500
516.852	825.500
517.042	841.500
517.232	886.500
517.422	856.500
517.611	880.500
517.801	881.500
517.991	811.500
518.180	839.500
518.370	912.500
518.560	920.500
518.750	901.500
518.939	923.500
519.129	933.500
519.319	917.500
519.509	932.500
519.698	853.500
519.888	952.500
520.078	909.500
520.267	964.500
520.457	905.500
520.647	864.500
520.837	894.500
521.026	983.500
521.216	901.500
521.406	961.500
521.596	1023.500
521.785	983.500
521.975	985.500
522.165	939.500
522.354	1030.500
522.544	987.500
522.734	944.500
522.924	880.500
523.113	992.500
523.303	1000.500
523.493	979.500
523.683	1053.500
523.872	1083.500
524.062	950.500
524.252	1009.500
524.441	979.500
524.631	999.500
524.821	1017.500
525.011	979.500
525.200	1072.500
525.390	1018.500
525.580	1076.500
525.769	1034.500
525.959	978.500
526.149	989.500
526.339	1011.500
526.528	1077.500
526.718	982.500
526.908	1045.500
527.098	1035.500
527.287	1061.500
527.477	1028.500
527.667	1036.500
527.856	1013.500
528.046	1081.500
528.236	1087.500
528.426	1057.500
528.615	1099.500
528.805	1085.500
528.995	1159.500
529.185	1088.500
529.374	1078.500
529.564	1077.500
529.754	1061.500
529.943	974.500
530.133	1034.500
530.323	1044.500
530.513	1101.500
530.702	1114.500
530.892	1051.500
531.082	1037.500
531.271	1018.500
531.461	1063.500
531.651	1129.500
531.841	1120.500
532.030	1119.500
532.220	1143.500
532.410	1079.500
532.600	1125.500
532.789	1097.500
532.979	1055.500
533.169	1002.500
533.358	1058.500
533.548	1050.500
533.738	1039.500
533.928	1052.500
534.117	1083.500
534.307	1064.500
534.497	1119.500
534.687	1095.500
534.876	1081.500
535.066	1057.500
535.256	1071.500
535.445	1097.500
535.635	1132.500
535.825	1074.500
536.015	1082.500
536.204	1087.500
536.394	1043.500
536.584	995.500
536.773	1065.500
536.963	1040.500
537.153	1006.500
537.343	960.500
537.532	1067.500
537.722	1081.500
537.912	1079.500
538.102	1082.500
538.291	1044.500
538.481	1026.500
538.671	1020.500
538.860	1097.500
539.050	1070.500
539.240	1082.500
539.430	1061.500
539.619	1024.500
539.809	1020.500
539.999	1043.500
540.189	1064.500
540.378	1076.500
540.568	1042.500
540.758	1003.500
540.947	1062.500
541.137	1102.500
541.327	1077.500
541.517	1011.500
541.706	1047.500
541.896	991.500
542.086	978.500
542.276	1019.500
542.465	1020.500
542.655	1019.500
542.845	1048.500
543.034	1154.500
543.224	1052.500
543.414	1018.500
543.604	1094.500
543.793	1039.500
543.983	1119.500
544.173	997.500
544.362	979.500
544.552	997.500
544.742	1039.500
544.932	1060.500
545.121	1038.500
545.311	1043.500
545.501	1017.500
545.691	1051.500
545.880	1070.500
546.070	1050.500
546.264	995.500
546.459	992.500
546.653	1038.500
546.847	999.500
547.041	1037.500
547.236	1057.500
547.430	948.500
547.624	992.500
547.818	970.500
548.013	994.500
548.207	1013.500
548.401	1054.500
548.596	1002.500
548.790	1000.500
548.984	1009.500
549.178	975.500
549.373	995.500
549.567	956.500
549.761	985.500
549.956	956.500
550.150	1033.500
550.344	1092.500
550.538	957.500
550.733	1034.500
550.927	1057.500
551.121	1104.500
551.315	1079.500
551.510	1025.500
551.704	993.500
551.898	1025.500
552.093	1058.500
552.287	1047.500
552.481	1009.500
552.675	977.500
552.870	988.500
553.064	1022.500
553.258	987.500
553.453	994.500
553.647	1032.500
553.841	978.500
554.035	978.500
554.230	999.500
554.424	1011.500
554.618	1031.500
554.812	999.500
555.007	1071.500
555.201	1055.500
555.395	992.500
555.590	1035.500
555.784	1034.500
555.978	1015.500
556.172	1083.500
556.367	977.500
556.561	1009.500
556.755	975.500
556.949	990.500
557.144	967.500
557.338	1049.500
557.532	998.500
557.727	1054.500
557.921	1007.500
558.115	1053.500
558.309	1037.500
558.504	1007.500
558.698	1066.500
558.892	992.500
559.087	949.500
559.281	1018.500
559.475	944.500
559.669	984.500
559.864	961.500
560.058	1059.500
560.252	1058.500
560.446	1069.500
560.641	1016.500
560.835	1036.500
561.029	1035.500
561.224	993.500
561.418	1038.500
561.612	1010.500
561.806	1012.500
562.001	1058.500
562.195	1006.500
562.389	1001.500
562.584	1011.500
562.778	998.500
562.972	1034.500
563.166	960.500
563.361	960.500
563.555	1027.500
563.749	1050.500
563.943	1053.500
564.138	1078.500
564.332	1007.500
564.526	977.500
564.721	1041.500
564.915	1043.500
565.109	1013.500
565.303	957.500
565.498	1000.500
565.692	1027.500
565.886	996.500
566.081	965.500
566.275	935.500
566.469	1035.500
566.663	1065.500
566.858	1026.500
567.052	1015.500
567.246	1061.500
567.440	1008.500
567.635	980.500
567.829	1046.500
568.023	1067.500
568.218	1005.500
568.412	1006.500
568.606	983.500
568.800	983.500
568.995	991.500
569.189	1044.500
569.383	1019.500
569.577	1015.500
569.772	1070.500
569.966	997.500
570.160	998.500
570.355	978.500
570.549	1021.500
570.743	1003.500
570.937	1037.500
571.132	1003.500
571.326	1042.500
571.520	1091.500
571.715	1063.500
571.909	1034.500
572.103	1061.500
572.297	1047.500
572.492	1010.500
572.686	964.500
572.880	1042.500
573.074	1005.500
573.269	967.500
573.463	1055.500
573.657	1011.500
573.852	1004.500
574.046	954.500
574.240	933.500
574.434	982.500
574.629	1013.500
574.823	1034.500
575.017	1060.500
575.212	1031.500
575.406	1019.500
575.600	1024.500
575.794	987.500
575.989	1007.500
576.183	1072.500
576.377	1053.500
576.571	1054.500
576.766	1002.500
576.960	1110.500
577.159	1028.500
577.357	1102.500
577.556	1098.500
577.755	1063.500
577.953	1020.500
578.152	985.500
578.350	1071.500
578.549	1066.500
578.748	1196.500
578.946	1116.500
579.145	1070.500
579.344	1053.500
579.542	1162.500
579.741	1056.500
579.940	1134.500
580.138	1086.500
580.337	1116.500
580.535	1160.500
580.734	1107.500
580.933	1155.500
581.131	1113.500
581.330	1173.500
581.529	1211.500
581.727	1217.500
581.926	1232.500
582.125	1257.500
582.323	1215.500
582.522	1197.500
582.721	1181.500
582.919	1276.500
583.118	1204.500
583.316	1202.500
583.515	1178.500
583.714	1279.500
583.912	1296.500
584.111	1259.500
584.310	1213.500
584.508	1294.500
584.707	1287.500
584.906	1327.500
585.104	1329.500
585.303	1293.500
585.501	1292.500
585.700	1336.500
585.899	1310.500
586.097	1293.500
586.296	1424.500
586.495	1393.500
586.693	1427.500
586.892	1444.500
587.091	1413.500
587.289	1466.500
587.488	1461.500
587.686	1475.500
587.885	1434.500
588.084	1459.500
588.282	1529.500
588.481	1563.500
588.680	1497.500
588.878	1604.500
589.077	1582.500
589.276	1566.500
589.474	1515.500
589.673	1629.500
589.871	1606.500
590.070	1599.500
590.269	1673.500
590.467	1627.500
590.666	1738.500
590.865	1724.500
591.063	1717.500
591.262	1778.500
591.461	1744.500
591.659	1795.500
591.858	1822.500
592.056	1810.500
592.255	1895.500
592.454	1897.500
592.652	1920.500
592.851	1901.500
593.050	1923.500
593.248	1919.500
593.447	2014.500
593.646	2043.500
593.844	1938.500
594.043	2066.500
594.241	2039.500
594.440	2091.500
594.639	2053.500
594.837	2080.500
595.036	2100.500
595.235	2111.500
595.433	2221.500
595.632	2220.500
595.831	2204.500
596.029	2253.500
596.228	2229.500
596.427	2437.500
596.625	2361.500
596.824	2432.500
597.022	2502.500
597.221	2506.500
597.420	2608.500
597.618	2531.500
597.817	2643.500
598.016	2648.500
598.214	2699.500
598.413	2861.500
598.612	2834.500
598.810	2782.500
599.009	2821.500
599.207	2903.500
599.406	2945.500
599.605	3013.500
599.803	3036.500
600.002	3193.500
600.201	3247.500
600.399	3271.500
600.598	3353.500
600.797	3240.500
600.995	3263.500
601.194	3522.500
601.392	3608.500
601.591	3622.500
601.790	3671.500
601.988	3690.500
602.187	3775.500
602.386	3839.500
602.584	3986.500
602.783	3969.500
602.982	3958.500
603.180	3965.500
603.379	4083.500
603.577	4288.500
603.776	4336.500
603.975	4509.500
604.173	4489.500
604.372	4730.500
604.571	4663.500
604.769	4866.500
604.968	4868.500
605.167	5003.500
605.365	5039.500
605.564	5309.500
605.762	5223.500
605.961	5358.500
606.160	5547.500
606.358	5721.500
606.557	5741.500
606.756	5922.500
606.954	6052.500
607.153	6178.500
607.352	6302.500
607.550	6390.500
607.749	6505.500
607.948	6502.500
608.146	6707.500
608.345	6920.500
608.543	6988.500
608.742	7000.500
608.941	7302.500
609.139	7398.500
609.338	7674.500
609.537	7839.500
609.735	7815.500
609.934	7956.500
610.133	8140.500
610.331	8391.500
610.530	8669.500
610.728	8653.500
610.927	8963.500
611.126	9073.500
611.324	9080.500
611.523	9351.500
611.722	9452.500
611.920	9723.500
612.119	9916.500
612.318	10032.500
612.516	10377.500
612.715	10576.500
612.913	10746.500
613.112	10726.500
613.311	11032.500
613.509	11346.500
613.708	11630.500
613.907	11711.500
614.105	11894.500
614.304	12274.500
614.503	12330.500
614.701	12615.500
614.900	12799.500
615.098	13042.500
615.297	13299.500
615.496	13693.500
615.694	13884.500
615.893	14297.500
616.092	14344.500
616.290	14811.500
616.489	15035.500
616.688	15184.500
616.886	15299.500
617.085	15788.500
617.283	15997.500
617.482	16346.500
617.681	16553.500
617.879	16793.500
618.078	16990.500
618.277	17141.500
618.475	17490.500
618.674	17828.500
618.873	18240.500
619.071	18566.500
619.270	18297.500
619.468	18723.500
619.667	18689.500
619.866	19022.500
620.064	19247.500
620.263	19562.500
620.462	19527.500
620.660	19604.500
620.859	19924.500
621.058	19765.500
621.256	19856.500
621.455	19954.500
621.654	19850.500
621.852	19740.500
622.051	19417.500
622.249	19588.500
622.448	19325.500
622.647	19053.500
622.845	18568.500
623.044	18537.500
623.243	18464.500
623.441	17935.500
623.640	17536.500
623.839	17147.500
624.037	16869.500
624.236	16385.500
624.434	15845.500
624.633	15669.500
624.832	15154.500
625.030	14802.500
625.229	14287.500
625.428	13462.500
625.626	13324.500
625.825	12636.500
626.024	12251.500
626.222	11830.500
626.421	11243.500
626.619	10947.500
626.818	10707.500
627.017	10300.500
627.215	9749.500
627.414	9364.500
627.613	9075.500
627.811	8607.500
628.010	8323.500
628.209	8040.500
628.407	7703.500
628.606	7431.500
628.804	7105.500
629.003	6746.500
629.202	6330.500
629.400	6275.500
629.599	6004.500
629.798	5750.500
629.996	5515.500
630.195	5319.500
630.394	5240.500
630.592	4906.500
630.791	4844.500
630.990	4737.500
631.188	4389.500
631.387	4289.500
631.585	4115.500
631.784	4020.500
631.983	3847.500
632.181	3748.500
632.380	3583.500
632.579	3453.500
632.777	3355.500
632.976	3188.500
633.175	3038.500
633.373	2929.500
633.572	2821.500
633.770	2626.500
633.969	2603.500
634.168	2489.500
634.366	2422.500
634.565	2321.500
634.764	2256.500
634.962	2214.500
635.161	2191.500
635.360	2147.500
635.558	1979.500
635.757	1932.500
635.955	1836.500
636.154	1766.500
636.353	1740.500
636.551	1677.500
636.750	1602.500
636.949	1582.500
637.147	1527.500
637.346	1420.500
637.545	1389.500
637.743	1240.500
637.942	1248.500
638.140	1237.500
638.339	1221.500
638.538	1215.500
638.736	1250.500
638.935	1131.500
639.134	1020.500
639.332	1068.500
639.531	1044.500
639.730	936.500
639.928	929.500
640.127	908.500
640.325	880.500
640.524	848.500
640.723	888.500
640.921	822.500
641.120	849.500
641.319	782.500
641.517	752.500
641.716	796.500
641.915	729.500
642.113	640.500
642.312	667.500
642.510	684.500
642.709	656.500
642.908	529.500
643.106	624.500
643.305	677.500
643.504	619.500
643.702	565.500
643.901	522.500
644.100	555.500
644.298	546.500
644.497	557.500
644.696	522.500
644.894	494.500
645.093	492.500
645.291	470.500
645.490	459.500
645.689	418.500
645.887	420.500
646.086	470.500
646.285	366.500
646.483	402.500
646.682	423.500
646.881	392.500
647.079	366.500
647.278	339.500
647.476	325.500
647.675	361.500
647.874	267.500
648.072	287.500
648.271	276.500
648.470	299.500
648.668	267.500
648.867	221.500
649.066	213.500
649.264	253.500
649.463	266.500
649.661	224.500
649.860	233.500
650.059	239.500
650.257	217.500
650.456	210.500
650.655	184.500
650.853	195.500
651.052	184.500
651.251	170.500
651.449	146.500
651.648	107.500
651.846	169.500
652.045	155.500
652.244	93.500
652.442	131.500
652.641	150.500
652.840	110.500
653.038	91.500
653.237	71.500
653.436	110.500
653.634	123.500
653.833	119.500
654.032	142.500
654.230	79.500
654.429	101.500
654.627	92.500
654.826	116.500
655.025	69.500
655.223	75.500
655.422	80.500
655.621	41.500
655.819	42.500
656.018	74.500
656.217	82.500
656.415	80.500
656.614	77.500
656.812	89.500
657.011	48.500
657.210	99.500
657.408	105.500
657.607	60.500
657.806	101.500
658.004	110.500
658.203	31.500
658.402	114.500
658.600	80.500
658.799	77.500
658.997	57.500
659.196	35.500
659.395	61.500
659.593	45.500
659.792	67.500
659.991	31.500
660.189	83.500
660.388	48.500
660.587	15.500
660.785	59.500
660.984	38.500
661.182	29.500
661.381	18.500
661.580	22.500
661.778	22.500
661.977	52.500
662.176	54.500
662.374	37.500
662.573	-38.500
662.772	17.500
662.970	41.500
663.169	42.500
663.367	60.500
663.566	103.500
663.765	100.500
663.963	66.500
664.162	50.500
664.361	19.500
664.559	4.500
664.758	42.500
664.957	45.500
665.155	55.500
665.354	93.500
665.552	54.500
665.751	86.500
665.950	34.500
666.148	-11.500
666.347	39.500
666.546	-1.500
666.744	-25.500
666.943	-0.500
667.142	42.500
667.340	36.500
667.539	29.500
667.738	18.500
667.936	37.500
668.135	19.500
668.333	32.500
668.532	-26.500
668.731	-10.500
668.929	18.500
669.128	59.500
669.327	58.500
669.525	106.500
669.724	20.500
669.923	-0.500
670.121	33.500
670.320	22.500
670.518	-6.500
670.717	-24.500
670.916	36.500
671.114	33.500
671.313	20.500
671.512	36.500
671.710	58.500
671.909	-4.500
672.108	41.500
672.306	29.500
672.505	-33.500
672.703	-2.500
672.902	61.500
673.101	31.500
673.299	81.500
673.498	53.500
673.697	17.500
673.895	27.500
674.094	37.500
674.293	13.500
674.491	31.500
674.690	-4.500
674.888	47.500
675.087	12.500
675.286	53.500
675.484	10.500
675.683	17.500
675.882	43.500
676.080	34.500
676.279	-12.500
676.478	24.500
676.676	8.500
676.875	34.500
677.073	21.500
677.272	20.500
677.471	38.500
677.669	46.500
677.868	57.500
678.067	37.500
678.265	23.500
678.464	58.500
678.663	30.500
678.861	8.500
679.060	71.500
679.259	-31.500
679.457	-1.500
679.656	54.500
679.854	9.500
680.053	11.500
680.252	1.500
680.450	-42.500
680.649	-10.500
680.848	62.500
681.046	23.500
681.245	19.500
681.444	26.500
681.642	-12.500
681.841	13.500
682.039	16.500
682.238	28.500
682.437	-51.500
682.635	-37.500
682.834	3.500
683.033	-15.500
683.231	46.500
683.430	22.500
683.629	-26.500
683.827	17.500
684.026	45.500
684.224	-1.500
684.423	3.500
684.622	48.500
684.820	21.500
685.019	20.500
685.218	36.500
685.416	27.500
685.615	22.500
685.814	-45.500
686.012	8.500
686.211	-35.500
686.409	-4.500
686.608	7.500
686.807	18.500
687.005	44.500
687.204	9.500
687.403	-40.500
687.601	6.500
687.800	48.500
687.999	5.500
688.197	-21.500
688.396	11.500
688.594	-12.500
688.793	16.500
688.992	29.500
689.190	-26.500
689.389	-5.500
689.588	32.500
689.786	-64.500
689.985	-10.500
690.184	-30.500
690.382	63.500
690.581	7.500
690.779	-5.500
690.978	-32.500
691.177	45.500
691.375	22.500
691.574	3.500
691.773	8.500
691.971	-43.500
692.170	-18.500
692.369	-37.500
692.567	-50.500
692.766	22.500
692.965	15.500
693.163	23.500
693.362	-12.500
693.560	-34.500
693.759	25.500
693.958	25.500
694.156	14.500
694.355	5.500
694.554	0.500
694.752	-0.500
694.951	-0.500
695.150	-14.500
695.348	-5.500
695.547	2.500
695.745	-45.500
695.944	-15.500
696.143	8.500
696.341	11.500
696.540	9.500
696.743	20.500
696.946	9.500
697.149	39.500
697.352	27.500
697.555	46.500
697.757	-19.500
697.960	-45.500
698.163	-1.500
698.366	7.500
698.569	-5.500
698.772	7.500
698.975	6.500
699.178	11.500
699.381	-12.500
699.584	1.500
699.787	-17.500
699.989	12.500
700.192	5.500
700.395	21.500
700.598	24.500
700.801	-14.500
701.004	-13.500
701.207	-26.500
701.410	7.500
701.613	39.500
701.816	-36.500
702.019	12.500
702.221	56.500
702.424	-25.500
702.627	-42.500
702.830	-3.500
703.033	-42.500
703.236	-36.500
703.439	-12.500
703.642	26.500
703.845	22.500
704.048	3.500
704.251	28.500
704.453	-26.500
704.656	2.500
704.859	2.500
705.062	20.500
705.265	10.500
705.468	-8.500
705.671	-42.500
705.874	39.500
706.077	6.500
706.280	6.500
706.483	23.500
706.685	-24.500
706.888	-26.500
707.091	33.500
707.294	44.500
707.497	-13.500
707.700	10.500
707.903	22.500
708.106	28.500
708.309	14.500
708.512	4.500
708.715	-20.500
708.917	29.500
709.120	27.500
709.323	-0.500
709.526	-24.500
709.729	-4.500
709.932	42.500
710.135	-9.500
710.338	-1.500
710.541	0.500
710.744	3.500
710.947	24.500
711.149	-3.500
711.352	-2.500
711.555	11.500
711.758	-19.500
711.961	34.500
712.164	-14.500
712.367	6.500
712.570	-13.500
712.773	9.500
712.976	7.500
713.179	-34.500
713.381	23.500
713.584	-0.500
713.787	53.500
713.990	-9.500
714.193	20.500
714.396	23.500
714.599	-34.500
714.802	-40.500
715.005	-22.500
715.208	0.500
715.411	-13.500
715.613	61.500
715.816	-6.500
716.019	19.500
716.222	5.500
716.425	38.500
716.628	36.500
716.831	-25.500
717.034	22.500
717.237	-26.500
717.440	-26.500
717.643	33.500
717.845	23.500
718.048	-4.500
718.251	-20.500
718.454	0.500
718.657	17.500
718.860	20.500
719.063	-35.500
719.266	4.500
719.469	-17.500
719.672	-13.500
719.875	-9.500
720.077	16.500
720.280	7.500
720.483	-15.500
720.686	44.500
720.889	-3.500
721.092	-10.500
721.295	3.500
721.498	2.500
721.701	16.500
721.904	13.500
722.107	29.500
722.309	-13.500
722.512	5.500
722.715	27.500
722.918	-7.500
723.121	-14.500
723.324	31.500
723.527	55.500
723.730	27.500
723.933	-6.500
724.136	-7.500
724.339	45.500
724.541	7.500
724.744	-25.500
724.947	35.500
725.150	26.500
725.353	-7.500
725.556	-42.500
725.759	16.500
725.962	0.500
726.165	11.500
726.368	32.500
726.571	23.500
726.773	-21.500
726.976	17.500
727.179	1.500
727.382	-38.500
727.585	-39.500
727.788	-14.500
727.991	24.500
728.194	32.500
728.397	17.500
728.600	-7.500
728.803	-32.500
729.005	-15.500
729.208	5.500
729.411	56.500
729.614	-1.500
729.817	51.500
730.020	40.500
730.223	42.500
730.426	11.500
730.629	11.500
730.832	34.500
731.035	25.500
731.237	-8.500
731.440	-10.500
731.643	-11.500
731.846	4.500
732.049	8.500
732.252	-13.500
732.455	-50.500
732.658	-52.500
732.861	15.500
733.064	13.500
733.267	16.500
733.469	41.500
733.672	28.500
733.875	-1.500
734.078	65.500
734.281	6.500
734.484	26.500
734.687	21.500
734.890	7.500
735.093	41.500
735.296	55.500
735.499	-25.500
735.701	-22.500
735.904	24.500
736.107	63.500
736.310	-2.500
736.513	2.500
736.716	26.500
736.919	-2.500
737.122	-22.500
737.325	27.500
737.528	33.500
737.731	-14.500
737.933	11.500
738.136	-3.500
738.339	-23.500
738.542	-17.500
738.745	-7.500
738.948	8.500
739.151	-36.500
739.354	46.500
739.557	0.500
739.760	28.500
739.963	-5.500
740.165	8.500
740.368	-23.500
740.571	9.500
740.774	2.500
740.977	-20.500
741.180	-4.500
741.383	55.500
741.586	0.500
741.789	32.500
741.992	32.500
742.195	-1.500
742.397	14.500
742.600	7.500
742.803	-5.500
743.006	8.500
743.209	-24.500
743.412	-4.500
743.615	23.500
743.818	4.500
744.021	-20.500
744.224	-32.500
744.427	8.500
744.629	40.500
744.832	-4.500
745.035	-16.500
745.238	0.500
745.441	-14.500
745.644	5.500
745.847	50.500
746.050	26.500
746.253	-14.500
746.456	-30.500
746.659	9.500
746.861	-39.500
747.064	18.500
747.267	19.500
747.470	65.500
747.673	37.500
747.876	23.500
748.079	-29.500
748.282	10.500
748.485	-22.500
748.688	14.500
748.891	-45.500
749.093	8.500
749.296	34.500
749.499	68.500
749.702	54.500
749.905	-28.500
750.108	23.500
750.311	-1.500
750.514	-35.500
750.717	2.500
750.920	12.500
751.123	-0.500
751.325	8.500
751.528	9.500
751.731	-39.500
751.934	12.500
752.137	39.500
752.340	2.500
752.543	29.500
752.746	46.500
752.949	0.500
753.152	23.500
753.355	-4.500
753.557	-12.500
753.760	-16.500
753.963	-31.500
754.166	-23.500
754.369	12.500
754.572	-4.500
754.775	-27.500
754.978	-20.500
755.181	-16.500
755.384	-8.500
755.587	18.500
755.789	10.500
755.992	12.500
756.195	19.500
756.398	40.500
756.601	11.500
756.804	38.500
757.007	52.500
757.210	-26.500
757.413	-24.500
757.616	39.500
757.819	-24.500
758.021	-18.500
758.224	-7.500
758.427	-40.500
758.630	-20.500
758.833	42.500
759.036	18.500
759.239	33.500
759.442	-25.500
759.645	-61.500
759.848	5.500
760.051	23.500
760.253	25.500
760.456	6.500
760.659	-14.500
760.862	-38.500
761.065	30.500
761.268	32.500
761.471	7.500
761.674	23.500
761.877	43.500
762.080	8.500
762.283	-20.500
762.485	-56.500
762.688	-5.500
762.891	16.500
763.094	23.500
763.297	4.500
763.500	-32.500
763.706	43.500
763.912	-3.500
764.118	-14.500
764.325	12.500
764.531	23.500
764.737	44.500
764.943	62.500
765.149	77.500
765.355	39.500
765.561	16.500
765.768	25.500
765.974	-18.500
766.180	27.500
766.386	2.500
766.592	-10.500
766.798	64.500
767.004	-17.500
767.210	9.500
767.417	-13.500
767.623	-25.500
767.829	25.500
768.035	1.500
768.241	-4.500
768.447	-31.500
768.653	3.500
768.860	5.500
769.066	15.500
769.272	13.500
769.478	34.500
769.684	49.500
769.890	32.500
770.096	8.500
770.303	46.500
770.509	20.500
770.715	3.500
770.921	-4.500
771.127	26.500
771.333	-16.500
771.539	30.500
771.745	41.500
771.952	21.500
772.158	1.500
772.364	-20.500
772.570	-15.500
772.776	-7.500
772.982	-36.500
773.188	16.500
773.395	-32.500
773.601	42.500
773.807	-48.500
774.013	-8.500
774.219	-35.500
774.425	-9.500
774.631	29.500
774.838	20.500
775.044	-41.500
775.250	14.500
775.456	68.500
775.662	17.500
775.868	80.500
776.074	-22.500
776.281	-47.500
776.487	-21.500
776.693	-43.500
776.899	-16.500
777.105	-12.500
777.311	5.500
777.517	7.500
777.723	-9.500
777.930	32.500
778.136	18.500
778.342	22.500
778.548	-29.500
778.754	15.500
778.960	6.500
779.166	3.500
779.373	12.500
779.579	6.500
779.785	1.500
779.991	-28.500
780.197	19.500
780.403	-18.500
780.609	44.500
780.816	37.500
781.022	-0.500
781.228	44.500
781.434	12.500
781.640	61.500
781.846	29.500
782.052	-13.500
782.259	-8.500
782.465	-4.500
782.671	10.500
782.877	13.500
783.083	29.500
783.289	-3.500
783.495	33.500
783.701	14.500
783.908	16.500
784.114	-5.500
784.320	-20.500
784.526	-37.500
784.732	6.500
784.938	17.500
785.144	31.500
785.351	-11.500
785.557	-10.500
785.763	5.500
785.969	12.500
786.175	30.500
786.381	-10.500
786.587	5.500
786.794	32.500
787.000	26.500
787.206	44.500
787.412	17.500
787.618	-13.500
787.824	5.500
788.030	10.500
788.236	-28.500
788.443	-35.500
788.649	-0.500
788.855	7.500
789.061	38.500
789.267	41.500
789.473	52.500
789.679	-10.500
789.886	-14.500
790.092	-50.500
790.298	-20.500
790.504	4.500
790.710	-40.500
790.916	-18.500
791.122	-15.500
791.329	27.500
791.535	0.500
791.741	-12.500
791.947	-32.500
792.153	-8.500
792.359	17.500
792.565	-47.500
792.771	0.500
792.978	34.500
793.184	3.500
793.390	42.500
793.596	13.500
793.802	41.500
794.008	-21.500
794.214	-7.500
794.421	11.500
794.627	-12.500
794.833	0.500
795.039	-17.500
795.245	-17.500
795.451	9.500
795.657	-6.500
795.864	-8.500
796.070	-4.500
796.276	4.500
796.482	-40.500
796.688	-6.500
796.894	-3.500
797.100	2.500
797.307	16.500
797.513	39.500
797.719	24.500
797.925	16.500
798.131	-71.500
798.337	-26.500
798.543	-28.500
798.749	-20.500
798.956	-42.500
799.162	-60.500
799.368	5.500
799.574	9.500
799.780	17.500
799.986	-48.500
800.192	-28.500
800.399	-40.500
800.605	-6.500
800.811	-10.500
801.017	8.500
801.223	7.500
801.429	-36.500
801.635	1.500
801.842	-23.500
802.048	34.500
802.254	-18.500
802.460	58.500
802.666	-20.500
802.872	27.500
803.078	56.500
803.285	-6.500
803.491	-42.500
803.697	28.500
803.903	33.500
804.109	-0.500
804.315	-4.500
804.521	-45.500
804.727	24.500
804.934	-0.500
805.140	-5.500
805.346	-27.500
805.552	-8.500
805.758	21.500
805.964	-1.500
806.170	16.500
806.377	25.500
806.583	-40.500
806.789	-10.500
806.995	-15.500
807.201	-23.500
807.407	7.500
807.613	30.500
807.820	19.500
808.026	-1.500
808.232	-14.500
808.438	31.500
808.644	-9.500
808.850	-33.500
809.056	-0.500
809.262	1.500
809.469	-9.500
809.675	-2.500
809.881	-29.500
810.087	-55.500
810.293	-45.500
810.499	-22.500
810.705	59.500
810.912	15.500
811.118	5.500
811.324	-2.500
811.530	31.500
811.739	22.500
811.947	-1.500
812.156	-20.500
812.365	-12.500
812.573	-13.500
812.782	4.500
812.990	-37.500
813.199	26.500
813.408	-31.500
813.616	3.500
813.825	2.500
814.034	16.500
814.242	21.500
814.451	16.500
814.659	14.500
814.868	18.500
815.077	45.500
815.285	-45.500
815.494	-25.500
815.703	14.500
815.911	-14.500
816.120	-7.500
816.329	-17.500
816.537	-26.500
816.746	-38.500
816.954	13.500
817.163	-0.500
817.372	5.500
817.580	52.500
817.789	-34.500
817.998	29.500
818.206	15.500
818.415	-15.500
818.624	0.500
818.832	-1.500
819.041	-0.500
819.249	34.500
819.458	40.500
819.667	15.500
819.875	-2.500
820.084	33.500
820.293	-33.500
820.501	26.500
820.710	9.500
820.919	-10.500
821.127	9.500
821.336	4.500
821.544	26.500
821.753	44.500
821.962	21.500
822.170	-7.500
822.379	-23.500
822.588	6.500
822.796	-55.500
823.005	-12.500
823.213	29.500
823.422	-4.500
823.631	-29.500
823.839	40.500
824.048	27.500
824.257	54.500
824.465	-45.500
824.674	-47.500
824.883	-20.500
825.091	-20.500
825.300	0.500
825.508	16.500
825.717	21.500
825.926	-31.500
826.134	6.500
826.343	-1.500
826.552	11.500
826.760	-20.500
826.969	-26.500
827.178	13.500
827.386	35.500
827.595	26.500
827.803	-11.500
828.012	-0.500
828.221	-40.500
828.429	-9.500
828.638	6.500
828.847	-19.500
829.055	3.500
829.264	0.500
829.472	-13.500
829.681	13.500
829.890	8.500
830.098	5.500
830.307	12.500
830.516	10.500
830.724	25.500
830.933	9.500
831.142	18.500
831.350	-8.500
831.559	-32.500
831.767	-13.500
831.976	-30.500
832.185	-1.500
832.393	21.500
832.602	23.500
832.811	1.500
833.019	5.500
833.228	-0.500
833.437	12.500
833.645	22.500
833.854	-4.500
834.062	-19.500
834.271	-18.500
834.480	5.500
834.688	-26.500
834.897	-64.500
835.106	-3.500
835.314	4.500
835.523	5.500
835.731	-7.500
835.940	32.500
836.149	13.500
836.357	-9.500
836.566	-16.500
836.775	-10.500
836.983	-4.500
837.192	12.500
837.401	-49.500
837.609	-45.500
837.818	-42.500
838.026	-22.500
838.235	-0.500
838.444	12.500
838.652	4.500
838.861	10.500
839.070	-6.500
839.278	30.500
839.487	2.500
839.696	23.500
839.904	-14.500
840.113	-6.500
840.321	-26.500
840.530	-2.500
840.739	5.500
840.947	17.500
841.156	-1.500
841.365	-41.500
841.573	56.500
841.782	-24.500
841.991	-5.500
842.199	-1.500
842.408	26.500
842.616	10.500
842.825	20.500
843.034	-12.500
843.242	-65.500
843.451	-24.500
843.660	-40.500
843.868	17.500
844.077	19.500
844.285	-10.500
844.494	-33.500
844.703	-21.500
844.911	-25.500
845.120	-15.500
845.329	2.500
845.537	55.500
845.746	16.500
845.955	19.500
846.163	46.500
846.372	6.500
846.580	-8.500
846.789	-25.500
846.998	11.500
847.206	45.500
847.415	37.500
847.624	14.500
847.832	23.500
848.041	67.500
848.250	-10.500
848.458	-29.500
848.667	0.500
848.875	-20.500
849.084	-3.500
849.293	59.500
849.501	-2.500
849.710	-13.500
849.919	-26.500
850.127	35.500
850.336	31.500
850.544	-14.500
850.753	-0.500
850.962	-17.500
851.170	23.500
851.379	62.500
851.588	-10.500
851.796	-13.500
852.005	-24.500
852.214	-20.500
852.422	-8.500
852.631	-31.500
852.839	-20.500
853.048	-6.500
853.257	-6.500
853.465	-12.500
853.674	25.500
853.883	-18.500
854.091	39.500
854.300	16.500
854.509	-14.500
854.717	-45.500
854.926	-28.500
855.134	-37.500
855.343	17.500
855.552	-3.500
855.760	-16.500
855.969	-7.500
856.178	-47.500
856.386	28.500
856.595	0.500
856.803	-29.500
857.012	-85.500
857.221	30.500
857.429	14.500
857.638	-8.500
857.847	-38.500
858.055	-27.500
858.264	0.500
858.473	5.500
858.681	-8.500
858.890	-7.500
859.098	-19.500
859.307	-1.500
859.516	-33.500
859.724	-47.500
859.933	-0.500
860.142	42.500
860.350	18.500
860.559	-31.500
860.768	6.500
860.976	-35.500
861.185	-2.500
861.393	32.500
861.602	-22.500
861.811	31.500
862.019	-1.500
862.228	-2.500
862.437	33.500
862.645	1.500
862.854	14.500
863.062	0.500
863.271	-20.500
863.480	11.500
863.688	-7.500
863.897	32.500
864.106	-36.500
864.314	-7.500
864.523	-18.500
864.732	40.500
864.940	-35.500
865.149	-8.500
865.357	-11.500
865.566	29.500
865.775	60.500
865.983	7.500
866.192	3.500
866.401	5.500
866.609	20.500
866.818	8.500
867.027	-36.500
867.235	-32.500
867.444	4.500
867.652	45.500
867.861	4.500
868.070	-6.500
868.278	24.500
868.487	-26.500
868.696	2.500
868.904	44.500
869.113	-4.500
869.321	-20.500
869.530	36.500
869.739	31.500
869.947	34.500
870.156	-45.500
870.365	-18.500
870.573	45.500
870.782	-4.500
870.991	2.500
871.199	3.500
871.408	66.500
871.616	8.500
871.825	-32.500
872.034	-26.500
872.242	31.500
872.451	7.500
872.660	-5.500
872.868	-9.500
873.077	-11.500
873.286	2.500
873.494	43.500
873.703	1.500
873.911	53.500
874.120	16.500
874.329	12.500
874.537	24.500
874.746	0.500
874.955	18.500
875.163	-28.500
875.372	-12.500
875.581	-15.500
875.789	38.500
875.998	-6.500
876.206	26.500
876.415	2.500
876.624	-8.500
876.832	-25.500
877.041	-3.500
877.250	50.500
877.458	20.500
877.667	-13.500
877.875	27.500
878.084	11.500
878.293	60.500
878.501	17.500
878.710	4.500
878.919	10.500
879.127	14.500
879.336	-17.500
879.545	34.500
879.753	19.500
879.962	2.500
880.170	-39.500
880.379	12.500
880.588	11.500
880.796	12.500
881.005	-31.500
881.214	3.500
881.422	-29.500
881.631	-0.500
881.840	1.500
882.048	-24.500
882.257	-18.500
882.465	-47.500
882.674	7.500
882.883	-32.500
883.091	15.500
883.300	12.500
883.509	23.500
883.717	-9.500
883.926	-34.500
884.134	-10.500
884.343	-3.500
884.552	0.500
884.760	-37.500
884.969	-8.500
885.178	2.500
885.386	-26.500
885.595	9.500
885.804	-8.500
886.012	23.500
886.221	-34.500
886.429	18.500
886.638	12.500
886.847	31.500
887.055	-5.500
887.264	-24.500
887.473	-5.500
887.681	-35.500
887.890	-24.500
888.099	-18.500
888.307	-2.500
888.516	-17.500
888.724	-4.500
888.933	-59.500
889.142	-28.500
889.350	28.500
889.559	-24.500
889.768	12.500
889.976	-9.500
890.185	-13.500
890.393	46.500
890.602	-22.500
890.811	-2.500
891.019	-1.500
891.228	-1.500
891.437	-24.500
891.645	13.500
891.854	8.500
892.063	-6.500
892.271	0.500
892.480	18.500
892.688	-56.500
892.897	-38.500
893.106	-14.500
893.314	68.500
893.523	-55.500
893.732	17.500
893.940	-13.500
894.149	24.500
894.358	8.500
894.566	17.500
894.775	-1.500
894.983	-7.500
895.192	12.500
895.401	17.500
895.609	-20.500
895.818	46.500
896.027	40.500
896.235	28.500
896.444	5.500
896.652	4.500
896.861	-24.500
897.070	-39.500
897.278	-4.500
897.487	-31.500
897.696	-30.500
897.904	48.500
898.113	16.500
898.322	6.500
898.530	38.500
898.739	17.500
898.947	4.500
899.156	-13.500
899.365	11.500
899.573	-20.500
899.782	3.500
899.991	14.500
900.199	-5.500
900.408	7.500
900.617	-19.500
900.825	-2.500
901.034	14.500
901.242	8.500
901.451	-10.500
901.660	1.500
901.868	-30.500
902.077	-18.500
902.286	10.500
902.494	-15.500
902.703	-56.500
902.911	-4.500
903.120	-55.500
903.329	13.500
903.537	13.500
903.746	33.500
903.955	-46.500
904.163	-21.500
904.372	29.500
904.581	-11.500
904.789	-30.500
904.998	0.500
905.206	-15.500
905.415	-40.500
905.624	-0.500
905.832	-24.500
906.041	15.500
906.250	25.500
906.458	-15.500
906.667	7.500
906.876	-24.500
907.084	-11.500
907.293	-25.500
907.501	-55.500
907.710	14.500
907.919	32.500
908.127	-22.500
908.336	30.500
908.545	-50.500
908.753	-4.500
908.962	-7.500
909.170	-16.500
909.379	-30.500
909.588	-34.500
909.796	41.500
910.005	-12.500
910.214	-0.500
910.422	-19.500
910.631	1.500
910.840	1.500
911.048	-50.500
911.257	34.500
911.465	47.500
911.674	-46.500
911.883	13.500
912.091	1.500
912.300	19.500
912.508	12.500
912.716	-34.500
912.924	-9.500
913.132	-8.500
913.340	-44.500
913.549	-9.500
913.757	-17.500
913.965	63.500
914.173	-1.500
914.381	-9.500
914.589	-9.500
914.797	-7.500
915.005	-24.500
915.213	-0.500
915.421	4.500
915.629	19.500
915.838	-41.500
916.046	-11.500
916.254	23.500
916.462	-9.500
916.670	-1.500
916.878	-3.500
917.086	-33.500
917.294	-36.500
917.502	25.500
917.710	5.500
917.919	42.500
918.127	18.500
918.335	-45.500
918.543	-9.500
918.751	-13.500
918.959	20.500
919.167	-1.500
919.375	-32.500
919.583	16.500
919.791	-16.500
919.999	12.500
920.208	45.500
920.416	-37.500
920.624	-31.500
920.832	-2.500
921.040	16.500
921.248	3.500
921.456	5.500
921.664	-7.500
921.872	-8.500
922.080	-16.500
922.288	7.500
922.497	-37.500
922.705	-21.500
922.913	-40.500
923.121	-43.500
923.329	-2.500
923.537	29.500
923.745	23.500
923.953	-19.500
924.161	13.500
924.369	11.500
924.578	27.500
924.786	52.500
924.994	12.500
925.202	1.500
925.410	-22.500
925.618	-28.500
925.826	8.500
926.034	-3.500
926.242	20.500
926.450	72.500
926.658	2.500
926.867	33.500
927.075	35.500
927.283	-4.500
927.491	-51.500
927.699	-8.500
927.907	26.500
928.115	11.500
928.323	-31.500
928.531	12.500
928.739	9.500
928.947	-5.500
929.156	0.500
929.364	-25.500
929.572	6.500
929.780	-20.500
929.988	11.500
930.196	-34.500
930.404	-43.500
930.612	-39.500
930.820	-38.500
931.028	-7.500
931.236	-17.500
931.445	-47.500
931.653	10.500
931.861	-8.500
932.069	-43.500
932.277	-31.500
932.485	17.500
932.693	-27.500
932.901	27.500
933.109	18.500
933.317	23.500
933.526	-30.500
933.734	-32.500
933.942	-21.500
934.150	9.500
934.358	17.500
934.566	16.500
934.774	-8.500
934.982	12.500
935.190	19.500
935.398	85.500
935.606	-20.500
935.815	25.500
936.023	-8.500
936.231	-45.500
936.439	-17.500
936.647	48.500
936.855	28.500
937.063	21.500
937.271	1.500
937.479	41.500
937.687	-45.500
937.895	-37.500
938.104	-1.500
938.312	25.500
938.520	-37.500
938.728	15.500
938.936	-4.500
939.144	26.500
939.352	33.500
939.560	56.500
939.768	-28.500
939.976	-6.500
940.185	43.500
940.393	55.500
940.601	6.500
940.809	-12.500
941.017	37.500
941.225	-3.500
941.433	-47.500
941.641	-11.500
941.849	-31.500
942.057	-60.500
942.265	26.500
942.474	28.500
942.682	47.500
942.890	5.500
943.098	-44.500
943.306	-2.500
943.514	-56.500
943.722	11.500
943.930	33.500
944.138	65.500
944.346	30.500
944.554	-42.500
944.763	-19.500
944.971	-22.500
945.179	14.500
945.387	4.500
945.595	-32.500
945.803	-5.500
946.011	-29.500
946.219	-1.500
946.427	-20.500
946.635	12.500
946.843	14.500
947.052	18.500
947.260	31.500
947.468	-0.500
947.676	-20.500
947.884	-40.500
948.092	-19.500
948.300	-24.500
948.508	-7.500
948.716	25.500
948.924	7.500
949.133	21.500
949.341	0.500
949.549	-12.500
949.757	-37.500
949.965	-16.500
950.173	-24.500
950.381	29.500
950.589	-30.500
950.797	-58.500
951.005	0.500
951.213	4.500
951.422	-52.500
951.630	-36.500
951.838	-29.500
952.046	26.500
952.254	15.500
952.462	-0.500
952.670	-5.500
952.878	-3.500
953.086	22.500
953.294	11.500
953.502	-13.500
953.711	11.500
953.919	-26.500
954.127	-22.500
954.335	8.500
954.543	-9.500
954.751	12.500
954.959	46.500
955.167	-19.500
955.375	-28.500
955.583	-2.500
955.792	-6.500
956.000	-18.500
956.208	-11.500
956.416	-36.500
956.624	-23.500
956.832	-13.500
957.040	-21.500
957.248	-9.500
957.456	-10.500
957.664	27.500
957.872	8.500
958.081	-7.500
958.289	-6.500
958.497	46.500
958.705	-11.500
958.913	-22.500
959.121	0.500
959.329	-28.500
959.537	-37.500
959.745	26.500
959.953	22.500
960.161	-17.500
960.370	-12.500
960.578	-52.500
960.786	-10.500
960.994	-11.500
961.202	32.500
961.410	5.500
961.618	-42.500
961.826	-29.500
962.034	16.500
962.242	19.500
962.451	22.500
962.659	-8.500
962.867	-1.500
963.075	-25.500
963.283	-8.500
963.491	-34.500
963.699	-2.500
963.907	-37.500
964.115	-22.500
964.323	-32.500
964.531	45.500
964.740	43.500
964.948	37.500
965.156	5.500
965.364	-23.500
965.572	-17.500
965.780	-64.500
965.999	-50.500
966.218	-15.500
966.438	-7.500
966.657	-8.500
966.876	22.500
967.095	-7.500
967.315	0.500
967.534	0.500
967.753	9.500
967.972	-15.500
968.192	-9.500
968.411	-24.500
968.630	19.500
968.849	16.500
969.068	65.500
969.288	-18.500
969.507	-23.500
969.726	-21.500
969.945	-4.500
970.165	11.500
970.384	-5.500
970.603	37.500
970.822	-42.500
971.042	12.500
971.261	-11.500
971.480	-34.500
971.699	-1.500
971.919	19.500
972.138	-37.500
972.357	-45.500
972.576	-60.500
972.795	-9.500
973.015	-1.500
973.234	-13.500
973.453	11.500
973.672	21.500
973.892	-44.500
974.111	-71.500
974.330	-26.500
974.549	-1.500
974.769	41.500
974.988	-31.500
975.207	-20.500
975.426	13.500
975.646	-4.500
975.865	40.500
976.084	-0.500
976.303	2.500
976.522	-1.500
976.742	-14.500
976.961	-10.500
977.180	40.500
977.399	52.500
977.619	15.500
977.838	-7.500
978.057	-30.500
978.276	-61.500
978.496	20.500
978.715	-5.500
978.934	-19.500
979.153	5.500
979.372	-13.500
979.592	-16.500
979.811	-36.500
980.030	3.500
980.249	-12.500
980.469	-25.500
980.688	-48.500
980.907	-51.500
981.126	8.500
981.346	34.500
981.565	60.500
981.784	45.500
982.003	-17.500
982.223	-10.500
982.442	-33.500
982.661	56.500
982.880	74.500
983.099	-7.500
983.319	12.500
983.538	13.500
983.757	1.500
983.976	11.500
984.196	-19.500
984.415	-33.500
984.634	43.500
984.853	-19.500
985.073	-44.500
985.292	-0.500
985.511	-8.500
985.730	14.500
985.949	16.500
986.169	-15.500
986.388	-16.500
986.607	2.500
986.826	7.500
987.046	-36.500
987.265	-11.500
987.484	10.500
987.703	-31.500
987.923	39.500
988.142	-17.500
988.361	7.500
988.580	22.500
988.800	-33.500
989.019	0.500
989.238	-21.500
989.457	-52.500
989.676	-32.500
989.896	-3.500
990.115	23.500
990.334	15.500
990.553	7.500
990.773	5.500
990.992	-0.500
991.211	-47.500
991.430	29.500
991.650	39.500
991.869	-12.500
992.088	34.500
992.307	-18.500
992.527	-1.500
992.746	11.500
992.965	12.500
993.184	0.500
993.403	-38.500
993.623	-29.500
993.842	32.500
994.061	-6.500
994.280	-14.500
994.500	6.500
994.719	-54.500
994.938	33.500
995.157	-0.500
995.377	-31.500
995.596	-36.500
995.815	10.500
996.034	25.500
996.253	12.500
996.473	-1.500
996.692	-15.500
996.911	0.500
997.130	-7.500
997.350	-26.500
997.569	-34.500
997.788	26.500
998.007	-16.500
998.227	13.500
998.446	22.500
998.665	18.500
998.884	7.500
999.104	33.500
999.323	35.500
999.542	8.500
999.761	23.500
999.980	-40.500
1000.200	-10.500
1000.419	2.500
1000.638	-8.500
1000.857	1.500
1001.077	5.500
1001.296	25.500
1001.515	-20.500
1001.734	-40.500
1001.954	23.500
1002.173	13.500
1002.392	27.500
1002.611	-22.500
1002.830	22.500
1003.050	-19.500
1003.269	32.500
1003.488	15.500
1003.707	12.500
1003.927	26.500
1004.146	-35.500
1004.365	18.500
1004.584	-24.500
1004.804	2.500
1005.023	11.500
1005.242	15.500
1005.461	9.500
1005.681	-37.500
1005.900	7.500
1006.119	-20.500
1006.338	-35.500
1006.557	5.500
1006.777	-32.500
1006.996	-0.500
1007.215	4.500
1007.434	-38.500
1007.654	-7.500
1007.873	3.500
1008.092	-14.500
1008.311	6.500
1008.531	0.500
1008.750	6.500
1008.969	-13.500
1009.188	-18.500
1009.407	-33.500
1009.627	25.500
1009.846	40.500
1010.065	-7.500
1010.284	-37.500
1010.504	3.500
1010.723	-9.500
1010.942	-4.500
1011.161	22.500
1011.381	77.500
1011.600	33.500
1011.819	-6.500
1012.038	10.500
1012.258	20.500
1012.477	38.500
1012.696	4.500
1012.915	3.500
1013.134	8.500
1013.354	7.500
1013.573	7.500
1013.792	7.500
1014.011	-42.500
1014.231	-54.500
1014.450	-37.500
1014.669	-4.500
1014.888	-45.500
1015.108	-36.500
1015.327	34.500
1015.546	-8.500
1015.765	-0.500
1015.984	2.500
1016.204	-61.500
1016.423	-16.500
1016.642	-25.500
1016.861	-13.500
1017.081	-34.500
1017.300	-30.500
1017.519	-16.500
