296.912	33.000
297.101	8.000
297.290	-53.000
297.479	-6.000
297.668	31.000
297.858	39.000
298.047	9.000
298.236	27.000
298.425	23.000
298.614	7.000
298.803	7.000
298.992	28.000
299.181	20.000
299.370	52.000
299.559	13.000
299.748	2.000
299.937	-11.000
300.126	10.000
300.315	32.000
300.504	28.000
300.693	20.000
300.882	12.000
301.071	-1.000
301.260	47.000
301.449	31.000
301.638	15.000
301.827	46.000
302.016	33.000
302.205	-29.000
302.395	-5.000
302.584	6.000
302.773	31.000
302.962	11.000
303.151	85.000
303.340	45.000
303.529	-13.000
303.718	1.000
303.907	-22.000
304.096	-47.000
304.285	16.000
304.474	-2.000
304.663	33.000
304.852	25.000
305.041	-21.000
305.230	8.000
305.419	15.000
305.608	-31.000
305.797	-3.000
305.986	22.000
306.175	-2.000
306.364	-42.000
306.553	46.000
306.743	14.000
306.932	22.000
307.121	-22.000
307.310	56.000
307.499	-22.000
307.688	10.000
307.877	-40.000
308.066	-36.000
308.255	12.000
308.444	36.000
308.633	-8.000
308.822	-28.000
309.011	13.000
309.200	16.000
309.389	25.000
309.578	21.000
309.767	-34.000
309.956	40.000
310.145	30.000
310.334	34.000
310.523	35.000
310.712	-13.000
310.901	-8.000
311.091	41.000
311.280	56.000
311.469	34.000
311.658	37.000
311.847	60.000
312.036	70.000
312.225	18.000
312.414	-16.000
312.603	-7.000
312.792	2.000
312.981	-9.000
313.170	-6.000
313.349	-8.000
313.527	-11.000
313.706	2.000
313.884	-26.000
314.063	22.000
314.241	-5.000
314.420	8.000
314.598	-20.000
314.777	-36.000
314.955	7.000
315.134	-12.000
315.312	-10.000
315.491	38.000
315.669	17.000
315.848	3.000
316.027	16.000
316.205	33.000
316.384	5.000
316.562	-15.000
316.741	-4.000
316.919	-29.000
317.098	10.000
317.276	0.000
317.455	21.000
317.633	41.000
317.812	40.000
317.990	13.000
318.169	-48.000
318.347	3.000
318.526	9.000
318.705	-16.000
318.883	11.000
319.062	-46.000
319.240	-38.000
319.419	3.000
319.597	-2.000
319.776	-25.000
319.954	30.000
320.133	5.000
320.311	-1.000
320.490	36.000
320.668	32.000
320.847	45.000
321.025	34.000
321.204	-29.000
321.382	29.000
321.561	-6.000
321.740	14.000
321.918	14.000
322.097	-5.000
322.275	21.000
322.454	4.000
322.632	29.000
322.811	21.000
322.989	49.000
323.168	38.000
323.346	-36.000
323.525	-20.000
323.703	24.000
323.882	15.000
324.060	-12.000
324.239	32.000
324.418	14.000
324.596	25.000
324.775	9.000
324.953	-22.000
325.132	-19.000
325.310	1.000
325.489	-23.000
325.667	-1.000
325.846	4.000
326.024	-15.000
326.203	55.000
326.381	6.000
326.560	17.000
326.738	29.000
326.917	-12.000
327.096	-2.000
327.274	33.000
327.453	27.000
327.631	23.000
327.810	3.000
327.988	-22.000
328.167	-18.000
328.345	-34.000
328.524	-6.000
328.702	18.000
328.881	-38.000
329.059	12.000
329.238	19.000
329.416	52.000
329.595	16.000
329.774	-3.000
329.952	44.000
330.131	8.000
330.309	8.000
330.488	3.000
330.666	20.000
330.845	-26.000
331.023	51.000
331.202	-5.000
331.380	-49.000
331.559	34.000
331.737	39.000
331.916	41.000
332.094	15.000
332.273	0.000
332.452	-33.000
332.630	11.000
332.809	37.000
332.987	36.000
333.166	49.000
333.344	10.000
333.523	61.000
333.701	25.000
333.880	3.000
334.058	32.000
334.237	-46.000
334.415	17.000
334.594	-1.000
334.772	43.000
334.951	23.000
335.129	52.000
335.308	11.000
335.487	-29.000
335.665	15.000
335.844	39.000
336.022	42.000
336.201	39.000
336.379	40.000
336.558	33.000
336.736	81.000
336.915	19.000
337.093	24.000
337.272	1.000
337.450	-10.000
337.629	-66.000
337.807	14.000
337.986	43.000
338.165	32.000
338.343	30.000
338.522	31.000
338.700	43.000
338.879	16.000
339.057	11.000
339.236	-37.000
339.414	10.000
339.593	29.000
339.771	41.000
339.950	11.000
340.128	-7.000
340.307	-48.000
340.485	-16.000
340.664	16.000
340.843	1.000
341.021	-13.000
341.200	36.000
341.378	34.000
341.557	32.000
341.735	16.000
341.914	70.000
342.092	72.000
342.271	-9.000
342.449	17.000
342.628	7.000
342.806	27.000
342.985	62.000
343.163	60.000
343.342	76.000
343.521	23.000
343.699	60.000
343.878	11.000
344.056	37.000
344.235	47.000
344.413	59.000
344.592	40.000
344.770	26.000
344.949	59.000
345.127	82.000
345.306	33.000
345.484	-11.000
345.663	35.000
345.841	-34.000
346.020	34.000
346.199	-19.000
346.377	37.000
346.556	-7.000
346.734	22.000
346.913	49.000
347.091	59.000
347.270	36.000
347.448	14.000
347.627	-13.000
347.805	-1.000
347.984	-34.000
348.162	44.000
348.341	49.000
348.519	52.000
348.698	19.000
348.876	67.000
349.055	58.000
349.234	63.000
349.412	-35.000
349.591	3.000
349.769	48.000
349.948	25.000
350.126	5.000
350.305	-7.000
350.483	-19.000
350.662	18.000
350.840	3.000
351.019	-25.000
351.197	-17.000
351.376	30.000
351.554	-9.000
351.733	57.000
351.912	44.000
352.090	104.000
352.269	49.000
352.447	43.000
352.626	8.000
352.804	30.000
352.983	-17.000
353.161	23.000
353.340	5.000
353.518	47.000
353.697	61.000
353.875	46.000
354.054	10.000
354.232	78.000
354.411	54.000
354.590	28.000
354.768	44.000
354.947	-7.000
355.125	71.000
355.304	41.000
355.482	51.000
355.661	29.000
355.839	49.000
356.018	86.000
356.196	63.000
356.375	19.000
356.553	61.000
356.732	22.000
356.910	25.000
357.089	74.000
357.268	51.000
357.446	67.000
357.625	95.000
357.803	68.000
357.982	22.000
358.160	19.000
358.339	37.000
358.517	43.000
358.696	59.000
358.874	58.000
359.053	22.000
359.231	55.000
359.410	5.000
359.588	15.000
359.767	8.000
359.945	53.000
360.124	3.000
360.303	40.000
360.481	25.000
360.660	65.000
360.838	49.000
361.017	59.000
361.195	10.000
361.374	11.000
361.552	-4.000
361.731	20.000
361.909	10.000
362.088	72.000
362.266	52.000
362.445	106.000
362.623	20.000
362.802	76.000
362.981	41.000
363.159	62.000
363.338	42.000
363.516	59.000
363.695	57.000
363.873	19.000
364.052	36.000
364.230	87.000
364.409	73.000
364.587	77.000
364.766	1.000
364.944	49.000
365.123	40.000
365.301	12.000
365.480	58.000
365.660	26.000
365.839	36.000
366.019	33.000
366.199	22.000
366.379	60.000
366.558	18.000
366.738	31.000
366.918	5.000
367.098	38.000
367.277	23.000
367.457	38.000
367.637	93.000
367.816	69.000
367.996	44.000
368.176	67.000
368.356	87.000
368.535	54.000
368.715	9.000
368.895	36.000
369.075	95.000
369.254	70.000
369.434	114.000
369.614	41.000
369.793	70.000
369.973	9.000
370.153	13.000
370.333	34.000
370.512	43.000
370.692	62.000
370.872	76.000
371.051	66.000
371.231	66.000
371.411	102.000
371.591	43.000
371.770	77.000
371.950	3.000
372.130	34.000
372.310	60.000
372.489	46.000
372.669	6.000
372.849	27.000
373.028	36.000
373.208	48.000
373.388	61.000
373.568	41.000
373.747	44.000
373.927	71.000
374.107	18.000
374.287	49.000
374.466	57.000
374.646	56.000
374.826	44.000
375.005	82.000
375.185	62.000
375.365	-8.000
375.545	12.000
375.724	45.000
375.904	40.000
376.084	15.000
376.263	73.000
376.443	79.000
376.623	36.000
376.803	42.000
376.982	35.000
377.162	111.000
377.342	22.000
377.522	61.000
377.701	75.000
377.881	52.000
378.061	35.000
378.240	88.000
378.420	89.000
378.600	7.000
378.780	6.000
378.959	56.000
379.139	44.000
379.319	24.000
379.499	79.000
379.678	72.000
379.858	52.000
380.038	28.000
380.217	66.000
380.397	15.000
380.577	86.000
380.757	35.000
380.936	59.000
381.116	23.000
381.296	84.000
381.476	17.000
381.655	26.000
381.835	39.000
382.015	58.000
382.194	61.000
382.374	71.000
382.554	68.000
382.734	19.000
382.913	52.000
383.093	70.000
383.273	89.000
383.452	112.000
383.632	40.000
383.812	71.000
383.992	22.000
384.171	21.000
384.351	28.000
384.531	-2.000
384.711	28.000
384.890	20.000
385.070	58.000
385.250	14.000
385.429	27.000
385.609	81.000
385.789	18.000
385.969	8.000
386.148	51.000
386.328	18.000
386.508	76.000
386.688	75.000
386.867	27.000
387.047	15.000
387.227	31.000
387.406	38.000
387.586	29.000
387.766	32.000
387.946	23.000
388.125	43.000
388.305	39.000
388.485	48.000
388.664	71.000
388.844	57.000
389.024	7.000
389.204	40.000
389.383	56.000
389.563	71.000
389.743	42.000
389.923	56.000
390.102	67.000
390.282	4.000
390.462	80.000
390.641	31.000
390.821	13.000
391.001	1.000
391.181	9.000
391.360	83.000
391.540	51.000
391.720	62.000
391.900	45.000
392.079	40.000
392.259	29.000
392.439	60.000
392.618	-14.000
392.798	34.000
392.978	-22.000
393.158	30.000
393.337	26.000
393.517	61.000
393.697	100.000
393.877	59.000
394.056	57.000
394.236	28.000
394.416	26.000
394.595	50.000
394.775	118.000
394.955	71.000
395.135	95.000
395.314	100.000
395.494	77.000
395.674	76.000
395.853	55.000
396.033	39.000
396.213	43.000
396.393	28.000
396.572	46.000
396.752	56.000
396.932	108.000
397.112	86.000
397.291	89.000
397.471	43.000
397.651	66.000
397.830	22.000
398.010	58.000
398.190	33.000
398.370	17.000
398.549	68.000
398.729	81.000
398.909	54.000
399.089	71.000
399.268	74.000
399.448	37.000
399.628	75.000
399.807	74.000
399.987	31.000
400.167	115.000
400.347	97.000
400.526	13.000
400.706	32.000
400.886	83.000
401.065	118.000
401.245	54.000
401.425	61.000
401.605	90.000
401.784	97.000
401.964	78.000
402.144	117.000
402.324	69.000
402.503	17.000
402.683	51.000
402.863	90.000
403.042	46.000
403.222	10.000
403.402	115.000
403.582	34.000
403.761	81.000
403.941	70.000
404.121	101.000
404.301	76.000
404.480	74.000
404.660	83.000
404.844	77.000
405.029	83.000
405.213	61.000
405.398	49.000
405.582	74.000
405.767	56.000
405.951	52.000
406.136	61.000
406.320	89.000
406.505	132.000
406.689	111.000
406.874	37.000
407.058	-9.000
407.243	38.000
407.427	65.000
407.612	99.000
407.796	101.000
407.981	78.000
408.165	40.000
408.350	57.000
408.534	38.000
408.719	56.000
408.903	99.000
409.088	64.000
409.272	91.000
409.457	91.000
409.641	94.000
409.826	69.000
410.010	69.000
410.195	86.000
410.379	40.000
410.564	75.000
410.748	87.000
410.933	69.000
411.117	86.000
411.302	79.000
411.486	80.000
411.671	62.000
411.855	97.000
412.040	63.000
412.224	65.000
412.409	68.000
412.593	111.000
412.778	111.000
412.962	52.000
413.147	86.000
413.331	141.000
413.516	126.000
413.700	72.000
413.885	96.000
414.069	108.000
414.254	152.000
414.438	196.000
414.623	178.000
414.807	80.000
414.992	97.000
415.176	164.000
415.361	98.000
415.545	159.000
415.730	161.000
415.914	154.000
416.099	131.000
416.283	192.000
416.468	156.000
416.652	200.000
416.837	161.000
417.021	221.000
417.206	245.000
417.390	204.000
417.575	170.000
417.759	212.000
417.944	274.000
418.128	299.000
418.313	227.000
418.497	233.000
418.682	265.000
418.866	309.000
419.051	263.000
419.235	248.000
419.420	286.000
419.604	277.000
419.789	308.000
419.973	356.000
420.158	378.000
420.342	392.000
420.527	381.000
420.711	383.000
420.896	329.000
421.080	444.000
421.265	472.000
421.449	463.000
421.634	492.000
421.818	520.000
422.003	519.000
422.187	520.000
422.372	540.000
422.556	535.000
422.741	579.000
422.925	540.000
423.110	571.000
423.294	598.000
423.479	664.000
423.663	627.000
423.848	693.000
424.032	750.000
424.217	741.000
424.401	713.000
424.586	773.000
424.770	807.000
424.955	822.000
425.139	900.000
425.324	865.000
425.508	898.000
425.693	910.000
425.877	995.000
426.062	1017.000
426.246	1034.000
426.431	1113.000
426.615	1113.000
426.800	1123.000
426.984	1215.000
427.169	1282.000
427.353	1273.000
427.538	1285.000
427.722	1425.000
427.907	1377.000
428.091	1432.000
428.276	1431.000
428.460	1448.000
428.645	1540.000
428.829	1654.000
429.014	1627.000
429.198	1624.000
429.383	1692.000
429.567	1751.000
429.752	1792.000
429.936	1822.000
430.121	1981.000
430.305	1921.000
430.490	1960.000
430.674	2118.000
430.859	2043.000
431.043	2111.000
431.228	2161.000
431.412	2212.000
431.597	2369.000
431.781	2440.000
431.966	2290.000
432.150	2481.000
432.335	2583.000
432.519	2723.000
432.704	2754.000
432.888	2710.000
433.073	2803.000
433.257	2829.000
433.442	2892.000
433.626	2948.000
433.811	3030.000
433.995	2970.000
434.180	2991.000
434.364	3233.000
434.549	3302.000
434.733	3382.000
434.918	3393.000
435.102	3478.000
435.287	3466.000
435.471	3505.000
435.656	3655.000
435.840	3744.000
436.030	3958.000
436.219	3964.000
436.409	3998.000
436.599	4054.000
436.789	4156.000
436.978	4247.000
437.168	4363.000
437.358	4473.000
437.548	4524.000
437.737	4690.000
437.927	4740.000
438.117	4827.000
438.306	4989.000
438.496	5103.000
438.686	5130.000
438.876	5293.000
439.065	5450.000
439.255	5643.000
439.445	5550.000
439.634	5821.000
439.824	5908.000
440.014	6055.000
440.204	6145.000
440.393	6237.000
440.583	6513.000
440.773	6694.000
440.963	6894.000
441.152	7107.000
441.342	7178.000
441.532	7492.000
441.721	7521.000
441.911	7883.000
442.101	8146.000
442.291	8340.000
442.480	8516.000
442.670	8856.000
442.860	8998.000
443.050	9268.000
443.239	9513.000
443.429	9876.000
443.619	10033.000
443.808	10371.000
443.998	10731.000
444.188	10984.000
444.378	11232.000
444.567	11613.000
444.757	11876.000
444.947	12185.000
445.137	12664.000
445.326	12973.000
445.516	13127.000
445.706	13402.000
445.895	13743.000
446.085	14058.000
446.275	14364.000
446.465	14574.000
446.654	15038.000
446.844	15513.000
447.034	15784.000
447.223	15883.000
447.413	16461.000
447.603	16723.000
447.793	17022.000
447.982	17238.000
448.172	17235.000
448.362	17631.000
448.552	17917.000
448.741	18027.000
448.931	18500.000
449.121	18710.000
449.310	19009.000
449.500	18966.000
449.690	19335.000
449.880	19108.000
450.069	19455.000
450.259	19473.000
450.449	19851.000
450.639	19948.000
450.828	19758.000
451.018	19826.000
451.208	19891.000
451.397	19963.000
451.587	19687.000
451.777	19720.000
451.967	19515.000
452.156	19511.000
452.346	19409.000
452.536	19313.000
452.725	19149.000
452.915	19039.000
453.105	19025.000
453.295	18583.000
453.484	18322.000
453.674	18017.000
453.864	17751.000
454.054	17546.000
454.243	17270.000
454.433	16931.000
454.623	16748.000
454.812	16376.000
455.002	15994.000
455.192	15872.000
455.382	15336.000
455.571	15251.000
455.761	14757.000
455.951	14417.000
456.141	14176.000
456.330	13794.000
456.520	13310.000
456.710	13079.000
456.899	12974.000
457.089	12490.000
457.279	12208.000
457.469	11861.000
457.658	11542.000
457.848	11423.000
458.038	11160.000
458.228	10952.000
458.417	10531.000
458.607	10335.000
458.797	10037.000
458.986	9893.000
459.176	9668.000
459.366	9341.000
459.556	9095.000
459.745	9098.000
459.935	8957.000
460.125	8681.000
460.314	8477.000
460.504	8373.000
460.694	8234.000
460.884	8157.000
461.073	7980.000
461.263	7692.000
461.453	7800.000
461.643	7471.000
461.832	7360.000
462.022	7304.000
462.212	7376.000
462.401	7107.000
462.591	7000.000
462.781	6961.000
462.971	6946.000
463.160	6851.000
463.350	6684.000
463.540	6665.000
463.730	6571.000
463.919	6580.000
464.109	6492.000
464.299	6416.000
464.488	6370.000
464.678	6386.000
464.868	6184.000
465.058	6172.000
465.247	6204.000
465.437	6096.000
465.627	6139.000
465.816	5932.000
466.006	5849.000
466.196	5851.000
466.386	6018.000
466.575	5800.000
466.765	5711.000
466.955	5742.000
467.145	5613.000
467.334	5507.000
467.524	5484.000
467.714	5318.000
467.903	5381.000
468.093	5156.000
468.283	5150.000
468.473	5108.000
468.662	5045.000
468.852	5037.000
469.042	4886.000
469.232	4850.000
469.421	4739.000
469.611	4660.000
469.801	4598.000
469.990	4460.000
470.180	4459.000
470.370	4386.000
470.560	4318.000
470.749	4173.000
470.939	4235.000
471.129	4099.000
471.318	4063.000
471.508	3961.000
471.698	3976.000
471.888	3833.000
472.077	3745.000
472.267	3677.000
472.457	3524.000
472.647	3480.000
472.836	3574.000
473.026	3474.000
473.216	3271.000
473.405	3237.000
473.595	3098.000
473.785	3087.000
473.975	3041.000
474.164	3056.000
474.354	2955.000
474.544	2956.000
474.734	2915.000
474.923	2921.000
475.113	2831.000
475.303	2786.000
475.492	2816.000
475.682	2689.000
475.872	2581.000
476.062	2670.000
476.251	2554.000
476.441	2624.000
476.631	2598.000
476.821	2552.000
477.010	2487.000
477.200	2470.000
477.390	2368.000
477.579	2358.000
477.769	2376.000
477.959	2405.000
478.149	2282.000
478.338	2199.000
478.528	2310.000
478.718	2202.000
478.907	2275.000
479.097	2183.000
479.287	2235.000
479.477	2095.000
479.666	2124.000
479.856	2012.000
480.046	2122.000
480.236	2227.000
480.425	2093.000
480.615	2105.000
480.805	2006.000
480.994	2060.000
481.184	2039.000
481.374	2002.000
481.564	2042.000
481.753	1941.000
481.943	2012.000
482.133	1953.000
482.323	1977.000
482.512	1943.000
482.702	1965.000
482.892	1963.000
483.081	1963.000
483.271	2034.000
483.461	1923.000
483.651	1887.000
483.840	1982.000
484.030	1967.000
484.220	1969.000
484.409	1939.000
484.599	1958.000
484.789	1920.000
484.979	1834.000
485.168	1906.000
485.358	1884.000
485.548	1929.000
485.738	1870.000
485.927	1859.000
486.117	1895.000
486.307	1760.000
486.496	1816.000
486.686	1993.000
486.876	1886.000
487.066	1870.000
487.255	1858.000
487.445	1844.000
487.635	1919.000
487.825	1850.000
488.014	1850.000
488.204	1853.000
488.394	1872.000
488.583	1808.000
488.773	1812.000
488.963	1867.000
489.153	1871.000
489.342	1870.000
489.532	1872.000
489.722	1948.000
489.912	1846.000
490.101	1826.000
490.291	1827.000
490.481	1884.000
490.670	1892.000
490.860	1863.000
491.050	1909.000
491.240	1982.000
491.429	1955.000
491.619	1985.000
491.809	1907.000
491.998	2069.000
492.188	1998.000
492.378	2011.000
492.568	2016.000
492.757	2107.000
492.947	2143.000
493.137	2093.000
493.327	2151.000
493.516	2158.000
493.706	2223.000
493.896	2211.000
494.085	2198.000
494.275	2235.000
494.465	2179.000
494.655	2190.000
494.844	2334.000
495.034	2393.000
495.224	2367.000
495.414	2449.000
495.603	2449.000
495.793	2476.000
495.983	2506.000
496.172	2589.000
496.362	2593.000
496.552	2541.000
496.742	2639.000
496.931	2742.000
497.121	2741.000
497.311	2776.000
497.500	2843.000
497.690	2789.000
497.880	2874.000
498.070	2930.000
498.259	3034.000
498.449	3059.000
498.639	3157.000
498.829	3068.000
499.018	3146.000
499.208	3147.000
499.398	3236.000
499.587	3261.000
499.777	3324.000
499.967	3397.000
500.157	3403.000
500.346	3486.000
500.536	3501.000
500.726	3566.000
500.916	3627.000
501.105	3668.000
501.295	3719.000
501.485	3756.000
501.674	3824.000
501.864	3911.000
502.054	3884.000
502.244	3958.000
502.433	3846.000
502.623	4096.000
502.813	4186.000
503.003	4241.000
503.192	4206.000
503.382	4283.000
503.572	4368.000
503.761	4412.000
503.951	4458.000
504.141	4609.000
504.331	4639.000
504.520	4525.000
504.710	4551.000
504.900	4695.000
505.089	4890.000
505.279	4835.000
505.469	4781.000
505.659	4928.000
505.848	5039.000
506.038	5114.000
506.228	5019.000
506.418	5148.000
506.607	5050.000
506.797	5134.000
506.987	5206.000
507.176	5369.000
507.366	5424.000
507.556	5447.000
507.746	5604.000
507.935	5533.000
508.125	5673.000
508.315	5658.000
508.505	5776.000
508.694	5854.000
508.884	5883.000
509.074	5850.000
509.263	5977.000
509.453	5942.000
509.643	5948.000
509.833	5960.000
510.022	6143.000
510.212	6118.000
510.402	6320.000
510.592	6279.000
510.781	6333.000
510.971	6283.000
511.161	6438.000
511.350	6489.000
511.540	6444.000
511.730	6560.000
511.920	6561.000
512.109	6645.000
512.299	6643.000
512.489	6783.000
512.678	6886.000
512.868	6789.000
513.058	6819.000
513.248	6818.000
513.437	6946.000
513.627	7019.000
513.817	7206.000
514.007	7116.000
514.196	7165.000
514.386	7363.000
514.576	7234.000
514.765	7337.000
514.955	7359.000
515.145	7299.000
515.335	7250.000
515.524	7418.000
515.714	7472.000
515.904	7536.000
516.094	7467.000
516.283	7604.000
516.473	7600.000
516.663	7736.000
516.852	7735.000
517.042	7846.000
517.232	7845.000
517.422	7828.000
517.611	7782.000
517.801	7797.000
517.991	7974.000
518.180	8052.000
518.370	8103.000
518.560	8101.000
518.750	8230.000
518.939	8193.000
519.129	8155.000
519.319	8237.000
519.509	8112.000
519.698	8165.000
519.888	8283.000
520.078	8551.000
520.267	8281.000
520.457	8289.000
520.647	8444.000
520.837	8417.000
521.026	8601.000
521.216	8437.000
521.406	8504.000
521.596	8498.000
521.785	8640.000
521.975	8637.000
522.165	8556.000
522.354	8824.000
522.544	8738.000
522.734	8928.000
522.924	8923.000
523.113	9040.000
523.303	8855.000
523.493	8954.000
523.683	9004.000
523.872	8977.000
524.062	9120.000
524.252	9079.000
524.441	9091.000
524.631	9154.000
524.821	9099.000
525.011	9189.000
525.200	9352.000
525.390	9220.000
525.580	9256.000
525.769	9207.000
525.959	9393.000
526.149	9430.000
526.339	9436.000
526.528	9558.000
526.718	9297.000
526.908	9433.000
527.098	9598.000
527.287	9516.000
527.477	9514.000
527.667	9697.000
527.856	9584.000
528.046	9530.000
528.236	9739.000
528.426	9633.000
528.615	9617.000
528.805	9713.000
528.995	9604.000
529.185	9654.000
529.374	9694.000
529.564	9715.000
529.754	9785.000
529.943	9686.000
530.133	9615.000
530.323	9767.000
530.513	9751.000
530.702	9763.000
530.892	9900.000
531.082	9802.000
531.271	9671.000
531.461	9786.000
531.651	9760.000
531.841	9802.000
532.030	9682.000
532.220	9611.000
532.410	9623.000
532.600	9622.000
532.789	9558.000
532.979	9547.000
533.169	9599.000
533.358	9686.000
533.548	9753.000
533.738	9680.000
533.928	9592.000
534.117	9626.000
534.307	9628.000
534.497	9408.000
534.687	9591.000
534.876	9462.000
535.066	9505.000
535.256	9483.000
535.445	9476.000
535.635	9460.000
535.825	9507.000
536.015	9416.000
536.204	9470.000
536.394	9429.000
536.584	9301.000
536.773	9297.000
536.963	9461.000
537.153	9425.000
537.343	9482.000
537.532	9487.000
537.722	9575.000
537.912	9375.000
538.102	9526.000
538.291	9413.000
538.481	9535.000
538.671	9381.000
538.860	9433.000
539.050	9417.000
539.240	9399.000
539.430	9578.000
539.619	9563.000
539.809	9514.000
539.999	9566.000
540.189	9501.000
540.378	9408.000
540.568	9371.000
540.758	9561.000
540.947	9479.000
541.137	9390.000
541.327	9312.000
541.517	9324.000
541.706	9357.000
541.896	9507.000
542.086	9513.000
542.276	9429.000
542.465	9378.000
542.655	9359.000
542.845	9438.000
543.034	9452.000
543.224	9454.000
543.414	9365.000
543.604	9441.000
543.793	9427.000
543.983	9275.000
544.173	9295.000
544.362	9419.000
544.552	9261.000
544.742	9329.000
544.932	9334.000
545.121	9394.000
545.311	9320.000
545.501	9455.000
545.691	9382.000
545.880	9182.000
546.070	9399.000
546.264	9233.000
546.459	9324.000
546.653	9460.000
546.847	9249.000
547.041	9329.000
547.236	9293.000
547.430	9400.000
547.624	9334.000
547.818	9333.000
548.013	9375.000
548.207	9114.000
548.401	9341.000
548.596	9417.000
548.790	9208.000
548.984	9263.000
549.178	9220.000
549.373	9108.000
549.567	9137.000
549.761	9106.000
549.956	9079.000
550.150	8968.000
550.344	9125.000
550.538	9109.000
550.733	9164.000
550.927	9151.000
551.121	9065.000
551.315	9027.000
551.510	9156.000
551.704	9141.000
551.898	9163.000
552.093	9146.000
552.287	9050.000
552.481	9106.000
552.675	9128.000
552.870	9066.000
553.064	8955.000
553.258	9112.000
553.453	9002.000
553.647	9192.000
553.841	9141.000
554.035	9069.000
554.230	9128.000
554.424	8949.000
554.618	9050.000
554.812	8947.000
555.007	8848.000
555.201	8896.000
555.395	8941.000
555.590	9027.000
555.784	8936.000
555.978	8865.000
556.172	9012.000
556.367	8996.000
556.561	8906.000
556.755	8978.000
556.949	9017.000
557.144	9049.000
557.338	9103.000
557.532	8948.000
557.727	8973.000
557.921	9048.000
558.115	9053.000
558.309	9079.000
558.504	8961.000
558.698	8867.000
558.892	8811.000
559.087	9025.000
559.281	9136.000
559.475	9161.000
559.669	9040.000
559.864	9009.000
560.058	9030.000
560.252	9037.000
560.446	8930.000
560.641	8935.000
560.835	9003.000
561.029	8876.000
561.224	8930.000
561.418	9043.000
561.612	8994.000
561.806	8962.000
562.001	8977.000
562.195	9041.000
562.389	9019.000
562.584	8952.000
562.778	9041.000
562.972	8964.000
563.166	8993.000
563.361	8909.000
563.555	8972.000
563.749	8954.000
563.943	9054.000
564.138	8972.000
564.332	8929.000
564.526	8951.000
564.721	8876.000
564.915	8821.000
565.109	8837.000
565.303	8845.000
565.498	8845.000
565.692	8723.000
565.886	8913.000
566.081	8916.000
566.275	8918.000
566.469	8802.000
566.663	8781.000
566.858	8691.000
567.052	8756.000
567.246	8945.000
567.440	8749.000
567.635	8779.000
567.829	8760.000
568.023	8786.000
568.218	8767.000
568.412	8615.000
568.606	8755.000
568.800	8751.000
568.995	8613.000
569.189	8730.000
569.383	8632.000
569.577	8699.000
569.772	8710.000
569.966	8635.000
570.160	8555.000
570.355	8502.000
570.549	8705.000
570.743	8798.000
570.937	8619.000
571.132	8542.000
571.326	8595.000
571.520	8511.000
571.715	8490.000
571.909	8375.000
572.103	8439.000
572.297	8421.000
572.492	8520.000
572.686	8498.000
572.880	8416.000
573.074	8431.000
573.269	8473.000
573.463	8318.000
573.657	8182.000
573.852	8387.000
574.046	8400.000
574.240	8344.000
574.434	8317.000
574.629	8380.000
574.823	8273.000
575.017	8282.000
575.212	8237.000
575.406	8305.000
575.600	8213.000
575.794	8219.000
575.989	8312.000
576.183	8140.000
576.377	8171.000
576.571	8119.000
576.766	8082.000
576.960	7998.000
577.159	8235.000
577.357	8113.000
577.556	8014.000
577.755	8069.000
577.953	8028.000
578.152	7900.000
578.350	7863.000
578.549	7884.000
578.748	7839.000
578.946	7904.000
579.145	7920.000
579.344	7919.000
579.542	7824.000
579.741	7718.000
579.940	7850.000
580.138	7888.000
580.337	7860.000
580.535	7907.000
580.734	7984.000
580.933	7926.000
581.131	7990.000
581.330	7881.000
581.529	8054.000
581.727	7939.000
581.926	8066.000
582.125	8019.000
582.323	8096.000
582.522	8108.000
582.721	8161.000
582.919	8177.000
583.118	8206.000
583.316	8046.000
583.515	8042.000
583.714	8187.000
583.912	8171.000
584.111	8174.000
584.310	8403.000
584.508	8298.000
584.707	8264.000
584.906	8308.000
585.104	8401.000
585.303	8329.000
585.501	8183.000
585.700	8194.000
585.899	8321.000
586.097	8150.000
586.296	8203.000
586.495	8243.000
586.693	8276.000
586.892	8308.000
587.091	8172.000
587.289	8173.000
587.488	8107.000
587.686	8082.000
587.885	8143.000
588.084	8054.000
588.282	8101.000
588.481	8058.000
588.680	8224.000
588.878	8091.000
589.077	8035.000
589.276	8036.000
589.474	7864.000
589.673	7907.000
589.871	7714.000
590.070	7860.000
590.269	7870.000
590.467	7936.000
590.666	7806.000
590.865	7801.000
591.063	7654.000
591.262	7865.000
591.461	7817.000
591.659	7906.000
591.858	7712.000
592.056	7815.000
592.255	7654.000
592.454	7786.000
592.652	7714.000
592.851	7834.000
593.050	7723.000
593.248	7595.000
593.447	7650.000
593.646	7564.000
593.844	7648.000
594.043	7601.000
594.241	7541.000
594.440	7486.000
594.639	7589.000
594.837	7467.000
595.036	7408.000
595.235	7574.000
595.433	7491.000
595.632	7500.000
595.831	7274.000
596.029	7320.000
596.228	7183.000
596.427	7439.000
596.625	7449.000
596.824	7461.000
597.022	7396.000
597.221	7417.000
597.420	7261.000
597.618	7267.000
597.817	7349.000
598.016	7270.000
598.214	7336.000
598.413	7253.000
598.612	7249.000
598.810	7262.000
599.009	7159.000
599.207	7152.000
599.406	7160.000
599.605	7196.000
599.803	7234.000
600.002	7210.000
600.201	7076.000
600.399	7265.000
600.598	7192.000
600.797	7086.000
600.995	7136.000
601.194	7035.000
601.392	7033.000
601.591	6875.000
601.790	6947.000
601.988	7000.000
602.187	7033.000
602.386	6952.000
602.584	6945.000
602.783	6944.000
602.982	6904.000
603.180	6947.000
603.379	6866.000
603.577	6939.000
603.776	6767.000
603.975	6919.000
604.173	6861.000
604.372	6838.000
604.571	6813.000
604.769	6833.000
604.968	6822.000
605.167	6792.000
605.365	6742.000
605.564	6788.000
605.762	6732.000
605.961	6604.000
606.160	6648.000
606.358	6691.000
606.557	6686.000
606.756	6685.000
606.954	6553.000
607.153	6594.000
607.352	6580.000
607.550	6614.000
607.749	6590.000
607.948	6535.000
608.146	6510.000
608.345	6450.000
608.543	6413.000
608.742	6348.000
608.941	6448.000
609.139	6421.000
609.338	6318.000
609.537	6508.000
609.735	6479.000
609.934	6411.000
610.133	6371.000
610.331	6414.000
610.530	6311.000
610.728	6320.000
610.927	6276.000
611.126	6238.000
611.324	6295.000
611.523	6286.000
611.722	6311.000
611.920	6307.000
612.119	6092.000
612.318	6113.000
612.516	6097.000
612.715	6077.000
612.913	6022.000
613.112	5970.000
613.311	5984.000
613.509	5989.000
613.708	6057.000
613.907	6038.000
614.105	5872.000
614.304	5891.000
614.503	5917.000
614.701	5834.000
614.900	5788.000
615.098	5743.000
615.297	5762.000
615.496	5821.000
615.694	5782.000
615.893	5791.000
616.092	5722.000
616.290	5683.000
616.489	5676.000
616.688	5545.000
616.886	5538.000
617.085	5524.000
617.283	5626.000
617.482	5551.000
617.681	5445.000
617.879	5429.000
618.078	5417.000
618.277	5393.000
618.475	5352.000
618.674	5375.000
618.873	5443.000
619.071	5434.000
619.270	5356.000
619.468	5406.000
619.667	5210.000
619.866	5262.000
620.064	5248.000
620.263	5255.000
620.462	5249.000
620.660	5247.000
620.859	5143.000
621.058	5310.000
621.256	5054.000
621.455	5062.000
621.654	5124.000
621.852	5023.000
622.051	5058.000
622.249	4922.000
622.448	4914.000
622.647	5015.000
622.845	4996.000
623.044	4780.000
623.243	4803.000
623.441	4899.000
623.640	4939.000
623.839	4747.000
624.037	4818.000
624.236	4687.000
624.434	4671.000
624.633	4679.000
624.832	4643.000
625.030	4619.000
625.229	4725.000
625.428	4791.000
625.626	4546.000
625.825	4615.000
626.024	4540.000
626.222	4562.000
626.421	4481.000
626.619	4600.000
626.818	4563.000
627.017	4631.000
627.215	4480.000
627.414	4356.000
627.613	4359.000
627.811	4268.000
628.010	4255.000
628.209	4275.000
628.407	4297.000
628.606	4252.000
628.804	4229.000
629.003	4127.000
629.202	4190.000
629.400	4192.000
629.599	4044.000
629.798	4003.000
629.996	4044.000
630.195	4160.000
630.394	3951.000
630.592	4014.000
630.791	3927.000
630.990	3929.000
631.188	3820.000
631.387	3838.000
631.585	3805.000
631.784	3753.000
631.983	3712.000
632.181	3759.000
632.380	3773.000
632.579	3680.000
632.777	3753.000
632.976	3746.000
633.175	3628.000
633.373	3557.000
633.572	3601.000
633.770	3559.000
633.969	3486.000
634.168	3528.000
634.366	3469.000
634.565	3419.000
634.764	3363.000
634.962	3384.000
635.161	3340.000
635.360	3330.000
635.558	3358.000
635.757	3310.000
635.955	3350.000
636.154	3360.000
636.353	3182.000
636.551	3241.000
636.750	3195.000
636.949	3170.000
637.147	3160.000
637.346	3071.000
637.545	3131.000
637.743	3250.000
637.942	3146.000
638.140	3046.000
638.339	3004.000
638.538	3056.000
638.736	2946.000
638.935	2962.000
639.134	3017.000
639.332	2943.000
639.531	2934.000
639.730	2814.000
639.928	2853.000
640.127	2789.000
640.325	2753.000
640.524	2806.000
640.723	2698.000
640.921	2716.000
641.120	2645.000
641.319	2706.000
641.517	2654.000
641.716	2644.000
641.915	2612.000
642.113	2580.000
642.312	2634.000
642.510	2647.000
642.709	2535.000
642.908	2464.000
643.106	2433.000
643.305	2428.000
643.504	2397.000
643.702	2438.000
643.901	2419.000
644.100	2405.000
644.298	2239.000
644.497	2328.000
644.696	2344.000
644.894	2359.000
645.093	2302.000
645.291	2225.000
645.490	2176.000
645.689	2248.000
645.887	2237.000
646.086	2212.000
646.285	2107.000
646.483	2121.000
646.682	1937.000
646.881	2029.000
647.079	1993.000
647.278	1910.000
647.476	1944.000
647.675	1869.000
647.874	1881.000
648.072	1805.000
648.271	1744.000
648.470	1653.000
648.668	1591.000
648.867	1648.000
649.066	1450.000
649.264	1476.000
649.463	1494.000
649.661	1428.000
649.860	1327.000
650.059	1217.000
650.257	1275.000
650.456	1212.000
650.655	1127.000
650.853	1063.000
651.052	976.000
651.251	878.000
651.449	962.000
651.648	924.000
651.846	847.000
652.045	779.000
652.244	739.000
652.442	652.000
652.641	620.000
652.840	571.000
653.038	579.000
653.237	582.000
653.436	523.000
653.634	530.000
653.833	485.000
654.032	419.000
654.230	333.000
654.429	367.000
654.627	331.000
654.826	305.000
655.025	268.000
655.223	294.000
655.422	297.000
655.621	197.000
655.819	215.000
656.018	202.000
656.217	201.000
656.415	133.000
656.614	129.000
656.812	121.000
657.011	149.000
657.210	141.000
657.408	146.000
657.607	103.000
657.806	154.000
658.004	118.000
658.203	119.000
658.402	80.000
658.600	115.000
658.799	110.000
658.997	90.000
659.196	110.000
659.395	148.000
659.593	96.000
659.792	100.000
659.991	46.000
660.189	40.000
660.388	79.000
660.587	63.000
660.785	118.000
660.984	88.000
661.182	75.000
661.381	79.000
661.580	30.000
661.778	52.000
661.977	108.000
662.176	90.000
662.374	18.000
662.573	69.000
662.772	41.000
662.970	84.000
663.169	101.000
663.367	56.000
663.566	39.000
663.765	24.000
663.963	31.000
664.162	46.000
664.361	30.000
664.559	17.000
664.758	23.000
664.957	91.000
665.155	72.000
665.354	71.000
665.552	101.000
665.751	78.000
665.950	53.000
666.148	-1.000
666.347	10.000
666.546	83.000
666.744	16.000
666.943	45.000
667.142	36.000
667.340	15.000
667.539	52.000
667.738	67.000
667.936	87.000
668.135	48.000
668.333	3.000
668.532	16.000
668.731	34.000
668.929	2.000
669.128	39.000
669.327	50.000
669.525	14.000
669.724	25.000
669.923	32.000
670.121	33.000
670.320	19.000
670.518	-12.000
670.717	32.000
670.916	81.000
671.114	17.000
671.313	44.000
671.512	-12.000
671.710	8.000
671.909	-5.000
672.108	14.000
672.306	23.000
672.505	32.000
672.703	44.000
672.902	62.000
673.101	6.000
673.299	13.000
673.498	29.000
673.697	31.000
673.895	99.000
674.094	32.000
674.293	30.000
674.491	12.000
674.690	-20.000
674.888	59.000
675.087	10.000
675.286	-1.000
675.484	19.000
675.683	37.000
675.882	6.000
676.080	21.000
676.279	26.000
676.478	27.000
676.676	60.000
676.875	20.000
677.073	40.000
677.272	20.000
677.471	-12.000
677.669	5.000
677.868	34.000
678.067	52.000
678.265	33.000
678.464	62.000
678.663	61.000
678.861	42.000
679.060	23.000
679.259	-1.000
679.457	-5.000
679.656	7.000
679.854	40.000
680.053	35.000
680.252	13.000
680.450	24.000
680.649	-14.000
680.848	21.000
681.046	11.000
681.245	11.000
681.444	51.000
681.642	57.000
681.841	36.000
682.039	22.000
682.238	3.000
682.437	45.000
682.635	16.000
682.834	-22.000
683.033	39.000
683.231	23.000
683.430	-12.000
683.629	-46.000
683.827	7.000
684.026	40.000
684.224	14.000
684.423	-57.000
684.622	13.000
684.820	55.000
685.019	8.000
685.218	-7.000
685.416	42.000
685.615	22.000
685.814	-20.000
686.012	22.000
686.211	37.000
686.409	22.000
686.608	3.000
686.807	10.000
687.005	-14.000
687.204	5.000
687.403	36.000
687.601	-13.000
687.800	65.000
687.999	-10.000
688.197	67.000
688.396	36.000
688.594	5.000
688.793	-18.000
688.992	-10.000
689.190	-14.000
689.389	16.000
689.588	28.000
689.786	-33.000
689.985	17.000
690.184	51.000
690.382	19.000
690.581	61.000
690.779	29.000
690.978	-39.000
691.177	-10.000
691.375	-37.000
691.574	7.000
691.773	55.000
691.971	32.000
692.170	35.000
692.369	31.000
692.567	46.000
692.766	42.000
692.965	20.000
693.163	34.000
693.362	51.000
693.560	9.000
693.759	30.000
693.958	30.000
694.156	-2.000
694.355	45.000
694.554	41.000
694.752	20.000
694.951	9.000
695.150	37.000
695.348	33.000
695.547	43.000
695.745	8.000
695.944	44.000
696.143	30.000
696.341	44.000
696.540	35.000
696.743	32.000
696.946	23.000
697.149	-14.000
697.352	-7.000
697.555	15.000
697.757	7.000
697.960	30.000
698.163	1.000
698.366	3.000
698.569	-9.000
698.772	11.000
698.975	-44.000
699.178	-69.000
699.381	-5.000
699.584	27.000
699.787	-25.000
699.989	21.000
700.192	20.000
700.395	19.000
700.598	-14.000
700.801	-29.000
701.004	-15.000
701.207	19.000
701.410	68.000
701.613	37.000
701.816	51.000
702.019	45.000
702.221	53.000
702.424	36.000
702.627	29.000
702.830	22.000
703.033	40.000
703.236	61.000
703.439	13.000
703.642	32.000
703.845	77.000
704.048	32.000
704.251	44.000
704.453	11.000
704.656	46.000
704.859	29.000
705.062	19.000
705.265	31.000
705.468	50.000
705.671	49.000
705.874	33.000
706.077	4.000
706.280	17.000
706.483	46.000
706.685	-5.000
706.888	31.000
707.091	49.000
707.294	-8.000
707.497	-8.000
707.700	31.000
707.903	28.000
708.106	20.000
708.309	10.000
708.512	-3.000
708.715	37.000
708.917	2.000
709.120	-24.000
709.323	-53.000
709.526	55.000
709.729	36.000
709.932	39.000
710.135	88.000
710.338	-55.000
710.541	11.000
710.744	52.000
710.947	35.000
711.149	15.000
711.352	58.000
711.555	-18.000
711.758	23.000
711.961	-5.000
712.164	13.000
712.367	35.000
712.570	4.000
712.773	5.000
712.976	4.000
713.179	41.000
713.381	-41.000
713.584	-19.000
713.787	21.000
713.990	-34.000
714.193	50.000
714.396	8.000
714.599	2.000
714.802	-14.000
715.005	-29.000
715.208	-4.000
715.411	39.000
715.613	24.000
715.816	-7.000
716.019	32.000
716.222	20.000
716.425	24.000
716.628	15.000
716.831	-9.000
717.034	-44.000
717.237	14.000
717.440	15.000
717.643	56.000
717.845	60.000
718.048	28.000
718.251	-1.000
718.454	15.000
718.657	8.000
718.860	9.000
719.063	5.000
719.266	42.000
719.469	38.000
719.672	16.000
719.875	35.000
720.077	3.000
720.280	-4.000
720.483	22.000
720.686	12.000
720.889	9.000
721.092	6.000
721.295	-23.000
721.498	47.000
721.701	31.000
721.904	-19.000
722.107	-19.000
722.309	-46.000
722.512	-49.000
722.715	-3.000
722.918	-24.000
723.121	8.000
723.324	-3.000
723.527	32.000
723.730	-37.000
723.933	20.000
724.136	38.000
724.339	0.000
724.541	13.000
724.744	-7.000
724.947	2.000
725.150	22.000
725.353	48.000
725.556	11.000
725.759	32.000
725.962	44.000
726.165	15.000
726.368	6.000
726.571	-7.000
726.773	42.000
726.976	11.000
727.179	8.000
727.382	54.000
727.585	-10.000
727.788	39.000
727.991	-2.000
728.194	4.000
728.397	15.000
728.600	17.000
728.803	15.000
729.005	-46.000
729.208	-49.000
729.411	38.000
729.614	6.000
729.817	-1.000
730.020	7.000
730.223	28.000
730.426	20.000
730.629	-27.000
730.832	-40.000
731.035	-34.000
731.237	9.000
731.440	13.000
731.643	27.000
731.846	-8.000
732.049	49.000
732.252	11.000
732.455	-1.000
732.658	40.000
732.861	22.000
733.064	24.000
733.267	8.000
733.469	38.000
733.672	-2.000
733.875	-9.000
734.078	-29.000
734.281	-22.000
734.484	-20.000
734.687	-3.000
734.890	17.000
735.093	2.000
735.296	38.000
735.499	-30.000
735.701	61.000
735.904	-7.000
736.107	-4.000
736.310	15.000
736.513	-8.000
736.716	-5.000
736.919	-25.000
737.122	-21.000
737.325	21.000
737.528	26.000
737.731	20.000
737.933	-7.000
738.136	14.000
738.339	11.000
738.542	-25.000
738.745	-13.000
738.948	23.000
739.151	31.000
739.354	32.000
739.557	61.000
739.760	-30.000
739.963	13.000
740.165	17.000
740.368	25.000
740.571	-4.000
740.774	36.000
740.977	-1.000
741.180	42.000
741.383	23.000
741.586	19.000
741.789	18.000
741.992	17.000
742.195	-72.000
742.397	7.000
742.600	-3.000
742.803	-6.000
743.006	62.000
743.209	37.000
743.412	65.000
743.615	-9.000
743.818	8.000
744.021	-23.000
744.224	-42.000
744.427	3.000
744.629	19.000
744.832	-7.000
745.035	17.000
745.238	42.000
745.441	78.000
745.644	1.000
745.847	31.000
746.050	17.000
746.253	38.000
746.456	28.000
746.659	4.000
746.861	-15.000
747.064	-38.000
747.267	-7.000
747.470	-18.000
747.673	-43.000
747.876	-2.000
748.079	0.000
748.282	2.000
748.485	-50.000
748.688	46.000
748.891	14.000
749.093	36.000
749.296	48.000
749.499	-2.000
749.702	10.000
749.905	69.000
750.108	14.000
750.311	-30.000
750.514	-25.000
750.717	-7.000
750.920	-24.000
751.123	-14.000
751.325	9.000
751.528	-28.000
751.731	30.000
751.934	22.000
752.137	-6.000
752.340	-23.000
752.543	15.000
752.746	-12.000
752.949	0.000
753.152	21.000
753.355	31.000
753.557	-5.000
753.760	-4.000
753.963	-2.000
754.166	39.000
754.369	19.000
754.572	-13.000
754.775	37.000
754.978	70.000
755.181	50.000
755.384	26.000
755.587	-7.000
755.789	12.000
755.992	-46.000
756.195	12.000
756.398	-1.000
756.601	-10.000
756.804	33.000
757.007	50.000
757.210	13.000
757.413	-10.000
757.616	-17.000
757.819	31.000
758.021	30.000
758.224	3.000
758.427	-42.000
758.630	-3.000
758.833	31.000
759.036	73.000
759.239	32.000
759.442	4.000
759.645	23.000
759.848	30.000
760.051	31.000
760.253	3.000
760.456	11.000
760.659	11.000
760.862	66.000
761.065	-13.000
761.268	25.000
761.471	62.000
761.674	8.000
761.877	26.000
762.080	66.000
762.283	-25.000
762.485	55.000
762.688	40.000
762.891	40.000
763.094	-7.000
763.297	36.000
763.500	-17.000
763.706	-23.000
763.912	-7.000
764.118	22.000
764.325	14.000
764.531	-3.000
764.737	-40.000
764.943	-3.000
765.149	57.000
765.355	53.000
765.561	-23.000
765.768	-9.000
765.974	-25.000
766.180	-2.000
766.386	26.000
766.592	18.000
766.798	27.000
767.004	24.000
767.210	4.000
767.417	43.000
767.623	30.000
767.829	31.000
768.035	-7.000
768.241	24.000
768.447	58.000
768.653	17.000
768.860	7.000
769.066	55.000
769.272	47.000
769.478	3.000
769.684	27.000
769.890	14.000
770.096	-10.000
770.303	-14.000
770.509	27.000
770.715	54.000
770.921	50.000
771.127	46.000
771.333	47.000
771.539	14.000
771.745	-2.000
771.952	-27.000
772.158	-20.000
772.364	24.000
772.570	-2.000
772.776	26.000
772.982	8.000
773.188	2.000
773.395	-49.000
773.601	-23.000
773.807	14.000
774.013	-21.000
774.219	-10.000
774.425	6.000
774.631	29.000
774.838	-8.000
775.044	-1.000
775.250	26.000
775.456	7.000
775.662	22.000
775.868	38.000
776.074	40.000
776.281	1.000
776.487	-48.000
776.693	-12.000
776.899	8.000
777.105	-25.000
777.311	12.000
777.517	-8.000
777.723	39.000
777.930	-9.000
778.136	38.000
778.342	14.000
778.548	32.000
778.754	24.000
778.960	10.000
779.166	-12.000
779.373	75.000
779.579	49.000
779.785	0.000
779.991	-1.000
780.197	-14.000
780.403	28.000
780.609	-15.000
780.816	-7.000
781.022	40.000
781.228	22.000
781.434	31.000
781.640	-36.000
781.846	28.000
782.052	25.000
782.259	-19.000
782.465	-17.000
782.671	36.000
782.877	40.000
783.083	6.000
783.289	41.000
783.495	28.000
783.701	30.000
783.908	-17.000
784.114	-46.000
784.320	14.000
784.526	30.000
784.732	33.000
784.938	9.000
785.144	30.000
785.351	31.000
785.557	25.000
785.763	-15.000
785.969	35.000
786.175	-27.000
786.381	0.000
786.587	57.000
786.794	20.000
787.000	27.000
787.206	7.000
787.412	38.000
787.618	11.000
787.824	-7.000
788.030	44.000
788.236	4.000
788.443	25.000
788.649	-18.000
788.855	-30.000
789.061	1.000
789.267	-52.000
789.473	8.000
789.679	-43.000
789.886	-39.000
790.092	-2.000
790.298	28.000
790.504	-13.000
790.710	-13.000
790.916	38.000
791.122	-28.000
791.329	53.000
791.535	14.000
791.741	28.000
791.947	-6.000
792.153	15.000
792.359	8.000
792.565	8.000
792.771	-4.000
792.978	35.000
793.184	46.000
793.390	19.000
793.596	27.000
793.802	11.000
794.008	-59.000
794.214	-16.000
794.421	27.000
794.627	18.000
794.833	-3.000
795.039	23.000
795.245	24.000
795.451	29.000
795.657	27.000
795.864	33.000
796.070	-18.000
796.276	-43.000
796.482	69.000
796.688	-19.000
796.894	77.000
797.100	-1.000
797.307	-8.000
797.513	22.000
797.719	43.000
797.925	28.000
798.131	-46.000
798.337	22.000
798.543	67.000
798.749	58.000
798.956	37.000
799.162	26.000
799.368	-15.000
799.574	-44.000
799.780	12.000
799.986	-2.000
800.192	-30.000
800.399	65.000
800.605	21.000
800.811	-21.000
801.017	30.000
801.223	21.000
801.429	40.000
801.635	-3.000
801.842	-3.000
802.048	52.000
802.254	18.000
802.460	51.000
802.666	-23.000
802.872	7.000
803.078	63.000
803.285	8.000
803.491	31.000
803.697	7.000
803.903	33.000
804.109	-18.000
804.315	-2.000
804.521	14.000
804.727	7.000
804.934	44.000
805.140	-25.000
805.346	23.000
805.552	0.000
805.758	19.000
805.964	-3.000
806.170	33.000
806.377	21.000
806.583	15.000
806.789	67.000
806.995	68.000
807.201	29.000
807.407	52.000
807.613	15.000
807.820	1.000
808.026	-48.000
808.232	11.000
808.438	20.000
808.644	-11.000
808.850	29.000
809.056	17.000
809.262	-4.000
809.469	29.000
809.675	-34.000
809.881	13.000
810.087	-21.000
810.293	-41.000
810.499	47.000
810.705	41.000
810.912	37.000
811.118	9.000
811.324	40.000
811.530	31.000
811.739	-13.000
811.947	-18.000
812.156	-15.000
812.365	30.000
812.573	36.000
812.782	-10.000
812.990	33.000
813.199	31.000
813.408	57.000
813.616	12.000
813.825	8.000
814.034	7.000
814.242	-18.000
814.451	51.000
814.659	-14.000
814.868	24.000
815.077	10.000
815.285	-3.000
815.494	-48.000
815.703	10.000
815.911	-9.000
816.120	-1.000
816.329	-26.000
816.537	11.000
816.746	26.000
816.954	-45.000
817.163	7.000
817.372	-18.000
817.580	-10.000
817.789	-29.000
817.998	14.000
818.206	31.000
818.415	57.000
818.624	38.000
818.832	-17.000
819.041	-15.000
819.249	38.000
819.458	-10.000
819.667	56.000
819.875	-24.000
820.084	-23.000
820.293	-13.000
820.501	12.000
820.710	-11.000
820.919	-32.000
821.127	-12.000
821.336	24.000
821.544	7.000
821.753	17.000
821.962	-23.000
822.170	18.000
822.379	35.000
822.588	2.000
822.796	50.000
823.005	54.000
823.213	26.000
823.422	39.000
823.631	31.000
823.839	3.000
824.048	58.000
824.257	16.000
824.465	-8.000
824.674	28.000
824.883	-9.000
825.091	-13.000
825.300	5.000
825.508	-13.000
825.717	14.000
825.926	47.000
826.134	-18.000
826.343	-22.000
826.552	37.000
826.760	47.000
826.969	-28.000
827.178	20.000
827.386	-3.000
827.595	-42.000
827.803	-7.000
828.012	-3.000
828.221	-21.000
828.429	24.000
828.638	85.000
828.847	51.000
829.055	16.000
829.264	32.000
829.472	20.000
829.681	8.000
829.890	-7.000
830.098	-1.000
830.307	23.000
830.516	-12.000
830.724	13.000
830.933	9.000
831.142	-22.000
831.350	-5.000
831.559	-22.000
831.767	-15.000
831.976	35.000
832.185	30.000
832.393	-83.000
832.602	-1.000
832.811	7.000
833.019	35.000
833.228	30.000
833.437	37.000
833.645	12.000
833.854	-38.000
834.062	-41.000
834.271	-17.000
834.480	-23.000
834.688	38.000
834.897	16.000
835.106	32.000
835.314	8.000
835.523	18.000
835.731	-4.000
835.940	-45.000
836.149	-23.000
836.357	1.000
836.566	-22.000
836.775	20.000
836.983	81.000
837.192	41.000
837.401	17.000
837.609	25.000
837.818	6.000
838.026	6.000
838.235	-44.000
838.444	-87.000
838.652	20.000
838.861	10.000
839.070	6.000
839.278	-11.000
839.487	17.000
839.696	2.000
839.904	20.000
840.113	5.000
840.321	-6.000
840.530	-5.000
840.739	-23.000
840.947	21.000
841.156	11.000
841.365	0.000
841.573	21.000
841.782	3.000
841.991	45.000
842.199	-11.000
842.408	5.000
842.616	-49.000
842.825	25.000
843.034	9.000
843.242	-11.000
843.451	-44.000
843.660	36.000
843.868	14.000
844.077	-18.000
844.285	-6.000
844.494	-32.000
844.703	-26.000
844.911	55.000
845.120	12.000
845.329	-50.000
845.537	-8.000
845.746	-55.000
845.955	13.000
846.163	-13.000
846.372	-38.000
846.580	15.000
846.789	45.000
846.998	19.000
847.206	44.000
847.415	9.000
847.624	34.000
847.832	15.000
848.041	-10.000
848.250	-21.000
848.458	-1.000
848.667	-29.000
848.875	4.000
849.084	21.000
849.293	-30.000
849.501	-13.000
849.710	-6.000
849.919	27.000
850.127	-34.000
850.336	-10.000
850.544	-13.000
850.753	8.000
850.962	57.000
851.170	35.000
851.379	20.000
851.588	-15.000
851.796	-25.000
852.005	9.000
852.214	-19.000
852.422	11.000
852.631	38.000
852.839	15.000
853.048	29.000
853.257	36.000
853.465	-21.000
853.674	-34.000
853.883	-5.000
854.091	8.000
854.300	25.000
854.509	-34.000
854.717	34.000
854.926	18.000
855.134	0.000
855.343	-6.000
855.552	33.000
855.760	-37.000
855.969	-36.000
856.178	-23.000
856.386	21.000
856.595	-14.000
856.803	-8.000
857.012	11.000
857.221	5.000
857.429	41.000
857.638	6.000
857.847	-7.000
858.055	4.000
858.264	-1.000
858.473	-27.000
858.681	21.000
858.890	7.000
859.098	-15.000
859.307	-10.000
859.516	7.000
859.724	-22.000
859.933	-42.000
860.142	-3.000
860.350	-16.000
860.559	18.000
860.768	-21.000
860.976	-26.000
861.185	24.000
861.393	27.000
861.602	-19.000
861.811	17.000
862.019	-33.000
862.228	-20.000
862.437	-16.000
862.645	7.000
862.854	12.000
863.062	22.000
863.271	27.000
863.480	-18.000
863.688	-21.000
863.897	-4.000
864.106	8.000
864.314	-12.000
864.523	-1.000
864.732	-25.000
864.940	3.000
865.149	-20.000
865.357	13.000
865.566	24.000
865.775	69.000
865.983	-1.000
866.192	39.000
866.401	2.000
866.609	3.000
866.818	16.000
867.027	27.000
867.235	-7.000
867.444	-49.000
867.652	-24.000
867.861	17.000
868.070	-2.000
868.278	31.000
868.487	18.000
868.696	17.000
868.904	-29.000
869.113	7.000
869.321	-26.000
869.530	37.000
869.739	17.000
869.947	-10.000
870.156	30.000
870.365	-25.000
870.573	25.000
870.782	-22.000
870.991	-26.000
871.199	14.000
871.408	19.000
871.616	-25.000
871.825	-62.000
872.034	0.000
872.242	-51.000
872.451	4.000
872.660	8.000
872.868	10.000
873.077	-6.000
873.286	9.000
873.494	72.000
873.703	-28.000
873.911	-8.000
874.120	6.000
874.329	2.000
874.537	20.000
874.746	-28.000
874.955	38.000
875.163	27.000
875.372	11.000
875.581	-6.000
875.789	-11.000
875.998	23.000
876.206	38.000
876.415	-27.000
876.624	32.000
876.832	-53.000
877.041	28.000
877.250	43.000
877.458	57.000
877.667	71.000
877.875	19.000
878.084	-1.000
878.293	-35.000
878.501	-26.000
878.710	-42.000
878.919	-37.000
879.127	-6.000
879.336	38.000
879.545	55.000
879.753	15.000
879.962	-13.000
880.170	-3.000
880.379	-17.000
880.588	-12.000
880.796	47.000
881.005	-21.000
881.214	27.000
881.422	31.000
881.631	-22.000
881.840	11.000
882.048	-11.000
882.257	-4.000
882.465	9.000
882.674	31.000
882.883	-21.000
883.091	-38.000
883.300	72.000
883.509	7.000
883.717	-4.000
883.926	-14.000
884.134	6.000
884.343	-8.000
884.552	55.000
884.760	30.000
884.969	-10.000
885.178	43.000
885.386	1.000
885.595	12.000
885.804	14.000
886.012	-33.000
886.221	10.000
886.429	-12.000
886.638	17.000
886.847	24.000
887.055	37.000
887.264	34.000
887.473	5.000
887.681	13.000
887.890	36.000
888.099	9.000
888.307	28.000
888.516	1.000
888.724	11.000
888.933	-7.000
889.142	-33.000
889.350	12.000
889.559	13.000
889.768	46.000
889.976	39.000
890.185	22.000
890.393	10.000
890.602	-51.000
890.811	38.000
891.019	-23.000
891.228	26.000
891.437	23.000
891.645	48.000
891.854	54.000
892.063	-4.000
892.271	1.000
892.480	-54.000
892.688	-21.000
892.897	-5.000
893.106	-2.000
893.314	3.000
893.523	19.000
893.732	16.000
893.940	16.000
894.149	44.000
894.358	4.000
894.566	-1.000
894.775	10.000
894.983	-18.000
895.192	5.000
895.401	-4.000
895.609	-17.000
895.818	34.000
896.027	20.000
896.235	-2.000
896.444	-23.000
896.652	-31.000
896.861	3.000
897.070	-18.000
897.278	47.000
897.487	49.000
897.696	30.000
897.904	13.000
898.113	4.000
898.322	22.000
898.530	8.000
898.739	-43.000
898.947	-33.000
899.156	-44.000
899.365	7.000
899.573	5.000
899.782	33.000
899.991	20.000
900.199	-6.000
900.408	-34.000
900.617	-8.000
900.825	2.000
901.034	14.000
901.242	4.000
901.451	-9.000
901.660	-38.000
901.868	-24.000
902.077	-33.000
902.286	-14.000
902.494	14.000
902.703	-9.000
902.911	-20.000
903.120	23.000
903.329	20.000
903.537	59.000
903.746	-29.000
903.955	-57.000
904.163	-11.000
904.372	-10.000
904.581	-22.000
904.789	-6.000
904.998	33.000
905.206	-4.000
905.415	-1.000
905.624	-9.000
905.832	30.000
906.041	12.000
906.250	-39.000
906.458	-59.000
906.667	1.000
906.876	-53.000
907.084	-5.000
907.293	-19.000
907.501	-7.000
907.710	-50.000
907.919	-59.000
908.127	60.000
908.336	57.000
908.545	67.000
908.753	-22.000
908.962	-13.000
909.170	-23.000
909.379	2.000
909.588	23.000
909.796	110.000
910.005	-17.000
910.214	13.000
910.422	0.000
910.631	-8.000
910.840	-8.000
911.048	12.000
911.257	6.000
911.465	31.000
911.674	-10.000
911.883	-36.000
912.091	0.000
912.300	-4.000
912.508	-29.000
912.716	4.000
912.924	-3.000
913.132	-11.000
913.340	-18.000
913.549	1.000
913.757	-25.000
913.965	-10.000
914.173	-5.000
914.381	-32.000
914.589	-9.000
914.797	-46.000
915.005	-10.000
915.213	-33.000
915.421	-22.000
915.629	24.000
915.838	4.000
916.046	-8.000
916.254	35.000
916.462	-10.000
916.670	-9.000
916.878	-48.000
917.086	-38.000
917.294	-17.000
917.502	-15.000
917.710	-15.000
917.919	6.000
918.127	26.000
918.335	-12.000
918.543	-17.000
918.751	-12.000
918.959	11.000
919.167	13.000
919.375	-27.000
919.583	69.000
919.791	33.000
919.999	41.000
920.208	-14.000
920.416	-15.000
920.624	-5.000
920.832	-14.000
921.040	-32.000
921.248	-22.000
921.456	17.000
921.664	40.000
921.872	-22.000
922.080	-6.000
922.288	-6.000
922.497	33.000
922.705	59.000
922.913	28.000
923.121	-2.000
923.329	22.000
923.537	4.000
923.745	13.000
923.953	-20.000
924.161	-11.000
924.369	-26.000
924.578	-27.000
924.786	-1.000
924.994	-39.000
925.202	34.000
925.410	-18.000
925.618	6.000
925.826	32.000
926.034	39.000
926.242	23.000
926.450	-5.000
926.658	-21.000
926.867	-7.000
927.075	1.000
927.283	-32.000
927.491	25.000
927.699	25.000
927.907	40.000
928.115	67.000
928.323	9.000
928.531	12.000
928.739	30.000
928.947	-9.000
929.156	28.000
929.364	30.000
929.572	9.000
929.780	7.000
929.988	9.000
930.196	28.000
930.404	3.000
930.612	8.000
930.820	15.000
931.028	-21.000
931.236	22.000
931.445	23.000
931.653	-16.000
931.861	32.000
932.069	-13.000
932.277	-17.000
932.485	9.000
932.693	-14.000
932.901	4.000
933.109	16.000
933.317	60.000
933.526	-16.000
933.734	17.000
933.942	-16.000
934.150	30.000
934.358	-12.000
934.566	50.000
934.774	23.000
934.982	-43.000
935.190	-1.000
935.398	-3.000
935.606	42.000
935.815	-30.000
936.023	7.000
936.231	-17.000
936.439	51.000
936.647	-18.000
936.855	24.000
937.063	-5.000
937.271	-5.000
937.479	12.000
937.687	-23.000
937.895	56.000
938.104	-42.000
938.312	2.000
938.520	-16.000
938.728	-7.000
938.936	23.000
939.144	14.000
939.352	17.000
939.560	-5.000
939.768	-2.000
939.976	26.000
940.185	-36.000
940.393	30.000
940.601	22.000
940.809	31.000
941.017	-15.000
941.225	-16.000
941.433	-20.000
941.641	6.000
941.849	31.000
942.057	-42.000
942.265	-36.000
942.474	4.000
942.682	28.000
942.890	-1.000
943.098	2.000
943.306	23.000
943.514	40.000
943.722	38.000
943.930	1.000
944.138	-16.000
944.346	-14.000
944.554	29.000
944.763	13.000
944.971	-24.000
945.179	-6.000
945.387	1.000
945.595	-11.000
945.803	-3.000
946.011	23.000
946.219	14.000
946.427	33.000
946.635	-16.000
946.843	-9.000
947.052	3.000
947.260	-38.000
947.468	-16.000
947.676	-8.000
947.884	22.000
948.092	23.000
948.300	-17.000
948.508	-7.000
948.716	-17.000
948.924	35.000
949.133	12.000
949.341	-1.000
949.549	-20.000
949.757	51.000
949.965	-7.000
950.173	-4.000
950.381	15.000
950.589	1.000
950.797	-15.000
951.005	-42.000
951.213	-45.000
951.422	-15.000
951.630	-1.000
951.838	-9.000
952.046	38.000
952.254	9.000
952.462	16.000
952.670	-6.000
952.878	-28.000
953.086	36.000
953.294	-10.000
953.502	34.000
953.711	33.000
953.919	31.000
954.127	-1.000
954.335	-29.000
954.543	4.000
954.751	37.000
954.959	3.000
955.167	-2.000
955.375	-19.000
955.583	-41.000
955.792	18.000
956.000	48.000
956.208	4.000
956.416	-1.000
956.624	-19.000
956.832	53.000
957.040	-7.000
957.248	-29.000
957.456	-17.000
957.664	8.000
957.872	15.000
958.081	-6.000
958.289	7.000
958.497	-24.000
958.705	20.000
958.913	42.000
959.121	-2.000
959.329	-30.000
959.537	2.000
959.745	0.000
959.953	9.000
960.161	56.000
960.370	27.000
960.578	-7.000
960.786	13.000
960.994	-38.000
961.202	-6.000
961.410	-45.000
961.618	5.000
961.826	25.000
962.034	16.000
962.242	40.000
962.451	25.000
962.659	-1.000
962.867	-51.000
963.075	-5.000
963.283	-69.000
963.491	13.000
963.699	22.000
963.907	22.000
964.115	47.000
964.323	-24.000
964.531	-15.000
964.740	44.000
964.948	9.000
965.156	19.000
965.364	21.000
965.572	18.000
965.780	-33.000
965.999	-31.000
966.218	-7.000
966.438	-5.000
966.657	-7.000
966.876	16.000
967.095	-18.000
967.315	-15.000
967.534	-19.000
967.753	9.000
967.972	-21.000
968.192	-2.000
968.411	-3.000
968.630	-14.000
968.849	-13.000
969.068	-13.000
969.288	-55.000
969.507	-32.000
969.726	-26.000
969.945	-26.000
970.165	-30.000
970.384	-16.000
970.603	-40.000
970.822	20.000
971.042	3.000
971.261	-21.000
971.480	-11.000
971.699	-25.000
971.919	-11.000
972.138	40.000
972.357	14.000
972.576	36.000
972.795	42.000
973.015	20.000
973.234	10.000
973.453	27.000
973.672	-40.000
973.892	-8.000
974.111	-27.000
974.330	-17.000
974.549	28.000
974.769	-5.000
974.988	-2.000
975.207	40.000
975.426	-36.000
975.646	-1.000
975.865	16.000
976.084	-26.000
976.303	-2.000
976.522	-17.000
976.742	-41.000
976.961	-12.000
977.180	26.000
977.399	-1.000
977.619	-16.000
977.838	15.000
978.057	16.000
978.276	13.000
978.496	-17.000
978.715	1.000
978.934	24.000
979.153	12.000
979.372	-2.000
979.592	-17.000
979.811	-20.000
980.030	41.000
980.249	-23.000
980.469	30.000
980.688	39.000
980.907	35.000
981.126	-22.000
981.346	35.000
981.565	-14.000
981.784	-4.000
982.003	55.000
982.223	39.000
982.442	-51.000
982.661	-1.000
982.880	17.000
983.099	-29.000
983.319	-8.000
983.538	76.000
983.757	30.000
983.976	-40.000
984.196	7.000
984.415	18.000
984.634	-13.000
984.853	6.000
985.073	-12.000
985.292	11.000
985.511	-6.000
985.730	1.000
985.949	-18.000
986.169	-47.000
986.388	-2.000
986.607	10.000
986.826	-15.000
987.046	-12.000
987.265	6.000
987.484	48.000
987.703	71.000
987.923	-13.000
988.142	-40.000
988.361	-4.000
988.580	11.000
988.800	-1.000
989.019	-13.000
989.238	18.000
989.457	-8.000
989.676	-26.000
989.896	-23.000
990.115	-20.000
990.334	2.000
990.553	48.000
990.773	1.000
990.992	-7.000
991.211	1.000
991.430	-22.000
991.650	-21.000
991.869	-30.000
992.088	-4.000
992.307	3.000
992.527	-37.000
992.746	11.000
992.965	-19.000
993.184	-22.000
993.403	-13.000
993.623	-15.000
993.842	26.000
994.061	47.000
994.280	-24.000
994.500	-48.000
994.719	5.000
994.938	-29.000
995.157	5.000
995.377	-45.000
995.596	-3.000
995.815	-10.000
996.034	31.000
996.253	-59.000
996.473	16.000
996.692	20.000
996.911	-28.000
997.130	0.000
997.350	46.000
997.569	-16.000
997.788	-3.000
998.007	-32.000
998.227	0.000
998.446	20.000
998.665	-29.000
998.884	-55.000
999.104	-6.000
999.323	-32.000
999.542	-49.000
999.761	-30.000
999.980	18.000
1000.200	8.000
1000.419	14.000
1000.638	-25.000
1000.857	6.000
1001.077	-43.000
1001.296	-64.000
1001.515	-21.000
1001.734	31.000
1001.954	12.000
1002.173	17.000
1002.392	16.000
1002.611	-32.000
1002.830	-37.000
1003.050	-4.000
1003.269	34.000
1003.488	25.000
1003.707	-9.000
1003.927	-24.000
1004.146	19.000
1004.365	43.000
1004.584	66.000
1004.804	-10.000
1005.023	-14.000
1005.242	-52.000
1005.461	-18.000
1005.681	-5.000
1005.900	4.000
1006.119	11.000
1006.338	-20.000
1006.557	-14.000
1006.777	-3.000
1006.996	23.000
1007.215	25.000
1007.434	-23.000
1007.654	-16.000
1007.873	-15.000
1008.092	3.000
1008.311	21.000
1008.531	46.000
1008.750	-33.000
1008.969	-26.000
1009.188	22.000
1009.407	3.000
1009.627	-27.000
1009.846	-19.000
1010.065	-8.000
1010.284	-43.000
1010.504	-6.000
1010.723	6.000
1010.942	16.000
1011.161	29.000
1011.381	-3.000
1011.600	-44.000
1011.819	-29.000
1012.038	-4.000
1012.258	-4.000
1012.477	-11.000
1012.696	-10.000
1012.915	28.000
1013.134	-26.000
1013.354	-6.000
1013.573	9.000
1013.792	-24.000
1014.011	-1.000
1014.231	-29.000
1014.450	-27.000
1014.669	13.000
1014.888	-44.000
1015.108	5.000
1015.327	-5.000
1015.546	-21.000
1015.765	-6.000
1015.984	1.000
1016.204	19.000
1016.423	-37.000
1016.642	-34.000
1016.861	-7.000
1017.081	15.000
1017.300	0.000
1017.519	-7.000
