296.912	93.500
297.101	54.500
297.290	60.500
297.479	66.500
297.668	62.500
297.858	70.500
298.047	82.500
298.236	84.500
298.425	54.500
298.614	63.500
298.803	89.500
298.992	56.500
299.181	78.500
299.370	89.500
299.559	10.500
299.748	16.500
299.937	53.500
300.126	73.500
300.315	54.500
300.504	79.500
300.693	111.500
300.882	63.500
301.071	58.500
301.260	46.500
301.449	63.500
301.638	84.500
301.827	103.500
302.016	124.500
302.205	98.500
302.395	79.500
302.584	93.500
302.773	54.500
302.962	73.500
303.151	79.500
303.340	52.500
303.529	90.500
303.718	83.500
303.907	72.500
304.096	80.500
304.285	45.500
304.474	55.500
304.663	79.500
304.852	66.500
305.041	74.500
305.230	71.500
305.419	103.500
305.608	83.500
305.797	36.500
305.986	47.500
306.175	63.500
306.364	100.500
306.553	86.500
306.743	47.500
306.932	33.500
307.121	65.500
307.310	52.500
307.499	66.500
307.688	69.500
307.877	30.500
308.066	37.500
308.255	37.500
308.444	57.500
308.633	67.500
308.822	84.500
309.011	76.500
309.200	92.500
309.389	99.500
309.578	66.500
309.767	44.500
309.956	66.500
310.145	81.500
310.334	118.500
310.523	126.500
310.712	82.500
310.901	76.500
311.091	82.500
311.280	55.500
311.469	13.500
311.658	74.500
311.847	91.500
312.036	71.500
312.225	70.500
312.414	89.500
312.603	86.500
312.792	137.500
312.981	148.500
313.170	78.500
313.349	72.500
313.527	91.500
313.706	98.500
313.884	85.500
314.063	60.500
314.241	77.500
314.420	86.500
314.598	56.500
314.777	78.500
314.955	105.500
315.134	93.500
315.312	85.500
315.491	57.500
315.669	34.500
315.848	79.500
316.027	84.500
316.205	82.500
316.384	118.500
316.562	126.500
316.741	90.500
316.919	107.500
317.098	79.500
317.276	55.500
317.455	60.500
317.633	89.500
317.812	79.500
317.990	74.500
318.169	87.500
318.347	80.500
318.526	62.500
318.705	75.500
318.883	78.500
319.062	68.500
319.240	76.500
319.419	85.500
319.597	80.500
319.776	97.500
319.954	102.500
320.133	100.500
320.311	60.500
320.490	108.500
320.668	90.500
320.847	21.500
321.025	58.500
321.204	114.500
321.382	118.500
321.561	99.500
321.740	79.500
321.918	112.500
322.097	146.500
322.275	86.500
322.454	35.500
322.632	29.500
322.811	84.500
322.989	88.500
323.168	98.500
323.346	99.500
323.525	71.500
323.703	28.500
323.882	63.500
324.060	87.500
324.239	92.500
324.418	62.500
324.596	82.500
324.775	109.500
324.953	97.500
325.132	107.500
325.310	91.500
325.489	121.500
325.667	144.500
325.846	127.500
326.024	73.500
326.203	77.500
326.381	93.500
326.560	68.500
326.738	53.500
326.917	55.500
327.096	67.500
327.274	114.500
327.453	113.500
327.631	73.500
327.810	58.500
327.988	85.500
328.167	98.500
328.345	102.500
328.524	119.500
328.702	80.500
328.881	44.500
329.059	51.500
329.238	46.500
329.416	50.500
329.595	96.500
329.774	144.500
329.952	124.500
330.131	118.500
330.309	123.500
330.488	101.500
330.666	90.500
330.845	95.500
331.023	49.500
331.202	24.500
331.380	70.500
331.559	79.500
331.737	116.500
331.916	132.500
332.094	131.500
332.273	127.500
332.452	122.500
332.630	113.500
332.809	96.500
332.987	93.500
333.166	107.500
333.344	121.500
333.523	122.500
333.701	77.500
333.880	78.500
334.058	80.500
334.237	119.500
334.415	138.500
334.594	107.500
334.772	61.500
334.951	54.500
335.129	67.500
335.308	134.500
335.487	129.500
335.665	114.500
335.844	121.500
336.022	133.500
336.201	141.500
336.379	105.500
336.558	111.500
336.736	120.500
336.915	110.500
337.093	134.500
337.272	138.500
337.450	128.500
337.629	107.500
337.807	92.500
337.986	74.500
338.165	89.500
338.343	118.500
338.522	84.500
338.700	49.500
338.879	71.500
339.057	76.500
339.236	90.500
339.414	96.500
339.593	81.500
339.771	73.500
339.950	107.500
340.128	103.500
340.307	105.500
340.485	110.500
340.664	126.500
340.843	102.500
341.021	84.500
341.200	60.500
341.378	66.500
341.557	97.500
341.735	137.500
341.914	135.500
342.092	95.500
342.271	117.500
342.449	135.500
342.628	81.500
342.806	71.500
342.985	90.500
343.163	99.500
343.342	90.500
343.521	85.500
343.699	94.500
343.878	53.500
344.056	92.500
344.235	109.500
344.413	138.500
344.592	154.500
344.770	76.500
344.949	86.500
345.127	62.500
345.306	83.500
345.484	96.500
345.663	104.500
345.841	110.500
346.020	115.500
346.199	118.500
346.377	119.500
346.556	118.500
346.734	134.500
346.913	83.500
347.091	114.500
347.270	153.500
347.448	104.500
347.627	98.500
347.805	103.500
347.984	90.500
348.162	102.500
348.341	126.500
348.519	72.500
348.698	105.500
348.876	159.500
349.055	112.500
349.234	125.500
349.412	126.500
349.591	96.500
349.769	99.500
349.948	77.500
350.126	57.500
350.305	85.500
350.483	128.500
350.662	132.500
350.840	134.500
351.019	116.500
351.197	125.500
351.376	102.500
351.554	104.500
351.733	84.500
351.912	83.500
352.090	69.500
352.269	112.500
352.447	134.500
352.626	129.500
352.804	89.500
352.983	101.500
353.161	103.500
353.340	102.500
353.518	128.500
353.697	142.500
353.875	95.500
354.054	92.500
354.232	118.500
354.411	117.500
354.590	97.500
354.768	91.500
354.947	73.500
355.125	100.500
355.304	118.500
355.482	127.500
355.661	128.500
355.839	98.500
356.018	141.500
356.196	136.500
356.375	116.500
356.553	108.500
356.732	97.500
356.910	130.500
357.089	138.500
357.268	147.500
357.446	174.500
357.625	153.500
357.803	66.500
357.982	67.500
358.160	116.500
358.339	118.500
358.517	114.500
358.696	127.500
358.874	129.500
359.053	127.500
359.231	117.500
359.410	143.500
359.588	116.500
359.767	109.500
359.945	132.500
360.124	124.500
360.303	135.500
360.481	133.500
360.660	130.500
360.838	128.500
361.017	87.500
361.195	94.500
361.374	115.500
361.552	112.500
361.731	100.500
361.909	83.500
362.088	115.500
362.266	105.500
362.445	91.500
362.623	129.500
362.802	126.500
362.981	122.500
363.159	115.500
363.338	115.500
363.516	140.500
363.695	90.500
363.873	74.500
364.052	95.500
364.230	115.500
364.409	162.500
364.587	165.500
364.766	134.500
364.944	151.500
365.123	108.500
365.301	109.500
365.480	135.500
365.660	129.500
365.839	117.500
366.019	139.500
366.199	180.500
366.379	168.500
366.558	129.500
366.738	139.500
366.918	128.500
367.098	97.500
367.277	73.500
367.457	100.500
367.637	106.500
367.816	138.500
367.996	143.500
368.176	114.500
368.356	137.500
368.535	132.500
368.715	130.500
368.895	165.500
369.075	136.500
369.254	112.500
369.434	98.500
369.614	124.500
369.793	142.500
369.973	128.500
370.153	121.500
370.333	105.500
370.512	78.500
370.692	104.500
370.872	102.500
371.051	93.500
371.231	118.500
371.411	106.500
371.591	109.500
371.770	136.500
371.950	154.500
372.130	149.500
372.310	143.500
372.489	123.500
372.669	106.500
372.849	100.500
373.028	124.500
373.208	125.500
373.388	106.500
373.568	145.500
373.747	145.500
373.927	97.500
374.107	111.500
374.287	127.500
374.466	147.500
374.646	106.500
374.826	93.500
375.005	119.500
375.185	168.500
375.365	178.500
375.545	137.500
375.724	143.500
375.904	134.500
376.084	80.500
376.263	94.500
376.443	120.500
376.623	127.500
376.803	124.500
376.982	145.500
377.162	131.500
377.342	112.500
377.522	142.500
377.701	141.500
377.881	135.500
378.061	149.500
378.240	124.500
378.420	106.500
378.600	102.500
378.780	109.500
378.959	132.500
379.139	119.500
379.319	134.500
379.499	116.500
379.678	102.500
379.858	106.500
380.038	111.500
380.217	169.500
380.397	149.500
380.577	103.500
380.757	117.500
380.936	109.500
381.116	117.500
381.296	128.500
381.476	163.500
381.655	161.500
381.835	147.500
382.015	140.500
382.194	134.500
382.374	138.500
382.554	122.500
382.734	155.500
382.913	148.500
383.093	112.500
383.273	87.500
383.452	91.500
383.632	141.500
383.812	141.500
383.992	144.500
384.171	162.500
384.351	120.500
384.531	136.500
384.711	133.500
384.890	155.500
385.070	165.500
385.250	158.500
385.429	158.500
385.609	126.500
385.789	128.500
385.969	122.500
386.148	122.500
386.328	118.500
386.508	132.500
386.688	102.500
386.867	128.500
387.047	114.500
387.227	127.500
387.406	124.500
387.586	138.500
387.766	140.500
387.946	113.500
388.125	115.500
388.305	114.500
388.485	125.500
388.664	137.500
388.844	107.500
389.024	93.500
389.204	95.500
389.383	98.500
389.563	102.500
389.743	128.500
389.923	105.500
390.102	91.500
390.282	110.500
390.462	113.500
390.641	100.500
390.821	124.500
391.001	130.500
391.181	121.500
391.360	113.500
391.540	119.500
391.720	91.500
391.900	91.500
392.079	133.500
392.259	125.500
392.439	83.500
392.618	116.500
392.798	129.500
392.978	94.500
393.158	113.500
393.337	121.500
393.517	144.500
393.697	138.500
393.877	179.500
394.056	193.500
394.236	183.500
394.416	189.500
394.595	148.500
394.775	121.500
394.955	160.500
395.135	202.500
395.314	168.500
395.494	165.500
395.674	180.500
395.853	138.500
396.033	130.500
396.213	118.500
396.393	176.500
396.572	163.500
396.752	162.500
396.932	173.500
397.112	169.500
397.291	170.500
397.471	152.500
397.651	156.500
397.830	162.500
398.010	162.500
398.190	161.500
398.370	133.500
398.549	140.500
398.729	176.500
398.909	153.500
399.089	175.500
399.268	211.500
399.448	198.500
399.628	199.500
399.807	188.500
399.987	170.500
400.167	226.500
400.347	188.500
400.526	186.500
400.706	193.500
400.886	210.500
401.065	224.500
401.245	244.500
401.425	222.500
401.605	197.500
401.784	212.500
401.964	194.500
402.144	180.500
402.324	215.500
402.503	215.500
402.683	202.500
402.863	241.500
403.042	246.500
403.222	211.500
403.402	250.500
403.582	243.500
403.761	202.500
403.941	247.500
404.121	222.500
404.301	244.500
404.480	237.500
404.660	275.500
404.844	308.500
405.029	307.500
405.213	298.500
405.398	282.500
405.582	287.500
405.767	280.500
405.951	266.500
406.136	333.500
406.320	376.500
406.505	379.500
406.689	353.500
406.874	379.500
407.058	483.500
407.243	456.500
407.427	422.500
407.612	445.500
407.796	478.500
407.981	543.500
408.165	575.500
408.350	617.500
408.534	698.500
408.719	682.500
408.903	708.500
409.088	756.500
409.272	780.500
409.457	789.500
409.641	850.500
409.826	932.500
410.010	1033.500
410.195	1061.500
410.379	1126.500
410.564	1195.500
410.748	1334.500
410.933	1450.500
411.117	1508.500
411.302	1567.500
411.486	1654.500
411.671	1727.500
411.855	1821.500
412.040	1883.500
412.224	1992.500
412.409	2129.500
412.593	2303.500
412.778	2389.500
412.962	2398.500
413.147	2529.500
413.331	2691.500
413.516	2786.500
413.700	2946.500
413.885	3090.500
414.069	3103.500
414.254	3196.500
414.438	3361.500
414.623	3441.500
414.807	3521.500
414.992	3669.500
415.176	3757.500
415.361	3931.500
415.545	4142.500
415.730	4279.500
415.914	4518.500
416.099	4596.500
416.283	4665.500
416.468	4728.500
416.652	4862.500
416.837	4933.500
417.021	4952.500
417.206	5092.500
417.390	5274.500
417.575	5360.500
417.759	5444.500
417.944	5560.500
418.128	5692.500
418.313	5838.500
418.497	5923.500
418.682	6036.500
418.866	6121.500
419.051	6168.500
419.235	6246.500
419.420	6447.500
419.604	6494.500
419.789	6546.500
419.973	6771.500
420.158	6970.500
420.342	7274.500
420.527	7388.500
420.711	7502.500
420.896	7634.500
421.080	7712.500
421.265	7760.500
421.449	7721.500
421.634	7681.500
421.818	7701.500
422.003	7822.500
422.187	7782.500
422.372	7750.500
422.556	7845.500
422.741	7946.500
422.925	7958.500
423.110	8109.500
423.294	8264.500
423.479	8337.500
423.663	8492.500
423.848	8639.500
424.032	8785.500
424.217	8790.500
424.401	8790.500
424.586	8859.500
424.770	8932.500
424.955	9108.500
425.139	9122.500
425.324	9040.500
425.508	9081.500
425.693	9180.500
425.877	9308.500
426.062	9293.500
426.246	9364.500
426.431	9234.500
426.615	9263.500
426.800	9318.500
426.984	9252.500
427.169	9282.500
427.353	9349.500
427.538	9499.500
427.722	9526.500
427.907	9513.500
428.091	9415.500
428.276	9389.500
428.460	9413.500
428.645	9223.500
428.829	9052.500
429.014	8918.500
429.198	8775.500
429.383	8510.500
429.567	8261.500
429.752	8118.500
429.936	7977.500
430.121	7839.500
430.305	7836.500
430.490	8063.500
430.674	8447.500
430.859	8923.500
431.043	9271.500
431.228	9643.500
431.412	9860.500
431.597	10150.500
431.781	10388.500
431.966	10412.500
432.150	10330.500
432.335	10639.500
432.519	10865.500
432.704	10971.500
432.888	10821.500
433.073	10687.500
433.257	10694.500
433.442	10696.500
433.626	10589.500
433.811	10601.500
433.995	10668.500
434.180	10793.500
434.364	10981.500
434.549	11118.500
434.733	11322.500
434.918	11417.500
435.102	11535.500
435.287	11711.500
435.471	11874.500
435.656	12226.500
435.840	12286.500
436.030	12373.500
436.219	12393.500
436.409	12368.500
436.599	12391.500
436.789	12290.500
436.978	12275.500
437.168	12085.500
437.358	11914.500
437.548	11836.500
437.737	11738.500
437.927	11585.500
438.117	11601.500
438.306	11617.500
438.496	11750.500
438.686	12034.500
438.876	12138.500
439.065	12230.500
439.255	12300.500
439.445	12301.500
439.634	12285.500
439.824	12439.500
440.014	12680.500
440.204	12535.500
440.393	12723.500
440.583	12989.500
440.773	13308.500
440.963	13454.500
441.152	13641.500
441.342	13677.500
441.532	13746.500
441.721	13848.500
441.911	13998.500
442.101	14232.500
442.291	14226.500
442.480	14157.500
442.670	14112.500
442.860	14363.500
443.050	14329.500
443.239	14307.500
443.429	14530.500
443.619	14644.500
443.808	14621.500
443.998	14838.500
444.188	14898.500
444.378	14971.500
444.567	15010.500
444.757	15049.500
444.947	14895.500
445.137	14686.500
445.326	14688.500
445.516	14674.500
445.706	14637.500
445.895	14652.500
446.085	14844.500
446.275	15064.500
446.465	15299.500
446.654	15564.500
446.844	15856.500
447.034	15970.500
447.223	15986.500
447.413	16060.500
447.603	16117.500
447.793	16260.500
447.982	16263.500
448.172	16479.500
448.362	16506.500
448.552	16421.500
448.741	16544.500
448.931	16473.500
449.121	16629.500
449.310	16695.500
449.500	16828.500
449.690	16970.500
449.880	17276.500
450.069	17503.500
450.259	17482.500
450.449	17627.500
450.639	17714.500
450.828	17692.500
451.018	17657.500
451.208	17609.500
451.397	17597.500
451.587	17512.500
451.777	17532.500
451.967	17437.500
452.156	17182.500
452.346	17005.500
452.536	16798.500
452.725	16589.500
452.915	16574.500
453.105	16658.500
453.295	16832.500
453.484	16791.500
453.674	17004.500
453.864	17098.500
454.054	17116.500
454.243	17166.500
454.433	17130.500
454.623	17140.500
454.812	16985.500
455.002	16846.500
455.192	17006.500
455.382	17191.500
455.571	17324.500
455.761	17367.500
455.951	17520.500
456.141	17610.500
456.330	17661.500
456.520	17720.500
456.710	17679.500
456.899	17776.500
457.089	17823.500
457.279	17840.500
457.469	17804.500
457.658	17650.500
457.848	17533.500
458.038	17358.500
458.228	17318.500
458.417	17469.500
458.607	17474.500
458.797	17464.500
458.986	17405.500
459.176	17119.500
459.366	17145.500
459.556	17401.500
459.745	17357.500
459.935	17406.500
460.125	17495.500
460.314	17516.500
460.504	17566.500
460.694	17737.500
460.884	17785.500
461.073	18010.500
461.263	17981.500
461.453	17958.500
461.643	18004.500
461.832	18178.500
462.022	18277.500
462.212	18212.500
462.401	18173.500
462.591	18215.500
462.781	18303.500
462.971	18256.500
463.160	18069.500
463.350	18026.500
463.540	18134.500
463.730	17965.500
463.919	17911.500
464.109	17982.500
464.299	17743.500
464.488	17729.500
464.678	17767.500
464.868	17552.500
465.058	17659.500
465.247	17795.500
465.437	17907.500
465.627	17782.500
465.816	17844.500
466.006	17951.500
466.196	17683.500
466.386	17651.500
466.575	17697.500
466.765	17665.500
466.955	17632.500
467.145	17670.500
467.334	17673.500
467.524	17839.500
467.714	17892.500
467.903	17873.500
468.093	18122.500
468.283	18189.500
468.473	18194.500
468.662	18192.500
468.852	18306.500
469.042	18168.500
469.232	18232.500
469.421	18279.500
469.611	18314.500
469.801	18178.500
469.990	17997.500
470.180	18088.500
470.370	17968.500
470.560	17836.500
470.749	17965.500
470.939	18167.500
471.129	18112.500
471.318	18377.500
471.508	18686.500
471.698	18880.500
471.888	18976.500
472.077	19178.500
472.267	19227.500
472.457	19085.500
472.647	19089.500
472.836	18978.500
473.026	18974.500
473.216	19022.500
473.405	19185.500
473.595	19035.500
473.785	19101.500
473.975	19429.500
474.164	19410.500
474.354	19436.500
474.544	19437.500
474.734	19580.500
474.923	19571.500
475.113	19393.500
475.303	19539.500
475.492	19558.500
475.682	19293.500
475.872	19286.500
476.062	19075.500
476.251	19045.500
476.441	19174.500
476.631	19218.500
476.821	19025.500
477.010	19227.500
477.200	19567.500
477.390	19583.500
477.579	19769.500
477.769	19717.500
477.959	19819.500
478.149	19833.500
478.338	19720.500
478.528	19727.500
478.718	19636.500
478.907	19710.500
479.097	19655.500
479.287	19605.500
479.477	19720.500
479.666	19818.500
479.856	19760.500
480.046	19788.500
480.236	19808.500
480.425	19722.500
480.615	19781.500
480.805	19646.500
480.994	19866.500
481.184	20028.500
481.374	19871.500
481.564	19945.500
481.753	19992.500
481.943	19982.500
482.133	19851.500
482.323	19752.500
482.512	19693.500
482.702	19666.500
482.892	19750.500
483.081	19629.500
483.271	19535.500
483.461	19537.500
483.651	19519.500
483.840	19555.500
484.030	19411.500
484.220	19345.500
484.409	19246.500
484.599	19129.500
484.789	18935.500
484.979	18820.500
485.168	18581.500
485.358	18164.500
485.548	17639.500
485.738	17384.500
485.927	17015.500
486.117	16860.500
486.307	16485.500
486.496	16301.500
486.686	16426.500
486.876	16624.500
487.066	16815.500
487.255	16970.500
487.445	17230.500
487.635	17470.500
487.825	17572.500
488.014	17828.500
488.204	17925.500
488.394	17885.500
488.583	17885.500
488.773	17916.500
488.963	17951.500
489.153	18207.500
489.342	18431.500
489.532	18565.500
489.722	18732.500
489.912	18875.500
490.101	19031.500
490.291	18990.500
490.481	18867.500
490.670	18993.500
490.860	18867.500
491.050	18874.500
491.240	18766.500
491.429	18621.500
491.619	18513.500
491.809	18314.500
491.998	18218.500
492.188	18332.500
492.378	18316.500
492.568	18358.500
492.757	18567.500
492.947	18697.500
493.137	18771.500
493.327	18702.500
493.516	18805.500
493.706	18675.500
493.896	18693.500
494.085	18975.500
494.275	18985.500
494.465	19199.500
494.655	19267.500
494.844	19372.500
495.034	19426.500
495.224	19377.500
495.414	19367.500
495.603	19180.500
495.793	19158.500
495.983	19128.500
496.172	19164.500
496.362	19308.500
496.552	19312.500
496.742	19369.500
496.931	19399.500
497.121	19561.500
497.311	19667.500
497.500	19488.500
497.690	19451.500
497.880	19428.500
498.070	19178.500
498.259	19020.500
498.449	18961.500
498.639	18902.500
498.829	18983.500
499.018	19061.500
499.208	19176.500
499.398	19040.500
499.587	18939.500
499.777	18988.500
499.967	19029.500
500.157	18814.500
500.346	18655.500
500.536	18663.500
500.726	18597.500
500.916	18367.500
501.105	18159.500
501.295	18260.500
501.485	18256.500
501.674	18123.500
501.864	18206.500
502.054	18164.500
502.244	18345.500
502.433	18529.500
502.623	18691.500
502.813	18755.500
503.003	18672.500
503.192	18682.500
503.382	18783.500
503.572	18683.500
503.761	18553.500
503.951	18477.500
504.141	18456.500
504.331	18433.500
504.520	18632.500
504.710	18679.500
504.900	18609.500
505.089	18660.500
505.279	18847.500
505.469	18940.500
505.659	19001.500
505.848	19041.500
506.038	19051.500
506.228	18902.500
506.418	19054.500
506.607	19177.500
506.797	19013.500
506.987	18968.500
507.176	18968.500
507.366	18865.500
507.556	18603.500
507.746	18534.500
507.935	18425.500
508.125	18420.500
508.315	18426.500
508.505	18362.500
508.694	18486.500
508.884	18692.500
509.074	18777.500
509.263	18722.500
509.453	18496.500
509.643	18505.500
509.833	18467.500
510.022	18389.500
510.212	18417.500
510.402	18339.500
510.592	18295.500
510.781	18300.500
510.971	18213.500
511.161	18279.500
511.350	18310.500
511.540	18525.500
511.730	18485.500
511.920	18335.500
512.109	18225.500
512.299	18107.500
512.489	18117.500
512.678	18006.500
512.868	18047.500
513.058	18005.500
513.248	17747.500
513.437	17646.500
513.627	17762.500
513.817	17556.500
514.007	17438.500
514.196	17391.500
514.386	17395.500
514.576	17288.500
514.765	17149.500
514.955	17292.500
515.145	17420.500
515.335	17384.500
515.524	17526.500
515.714	17395.500
515.904	17253.500
516.094	17089.500
516.283	16696.500
516.473	16263.500
516.663	15826.500
516.852	15669.500
517.042	15603.500
517.232	15563.500
517.422	15616.500
517.611	15673.500
517.801	15641.500
517.991	15525.500
518.180	15559.500
518.370	15623.500
518.560	15673.500
518.750	15743.500
518.939	15838.500
519.129	16176.500
519.319	16309.500
519.509	16349.500
519.698	16382.500
519.888	16611.500
520.078	16611.500
520.267	16623.500
520.457	16655.500
520.647	16767.500
520.837	16777.500
521.026	16860.500
521.216	16725.500
521.406	17066.500
521.596	17175.500
521.785	17097.500
521.975	17088.500
522.165	17077.500
522.354	16919.500
522.544	16817.500
522.734	16901.500
522.924	16783.500
523.113	16794.500
523.303	16969.500
523.493	17175.500
523.683	17081.500
523.872	17267.500
524.062	17653.500
524.252	17541.500
524.441	17409.500
524.631	17428.500
524.821	17425.500
525.011	17335.500
525.200	17244.500
525.390	17429.500
525.580	17162.500
525.769	17009.500
525.959	16805.500
526.149	16636.500
526.339	16582.500
526.528	16398.500
526.718	16130.500
526.908	16128.500
527.098	16329.500
527.287	16446.500
527.477	16392.500
527.667	16555.500
527.856	16766.500
528.046	16854.500
528.236	16944.500
528.426	17216.500
528.615	17247.500
528.805	17366.500
528.995	17541.500
529.185	17356.500
529.374	17350.500
529.564	17383.500
529.754	17440.500
529.943	17588.500
530.133	17445.500
530.323	17431.500
530.513	17533.500
530.702	17594.500
530.892	17500.500
531.082	17462.500
531.271	17330.500
531.461	17189.500
531.651	17031.500
531.841	16869.500
532.030	16784.500
532.220	16583.500
532.410	16321.500
532.600	16222.500
532.789	16275.500
532.979	16286.500
533.169	16337.500
533.358	16220.500
533.548	16200.500
533.738	16110.500
533.928	16129.500
534.117	16227.500
534.307	16242.500
534.497	16264.500
534.687	16406.500
534.876	16340.500
535.066	16508.500
535.256	16483.500
535.445	16405.500
535.635	16420.500
535.825	16392.500
536.015	16039.500
536.204	15754.500
536.394	15792.500
536.584	15815.500
536.773	15768.500
536.963	15723.500
537.153	15629.500
537.343	15654.500
537.532	15753.500
537.722	15965.500
537.912	15729.500
538.102	15820.500
538.291	15749.500
538.481	15668.500
538.671	15575.500
538.860	15426.500
539.050	15380.500
539.240	15284.500
539.430	15168.500
539.619	15217.500
539.809	15094.500
539.999	14948.500
540.189	14901.500
540.378	14958.500
540.568	15030.500
540.758	14858.500
540.947	15133.500
541.137	15261.500
541.327	15056.500
541.517	15107.500
541.706	15135.500
541.896	15029.500
542.086	15030.500
542.276	14940.500
542.465	15012.500
542.655	14976.500
542.845	14906.500
543.034	14975.500
543.224	15193.500
543.414	15286.500
543.604	15155.500
543.793	15181.500
543.983	15227.500
544.173	15133.500
544.362	15075.500
544.552	15078.500
544.742	15023.500
544.932	15071.500
545.121	15012.500
545.311	14986.500
545.501	15011.500
545.691	15178.500
545.880	15019.500
546.070	14984.500
546.264	15042.500
546.459	14989.500
546.653	14968.500
546.847	14763.500
547.041	14674.500
547.236	14791.500
547.430	14809.500
547.624	14804.500
547.818	14780.500
548.013	14664.500
548.207	14696.500
548.401	14706.500
548.596	14627.500
548.790	14672.500
548.984	14717.500
549.178	14769.500
549.373	14779.500
549.567	14885.500
549.761	14546.500
549.956	14559.500
550.150	14547.500
550.344	14573.500
550.538	14670.500
550.733	14537.500
550.927	14567.500
551.121	14574.500
551.315	14652.500
551.510	14704.500
551.704	14558.500
551.898	14542.500
552.093	14610.500
552.287	14441.500
552.481	14322.500
552.675	14443.500
552.870	14483.500
553.064	14424.500
553.258	14424.500
553.453	14589.500
553.647	14536.500
553.841	14476.500
554.035	14482.500
554.230	14385.500
554.424	14640.500
554.618	14678.500
554.812	14504.500
555.007	14508.500
555.201	14401.500
555.395	14343.500
555.590	14394.500
555.784	14321.500
555.978	14180.500
556.172	14231.500
556.367	14217.500
556.561	14172.500
556.755	14096.500
556.949	14109.500
557.144	14228.500
557.338	14148.500
557.532	14074.500
557.727	14025.500
557.921	13936.500
558.115	13997.500
558.309	13928.500
558.504	13772.500
558.698	13708.500
558.892	13616.500
559.087	13653.500
559.281	13692.500
559.475	13734.500
559.669	13705.500
559.864	13698.500
560.058	13907.500
560.252	14030.500
560.446	13960.500
560.641	13940.500
560.835	14169.500
561.029	14075.500
561.224	13961.500
561.418	13906.500
561.612	13776.500
561.806	13949.500
562.001	13940.500
562.195	13979.500
562.389	13913.500
562.584	13872.500
562.778	13872.500
562.972	13885.500
563.166	13942.500
563.361	14062.500
563.555	14016.500
563.749	13956.500
563.943	14013.500
564.138	13894.500
564.332	13926.500
564.526	13961.500
564.721	13725.500
564.915	13853.500
565.109	13726.500
565.303	13557.500
565.498	13556.500
565.692	13533.500
565.886	13634.500
566.081	13682.500
566.275	13641.500
566.469	13624.500
566.663	13711.500
566.858	13756.500
567.052	13601.500
567.246	13623.500
567.440	13736.500
567.635	13570.500
567.829	13541.500
568.023	13588.500
568.218	13543.500
568.412	13476.500
568.606	13546.500
568.800	13500.500
568.995	13384.500
569.189	13349.500
569.383	13419.500
569.577	13187.500
569.772	13077.500
569.966	13071.500
570.160	12965.500
570.355	12905.500
570.549	13023.500
570.743	13070.500
570.937	12992.500
571.132	12993.500
571.326	13143.500
571.520	13147.500
571.715	13302.500
571.909	13225.500
572.103	13187.500
572.297	13223.500
572.492	13290.500
572.686	13269.500
572.880	13281.500
573.074	13265.500
573.269	13189.500
573.463	13175.500
573.657	13084.500
573.852	13123.500
574.046	13068.500
574.240	13116.500
574.434	13040.500
574.629	12959.500
574.823	12725.500
575.017	12828.500
575.212	12969.500
575.406	12953.500
575.600	12881.500
575.794	12630.500
575.989	12673.500
576.183	12744.500
576.377	12653.500
576.571	12766.500
576.766	12585.500
576.960	12652.500
577.159	12688.500
577.357	12564.500
577.556	12434.500
577.755	12578.500
577.953	12497.500
578.152	12405.500
578.350	12417.500
578.549	12397.500
578.748	12381.500
578.946	12451.500
579.145	12385.500
579.344	12291.500
579.542	12460.500
579.741	12514.500
579.940	12388.500
580.138	12532.500
580.337	12776.500
580.535	12766.500
580.734	12737.500
580.933	12724.500
581.131	12864.500
581.330	12815.500
581.529	13027.500
581.727	13070.500
581.926	13131.500
582.125	13155.500
582.323	13215.500
582.522	13295.500
582.721	13333.500
582.919	13406.500
583.118	13338.500
583.316	13376.500
583.515	13396.500
583.714	13500.500
583.912	13635.500
584.111	13497.500
584.310	13578.500
584.508	13657.500
584.707	13583.500
584.906	13499.500
585.104	13599.500
585.303	13490.500
585.501	13473.500
585.700	13443.500
585.899	13445.500
586.097	13459.500
586.296	13451.500
586.495	13561.500
586.693	13588.500
586.892	13410.500
587.091	13382.500
587.289	13368.500
587.488	13264.500
587.686	13138.500
587.885	13014.500
588.084	12738.500
588.282	12444.500
588.481	12387.500
588.680	12097.500
588.878	12070.500
589.077	12030.500
589.276	11977.500
589.474	12029.500
589.673	12154.500
589.871	12298.500
590.070	12284.500
590.269	12402.500
590.467	12432.500
590.666	12293.500
590.865	12392.500
591.063	12589.500
591.262	12635.500
591.461	12623.500
591.659	12495.500
591.858	12681.500
592.056	12603.500
592.255	12546.500
592.454	12541.500
592.652	12671.500
592.851	12617.500
593.050	12798.500
593.248	12793.500
593.447	12564.500
593.646	12476.500
593.844	12532.500
594.043	12443.500
594.241	12415.500
594.440	12492.500
594.639	12495.500
594.837	12583.500
595.036	12617.500
595.235	12574.500
595.433	12555.500
595.632	12490.500
595.831	12581.500
596.029	12547.500
596.228	12632.500
596.427	12599.500
596.625	12667.500
596.824	12679.500
597.022	12571.500
597.221	12635.500
597.420	12610.500
597.618	12478.500
597.817	12446.500
598.016	12521.500
598.214	12698.500
598.413	12615.500
598.612	12569.500
598.810	12522.500
599.009	12528.500
599.207	12506.500
599.406	12535.500
599.605	12594.500
599.803	12524.500
600.002	12602.500
600.201	12548.500
600.399	12597.500
600.598	12495.500
600.797	12432.500
600.995	12443.500
601.194	12516.500
601.392	12401.500
601.591	12405.500
601.790	12398.500
601.988	12373.500
602.187	12429.500
602.386	12484.500
602.584	12582.500
602.783	12681.500
602.982	12688.500
603.180	12710.500
603.379	12517.500
603.577	12616.500
603.776	12607.500
603.975	12632.500
604.173	12634.500
604.372	12631.500
604.571	12568.500
604.769	12591.500
604.968	12672.500
605.167	12608.500
605.365	12761.500
605.564	12644.500
605.762	12627.500
605.961	12722.500
606.160	12748.500
606.358	12657.500
606.557	12686.500
606.756	12680.500
606.954	12612.500
607.153	12575.500
607.352	12523.500
607.550	12564.500
607.749	12507.500
607.948	12502.500
608.146	12573.500
608.345	12525.500
608.543	12445.500
608.742	12448.500
608.941	12401.500
609.139	12379.500
609.338	12270.500
609.537	12306.500
609.735	12356.500
609.934	12425.500
610.133	12314.500
610.331	12235.500
610.530	12205.500
610.728	12218.500
610.927	12421.500
611.126	12381.500
611.324	12278.500
611.523	12318.500
611.722	12202.500
611.920	12195.500
612.119	12292.500
612.318	12234.500
612.516	12119.500
612.715	12146.500
612.913	12079.500
613.112	12083.500
613.311	12109.500
613.509	12026.500
613.708	11950.500
613.907	11955.500
614.105	12017.500
614.304	11989.500
614.503	12079.500
614.701	11995.500
614.900	11990.500
615.098	11958.500
615.297	11966.500
615.496	11921.500
615.694	11904.500
615.893	11863.500
616.092	11825.500
616.290	11787.500
616.489	11855.500
616.688	11799.500
616.886	11748.500
617.085	11723.500
617.283	11787.500
617.482	11748.500
617.681	11862.500
617.879	11910.500
618.078	11943.500
618.277	11946.500
618.475	11779.500
618.674	11841.500
618.873	11924.500
619.071	11812.500
619.270	11879.500
619.468	11949.500
619.667	12118.500
619.866	12141.500
620.064	12058.500
620.263	11963.500
620.462	12057.500
620.660	12027.500
620.859	11930.500
621.058	11956.500
621.256	11810.500
621.455	11769.500
621.654	11892.500
621.852	11890.500
622.051	11800.500
622.249	11754.500
622.448	11770.500
622.647	11612.500
622.845	11551.500
623.044	11672.500
623.243	11673.500
623.441	11525.500
623.640	11522.500
623.839	11570.500
624.037	11438.500
624.236	11415.500
624.434	11406.500
624.633	11525.500
624.832	11614.500
625.030	11468.500
625.229	11310.500
625.428	11245.500
625.626	11288.500
625.825	11206.500
626.024	11297.500
626.222	11304.500
626.421	11298.500
626.619	11418.500
626.818	11411.500
627.017	11398.500
627.215	11234.500
627.414	11231.500
627.613	11195.500
627.811	11137.500
628.010	11108.500
628.209	11099.500
628.407	11124.500
628.606	11236.500
628.804	11151.500
629.003	11025.500
629.202	11066.500
629.400	11010.500
629.599	10978.500
629.798	10939.500
629.996	10933.500
630.195	11058.500
630.394	11130.500
630.592	11048.500
630.791	11037.500
630.990	10922.500
631.188	10861.500
631.387	11017.500
631.585	11007.500
631.784	10893.500
631.983	10888.500
632.181	11100.500
632.380	11087.500
632.579	11053.500
632.777	11106.500
632.976	11009.500
633.175	10977.500
633.373	11092.500
633.572	11068.500
633.770	11038.500
633.969	11026.500
634.168	11033.500
634.366	11166.500
634.565	11143.500
634.764	11099.500
634.962	11146.500
635.161	11087.500
635.360	10990.500
635.558	11148.500
635.757	11129.500
635.955	11049.500
636.154	11174.500
636.353	11192.500
636.551	11061.500
636.750	11003.500
636.949	11193.500
637.147	11169.500
637.346	11145.500
637.545	11241.500
637.743	11164.500
637.942	11232.500
638.140	11122.500
638.339	11116.500
638.538	11209.500
638.736	11149.500
638.935	11192.500
639.134	11191.500
639.332	11106.500
639.531	10998.500
639.730	11036.500
639.928	11162.500
640.127	11039.500
640.325	10949.500
640.524	10974.500
640.723	11017.500
640.921	10980.500
641.120	10961.500
641.319	10839.500
641.517	10967.500
641.716	11096.500
641.915	11051.500
642.113	10925.500
642.312	11008.500
642.510	11041.500
642.709	11143.500
642.908	11083.500
643.106	11048.500
643.305	11082.500
643.504	10959.500
643.702	10883.500
643.901	11028.500
644.100	11077.500
644.298	10974.500
644.497	10872.500
644.696	10873.500
644.894	10924.500
645.093	10900.500
645.291	11005.500
645.490	10954.500
645.689	10944.500
645.887	10893.500
646.086	10990.500
646.285	10938.500
646.483	10910.500
646.682	10909.500
646.881	10839.500
647.079	10701.500
647.278	10712.500
647.476	10656.500
647.675	10634.500
647.874	10611.500
648.072	10779.500
648.271	10702.500
648.470	10587.500
648.668	10638.500
648.867	10641.500
649.066	10616.500
649.264	10551.500
649.463	10611.500
649.661	10592.500
649.860	10690.500
650.059	10815.500
650.257	10792.500
650.456	10933.500
650.655	10815.500
650.853	10697.500
651.052	10605.500
651.251	10565.500
651.449	10705.500
651.648	10723.500
651.846	10700.500
652.045	10763.500
652.244	10929.500
652.442	10917.500
652.641	10845.500
652.840	10842.500
653.038	10818.500
653.237	10879.500
653.436	10965.500
653.634	10886.500
653.833	10744.500
654.032	10774.500
654.230	10795.500
654.429	10733.500
654.627	10706.500
654.826	10585.500
655.025	10521.500
655.223	10347.500
655.422	10071.500
655.621	9909.500
655.819	9763.500
656.018	9801.500
656.217	9711.500
656.415	9702.500
656.614	9834.500
656.812	10005.500
657.011	9995.500
657.210	9965.500
657.408	10044.500
657.607	10237.500
657.806	10392.500
658.004	10482.500
658.203	10552.500
658.402	10603.500
658.600	10581.500
658.799	10647.500
658.997	10727.500
659.196	10677.500
659.395	10797.500
659.593	10794.500
659.792	10768.500
659.991	10736.500
660.189	10892.500
660.388	10997.500
660.587	11002.500
660.785	11082.500
660.984	10971.500
661.182	10964.500
661.381	11056.500
661.580	11085.500
661.778	11142.500
661.977	10944.500
662.176	10973.500
662.374	11032.500
662.573	10952.500
662.772	10950.500
662.970	10999.500
663.169	10961.500
663.367	10886.500
663.566	10942.500
663.765	10914.500
663.963	10992.500
664.162	10950.500
664.361	10968.500
664.559	11079.500
664.758	10990.500
664.957	10959.500
665.155	10916.500
665.354	10915.500
665.552	10967.500
665.751	10920.500
665.950	10862.500
666.148	10821.500
666.347	10619.500
666.546	10641.500
666.744	10829.500
666.943	10833.500
667.142	10820.500
667.340	10910.500
667.539	10966.500
667.738	10954.500
667.936	10867.500
668.135	10742.500
668.333	10825.500
668.532	10817.500
668.731	10822.500
668.929	10813.500
669.128	10865.500
669.327	10770.500
669.525	10788.500
669.724	10736.500
669.923	10717.500
670.121	10745.500
670.320	10802.500
670.518	10778.500
670.717	10666.500
670.916	10633.500
671.114	10599.500
671.313	10520.500
671.512	10491.500
671.710	10548.500
671.909	10573.500
672.108	10592.500
672.306	10565.500
672.505	10606.500
672.703	10579.500
672.902	10565.500
673.101	10446.500
673.299	10509.500
673.498	10658.500
673.697	10628.500
673.895	10536.500
674.094	10447.500
674.293	10438.500
674.491	10391.500
674.690	10524.500
674.888	10512.500
675.087	10579.500
675.286	10473.500
675.484	10438.500
675.683	10333.500
675.882	10270.500
676.080	10320.500
676.279	10363.500
676.478	10306.500
676.676	10400.500
676.875	10398.500
677.073	10260.500
677.272	10353.500
677.471	10351.500
677.669	10348.500
677.868	10363.500
678.067	10318.500
678.265	10291.500
678.464	10428.500
678.663	10355.500
678.861	10319.500
679.060	10331.500
679.259	10268.500
679.457	10186.500
679.656	10221.500
679.854	10125.500
680.053	10011.500
680.252	10162.500
680.450	10175.500
680.649	10246.500
680.848	10146.500
681.046	10172.500
681.245	10175.500
681.444	10089.500
681.642	10062.500
681.841	10121.500
682.039	10002.500
682.238	9978.500
682.437	10007.500
682.635	9954.500
682.834	9917.500
683.033	9926.500
683.231	9989.500
683.430	9907.500
683.629	9849.500
683.827	9947.500
684.026	9955.500
684.224	9787.500
684.423	9764.500
684.622	9855.500
684.820	9859.500
685.019	9802.500
685.218	9752.500
685.416	9609.500
685.615	9474.500
685.814	9193.500
686.012	8905.500
686.211	8709.500
686.409	8448.500
686.608	8259.500
686.807	8124.500
687.005	8201.500
687.204	8310.500
687.403	8283.500
687.601	8131.500
687.800	8208.500
687.999	8189.500
688.197	8186.500
688.396	8230.500
688.594	8180.500
688.793	8150.500
688.992	8249.500
689.190	8290.500
689.389	8310.500
689.588	8362.500
689.786	8361.500
689.985	8384.500
690.184	8516.500
690.382	8674.500
690.581	8742.500
690.779	8742.500
690.978	8651.500
691.177	8669.500
691.375	8694.500
691.574	8748.500
691.773	8750.500
691.971	8755.500
692.170	8689.500
692.369	8711.500
692.567	8649.500
692.766	8642.500
692.965	8595.500
693.163	8626.500
693.362	8680.500
693.560	8736.500
693.759	8618.500
693.958	8522.500
694.156	8622.500
694.355	8625.500
694.554	8609.500
694.752	8565.500
694.951	8696.500
695.150	8653.500
695.348	8716.500
695.547	8728.500
695.745	8782.500
695.944	8857.500
696.143	8925.500
696.341	8970.500
696.540	8886.500
696.743	8796.500
696.946	8895.500
697.149	8932.500
697.352	8939.500
697.555	8859.500
697.757	8848.500
697.960	8796.500
698.163	8876.500
698.366	8721.500
698.569	8729.500
698.772	8810.500
698.975	8834.500
699.178	8745.500
699.381	8608.500
699.584	8561.500
699.787	8579.500
699.989	8602.500
700.192	8599.500
700.395	8533.500
700.598	8482.500
700.801	8364.500
701.004	8412.500
701.207	8608.500
701.410	8477.500
701.613	8424.500
701.816	8486.500
702.019	8594.500
702.221	8594.500
702.424	8546.500
702.627	8481.500
702.830	8466.500
703.033	8511.500
703.236	8688.500
703.439	8775.500
703.642	8665.500
703.845	8754.500
704.048	8847.500
704.251	8818.500
704.453	8678.500
704.656	8630.500
704.859	8718.500
705.062	8661.500
705.265	8651.500
705.468	8668.500
705.671	8680.500
705.874	8696.500
706.077	8731.500
706.280	8675.500
706.483	8595.500
706.685	8699.500
706.888	8764.500
707.091	8684.500
707.294	8722.500
707.497	8740.500
707.700	8759.500
707.903	8741.500
708.106	8667.500
708.309	8620.500
708.512	8615.500
708.715	8663.500
708.917	8666.500
709.120	8676.500
709.323	8677.500
709.526	8640.500
709.729	8515.500
709.932	8610.500
710.135	8529.500
710.338	8582.500
710.541	8655.500
710.744	8421.500
710.947	8418.500
711.149	8677.500
711.352	8552.500
711.555	8549.500
711.758	8436.500
711.961	8516.500
712.164	8523.500
712.367	8448.500
712.570	8475.500
712.773	8410.500
712.976	8273.500
713.179	8290.500
713.381	8422.500
713.584	8340.500
713.787	8191.500
713.990	8215.500
714.193	8148.500
714.396	8241.500
714.599	8192.500
714.802	8162.500
715.005	8116.500
715.208	8023.500
715.411	7934.500
715.613	7723.500
715.816	7687.500
716.019	7624.500
716.222	7419.500
716.425	7228.500
716.628	7033.500
716.831	6967.500
717.034	6924.500
717.237	6775.500
717.440	6582.500
717.643	6437.500
717.845	6426.500
718.048	6296.500
718.251	6169.500
718.454	6168.500
718.657	6104.500
718.860	6075.500
719.063	6062.500
719.266	5909.500
719.469	5874.500
719.672	6008.500
719.875	6137.500
720.077	6276.500
720.280	6302.500
720.483	6403.500
720.686	6579.500
720.889	6657.500
721.092	6771.500
721.295	6731.500
721.498	6701.500
721.701	6897.500
721.904	6849.500
722.107	6791.500
722.309	6785.500
722.512	6728.500
722.715	6713.500
722.918	6659.500
723.121	6504.500
723.324	6541.500
723.527	6534.500
723.730	6483.500
723.933	6325.500
724.136	6330.500
724.339	6358.500
724.541	6304.500
724.744	6253.500
724.947	6282.500
725.150	6240.500
725.353	6272.500
725.556	6279.500
725.759	6242.500
725.962	6238.500
726.165	6232.500
726.368	6198.500
726.571	6237.500
726.773	6164.500
726.976	6053.500
727.179	6040.500
727.382	6079.500
727.585	6185.500
727.788	6168.500
727.991	6026.500
728.194	6051.500
728.397	6074.500
728.600	6111.500
728.803	6093.500
729.005	6150.500
729.208	6180.500
729.411	6184.500
729.614	6124.500
729.817	6006.500
730.020	6064.500
730.223	6122.500
730.426	6131.500
730.629	6102.500
730.832	6130.500
731.035	6199.500
731.237	6159.500
731.440	6195.500
731.643	6359.500
731.846	6426.500
732.049	6430.500
732.252	6430.500
732.455	6483.500
732.658	6543.500
732.861	6500.500
733.064	6476.500
733.267	6663.500
733.469	6693.500
733.672	6633.500
733.875	6591.500
734.078	6538.500
734.281	6596.500
734.484	6591.500
734.687	6563.500
734.890	6583.500
735.093	6538.500
735.296	6605.500
735.499	6643.500
735.701	6568.500
735.904	6525.500
736.107	6486.500
736.310	6472.500
736.513	6456.500
736.716	6511.500
736.919	6560.500
737.122	6454.500
737.325	6486.500
737.528	6563.500
737.731	6550.500
737.933	6536.500
738.136	6583.500
738.339	6455.500
738.542	6393.500
738.745	6422.500
738.948	6388.500
739.151	6405.500
739.354	6499.500
739.557	6467.500
739.760	6398.500
739.963	6340.500
740.165	6335.500
740.368	6325.500
740.571	6313.500
740.774	6332.500
740.977	6263.500
741.180	6325.500
741.383	6366.500
741.586	6379.500
741.789	6437.500
741.992	6263.500
742.195	6259.500
742.397	6437.500
742.600	6446.500
742.803	6303.500
743.006	6316.500
743.209	6313.500
743.412	6397.500
743.615	6315.500
743.818	6359.500
744.021	6305.500
744.224	6406.500
744.427	6363.500
744.629	6350.500
744.832	6315.500
745.035	6281.500
745.238	6253.500
745.441	6182.500
745.644	6290.500
745.847	6226.500
746.050	6185.500
746.253	6158.500
746.456	6219.500
746.659	6245.500
746.861	6208.500
747.064	6249.500
747.267	6215.500
747.470	6153.500
747.673	6097.500
747.876	6097.500
748.079	6046.500
748.282	6014.500
748.485	6039.500
748.688	6056.500
748.891	5978.500
749.093	5992.500
749.296	5965.500
749.499	5962.500
749.702	5989.500
749.905	6054.500
750.108	5956.500
750.311	5937.500
750.514	5883.500
750.717	5921.500
750.920	5904.500
751.123	5911.500
751.325	5875.500
751.528	5814.500
751.731	5821.500
751.934	5856.500
752.137	5795.500
752.340	5857.500
752.543	5826.500
752.746	5848.500
752.949	5780.500
753.152	5848.500
753.355	5907.500
753.557	5799.500
753.760	5776.500
753.963	5778.500
754.166	5735.500
754.369	5715.500
754.572	5655.500
754.775	5715.500
754.978	5749.500
755.181	5848.500
755.384	5763.500
755.587	5708.500
755.789	5723.500
755.992	5676.500
756.195	5669.500
756.398	5681.500
756.601	5624.500
756.804	5619.500
757.007	5585.500
757.210	5542.500
757.413	5490.500
757.616	5487.500
757.819	5464.500
758.021	5224.500
758.224	4930.500
758.427	4574.500
758.630	4248.500
758.833	3855.500
759.036	3573.500
759.239	3274.500
759.442	3039.500
759.645	2772.500
759.848	2583.500
760.051	2465.500
760.253	2515.500
760.456	2526.500
760.659	2546.500
760.862	2660.500
761.065	2649.500
761.268	2572.500
761.471	2503.500
761.674	2441.500
761.877	2398.500
762.080	2373.500
762.283	2428.500
762.485	2435.500
762.688	2503.500
762.891	2579.500
763.094	2685.500
763.297	2680.500
763.500	2713.500
763.706	2825.500
763.912	2916.500
764.118	2999.500
764.325	2993.500
764.531	3075.500
764.737	3183.500
764.943	3281.500
765.149	3408.500
765.355	3549.500
765.561	3717.500
765.768	3774.500
765.974	3871.500
766.180	3955.500
766.386	4025.500
766.592	4180.500
766.798	4315.500
767.004	4285.500
767.210	4389.500
767.417	4468.500
767.623	4556.500
767.829	4485.500
768.035	4541.500
768.241	4609.500
768.447	4678.500
768.653	4696.500
768.860	4740.500
769.066	4789.500
769.272	4718.500
769.478	4802.500
769.684	4816.500
769.890	4840.500
770.096	4800.500
770.303	4776.500
770.509	4785.500
770.715	4664.500
770.921	4756.500
771.127	4822.500
771.333	4854.500
771.539	4845.500
771.745	4844.500
771.952	4754.500
772.158	4748.500
772.364	4850.500
772.570	4889.500
772.776	4878.500
772.982	4810.500
773.188	4808.500
773.395	4739.500
773.601	4669.500
773.807	4767.500
774.013	4713.500
774.219	4692.500
774.425	4699.500
774.631	4727.500
774.838	4713.500
775.044	4708.500
775.250	4666.500
775.456	4633.500
775.662	4702.500
775.868	4769.500
776.074	4749.500
776.281	4710.500
776.487	4619.500
776.693	4621.500
776.899	4617.500
777.105	4611.500
777.311	4651.500
777.517	4613.500
777.723	4558.500
777.930	4547.500
778.136	4536.500
778.342	4499.500
778.548	4422.500
778.754	4544.500
778.960	4609.500
779.166	4634.500
779.373	4500.500
779.579	4460.500
779.785	4467.500
779.991	4464.500
780.197	4468.500
780.403	4430.500
780.609	4504.500
780.816	4482.500
781.022	4397.500
781.228	4408.500
781.434	4366.500
781.640	4427.500
781.846	4504.500
782.052	4425.500
782.259	4307.500
782.465	4308.500
782.671	4256.500
782.877	4277.500
783.083	4383.500
783.289	4455.500
783.495	4372.500
783.701	4424.500
783.908	4362.500
784.114	4326.500
784.320	4296.500
784.526	4219.500
784.732	4275.500
784.938	4261.500
785.144	4245.500
785.351	4277.500
785.557	4229.500
785.763	4179.500
785.969	4218.500
786.175	4248.500
786.381	4213.500
786.587	4187.500
786.794	4112.500
787.000	4099.500
787.206	4090.500
787.412	4117.500
787.618	4110.500
787.824	4095.500
788.030	4084.500
788.236	4030.500
788.443	3944.500
788.649	4015.500
788.855	4037.500
789.061	4035.500
789.267	3974.500
789.473	3882.500
789.679	3897.500
789.886	3872.500
790.092	3826.500
790.298	3830.500
790.504	3803.500
790.710	3790.500
790.916	3932.500
791.122	3819.500
791.329	3720.500
791.535	3786.500
791.741	3823.500
791.947	3823.500
792.153	3679.500
792.359	3680.500
792.565	3753.500
792.771	3650.500
792.978	3690.500
793.184	3706.500
793.390	3661.500
793.596	3635.500
793.802	3694.500
794.008	3689.500
794.214	3707.500
794.421	3660.500
794.627	3605.500
794.833	3611.500
795.039	3577.500
795.245	3594.500
795.451	3668.500
795.657	3572.500
795.864	3586.500
796.070	3582.500
796.276	3543.500
796.482	3549.500
796.688	3567.500
796.894	3598.500
797.100	3567.500
797.307	3614.500
797.513	3671.500
797.719	3578.500
797.925	3509.500
798.131	3493.500
798.337	3505.500
798.543	3468.500
798.749	3377.500
798.956	3406.500
799.162	3439.500
799.368	3391.500
799.574	3400.500
799.780	3395.500
799.986	3404.500
800.192	3410.500
800.399	3385.500
800.605	3352.500
800.811	3381.500
801.017	3380.500
801.223	3435.500
801.429	3358.500
801.635	3318.500
801.842	3363.500
802.048	3311.500
802.254	3230.500
802.460	3244.500
802.666	3272.500
802.872	3316.500
803.078	3289.500
803.285	3278.500
803.491	3213.500
803.697	3144.500
803.903	3187.500
804.109	3253.500
804.315	3204.500
804.521	3259.500
804.727	3234.500
804.934	3201.500
805.140	3216.500
805.346	3201.500
805.552	3219.500
805.758	3242.500
805.964	3242.500
806.170	3287.500
806.377	3261.500
806.583	3213.500
806.789	3182.500
806.995	3176.500
807.201	3141.500
807.407	3142.500
807.613	3180.500
807.820	3176.500
808.026	3134.500
808.232	3064.500
808.438	3078.500
808.644	3087.500
808.850	3061.500
809.056	3046.500
809.262	3036.500
809.469	3001.500
809.675	3063.500
809.881	3032.500
810.087	2907.500
810.293	2887.500
810.499	2897.500
810.705	2917.500
810.912	2912.500
811.118	2995.500
811.324	2997.500
811.530	2841.500
811.739	2828.500
811.947	2772.500
812.156	2724.500
812.365	2750.500
812.573	2749.500
812.782	2720.500
812.990	2715.500
813.199	2629.500
813.408	2621.500
813.616	2605.500
813.825	2462.500
814.034	2428.500
814.242	2440.500
814.451	2435.500
814.659	2376.500
814.868	2336.500
815.077	2300.500
815.285	2204.500
815.494	2184.500
815.703	2285.500
815.911	2290.500
816.120	2294.500
816.329	2256.500
816.537	2192.500
816.746	2180.500
816.954	2154.500
817.163	2161.500
817.372	2196.500
817.580	2258.500
817.789	2320.500
817.998	2304.500
818.206	2227.500
818.415	2166.500
818.624	2205.500
818.832	2196.500
819.041	2243.500
819.249	2295.500
819.458	2295.500
819.667	2330.500
819.875	2354.500
820.084	2301.500
820.293	2317.500
820.501	2331.500
820.710	2361.500
820.919	2379.500
821.127	2298.500
821.336	2225.500
821.544	2185.500
821.753	2090.500
821.962	2055.500
822.170	2010.500
822.379	1981.500
822.588	2033.500
822.796	2089.500
823.005	2114.500
823.213	2089.500
823.422	2121.500
823.631	2146.500
823.839	2222.500
824.048	2274.500
824.257	2237.500
824.465	2208.500
824.674	2160.500
824.883	2216.500
825.091	2305.500
825.300	2301.500
825.508	2312.500
825.717	2329.500
825.926	2274.500
826.134	2215.500
826.343	2294.500
826.552	2260.500
826.760	2187.500
826.969	2195.500
827.178	2180.500
827.386	2208.500
827.595	2198.500
827.803	2106.500
828.012	2024.500
828.221	2049.500
828.429	2063.500
828.638	2110.500
828.847	2160.500
829.055	2113.500
829.264	2085.500
829.472	2120.500
829.681	2149.500
829.890	2241.500
830.098	2216.500
830.307	2133.500
830.516	2091.500
830.724	2111.500
830.933	2069.500
831.142	2145.500
831.350	2107.500
831.559	2003.500
831.767	1970.500
831.976	2109.500
832.185	2119.500
832.393	2066.500
832.602	1996.500
832.811	2050.500
833.019	2103.500
833.228	2080.500
833.437	2028.500
833.645	2090.500
833.854	2137.500
834.062	2082.500
834.271	2065.500
834.480	2149.500
834.688	2098.500
834.897	2061.500
835.106	2126.500
835.314	2063.500
835.523	2083.500
835.731	2122.500
835.940	2051.500
836.149	2063.500
836.357	2112.500
836.566	2127.500
836.775	2132.500
836.983	2146.500
837.192	2123.500
837.401	2077.500
837.609	2083.500
837.818	2140.500
838.026	2130.500
838.235	2062.500
838.444	2153.500
838.652	2221.500
838.861	2162.500
839.070	2144.500
839.278	2094.500
839.487	2079.500
839.696	2044.500
839.904	2047.500
840.113	2060.500
840.321	2102.500
840.530	2069.500
840.739	2021.500
840.947	1964.500
841.156	2008.500
841.365	2125.500
841.573	2100.500
841.782	2142.500
841.991	2129.500
842.199	2097.500
842.408	2045.500
842.616	1989.500
842.825	2005.500
843.034	2006.500
843.242	2066.500
843.451	2051.500
843.660	1959.500
843.868	2037.500
844.077	2067.500
844.285	2019.500
844.494	1998.500
844.703	1985.500
844.911	1967.500
845.120	2018.500
845.329	2014.500
845.537	2006.500
845.746	1973.500
845.955	1965.500
846.163	1964.500
846.372	1946.500
846.580	1935.500
846.789	1926.500
846.998	1866.500
847.206	1974.500
847.415	1954.500
847.624	1934.500
847.832	1952.500
848.041	1908.500
848.250	1870.500
848.458	1894.500
848.667	1859.500
848.875	1846.500
849.084	1864.500
849.293	1879.500
849.501	1858.500
849.710	1793.500
849.919	1820.500
850.127	1852.500
850.336	1780.500
850.544	1794.500
850.753	1818.500
850.962	1768.500
851.170	1811.500
851.379	1830.500
851.588	1817.500
851.796	1821.500
852.005	1780.500
852.214	1758.500
852.422	1771.500
852.631	1710.500
852.839	1659.500
853.048	1636.500
853.257	1669.500
853.465	1639.500
853.674	1565.500
853.883	1608.500
854.091	1585.500
854.300	1574.500
854.509	1625.500
854.717	1645.500
854.926	1686.500
855.134	1664.500
855.343	1644.500
855.552	1676.500
855.760	1686.500
855.969	1657.500
856.178	1634.500
856.386	1694.500
856.595	1678.500
856.803	1659.500
857.012	1645.500
857.221	1629.500
857.429	1707.500
857.638	1685.500
857.847	1694.500
858.055	1736.500
858.264	1665.500
858.473	1678.500
858.681	1648.500
858.890	1575.500
859.098	1631.500
859.307	1675.500
859.516	1659.500
859.724	1629.500
859.933	1644.500
860.142	1672.500
860.350	1651.500
860.559	1597.500
860.768	1581.500
860.976	1555.500
861.185	1566.500
861.393	1579.500
861.602	1604.500
861.811	1616.500
862.019	1580.500
862.228	1617.500
862.437	1630.500
862.645	1601.500
862.854	1606.500
863.062	1558.500
863.271	1545.500
863.480	1573.500
863.688	1580.500
863.897	1527.500
864.106	1488.500
864.314	1478.500
864.523	1481.500
864.732	1483.500
864.940	1430.500
865.149	1390.500
865.357	1390.500
865.566	1413.500
865.775	1370.500
865.983	1360.500
866.192	1350.500
866.401	1321.500
866.609	1387.500
866.818	1340.500
867.027	1340.500
867.235	1367.500
867.444	1410.500
867.652	1382.500
867.861	1382.500
868.070	1400.500
868.278	1386.500
868.487	1357.500
868.696	1314.500
868.904	1326.500
869.113	1333.500
869.321	1336.500
869.530	1406.500
869.739	1430.500
869.947	1430.500
870.156	1366.500
870.365	1358.500
870.573	1387.500
870.782	1331.500
870.991	1320.500
871.199	1346.500
871.408	1335.500
871.616	1341.500
871.825	1351.500
872.034	1322.500
872.242	1281.500
872.451	1289.500
872.660	1258.500
872.868	1263.500
873.077	1262.500
873.286	1247.500
873.494	1294.500
873.703	1295.500
873.911	1249.500
874.120	1229.500
874.329	1188.500
874.537	1174.500
874.746	1198.500
874.955	1216.500
875.163	1207.500
875.372	1193.500
875.581	1195.500
875.789	1213.500
875.998	1195.500
876.206	1174.500
876.415	1214.500
876.624	1238.500
876.832	1198.500
877.041	1146.500
877.250	1172.500
877.458	1217.500
877.667	1256.500
877.875	1235.500
878.084	1190.500
878.293	1141.500
878.501	1091.500
878.710	1070.500
878.919	1129.500
879.127	1189.500
879.336	1100.500
879.545	1057.500
879.753	1111.500
879.962	1146.500
880.170	1155.500
880.379	1117.500
880.588	1045.500
880.796	1082.500
881.005	1113.500
881.214	1138.500
881.422	1091.500
881.631	1103.500
881.840	1136.500
882.048	1089.500
882.257	1118.500
882.465	1170.500
882.674	1117.500
882.883	1059.500
883.091	1081.500
883.300	1004.500
883.509	1011.500
883.717	1118.500
883.926	1106.500
884.134	1050.500
884.343	1095.500
884.552	1115.500
884.760	1075.500
884.969	1060.500
885.178	1051.500
885.386	1047.500
885.595	1066.500
885.804	1036.500
886.012	1060.500
886.221	1042.500
886.429	1006.500
886.638	981.500
886.847	952.500
887.055	993.500
887.264	1012.500
887.473	1046.500
887.681	1033.500
887.890	996.500
888.099	1038.500
888.307	1025.500
888.516	961.500
888.724	963.500
888.933	969.500
889.142	970.500
889.350	939.500
889.559	903.500
889.768	953.500
889.976	982.500
890.185	983.500
890.393	949.500
890.602	943.500
890.811	979.500
891.019	993.500
891.228	972.500
891.437	957.500
891.645	932.500
891.854	942.500
892.063	954.500
892.271	928.500
892.480	870.500
892.688	881.500
892.897	893.500
893.106	860.500
893.314	859.500
893.523	860.500
893.732	862.500
893.940	888.500
894.149	858.500
894.358	851.500
894.566	822.500
894.775	790.500
894.983	788.500
895.192	831.500
895.401	808.500
895.609	763.500
895.818	775.500
896.027	737.500
896.235	729.500
896.444	756.500
896.652	796.500
896.861	754.500
897.070	776.500
897.278	765.500
897.487	704.500
897.696	677.500
897.904	648.500
898.113	666.500
898.322	677.500
898.530	664.500
898.739	670.500
898.947	664.500
899.156	669.500
899.365	694.500
899.573	656.500
899.782	699.500
899.991	674.500
900.199	635.500
900.408	670.500
900.617	698.500
900.825	653.500
901.034	645.500
901.242	651.500
901.451	657.500
901.660	664.500
901.868	663.500
902.077	666.500
902.286	731.500
902.494	753.500
902.703	747.500
902.911	762.500
903.120	788.500
903.329	738.500
903.537	761.500
903.746	806.500
903.955	806.500
904.163	773.500
904.372	748.500
904.581	760.500
904.789	751.500
904.998	745.500
905.206	719.500
905.415	707.500
905.624	702.500
905.832	698.500
906.041	663.500
906.250	657.500
906.458	672.500
906.667	678.500
906.876	640.500
907.084	623.500
907.293	641.500
907.501	647.500
907.710	611.500
907.919	616.500
908.127	590.500
908.336	552.500
908.545	581.500
908.753	588.500
908.962	566.500
909.170	555.500
909.379	560.500
909.588	564.500
909.796	579.500
910.005	600.500
910.214	602.500
910.422	628.500
910.631	639.500
910.840	642.500
911.048	603.500
911.257	602.500
911.465	573.500
911.674	610.500
911.883	619.500
912.091	578.500
912.300	587.500
912.508	597.500
912.716	585.500
912.924	558.500
913.132	539.500
913.340	570.500
913.549	568.500
913.757	542.500
913.965	577.500
914.173	568.500
914.381	534.500
914.589	539.500
914.797	522.500
915.005	541.500
915.213	495.500
915.421	486.500
915.629	533.500
915.838	535.500
916.046	527.500
916.254	523.500
916.462	566.500
916.670	503.500
916.878	469.500
917.086	531.500
917.294	498.500
917.502	500.500
917.710	504.500
917.919	556.500
918.127	552.500
918.335	518.500
918.543	565.500
918.751	569.500
918.959	565.500
919.167	621.500
919.375	558.500
919.583	535.500
919.791	549.500
919.999	587.500
920.208	549.500
920.416	555.500
920.624	588.500
920.832	547.500
921.040	532.500
921.248	610.500
921.456	582.500
921.664	551.500
921.872	523.500
922.080	522.500
922.288	578.500
922.497	555.500
922.705	517.500
922.913	550.500
923.121	550.500
923.329	544.500
923.537	522.500
923.745	493.500
923.953	516.500
924.161	495.500
924.369	492.500
924.578	510.500
924.786	512.500
924.994	488.500
925.202	513.500
925.410	499.500
925.618	463.500
925.826	421.500
926.034	440.500
926.242	513.500
926.450	501.500
926.658	487.500
926.867	499.500
927.075	457.500
927.283	412.500
927.491	430.500
927.699	436.500
927.907	425.500
928.115	420.500
928.323	408.500
928.531	393.500
928.739	370.500
928.947	345.500
929.156	311.500
929.364	309.500
929.572	319.500
929.780	277.500
929.988	278.500
930.196	259.500
930.404	264.500
930.612	291.500
930.820	258.500
931.028	228.500
931.236	210.500
931.445	208.500
931.653	223.500
931.861	215.500
932.069	225.500
932.277	229.500
932.485	208.500
932.693	186.500
932.901	174.500
933.109	173.500
933.317	197.500
933.526	195.500
933.734	174.500
933.942	175.500
934.150	177.500
934.358	188.500
934.566	202.500
934.774	210.500
934.982	177.500
935.190	139.500
935.398	160.500
935.606	172.500
935.815	150.500
936.023	164.500
936.231	170.500
936.439	166.500
936.647	111.500
936.855	99.500
937.063	143.500
937.271	132.500
937.479	147.500
937.687	184.500
937.895	188.500
938.104	210.500
938.312	219.500
938.520	182.500
938.728	168.500
938.936	159.500
939.144	151.500
939.352	195.500
939.560	148.500
939.768	138.500
939.976	144.500
940.185	227.500
940.393	252.500
940.601	210.500
940.809	182.500
941.017	183.500
941.225	192.500
941.433	159.500
941.641	144.500
941.849	162.500
942.057	159.500
942.265	138.500
942.474	162.500
942.682	165.500
942.890	168.500
943.098	168.500
943.306	161.500
943.514	97.500
943.722	127.500
943.930	156.500
944.138	153.500
944.346	118.500
944.554	127.500
944.763	142.500
944.971	119.500
945.179	101.500
945.387	129.500
945.595	200.500
945.803	170.500
946.011	123.500
946.219	163.500
946.427	162.500
946.635	139.500
946.843	166.500
947.052	168.500
947.260	171.500
947.468	198.500
947.676	158.500
947.884	126.500
948.092	196.500
948.300	198.500
948.508	134.500
948.716	149.500
948.924	168.500
949.133	153.500
949.341	138.500
949.549	138.500
949.757	157.500
949.965	165.500
950.173	199.500
950.381	172.500
950.589	178.500
950.797	179.500
951.005	190.500
951.213	180.500
951.422	157.500
951.630	140.500
951.838	114.500
952.046	144.500
952.254	186.500
952.462	171.500
952.670	203.500
952.878	171.500
953.086	128.500
953.294	139.500
953.502	169.500
953.711	152.500
953.919	123.500
954.127	118.500
954.335	138.500
954.543	161.500
954.751	160.500
954.959	156.500
955.167	147.500
955.375	127.500
955.583	105.500
955.792	136.500
956.000	142.500
956.208	124.500
956.416	138.500
956.624	148.500
956.832	161.500
957.040	194.500
957.248	180.500
957.456	149.500
957.664	147.500
957.872	120.500
958.081	141.500
958.289	174.500
958.497	138.500
958.705	160.500
958.913	180.500
959.121	161.500
959.329	143.500
959.537	124.500
959.745	141.500
959.953	137.500
960.161	122.500
960.370	134.500
960.578	119.500
960.786	178.500
960.994	185.500
961.202	163.500
961.410	130.500
961.618	147.500
961.826	163.500
962.034	173.500
962.242	223.500
962.451	182.500
962.659	162.500
962.867	175.500
963.075	175.500
963.283	136.500
963.491	178.500
963.699	167.500
963.907	144.500
964.115	140.500
964.323	167.500
964.531	173.500
964.740	163.500
964.948	199.500
965.156	189.500
965.364	161.500
965.572	169.500
965.780	146.500
965.999	164.500
966.218	163.500
966.438	189.500
966.657	169.500
966.876	170.500
967.095	207.500
967.315	177.500
967.534	166.500
967.753	165.500
967.972	162.500
968.192	171.500
968.411	167.500
968.630	179.500
968.849	193.500
969.068	200.500
969.288	155.500
969.507	168.500
969.726	223.500
969.945	211.500
970.165	173.500
970.384	133.500
970.603	175.500
970.822	205.500
971.042	197.500
971.261	198.500
971.480	204.500
971.699	144.500
971.919	139.500
972.138	169.500
972.357	156.500
972.576	132.500
972.795	146.500
973.015	136.500
973.234	128.500
973.453	172.500
973.672	168.500
973.892	166.500
974.111	140.500
974.330	116.500
974.549	120.500
974.769	149.500
974.988	141.500
975.207	182.500
975.426	158.500
975.646	157.500
975.865	154.500
976.084	152.500
976.303	148.500
976.522	154.500
976.742	145.500
976.961	167.500
977.180	156.500
977.399	122.500
977.619	142.500
977.838	171.500
978.057	214.500
978.276	205.500
978.496	167.500
978.715	128.500
978.934	142.500
979.153	158.500
979.372	142.500
979.592	154.500
979.811	170.500
980.030	170.500
980.249	171.500
980.469	204.500
980.688	176.500
980.907	144.500
981.126	142.500
981.346	151.500
981.565	146.500
981.784	158.500
982.003	183.500
982.223	192.500
982.442	147.500
982.661	93.500
982.880	119.500
983.099	129.500
983.319	158.500
983.538	160.500
983.757	176.500
983.976	181.500
984.196	158.500
984.415	133.500
984.634	110.500
984.853	143.500
985.073	143.500
985.292	124.500
985.511	175.500
985.730	172.500
985.949	168.500
986.169	180.500
986.388	176.500
986.607	152.500
986.826	148.500
987.046	160.500
987.265	158.500
987.484	150.500
987.703	135.500
987.923	128.500
988.142	143.500
988.361	149.500
988.580	130.500
988.800	116.500
989.019	119.500
989.238	123.500
989.457	132.500
989.676	171.500
989.896	186.500
990.115	142.500
990.334	133.500
990.553	135.500
990.773	98.500
990.992	107.500
991.211	139.500
991.430	145.500
991.650	118.500
991.869	113.500
992.088	149.500
992.307	135.500
992.527	130.500
992.746	103.500
992.965	115.500
993.184	134.500
993.403	116.500
993.623	128.500
993.842	126.500
994.061	128.500
994.280	135.500
994.500	112.500
994.719	157.500
994.938	135.500
995.157	102.500
995.377	129.500
995.596	109.500
995.815	114.500
996.034	135.500
996.253	142.500
996.473	96.500
996.692	91.500
996.911	117.500
997.130	113.500
997.350	102.500
997.569	77.500
997.788	74.500
998.007	90.500
998.227	120.500
998.446	84.500
998.665	128.500
998.884	142.500
999.104	95.500
999.323	86.500
999.542	88.500
999.761	100.500
999.980	85.500
1000.200	90.500
1000.419	144.500
1000.638	151.500
1000.857	106.500
1001.077	98.500
1001.296	144.500
1001.515	134.500
1001.734	116.500
1001.954	115.500
1002.173	99.500
1002.392	103.500
1002.611	115.500
1002.830	135.500
1003.050	120.500
1003.269	93.500
1003.488	78.500
1003.707	79.500
1003.927	82.500
1004.146	95.500
1004.365	91.500
1004.584	87.500
1004.804	82.500
1005.023	102.500
1005.242	108.500
1005.461	97.500
1005.681	90.500
1005.900	67.500
1006.119	96.500
1006.338	95.500
1006.557	76.500
1006.777	105.500
1006.996	101.500
1007.215	101.500
1007.434	88.500
1007.654	92.500
1007.873	119.500
1008.092	97.500
1008.311	71.500
1008.531	69.500
1008.750	60.500
1008.969	62.500
1009.188	87.500
1009.407	104.500
1009.627	52.500
1009.846	61.500
1010.065	64.500
1010.284	100.500
1010.504	114.500
1010.723	21.500
1010.942	20.500
1011.161	62.500
1011.381	83.500
1011.600	85.500
1011.819	70.500
1012.038	102.500
1012.258	125.500
1012.477	69.500
1012.696	45.500
1012.915	53.500
1013.134	57.500
1013.354	50.500
1013.573	73.500
1013.792	84.500
1014.011	86.500
1014.231	51.500
1014.450	51.500
1014.669	51.500
1014.888	44.500
1015.108	46.500
1015.327	87.500
1015.546	112.500
1015.765	88.500
1015.984	104.500
1016.204	87.500
1016.423	59.500
1016.642	90.500
1016.861	76.500
1017.081	76.500
1017.300	87.500
1017.519	89.500
