296.912	120.000
297.101	75.000
297.290	68.000
297.479	98.000
297.668	83.000
297.858	94.000
298.047	128.000
298.236	115.000
298.425	75.000
298.614	99.000
298.803	64.000
298.992	97.000
299.181	122.000
299.370	92.000
299.559	123.000
299.748	152.000
299.937	189.000
300.126	178.000
300.315	98.000
300.504	68.000
300.693	102.000
300.882	96.000
301.071	88.000
301.260	52.000
301.449	68.000
301.638	137.000
301.827	95.000
302.016	103.000
302.205	105.000
302.395	53.000
302.584	58.000
302.773	124.000
302.962	88.000
303.151	86.000
303.340	65.000
303.529	34.000
303.718	48.000
303.907	91.000
304.096	136.000
304.285	76.000
304.474	69.000
304.663	114.000
304.852	100.000
305.041	105.000
305.230	114.000
305.419	154.000
305.608	145.000
305.797	105.000
305.986	92.000
306.175	82.000
306.364	72.000
306.553	73.000
306.743	111.000
306.932	128.000
307.121	148.000
307.310	126.000
307.499	118.000
307.688	65.000
307.877	113.000
308.066	64.000
308.255	85.000
308.444	130.000
308.633	85.000
308.822	36.000
309.011	13.000
309.200	84.000
309.389	120.000
309.578	63.000
309.767	85.000
309.956	147.000
310.145	128.000
310.334	72.000
310.523	107.000
310.712	90.000
310.901	67.000
311.091	105.000
311.280	145.000
311.469	62.000
311.658	185.000
311.847	147.000
312.036	75.000
312.225	95.000
312.414	70.000
312.603	25.000
312.792	78.000
312.981	107.000
313.170	91.000
313.349	59.000
313.527	89.000
313.706	77.000
313.884	69.000
314.063	90.000
314.241	85.000
314.420	131.000
314.598	160.000
314.777	136.000
314.955	103.000
315.134	98.000
315.312	39.000
315.491	4.000
315.669	55.000
315.848	80.000
316.027	105.000
316.205	152.000
316.384	116.000
316.562	133.000
316.741	82.000
316.919	59.000
317.098	74.000
317.276	86.000
317.455	90.000
317.633	125.000
317.812	139.000
317.990	84.000
318.169	82.000
318.347	136.000
318.526	188.000
318.705	143.000
318.883	86.000
319.062	58.000
319.240	77.000
319.419	112.000
319.597	110.000
319.776	159.000
319.954	111.000
320.133	54.000
320.311	82.000
320.490	166.000
320.668	100.000
320.847	46.000
321.025	135.000
321.204	163.000
321.382	132.000
321.561	78.000
321.740	28.000
321.918	30.000
322.097	62.000
322.275	75.000
322.454	85.000
322.632	80.000
322.811	74.000
322.989	45.000
323.168	120.000
323.346	111.000
323.525	49.000
323.703	6.000
323.882	-2.000
324.060	48.000
324.239	86.000
324.418	94.000
324.596	120.000
324.775	101.000
324.953	69.000
325.132	128.000
325.310	139.000
325.489	125.000
325.667	160.000
325.846	98.000
326.024	86.000
326.203	151.000
326.381	130.000
326.560	130.000
326.738	119.000
326.917	118.000
327.096	131.000
327.274	113.000
327.453	70.000
327.631	64.000
327.810	125.000
327.988	137.000
328.167	162.000
328.345	136.000
328.524	113.000
328.702	104.000
328.881	76.000
329.059	67.000
329.238	54.000
329.416	165.000
329.595	156.000
329.774	98.000
329.952	105.000
330.131	149.000
330.309	140.000
330.488	162.000
330.666	97.000
330.845	67.000
331.023	127.000
331.202	81.000
331.380	51.000
331.559	78.000
331.737	124.000
331.916	111.000
332.094	92.000
332.273	90.000
332.452	48.000
332.630	57.000
332.809	107.000
332.987	105.000
333.166	165.000
333.344	156.000
333.523	153.000
333.701	149.000
333.880	160.000
334.058	118.000
334.237	179.000
334.415	217.000
334.594	131.000
334.772	42.000
334.951	87.000
335.129	90.000
335.308	126.000
335.487	136.000
335.665	141.000
335.844	183.000
336.022	228.000
336.201	130.000
336.379	69.000
336.558	127.000
336.736	168.000
336.915	122.000
337.093	150.000
337.272	141.000
337.450	124.000
337.629	61.000
337.807	73.000
337.986	113.000
338.165	85.000
338.343	89.000
338.522	121.000
338.700	121.000
338.879	87.000
339.057	130.000
339.236	192.000
339.414	166.000
339.593	96.000
339.771	129.000
339.950	128.000
340.128	94.000
340.307	96.000
340.485	102.000
340.664	121.000
340.843	122.000
341.021	116.000
341.200	83.000
341.378	96.000
341.557	167.000
341.735	154.000
341.914	65.000
342.092	80.000
342.271	138.000
342.449	69.000
342.628	24.000
342.806	85.000
342.985	202.000
343.163	206.000
343.342	104.000
343.521	78.000
343.699	76.000
343.878	112.000
344.056	123.000
344.235	61.000
344.413	136.000
344.592	203.000
344.770	158.000
344.949	174.000
345.127	144.000
345.306	132.000
345.484	81.000
345.663	127.000
345.841	169.000
346.020	141.000
346.199	136.000
346.377	78.000
346.556	130.000
346.734	156.000
346.913	40.000
347.091	66.000
347.270	150.000
347.448	154.000
347.627	114.000
347.805	101.000
347.984	59.000
348.162	49.000
348.341	91.000
348.519	109.000
348.698	80.000
348.876	77.000
349.055	116.000
349.234	140.000
349.412	142.000
349.591	131.000
349.769	112.000
349.948	117.000
350.126	109.000
350.305	117.000
350.483	147.000
350.662	86.000
350.840	100.000
351.019	77.000
351.197	81.000
351.376	111.000
351.554	137.000
351.733	119.000
351.912	160.000
352.090	170.000
352.269	118.000
352.447	128.000
352.626	172.000
352.804	155.000
352.983	70.000
353.161	100.000
353.340	129.000
353.518	160.000
353.697	192.000
353.875	171.000
354.054	179.000
354.232	179.000
354.411	160.000
354.590	129.000
354.768	141.000
354.947	118.000
355.125	35.000
355.304	96.000
355.482	107.000
355.661	132.000
355.839	119.000
356.018	162.000
356.196	181.000
356.375	64.000
356.553	100.000
356.732	151.000
356.910	92.000
357.089	84.000
357.268	78.000
357.446	105.000
357.625	87.000
357.803	75.000
357.982	90.000
358.160	161.000
358.339	205.000
358.517	178.000
358.696	111.000
358.874	73.000
359.053	56.000
359.231	27.000
359.410	92.000
359.588	143.000
359.767	184.000
359.945	196.000
360.124	161.000
360.303	114.000
360.481	86.000
360.660	100.000
360.838	130.000
361.017	101.000
361.195	123.000
361.374	144.000
361.552	104.000
361.731	156.000
361.909	187.000
362.088	91.000
362.266	103.000
362.445	77.000
362.623	95.000
362.802	128.000
362.981	151.000
363.159	214.000
363.338	124.000
363.516	127.000
363.695	131.000
363.873	126.000
364.052	107.000
364.230	182.000
364.409	147.000
364.587	126.000
364.766	129.000
364.944	161.000
365.123	180.000
365.301	184.000
365.480	188.000
365.660	70.000
365.839	128.000
366.019	202.000
366.199	153.000
366.379	127.000
366.558	149.000
366.738	182.000
366.918	131.000
367.098	92.000
367.277	59.000
367.457	74.000
367.637	94.000
367.816	143.000
367.996	191.000
368.176	156.000
368.356	167.000
368.535	121.000
368.715	182.000
368.895	150.000
369.075	61.000
369.254	80.000
369.434	184.000
369.614	207.000
369.793	142.000
369.973	170.000
370.153	154.000
370.333	148.000
370.512	137.000
370.692	142.000
370.872	106.000
371.051	110.000
371.231	216.000
371.411	213.000
371.591	121.000
371.770	117.000
371.950	148.000
372.130	130.000
372.310	117.000
372.489	158.000
372.669	159.000
372.849	155.000
373.028	227.000
373.208	203.000
373.388	118.000
373.568	90.000
373.747	141.000
373.927	147.000
374.107	100.000
374.287	115.000
374.466	121.000
374.646	104.000
374.826	155.000
375.005	145.000
375.185	174.000
375.365	244.000
375.545	189.000
375.724	151.000
375.904	156.000
376.084	146.000
376.263	148.000
376.443	173.000
376.623	151.000
376.803	104.000
376.982	88.000
377.162	88.000
377.342	141.000
377.522	198.000
377.701	163.000
377.881	124.000
378.061	216.000
378.240	169.000
378.420	136.000
378.600	154.000
378.780	204.000
378.959	142.000
379.139	140.000
379.319	196.000
379.499	210.000
379.678	176.000
379.858	185.000
380.038	153.000
380.217	169.000
380.397	170.000
380.577	152.000
380.757	96.000
380.936	125.000
381.116	114.000
381.296	108.000
381.476	130.000
381.655	157.000
381.835	154.000
382.015	108.000
382.194	167.000
382.374	259.000
382.554	192.000
382.734	127.000
382.913	134.000
383.093	219.000
383.273	108.000
383.452	118.000
383.632	122.000
383.812	134.000
383.992	121.000
384.171	153.000
384.351	165.000
384.531	166.000
384.711	157.000
384.890	128.000
385.070	129.000
385.250	181.000
385.429	175.000
385.609	162.000
385.789	133.000
385.969	120.000
386.148	88.000
386.328	136.000
386.508	170.000
386.688	145.000
386.867	133.000
387.047	194.000
387.227	184.000
387.406	134.000
387.586	98.000
387.766	57.000
387.946	113.000
388.125	181.000
388.305	165.000
388.485	114.000
388.664	142.000
388.844	155.000
389.024	116.000
389.204	170.000
389.383	191.000
389.563	97.000
389.743	71.000
389.923	148.000
390.102	159.000
390.282	126.000
390.462	133.000
390.641	122.000
390.821	102.000
391.001	132.000
391.181	123.000
391.360	110.000
391.540	170.000
391.720	214.000
391.900	169.000
392.079	115.000
392.259	194.000
392.439	226.000
392.618	195.000
392.798	176.000
392.978	167.000
393.158	141.000
393.337	128.000
393.517	127.000
393.697	168.000
393.877	247.000
394.056	236.000
394.236	222.000
394.416	169.000
394.595	129.000
394.775	144.000
394.955	161.000
395.135	159.000
395.314	201.000
395.494	252.000
395.674	236.000
395.853	118.000
396.033	160.000
396.213	179.000
396.393	186.000
396.572	190.000
396.752	168.000
396.932	191.000
397.112	204.000
397.291	217.000
397.471	194.000
397.651	168.000
397.830	105.000
398.010	167.000
398.190	210.000
398.370	195.000
398.549	209.000
398.729	190.000
398.909	186.000
399.089	230.000
399.268	245.000
399.448	253.000
399.628	253.000
399.807	227.000
399.987	266.000
400.167	263.000
400.347	278.000
400.526	300.000
400.706	232.000
400.886	245.000
401.065	254.000
401.245	230.000
401.425	254.000
401.605	223.000
401.784	207.000
401.964	256.000
402.144	253.000
402.324	222.000
402.503	212.000
402.683	259.000
402.863	250.000
403.042	248.000
403.222	261.000
403.402	290.000
403.582	256.000
403.761	259.000
403.941	329.000
404.121	285.000
404.301	275.000
404.480	353.000
404.660	389.000
404.844	435.000
405.029	430.000
405.213	401.000
405.398	369.000
405.582	376.000
405.767	401.000
405.951	356.000
406.136	459.000
406.320	530.000
406.505	528.000
406.689	534.000
406.874	610.000
407.058	673.000
407.243	639.000
407.427	671.000
407.612	739.000
407.796	764.000
407.981	836.000
408.165	950.000
408.350	1018.000
408.534	977.000
408.719	1011.000
408.903	1082.000
409.088	1166.000
409.272	1156.000
409.457	1231.000
409.641	1344.000
409.826	1380.000
410.010	1456.000
410.195	1532.000
410.379	1698.000
410.564	1913.000
410.748	1963.000
410.933	2185.000
411.117	2351.000
411.302	2463.000
411.486	2641.000
411.671	2710.000
411.855	2819.000
412.040	2984.000
412.224	3107.000
412.409	3225.000
412.593	3398.000
412.778	3558.000
412.962	3679.000
413.147	3878.000
413.331	4077.000
413.516	4329.000
413.700	4460.000
413.885	4668.000
414.069	4780.000
414.254	4875.000
414.438	5115.000
414.623	5301.000
414.807	5480.000
414.992	5611.000
415.176	5712.000
415.361	5987.000
415.545	6232.000
415.730	6388.000
415.914	6528.000
416.099	6750.000
416.283	6837.000
416.468	6835.000
416.652	6964.000
416.837	7082.000
417.021	7237.000
417.206	7367.000
417.390	7439.000
417.575	7575.000
417.759	7739.000
417.944	7877.000
418.128	7981.000
418.313	8184.000
418.497	8256.000
418.682	8469.000
418.866	8596.000
419.051	8489.000
419.235	8675.000
419.420	8967.000
419.604	9036.000
419.789	9195.000
419.973	9358.000
420.158	9481.000
420.342	9763.000
420.527	9953.000
420.711	10137.000
420.896	10287.000
421.080	10434.000
421.265	10525.000
421.449	10386.000
421.634	10425.000
421.818	10578.000
422.003	10425.000
422.187	10424.000
422.372	10520.000
422.556	10538.000
422.741	10595.000
422.925	10902.000
423.110	11028.000
423.294	11117.000
423.479	11222.000
423.663	11302.000
423.848	11351.000
424.032	11450.000
424.217	11522.000
424.401	11549.000
424.586	11615.000
424.770	11601.000
424.955	11675.000
425.139	11825.000
425.324	11910.000
425.508	11928.000
425.693	11916.000
425.877	12106.000
426.062	11992.000
426.246	11940.000
426.431	11881.000
426.615	11910.000
426.800	11841.000
426.984	11772.000
427.169	12034.000
427.353	12062.000
427.538	12064.000
427.722	12175.000
427.907	12142.000
428.091	12018.000
428.276	11885.000
428.460	11890.000
428.645	11931.000
428.829	11674.000
429.014	11377.000
429.198	11216.000
429.383	11069.000
429.567	10572.000
429.752	10129.000
429.936	10035.000
430.121	9952.000
430.305	10056.000
430.490	10268.000
430.674	10670.000
430.859	11079.000
431.043	11530.000
431.228	12072.000
431.412	12476.000
431.597	12544.000
431.781	12667.000
431.966	12917.000
432.150	13105.000
432.335	13236.000
432.519	13427.000
432.704	13385.000
432.888	13369.000
433.073	13236.000
433.257	13162.000
433.442	13164.000
433.626	13085.000
433.811	13033.000
433.995	13292.000
434.180	13444.000
434.364	13601.000
434.549	13750.000
434.733	13897.000
434.918	13906.000
435.102	14081.000
435.287	14232.000
435.471	14341.000
435.656	14668.000
435.840	14790.000
436.030	14887.000
436.219	14851.000
436.409	14962.000
436.599	14916.000
436.789	14820.000
436.978	14788.000
437.168	14439.000
437.358	14323.000
437.548	14171.000
437.737	13973.000
437.927	13801.000
438.117	13940.000
438.306	13946.000
438.496	13974.000
438.686	14148.000
438.876	14396.000
439.065	14566.000
439.255	14432.000
439.445	14425.000
439.634	14645.000
439.824	14689.000
440.014	14784.000
440.204	15021.000
440.393	15113.000
440.583	15323.000
440.773	15668.000
440.963	15788.000
441.152	15939.000
441.342	16144.000
441.532	16347.000
441.721	16351.000
441.911	16391.000
442.101	16596.000
442.291	16751.000
442.480	16696.000
442.670	16679.000
442.860	16862.000
443.050	16808.000
443.239	16761.000
443.429	16940.000
443.619	17139.000
443.808	17143.000
443.998	17190.000
444.188	17336.000
444.378	17298.000
444.567	17201.000
444.757	17182.000
444.947	17050.000
445.137	16918.000
445.326	16848.000
445.516	16840.000
445.706	17004.000
445.895	17160.000
446.085	17312.000
446.275	17484.000
446.465	17505.000
446.654	17652.000
446.844	18032.000
447.034	18101.000
447.223	18170.000
447.413	18182.000
447.603	18334.000
447.793	18462.000
447.982	18466.000
448.172	18469.000
448.362	18573.000
448.552	18734.000
448.741	18587.000
448.931	18638.000
449.121	18771.000
449.310	18860.000
449.500	19166.000
449.690	19229.000
449.880	19424.000
450.069	19564.000
450.259	19927.000
450.449	20046.000
450.639	19926.000
450.828	19949.000
451.018	19882.000
451.208	19773.000
451.397	19771.000
451.587	19760.000
451.777	19561.000
451.967	19263.000
452.156	19014.000
452.346	18713.000
452.536	18814.000
452.725	18651.000
452.915	18401.000
453.105	18385.000
453.295	18462.000
453.484	18594.000
453.674	18628.000
453.864	18686.000
454.054	18790.000
454.243	18809.000
454.433	18861.000
454.623	18715.000
454.812	18621.000
455.002	18689.000
455.192	18817.000
455.382	18901.000
455.571	18986.000
455.761	19077.000
455.951	19288.000
456.141	19382.000
456.330	19190.000
456.520	19125.000
456.710	19275.000
456.899	19200.000
457.089	19245.000
457.279	19302.000
457.469	19061.000
457.658	19012.000
457.848	19111.000
458.038	18999.000
458.228	18861.000
458.417	18837.000
458.607	18738.000
458.797	18781.000
458.986	18784.000
459.176	18731.000
459.366	18654.000
459.556	18496.000
459.745	18615.000
459.935	18738.000
460.125	18642.000
460.314	18615.000
460.504	18837.000
460.694	18898.000
460.884	18977.000
461.073	19015.000
461.263	19076.000
461.453	19118.000
461.643	19233.000
461.832	19188.000
462.022	19045.000
462.212	19180.000
462.401	19221.000
462.591	19171.000
462.781	19232.000
462.971	19311.000
463.160	19115.000
463.350	19093.000
463.540	19095.000
463.730	18914.000
463.919	18723.000
464.109	18611.000
464.299	18738.000
464.488	18748.000
464.678	18544.000
464.868	18524.000
465.058	18457.000
465.247	18646.000
465.437	18619.000
465.627	18774.000
465.816	18774.000
466.006	18462.000
466.196	18396.000
466.386	18386.000
466.575	18405.000
466.765	18290.000
466.955	18216.000
467.145	18159.000
467.334	18391.000
467.524	18446.000
467.714	18485.000
467.903	18411.000
468.093	18352.000
468.283	18520.000
468.473	18696.000
468.662	18652.000
468.852	18828.000
469.042	18733.000
469.232	18721.000
469.421	18763.000
469.611	18478.000
469.801	18432.000
469.990	18504.000
470.180	18473.000
470.370	18350.000
470.560	18171.000
470.749	18108.000
470.939	18289.000
471.129	18518.000
471.318	18573.000
471.508	18759.000
471.698	18931.000
471.888	19129.000
472.077	19281.000
472.267	19269.000
472.457	19216.000
472.647	19173.000
472.836	18987.000
473.026	18943.000
473.216	19146.000
473.405	19090.000
473.595	18995.000
473.785	19123.000
473.975	19161.000
474.164	19223.000
474.354	19284.000
474.544	19186.000
474.734	19340.000
474.923	19349.000
475.113	19419.000
475.303	19117.000
475.492	19009.000
475.682	18949.000
475.872	18906.000
476.062	18929.000
476.251	18965.000
476.441	18878.000
476.631	18761.000
476.821	18810.000
477.010	18890.000
477.200	19014.000
477.390	19163.000
477.579	19217.000
477.769	19237.000
477.959	19066.000
478.149	19091.000
478.338	19353.000
478.528	19261.000
478.718	19149.000
478.907	19134.000
479.097	19246.000
479.287	19214.000
479.477	19184.000
479.666	19222.000
479.856	19189.000
480.046	19145.000
480.236	19154.000
480.425	19151.000
480.615	19089.000
480.805	19252.000
480.994	19201.000
481.184	19128.000
481.374	19109.000
481.564	19199.000
481.753	19170.000
481.943	19257.000
482.133	19185.000
482.323	19014.000
482.512	18955.000
482.702	18911.000
482.892	18763.000
483.081	18632.000
483.271	18655.000
483.461	18625.000
483.651	18643.000
483.840	18437.000
484.030	18367.000
484.220	18365.000
484.409	18506.000
484.599	18380.000
484.789	18152.000
484.979	17949.000
485.168	17684.000
485.358	17364.000
485.548	16890.000
485.738	16510.000
485.927	16167.000
486.117	15852.000
486.307	15716.000
486.496	15597.000
486.686	15612.000
486.876	15786.000
487.066	15882.000
487.255	16046.000
487.445	16347.000
487.635	16636.000
487.825	16780.000
488.014	16717.000
488.204	16707.000
488.394	16797.000
488.583	16860.000
488.773	16843.000
488.963	16912.000
489.153	17131.000
489.342	17224.000
489.532	17376.000
489.722	17616.000
489.912	17770.000
490.101	17754.000
490.291	17764.000
490.481	17640.000
490.670	17656.000
490.860	17786.000
491.050	17748.000
491.240	17443.000
491.429	17213.000
491.619	17260.000
491.809	17059.000
491.998	16753.000
492.188	16759.000
492.378	17049.000
492.568	16976.000
492.757	17033.000
492.947	17233.000
493.137	17312.000
493.327	17086.000
493.516	17151.000
493.706	17423.000
493.896	17297.000
494.085	17202.000
494.275	17388.000
494.465	17650.000
494.655	17728.000
494.844	17694.000
495.034	17719.000
495.224	17581.000
495.414	17614.000
495.603	17627.000
495.793	17743.000
495.983	17662.000
496.172	17606.000
496.362	17704.000
496.552	17790.000
496.742	17728.000
496.931	17705.000
497.121	17789.000
497.311	17866.000
497.500	17719.000
497.690	17421.000
497.880	17328.000
498.070	17275.000
498.259	17171.000
498.449	17091.000
498.639	17149.000
498.829	17240.000
499.018	17271.000
499.208	17184.000
499.398	17091.000
499.587	17332.000
499.777	17259.000
499.967	16966.000
500.157	16974.000
500.346	16893.000
500.536	16680.000
500.726	16551.000
500.916	16443.000
501.105	16496.000
501.295	16489.000
501.485	16467.000
501.674	16321.000
501.864	16192.000
502.054	16230.000
502.244	16389.000
502.433	16460.000
502.623	16406.000
502.813	16617.000
503.003	16575.000
503.192	16620.000
503.382	16640.000
503.572	16453.000
503.761	16249.000
503.951	16128.000
504.141	16230.000
504.331	16213.000
504.520	16162.000
504.710	16304.000
504.900	16313.000
505.089	16372.000
505.279	16727.000
505.469	16768.000
505.659	16812.000
505.848	16784.000
506.038	16749.000
506.228	16744.000
506.418	16690.000
506.607	16711.000
506.797	16350.000
506.987	16195.000
507.176	16311.000
507.366	16283.000
507.556	16189.000
507.746	16089.000
507.935	16093.000
508.125	16028.000
508.315	15867.000
508.505	16056.000
508.694	16218.000
508.884	16262.000
509.074	16254.000
509.263	16265.000
509.453	16160.000
509.643	16079.000
509.833	16031.000
510.022	15973.000
510.212	16061.000
510.402	16052.000
510.592	15983.000
510.781	15978.000
510.971	16021.000
511.161	16071.000
511.350	16035.000
511.540	15995.000
511.730	16035.000
511.920	15905.000
512.109	15890.000
512.299	15794.000
512.489	15672.000
512.678	15582.000
512.868	15558.000
513.058	15440.000
513.248	15413.000
513.437	15196.000
513.627	15190.000
513.817	15142.000
514.007	15093.000
514.196	15181.000
514.386	15130.000
514.576	14925.000
514.765	14932.000
514.955	15159.000
515.145	15130.000
515.335	15015.000
515.524	14949.000
515.714	15072.000
515.904	14891.000
516.094	14700.000
516.283	14400.000
516.473	14072.000
516.663	13717.000
516.852	13699.000
517.042	13645.000
517.232	13614.000
517.422	13519.000
517.611	13527.000
517.801	13685.000
517.991	13653.000
518.180	13404.000
518.370	13474.000
518.560	13645.000
518.750	13716.000
518.939	13805.000
519.129	13913.000
519.319	14098.000
519.509	14187.000
519.698	14361.000
519.888	14509.000
520.078	14402.000
520.267	14519.000
520.457	14620.000
520.647	14513.000
520.837	14594.000
521.026	14717.000
521.216	14815.000
521.406	14872.000
521.596	14883.000
521.785	14725.000
521.975	14735.000
522.165	14734.000
522.354	14765.000
522.544	14594.000
522.734	14383.000
522.924	14504.000
523.113	14702.000
523.303	14675.000
523.493	14658.000
523.683	14765.000
523.872	14902.000
524.062	14963.000
524.252	15064.000
524.441	15017.000
524.631	14979.000
524.821	15025.000
525.011	14874.000
525.200	14991.000
525.390	14988.000
525.580	14770.000
525.769	14644.000
525.959	14487.000
526.149	14314.000
526.339	14112.000
526.528	13967.000
526.718	13969.000
526.908	13777.000
527.098	13923.000
527.287	14085.000
527.477	13976.000
527.667	14137.000
527.856	14346.000
528.046	14563.000
528.236	14562.000
528.426	14648.000
528.615	14766.000
528.805	14923.000
528.995	15072.000
529.185	15015.000
529.374	14912.000
529.564	14933.000
529.754	14878.000
529.943	14994.000
530.133	15006.000
530.323	14900.000
530.513	14930.000
530.702	14925.000
530.892	14983.000
531.082	14991.000
531.271	14934.000
531.461	14745.000
531.651	14603.000
531.841	14274.000
532.030	14262.000
532.220	14125.000
532.410	13921.000
532.600	13866.000
532.789	13876.000
532.979	13854.000
533.169	13943.000
533.358	13977.000
533.548	13866.000
533.738	13849.000
533.928	13895.000
534.117	13801.000
534.307	13819.000
534.497	13913.000
534.687	13903.000
534.876	14005.000
535.066	13791.000
535.256	13846.000
535.445	13956.000
535.635	14022.000
535.825	13969.000
536.015	13851.000
536.204	13637.000
536.394	13424.000
536.584	13322.000
536.773	13191.000
536.963	13228.000
537.153	13363.000
537.343	13289.000
537.532	13232.000
537.722	13222.000
537.912	13368.000
538.102	13275.000
538.291	13149.000
538.481	13049.000
538.671	13149.000
538.860	13240.000
539.050	13151.000
539.240	12882.000
539.430	12757.000
539.619	12714.000
539.809	12752.000
539.999	12618.000
540.189	12559.000
540.378	12371.000
540.568	12461.000
540.758	12487.000
540.947	12806.000
541.137	12833.000
541.327	12728.000
541.517	12730.000
541.706	12680.000
541.896	12655.000
542.086	12561.000
542.276	12526.000
542.465	12527.000
542.655	12522.000
542.845	12457.000
543.034	12362.000
543.224	12546.000
543.414	12630.000
543.604	12755.000
543.793	12670.000
543.983	12658.000
544.173	12735.000
544.362	12712.000
544.552	12652.000
544.742	12696.000
544.932	12538.000
545.121	12422.000
545.311	12474.000
545.501	12499.000
545.691	12396.000
545.880	12412.000
546.070	12428.000
546.264	12229.000
546.459	12337.000
546.653	12352.000
546.847	12246.000
547.041	12342.000
547.236	12567.000
547.430	12421.000
547.624	12272.000
547.818	12249.000
548.013	12375.000
548.207	12354.000
548.401	12160.000
548.596	12163.000
548.790	12187.000
548.984	12138.000
549.178	12312.000
549.373	12359.000
549.567	12369.000
549.761	12202.000
549.956	12115.000
550.150	12050.000
550.344	12040.000
550.538	11979.000
550.733	12075.000
550.927	11986.000
551.121	12057.000
551.315	12046.000
551.510	12070.000
551.704	12013.000
551.898	12045.000
552.093	12063.000
552.287	11938.000
552.481	11955.000
552.675	11959.000
552.870	11913.000
553.064	11954.000
553.258	11939.000
553.453	11975.000
553.647	11989.000
553.841	11958.000
554.035	11832.000
554.230	11804.000
554.424	11884.000
554.618	11946.000
554.812	11872.000
555.007	11733.000
555.201	11942.000
555.395	11820.000
555.590	11762.000
555.784	11695.000
555.978	11608.000
556.172	11564.000
556.367	11568.000
556.561	11445.000
556.755	11349.000
556.949	11381.000
557.144	11472.000
557.338	11477.000
557.532	11410.000
557.727	11352.000
557.921	11397.000
558.115	11342.000
558.309	11186.000
558.504	11120.000
558.698	11220.000
558.892	11162.000
559.087	11003.000
559.281	11037.000
559.475	11001.000
559.669	11055.000
559.864	11114.000
560.058	11228.000
560.252	11305.000
560.446	11196.000
560.641	11254.000
560.835	11431.000
561.029	11119.000
561.224	11132.000
561.418	11162.000
561.612	11092.000
561.806	11256.000
562.001	11247.000
562.195	11272.000
562.389	11134.000
562.584	11048.000
562.778	11066.000
562.972	11136.000
563.166	11055.000
563.361	10943.000
563.555	10968.000
563.749	11123.000
563.943	11141.000
564.138	11177.000
564.332	11126.000
564.526	10963.000
564.721	10942.000
564.915	10936.000
565.109	10889.000
565.303	10754.000
565.498	10735.000
565.692	10786.000
565.886	10731.000
566.081	10743.000
566.275	10747.000
566.469	10766.000
566.663	10795.000
566.858	10689.000
567.052	10844.000
567.246	10653.000
567.440	10424.000
567.635	10473.000
567.829	10486.000
568.023	10461.000
568.218	10548.000
568.412	10360.000
568.606	10307.000
568.800	10319.000
568.995	10337.000
569.189	10368.000
569.383	10313.000
569.577	10355.000
569.772	10329.000
569.966	10116.000
570.160	10131.000
570.355	9908.000
570.549	9892.000
570.743	9877.000
570.937	9976.000
571.132	9946.000
571.326	9968.000
571.520	9979.000
571.715	9990.000
571.909	9916.000
572.103	9851.000
572.297	9925.000
572.492	9859.000
572.686	9879.000
572.880	9835.000
573.074	9898.000
573.269	10060.000
573.463	10033.000
573.657	9930.000
573.852	9845.000
574.046	9668.000
574.240	9678.000
574.434	9641.000
574.629	9621.000
574.823	9619.000
575.017	9566.000
575.212	9468.000
575.406	9546.000
575.600	9668.000
575.794	9529.000
575.989	9514.000
576.183	9579.000
576.377	9615.000
576.571	9512.000
576.766	9397.000
576.960	9401.000
577.159	9407.000
577.357	9347.000
577.556	9229.000
577.755	9152.000
577.953	9170.000
578.152	9111.000
578.350	9120.000
578.549	9221.000
578.748	9148.000
578.946	9014.000
579.145	8997.000
579.344	9027.000
579.542	9232.000
579.741	9276.000
579.940	9206.000
580.138	9193.000
580.337	9198.000
580.535	9260.000
580.734	9377.000
580.933	9338.000
581.131	9344.000
581.330	9430.000
581.529	9560.000
581.727	9674.000
581.926	9812.000
582.125	9755.000
582.323	9653.000
582.522	9628.000
582.721	9706.000
582.919	9691.000
583.118	9679.000
583.316	9772.000
583.515	9843.000
583.714	9797.000
583.912	9876.000
584.111	10038.000
584.310	9844.000
584.508	9671.000
584.707	9710.000
584.906	9705.000
585.104	9710.000
585.303	9774.000
585.501	9555.000
585.700	9594.000
585.899	9745.000
586.097	9756.000
586.296	9740.000
586.495	9721.000
586.693	9696.000
586.892	9582.000
587.091	9676.000
587.289	9653.000
587.488	9536.000
587.686	9196.000
587.885	9164.000
588.084	9066.000
588.282	8893.000
588.481	8714.000
588.680	8429.000
588.878	8369.000
589.077	8251.000
589.276	8287.000
589.474	8364.000
589.673	8389.000
589.871	8485.000
590.070	8653.000
590.269	8647.000
590.467	8507.000
590.666	8649.000
590.865	8633.000
591.063	8711.000
591.262	8808.000
591.461	8792.000
591.659	8737.000
591.858	8784.000
592.056	8821.000
592.255	8711.000
592.454	8712.000
592.652	8849.000
592.851	8839.000
593.050	8834.000
593.248	8767.000
593.447	8728.000
593.646	8669.000
593.844	8679.000
594.043	8599.000
594.241	8600.000
594.440	8580.000
594.639	8601.000
594.837	8616.000
595.036	8698.000
595.235	8657.000
595.433	8755.000
595.632	8794.000
595.831	8741.000
596.029	8734.000
596.228	8719.000
596.427	8686.000
596.625	8617.000
596.824	8616.000
597.022	8698.000
597.221	8772.000
597.420	8810.000
597.618	8668.000
597.817	8652.000
598.016	8765.000
598.214	8707.000
598.413	8660.000
598.612	8573.000
598.810	8750.000
599.009	8756.000
599.207	8715.000
599.406	8783.000
599.605	8719.000
599.803	8620.000
600.002	8736.000
600.201	8653.000
600.399	8593.000
600.598	8670.000
600.797	8541.000
600.995	8587.000
601.194	8524.000
601.392	8494.000
601.591	8398.000
601.790	8546.000
601.988	8616.000
602.187	8658.000
602.386	8576.000
602.584	8571.000
602.783	8680.000
602.982	8727.000
603.180	8672.000
603.379	8731.000
603.577	8758.000
603.776	8736.000
603.975	8737.000
604.173	8751.000
604.372	8760.000
604.571	8624.000
604.769	8629.000
604.968	8563.000
605.167	8540.000
605.365	8593.000
605.564	8674.000
605.762	8567.000
605.961	8587.000
606.160	8663.000
606.358	8750.000
606.557	8713.000
606.756	8568.000
606.954	8479.000
607.153	8569.000
607.352	8551.000
607.550	8452.000
607.749	8392.000
607.948	8438.000
608.146	8325.000
608.345	8369.000
608.543	8424.000
608.742	8453.000
608.941	8503.000
609.139	8526.000
609.338	8467.000
609.537	8396.000
609.735	8406.000
609.934	8359.000
610.133	8212.000
610.331	8231.000
610.530	8350.000
610.728	8217.000
610.927	8177.000
611.126	8344.000
611.324	8286.000
611.523	8264.000
611.722	8239.000
611.920	8236.000
612.119	8097.000
612.318	8086.000
612.516	8138.000
612.715	8088.000
612.913	8017.000
613.112	8045.000
613.311	8040.000
613.509	8081.000
613.708	8099.000
613.907	8053.000
614.105	8086.000
614.304	7986.000
614.503	7909.000
614.701	7929.000
614.900	7967.000
615.098	8031.000
615.297	7908.000
615.496	7848.000
615.694	7873.000
615.893	7869.000
616.092	7793.000
616.290	7680.000
616.489	7815.000
616.688	7699.000
616.886	7695.000
617.085	7683.000
617.283	7608.000
617.482	7692.000
617.681	7741.000
617.879	7799.000
618.078	7799.000
618.277	7807.000
618.475	7710.000
618.674	7804.000
618.873	7757.000
619.071	7803.000
619.270	7812.000
619.468	7714.000
619.667	7757.000
619.866	7728.000
620.064	7751.000
620.263	7692.000
620.462	7576.000
620.660	7649.000
620.859	7724.000
621.058	7711.000
621.256	7732.000
621.455	7726.000
621.654	7681.000
621.852	7676.000
622.051	7684.000
622.249	7578.000
622.448	7439.000
622.647	7372.000
622.845	7489.000
623.044	7385.000
623.243	7490.000
623.441	7560.000
623.640	7506.000
623.839	7303.000
624.037	7321.000
624.236	7344.000
624.434	7249.000
624.633	7267.000
624.832	7205.000
625.030	7208.000
625.229	7183.000
625.428	7153.000
625.626	7129.000
625.825	7140.000
626.024	7272.000
626.222	7196.000
626.421	7246.000
626.619	7235.000
626.818	7179.000
627.017	7113.000
627.215	7042.000
627.414	6936.000
627.613	6986.000
627.811	6972.000
628.010	7022.000
628.209	7199.000
628.407	7048.000
628.606	6941.000
628.804	6922.000
629.003	7064.000
629.202	7117.000
629.400	6936.000
629.599	6844.000
629.798	6823.000
629.996	6821.000
630.195	6898.000
630.394	7004.000
630.592	6905.000
630.791	6870.000
630.990	6857.000
631.188	6833.000
631.387	6796.000
631.585	6795.000
631.784	6814.000
631.983	6771.000
632.181	6857.000
632.380	6912.000
632.579	6927.000
632.777	6910.000
632.976	6868.000
633.175	6789.000
633.373	6925.000
633.572	6981.000
633.770	6885.000
633.969	6913.000
634.168	6868.000
634.366	6815.000
634.565	6784.000
634.764	6833.000
634.962	6947.000
635.161	6935.000
635.360	6936.000
635.558	6966.000
635.757	7059.000
635.955	6991.000
636.154	6882.000
636.353	6879.000
636.551	6856.000
636.750	6934.000
636.949	6890.000
637.147	6949.000
637.346	6942.000
637.545	6943.000
637.743	6898.000
637.942	6873.000
638.140	6806.000
638.339	6899.000
638.538	6994.000
638.736	6974.000
638.935	6903.000
639.134	6818.000
639.332	6891.000
639.531	6857.000
639.730	6830.000
639.928	6868.000
640.127	6769.000
640.325	6766.000
640.524	6887.000
640.723	6772.000
640.921	6713.000
641.120	6722.000
641.319	6608.000
641.517	6631.000
641.716	6663.000
641.915	6757.000
642.113	6663.000
642.312	6670.000
642.510	6682.000
642.709	6801.000
642.908	6737.000
643.106	6664.000
643.305	6536.000
643.504	6686.000
643.702	6786.000
643.901	6699.000
644.100	6745.000
644.298	6671.000
644.497	6630.000
644.696	6639.000
644.894	6560.000
645.093	6575.000
645.291	6496.000
645.490	6659.000
645.689	6676.000
645.887	6523.000
646.086	6444.000
646.285	6428.000
646.483	6363.000
646.682	6417.000
646.881	6350.000
647.079	6282.000
647.278	6287.000
647.476	6198.000
647.675	6233.000
647.874	6324.000
648.072	6302.000
648.271	6272.000
648.470	6260.000
648.668	6210.000
648.867	6210.000
649.066	6167.000
649.264	6152.000
649.463	6163.000
649.661	6173.000
649.860	6237.000
650.059	6260.000
650.257	6214.000
650.456	6272.000
650.655	6386.000
650.853	6387.000
651.052	6305.000
651.251	6212.000
651.449	6183.000
651.648	6192.000
651.846	6203.000
652.045	6195.000
652.244	6334.000
652.442	6364.000
652.641	6304.000
652.840	6381.000
653.038	6354.000
653.237	6308.000
653.436	6236.000
653.634	6233.000
653.833	6295.000
654.032	6329.000
654.230	6354.000
654.429	6249.000
654.627	6225.000
654.826	6141.000
655.025	5938.000
655.223	5896.000
655.422	5787.000
655.621	5754.000
655.819	5733.000
656.018	5700.000
656.217	5546.000
656.415	5565.000
656.614	5794.000
656.812	5893.000
657.011	5801.000
657.210	5840.000
657.408	5793.000
657.607	5854.000
657.806	5903.000
658.004	5913.000
658.203	5937.000
658.402	5948.000
658.600	6031.000
658.799	6068.000
658.997	6052.000
659.196	6111.000
659.395	6116.000
659.593	6057.000
659.792	6108.000
659.991	6257.000
660.189	6234.000
660.388	6278.000
660.587	6252.000
660.785	6189.000
660.984	6220.000
661.182	6136.000
661.381	6211.000
661.580	6315.000
661.778	6281.000
661.977	6285.000
662.176	6214.000
662.374	6288.000
662.573	6303.000
662.772	6272.000
662.970	6173.000
663.169	6124.000
663.367	6185.000
663.566	6232.000
663.765	6242.000
663.963	6171.000
664.162	6245.000
664.361	6224.000
664.559	6235.000
664.758	6313.000
664.957	6234.000
665.155	6173.000
665.354	6163.000
665.552	6179.000
665.751	6098.000
665.950	6029.000
666.148	6018.000
666.347	6136.000
666.546	6145.000
666.744	6145.000
666.943	6134.000
667.142	6032.000
667.340	6003.000
667.539	6079.000
667.738	6033.000
667.936	6147.000
668.135	6179.000
668.333	6103.000
668.532	6062.000
668.731	5995.000
668.929	5943.000
669.128	5873.000
669.327	5941.000
669.525	6107.000
669.724	6061.000
669.923	5945.000
670.121	5954.000
670.320	5892.000
670.518	5787.000
670.717	5841.000
670.916	5855.000
671.114	5819.000
671.313	5797.000
671.512	5724.000
671.710	5762.000
671.909	5989.000
672.108	5893.000
672.306	5821.000
672.505	5733.000
672.703	5776.000
672.902	5852.000
673.101	5820.000
673.299	5904.000
673.498	5983.000
673.697	5863.000
673.895	5671.000
674.094	5615.000
674.293	5672.000
674.491	5698.000
674.690	5700.000
674.888	5625.000
675.087	5678.000
675.286	5761.000
675.484	5735.000
675.683	5669.000
675.882	5587.000
676.080	5722.000
676.279	5673.000
676.478	5689.000
676.676	5614.000
676.875	5635.000
677.073	5640.000
677.272	5642.000
677.471	5593.000
677.669	5703.000
677.868	5691.000
678.067	5554.000
678.265	5492.000
678.464	5522.000
678.663	5500.000
678.861	5558.000
679.060	5541.000
679.259	5494.000
679.457	5502.000
679.656	5517.000
679.854	5514.000
680.053	5475.000
680.252	5464.000
680.450	5417.000
680.649	5513.000
680.848	5528.000
681.046	5454.000
681.245	5305.000
681.444	5311.000
681.642	5430.000
681.841	5495.000
682.039	5550.000
682.238	5498.000
682.437	5425.000
682.635	5409.000
682.834	5396.000
683.033	5360.000
683.231	5353.000
683.430	5326.000
683.629	5264.000
683.827	5263.000
684.026	5283.000
684.224	5355.000
684.423	5348.000
684.622	5260.000
684.820	5230.000
685.019	5184.000
685.218	5212.000
685.416	5240.000
685.615	5057.000
685.814	4872.000
686.012	4790.000
686.211	4571.000
686.409	4436.000
686.608	4363.000
686.807	4199.000
687.005	4278.000
687.204	4374.000
687.403	4258.000
687.601	4300.000
687.800	4275.000
687.999	4289.000
688.197	4247.000
688.396	4181.000
688.594	4236.000
688.793	4222.000
688.992	4231.000
689.190	4451.000
689.389	4430.000
689.588	4460.000
689.786	4508.000
689.985	4528.000
690.184	4586.000
690.382	4706.000
690.581	4682.000
690.779	4688.000
690.978	4685.000
691.177	4654.000
691.375	4674.000
691.574	4796.000
691.773	4791.000
691.971	4694.000
692.170	4708.000
692.369	4678.000
692.567	4714.000
692.766	4775.000
692.965	4784.000
693.163	4725.000
693.362	4735.000
693.560	4774.000
693.759	4798.000
693.958	4802.000
694.156	4779.000
694.355	4764.000
694.554	4748.000
694.752	4737.000
694.951	4760.000
695.150	4835.000
695.348	4906.000
695.547	4945.000
695.745	4885.000
695.944	4948.000
696.143	5027.000
696.341	5130.000
696.540	5190.000
696.743	5125.000
696.946	5121.000
697.149	5080.000
697.352	5072.000
697.555	5147.000
697.757	5160.000
697.960	5138.000
698.163	5128.000
698.366	5107.000
698.569	5099.000
698.772	5216.000
698.975	5175.000
699.178	5071.000
699.381	5063.000
699.584	5156.000
699.787	5162.000
699.989	5073.000
700.192	4954.000
700.395	5114.000
700.598	5251.000
700.801	5235.000
701.004	5169.000
701.207	5130.000
701.410	5126.000
701.613	5191.000
701.816	5256.000
702.019	5257.000
702.221	5394.000
702.424	5315.000
702.627	5339.000
702.830	5370.000
703.033	5368.000
703.236	5351.000
703.439	5352.000
703.642	5366.000
703.845	5416.000
704.048	5566.000
704.251	5606.000
704.453	5547.000
704.656	5540.000
704.859	5601.000
705.062	5705.000
705.265	5725.000
705.468	5656.000
705.671	5750.000
705.874	5705.000
706.077	5680.000
706.280	5688.000
706.483	5768.000
706.685	5860.000
706.888	5882.000
707.091	5861.000
707.294	5835.000
707.497	5737.000
707.700	5822.000
707.903	5935.000
708.106	5862.000
708.309	5889.000
708.512	5944.000
708.715	5913.000
708.917	5915.000
709.120	5991.000
709.323	6050.000
709.526	6064.000
709.729	6019.000
709.932	6023.000
710.135	6020.000
710.338	6005.000
710.541	6103.000
710.744	6124.000
710.947	6119.000
711.149	6141.000
711.352	6140.000
711.555	6039.000
711.758	6031.000
711.961	6072.000
712.164	6057.000
712.367	6166.000
712.570	6131.000
712.773	6195.000
712.976	6154.000
713.179	6113.000
713.381	6133.000
713.584	6260.000
713.787	6241.000
713.990	6205.000
714.193	6239.000
714.396	6104.000
714.599	6248.000
714.802	6220.000
715.005	6198.000
715.208	6130.000
715.411	6022.000
715.613	5958.000
715.816	5836.000
716.019	5687.000
716.222	5580.000
716.425	5440.000
716.628	5328.000
716.831	5242.000
717.034	5154.000
717.237	5145.000
717.440	5085.000
717.643	4934.000
717.845	4779.000
718.048	4728.000
718.251	4619.000
718.454	4644.000
718.657	4679.000
718.860	4596.000
719.063	4506.000
719.266	4569.000
719.469	4594.000
719.672	4595.000
719.875	4768.000
720.077	4941.000
720.280	5063.000
720.483	5326.000
720.686	5334.000
720.889	5383.000
721.092	5545.000
721.295	5551.000
721.498	5571.000
721.701	5668.000
721.904	5635.000
722.107	5616.000
722.309	5654.000
722.512	5538.000
722.715	5474.000
722.918	5431.000
723.121	5442.000
723.324	5466.000
723.527	5337.000
723.730	5380.000
723.933	5499.000
724.136	5447.000
724.339	5418.000
724.541	5356.000
724.744	5313.000
724.947	5349.000
725.150	5397.000
725.353	5387.000
725.556	5379.000
725.759	5457.000
725.962	5548.000
726.165	5583.000
726.368	5513.000
726.571	5525.000
726.773	5522.000
726.976	5533.000
727.179	5543.000
727.382	5412.000
727.585	5526.000
727.788	5585.000
727.991	5476.000
728.194	5464.000
728.397	5468.000
728.600	5520.000
728.803	5535.000
729.005	5650.000
729.208	5705.000
729.411	5657.000
729.614	5710.000
729.817	5737.000
730.020	5787.000
730.223	5735.000
730.426	5816.000
730.629	5966.000
730.832	5889.000
731.035	6000.000
731.237	6014.000
731.440	6053.000
731.643	6154.000
731.846	6149.000
732.049	6340.000
732.252	6504.000
732.455	6479.000
732.658	6466.000
732.861	6571.000
733.064	6603.000
733.267	6813.000
733.469	6868.000
733.672	6935.000
733.875	6865.000
734.078	6946.000
734.281	6944.000
734.484	6955.000
734.687	6847.000
734.890	6825.000
735.093	6835.000
735.296	6909.000
735.499	6874.000
735.701	6890.000
735.904	6980.000
736.107	7004.000
736.310	6941.000
736.513	7062.000
736.716	7072.000
736.919	6934.000
737.122	6932.000
737.325	7061.000
737.528	7115.000
737.731	7037.000
737.933	7045.000
738.136	7138.000
738.339	7116.000
738.542	7076.000
738.745	7024.000
738.948	6968.000
739.151	7157.000
739.354	7260.000
739.557	7153.000
739.760	7217.000
739.963	7234.000
740.165	7307.000
740.368	7267.000
740.571	7180.000
740.774	7132.000
740.977	7169.000
741.180	7197.000
741.383	7381.000
741.586	7417.000
741.789	7413.000
741.992	7435.000
742.195	7397.000
742.397	7437.000
742.600	7425.000
742.803	7402.000
743.006	7472.000
743.209	7557.000
743.412	7446.000
743.615	7432.000
743.818	7491.000
744.021	7453.000
744.224	7433.000
744.427	7545.000
744.629	7618.000
744.832	7452.000
745.035	7500.000
745.238	7520.000
745.441	7471.000
745.644	7429.000
745.847	7432.000
746.050	7555.000
746.253	7583.000
746.456	7562.000
746.659	7612.000
746.861	7438.000
747.064	7457.000
747.267	7492.000
747.470	7498.000
747.673	7485.000
747.876	7588.000
748.079	7620.000
748.282	7511.000
748.485	7224.000
748.688	7323.000
748.891	7442.000
749.093	7424.000
749.296	7369.000
749.499	7435.000
749.702	7265.000
749.905	7221.000
750.108	7298.000
750.311	7274.000
750.514	7210.000
750.717	7236.000
750.920	7300.000
751.123	7275.000
751.325	7261.000
751.528	7185.000
751.731	7157.000
751.934	7232.000
752.137	7272.000
752.340	7275.000
752.543	7319.000
752.746	7364.000
752.949	7230.000
753.152	7215.000
753.355	7211.000
753.557	7245.000
753.760	7237.000
753.963	7263.000
754.166	7236.000
754.369	7228.000
754.572	7241.000
754.775	7223.000
754.978	7156.000
755.181	7272.000
755.384	7178.000
755.587	7108.000
755.789	7017.000
755.992	7194.000
756.195	7167.000
756.398	7167.000
756.601	7111.000
756.804	7061.000
757.007	7142.000
757.210	7128.000
757.413	7010.000
757.616	6942.000
757.819	6923.000
758.021	6673.000
758.224	6312.000
758.427	5954.000
758.630	5422.000
758.833	4934.000
759.036	4445.000
759.239	3953.000
759.442	3624.000
759.645	3277.000
759.848	3021.000
760.051	3031.000
760.253	3079.000
760.456	3143.000
760.659	3099.000
760.862	3117.000
761.065	3034.000
761.268	2996.000
761.471	2972.000
761.674	2825.000
761.877	2656.000
762.080	2715.000
762.283	2745.000
762.485	2763.000
762.688	2863.000
762.891	3033.000
763.094	3120.000
763.297	3192.000
763.500	3325.000
763.706	3413.000
763.912	3489.000
764.118	3560.000
764.325	3716.000
764.531	3900.000
764.737	3916.000
764.943	4032.000
765.149	4243.000
765.355	4308.000
765.561	4595.000
765.768	4720.000
765.974	4770.000
766.180	4934.000
766.386	5064.000
766.592	5242.000
766.798	5382.000
767.004	5470.000
767.210	5655.000
767.417	5739.000
767.623	5723.000
767.829	5806.000
768.035	5913.000
768.241	5918.000
768.447	6047.000
768.653	6041.000
768.860	6053.000
769.066	6060.000
769.272	6113.000
769.478	6167.000
769.684	6216.000
769.890	6196.000
770.096	6226.000
770.303	6213.000
770.509	6182.000
770.715	6309.000
770.921	6310.000
771.127	6284.000
771.333	6358.000
771.539	6436.000
771.745	6385.000
771.952	6334.000
772.158	6319.000
772.364	6263.000
772.570	6341.000
772.776	6252.000
772.982	6191.000
773.188	6243.000
773.395	6207.000
773.601	6175.000
773.807	6139.000
774.013	6083.000
774.219	6101.000
774.425	6170.000
774.631	6186.000
774.838	6072.000
775.044	6185.000
775.250	6256.000
775.456	6243.000
775.662	6227.000
775.868	6220.000
776.074	6203.000
776.281	6078.000
776.487	5978.000
776.693	6090.000
776.899	6059.000
777.105	6046.000
777.311	6100.000
777.517	6123.000
777.723	6188.000
777.930	5992.000
778.136	5933.000
778.342	5982.000
778.548	5994.000
778.754	5980.000
778.960	5934.000
779.166	5987.000
779.373	6017.000
779.579	5925.000
779.785	5878.000
779.991	5901.000
780.197	5910.000
780.403	5869.000
780.609	5942.000
780.816	5817.000
781.022	5775.000
781.228	5847.000
781.434	5974.000
781.640	5873.000
781.846	5762.000
782.052	5830.000
782.259	5773.000
782.465	5748.000
782.671	5681.000
782.877	5678.000
783.083	5755.000
783.289	5632.000
783.495	5693.000
783.701	5695.000
783.908	5712.000
784.114	5673.000
784.320	5599.000
784.526	5557.000
784.732	5540.000
784.938	5515.000
785.144	5524.000
785.351	5541.000
785.557	5625.000
785.763	5597.000
785.969	5595.000
786.175	5477.000
786.381	5412.000
786.587	5367.000
786.794	5340.000
787.000	5416.000
787.206	5469.000
787.412	5473.000
787.618	5364.000
787.824	5257.000
788.030	5267.000
788.236	5252.000
788.443	5247.000
788.649	5207.000
788.855	5193.000
789.061	5080.000
789.267	5103.000
789.473	5084.000
789.679	5174.000
789.886	5136.000
790.092	4997.000
790.298	4970.000
790.504	5017.000
790.710	5009.000
790.916	4973.000
791.122	4933.000
791.329	4912.000
791.535	4901.000
791.741	4946.000
791.947	4907.000
792.153	4895.000
792.359	4882.000
792.565	4931.000
792.771	4838.000
792.978	4867.000
793.184	4887.000
793.390	4805.000
793.596	4903.000
793.802	4815.000
794.008	4840.000
794.214	4840.000
794.421	4825.000
794.627	4774.000
794.833	4693.000
795.039	4712.000
795.245	4723.000
795.451	4696.000
795.657	4714.000
795.864	4686.000
796.070	4724.000
796.276	4743.000
796.482	4808.000
796.688	4715.000
796.894	4601.000
797.100	4596.000
797.307	4663.000
797.513	4593.000
797.719	4630.000
797.925	4745.000
798.131	4628.000
798.337	4608.000
798.543	4601.000
798.749	4553.000
798.956	4623.000
799.162	4676.000
799.368	4505.000
799.574	4484.000
799.780	4546.000
799.986	4474.000
800.192	4444.000
800.399	4499.000
800.605	4452.000
800.811	4436.000
801.017	4482.000
801.223	4396.000
801.429	4338.000
801.635	4330.000
801.842	4253.000
802.048	4349.000
802.254	4389.000
802.460	4343.000
802.666	4251.000
802.872	4318.000
803.078	4372.000
803.285	4351.000
803.491	4333.000
803.697	4272.000
803.903	4204.000
804.109	4232.000
804.315	4343.000
804.521	4364.000
804.727	4344.000
804.934	4301.000
805.140	4261.000
805.346	4353.000
805.552	4448.000
805.758	4346.000
805.964	4251.000
806.170	4293.000
806.377	4290.000
806.583	4160.000
806.789	4185.000
806.995	4240.000
807.201	4224.000
807.407	4174.000
807.613	4131.000
807.820	4136.000
808.026	4251.000
808.232	4173.000
808.438	4103.000
808.644	4010.000
808.850	3947.000
809.056	3957.000
809.262	3969.000
809.469	3956.000
809.675	3977.000
809.881	3938.000
810.087	3916.000
810.293	3941.000
810.499	3894.000
810.705	3835.000
810.912	3848.000
811.118	3855.000
811.324	3754.000
811.530	3652.000
811.739	3601.000
811.947	3602.000
812.156	3569.000
812.365	3473.000
812.573	3455.000
812.782	3333.000
812.990	3375.000
813.199	3368.000
813.408	3329.000
813.616	3323.000
813.825	3179.000
814.034	3117.000
814.242	3100.000
814.451	3058.000
814.659	3032.000
814.868	3023.000
815.077	2979.000
815.285	2896.000
815.494	2841.000
815.703	2789.000
815.911	2816.000
816.120	2900.000
816.329	2932.000
816.537	2788.000
816.746	2788.000
816.954	2782.000
817.163	2675.000
817.372	2725.000
817.580	2788.000
817.789	2861.000
817.998	2733.000
818.206	2696.000
818.415	2771.000
818.624	2679.000
818.832	2649.000
819.041	2783.000
819.249	2920.000
819.458	2935.000
819.667	2935.000
819.875	2992.000
820.084	3025.000
820.293	3093.000
820.501	2973.000
820.710	2983.000
820.919	3039.000
821.127	2910.000
821.336	2914.000
821.544	2827.000
821.753	2679.000
821.962	2640.000
822.170	2566.000
822.379	2537.000
822.588	2476.000
822.796	2606.000
823.005	2680.000
823.213	2736.000
823.422	2734.000
823.631	2791.000
823.839	2840.000
824.048	2814.000
824.257	2853.000
824.465	2857.000
824.674	2819.000
824.883	2833.000
825.091	2936.000
825.300	2949.000
825.508	2960.000
825.717	2962.000
825.926	2932.000
826.134	2852.000
826.343	2818.000
826.552	2824.000
826.760	2767.000
826.969	2731.000
827.178	2731.000
827.386	2834.000
827.595	2848.000
827.803	2727.000
828.012	2670.000
828.221	2650.000
828.429	2707.000
828.638	2825.000
828.847	2855.000
829.055	2691.000
829.264	2665.000
829.472	2779.000
829.681	2795.000
829.890	2676.000
830.098	2617.000
830.307	2654.000
830.516	2629.000
830.724	2628.000
830.933	2639.000
831.142	2725.000
831.350	2815.000
831.559	2805.000
831.767	2647.000
831.976	2672.000
832.185	2699.000
832.393	2664.000
832.602	2674.000
832.811	2666.000
833.019	2606.000
833.228	2604.000
833.437	2699.000
833.645	2832.000
833.854	2744.000
834.062	2719.000
834.271	2729.000
834.480	2722.000
834.688	2752.000
834.897	2697.000
835.106	2687.000
835.314	2729.000
835.523	2701.000
835.731	2731.000
835.940	2843.000
836.149	2825.000
836.357	2818.000
836.566	2821.000
836.775	2794.000
836.983	2724.000
837.192	2749.000
837.401	2718.000
837.609	2772.000
837.818	2874.000
838.026	2764.000
838.235	2840.000
838.444	2897.000
838.652	2810.000
838.861	2778.000
839.070	2779.000
839.278	2783.000
839.487	2813.000
839.696	2815.000
839.904	2763.000
840.113	2736.000
840.321	2718.000
840.530	2673.000
840.739	2668.000
840.947	2675.000
841.156	2649.000
841.365	2728.000
841.573	2742.000
841.782	2747.000
841.991	2712.000
842.199	2704.000
842.408	2729.000
842.616	2702.000
842.825	2704.000
843.034	2693.000
843.242	2662.000
843.451	2659.000
843.660	2621.000
843.868	2668.000
844.077	2696.000
844.285	2706.000
844.494	2817.000
844.703	2665.000
844.911	2639.000
845.120	2585.000
845.329	2585.000
845.537	2545.000
845.746	2621.000
845.955	2649.000
846.163	2640.000
846.372	2646.000
846.580	2618.000
846.789	2629.000
846.998	2652.000
847.206	2622.000
847.415	2599.000
847.624	2552.000
847.832	2588.000
848.041	2641.000
848.250	2563.000
848.458	2435.000
848.667	2399.000
848.875	2424.000
849.084	2364.000
849.293	2368.000
849.501	2385.000
849.710	2399.000
849.919	2428.000
850.127	2358.000
850.336	2408.000
850.544	2325.000
850.753	2313.000
850.962	2333.000
851.170	2481.000
851.379	2482.000
851.588	2317.000
851.796	2269.000
852.005	2305.000
852.214	2395.000
852.422	2424.000
852.631	2296.000
852.839	2218.000
853.048	2200.000
853.257	2118.000
853.465	2008.000
853.674	2036.000
853.883	2075.000
854.091	2034.000
854.300	2083.000
854.509	2097.000
854.717	2167.000
854.926	2224.000
855.134	2272.000
855.343	2241.000
855.552	2168.000
855.760	2184.000
855.969	2241.000
856.178	2159.000
856.386	2102.000
856.595	2327.000
856.803	2336.000
857.012	2242.000
857.221	2240.000
857.429	2228.000
857.638	2188.000
857.847	2239.000
858.055	2208.000
858.264	2137.000
858.473	2173.000
858.681	2197.000
858.890	2160.000
859.098	2194.000
859.307	2187.000
859.516	2124.000
859.724	2151.000
859.933	2087.000
860.142	2175.000
860.350	2180.000
860.559	2105.000
860.768	2060.000
860.976	2056.000
861.185	2040.000
861.393	2045.000
861.602	2127.000
861.811	2094.000
862.019	2076.000
862.228	2083.000
862.437	2055.000
862.645	2087.000
862.854	2099.000
863.062	2108.000
863.271	2049.000
863.480	2060.000
863.688	2125.000
863.897	2067.000
864.106	2037.000
864.314	2004.000
864.523	1990.000
864.732	1872.000
864.940	1857.000
865.149	1852.000
865.357	1806.000
865.566	1734.000
865.775	1772.000
865.983	1846.000
866.192	1826.000
866.401	1786.000
866.609	1750.000
866.818	1778.000
867.027	1880.000
867.235	1850.000
867.444	1772.000
867.652	1812.000
867.861	1837.000
868.070	1738.000
868.278	1823.000
868.487	1843.000
868.696	1784.000
868.904	1708.000
869.113	1720.000
869.321	1759.000
869.530	1830.000
869.739	1779.000
869.947	1797.000
870.156	1805.000
870.365	1778.000
870.573	1815.000
870.782	1828.000
870.991	1784.000
871.199	1732.000
871.408	1699.000
871.616	1715.000
871.825	1783.000
872.034	1797.000
872.242	1799.000
872.451	1777.000
872.660	1758.000
872.868	1810.000
873.077	1728.000
873.286	1592.000
873.494	1604.000
873.703	1622.000
873.911	1711.000
874.120	1637.000
874.329	1637.000
874.537	1654.000
874.746	1601.000
874.955	1612.000
875.163	1555.000
875.372	1520.000
875.581	1512.000
875.789	1529.000
875.998	1567.000
876.206	1620.000
876.415	1634.000
876.624	1550.000
876.832	1483.000
877.041	1557.000
877.250	1581.000
877.458	1547.000
877.667	1581.000
877.875	1562.000
878.084	1562.000
878.293	1595.000
878.501	1587.000
878.710	1514.000
878.919	1467.000
879.127	1468.000
879.336	1429.000
879.545	1431.000
879.753	1416.000
879.962	1415.000
880.170	1424.000
880.379	1432.000
880.588	1449.000
880.796	1490.000
881.005	1505.000
881.214	1510.000
881.422	1427.000
881.631	1400.000
881.840	1469.000
882.048	1468.000
882.257	1485.000
882.465	1428.000
882.674	1401.000
882.883	1423.000
883.091	1390.000
883.300	1379.000
883.509	1353.000
883.717	1393.000
883.926	1466.000
884.134	1434.000
884.343	1349.000
884.552	1351.000
884.760	1420.000
884.969	1359.000
885.178	1249.000
885.386	1272.000
885.595	1261.000
885.804	1253.000
886.012	1285.000
886.221	1309.000
886.429	1322.000
886.638	1324.000
886.847	1309.000
887.055	1303.000
887.264	1269.000
887.473	1297.000
887.681	1314.000
887.890	1275.000
888.099	1327.000
888.307	1281.000
888.516	1267.000
888.724	1279.000
888.933	1236.000
889.142	1288.000
889.350	1264.000
889.559	1266.000
889.768	1197.000
889.976	1229.000
890.185	1299.000
890.393	1290.000
890.602	1215.000
890.811	1204.000
891.019	1220.000
891.228	1229.000
891.437	1176.000
891.645	1092.000
891.854	1158.000
892.063	1187.000
892.271	1140.000
892.480	1141.000
892.688	1175.000
892.897	1178.000
893.106	1119.000
893.314	1094.000
893.523	1020.000
893.732	1033.000
893.940	1056.000
894.149	1015.000
894.358	1028.000
894.566	1033.000
894.775	1041.000
894.983	1034.000
895.192	1044.000
895.401	1038.000
895.609	936.000
895.818	879.000
896.027	881.000
896.235	920.000
896.444	921.000
896.652	885.000
896.861	858.000
897.070	967.000
897.278	995.000
897.487	938.000
897.696	889.000
897.904	787.000
898.113	852.000
898.322	759.000
898.530	768.000
898.739	780.000
898.947	822.000
899.156	841.000
899.365	811.000
899.573	773.000
899.782	700.000
899.991	746.000
900.199	794.000
900.408	857.000
900.617	819.000
900.825	735.000
901.034	797.000
901.242	771.000
901.451	784.000
901.660	780.000
901.868	819.000
902.077	861.000
902.286	832.000
902.494	836.000
902.703	916.000
902.911	931.000
903.120	926.000
903.329	860.000
903.537	848.000
903.746	839.000
903.955	868.000
904.163	871.000
904.372	872.000
904.581	882.000
904.789	962.000
904.998	925.000
905.206	859.000
905.415	873.000
905.624	833.000
905.832	822.000
906.041	761.000
906.250	763.000
906.458	787.000
906.667	802.000
906.876	715.000
907.084	744.000
907.293	739.000
907.501	708.000
907.710	707.000
907.919	755.000
908.127	807.000
908.336	712.000
908.545	725.000
908.753	739.000
908.962	723.000
909.170	695.000
909.379	685.000
909.588	718.000
909.796	704.000
910.005	660.000
910.214	634.000
910.422	716.000
910.631	673.000
910.840	750.000
911.048	791.000
911.257	688.000
911.465	677.000
911.674	723.000
911.883	761.000
912.091	741.000
912.300	706.000
912.508	646.000
912.716	593.000
912.924	601.000
913.132	642.000
913.340	678.000
913.549	667.000
913.757	628.000
913.965	622.000
914.173	650.000
914.381	601.000
914.589	631.000
914.797	608.000
915.005	612.000
915.213	712.000
915.421	712.000
915.629	606.000
915.838	540.000
916.046	544.000
916.254	601.000
916.462	586.000
916.670	581.000
916.878	601.000
917.086	678.000
917.294	655.000
917.502	595.000
917.710	627.000
917.919	634.000
918.127	593.000
918.335	674.000
918.543	656.000
918.751	687.000
918.959	731.000
919.167	687.000
919.375	659.000
919.583	742.000
919.791	640.000
919.999	612.000
920.208	694.000
920.416	634.000
920.624	641.000
920.832	701.000
921.040	701.000
921.248	663.000
921.456	647.000
921.664	624.000
921.872	625.000
922.080	571.000
922.288	586.000
922.497	613.000
922.705	654.000
922.913	638.000
923.121	613.000
923.329	600.000
923.537	541.000
923.745	557.000
923.953	544.000
924.161	529.000
924.369	600.000
924.578	625.000
924.786	635.000
924.994	629.000
925.202	617.000
925.410	572.000
925.618	583.000
925.826	545.000
926.034	600.000
926.242	663.000
926.450	625.000
926.658	625.000
926.867	606.000
927.075	468.000
927.283	529.000
927.491	502.000
927.699	475.000
927.907	468.000
928.115	450.000
928.323	383.000
928.531	412.000
928.739	395.000
928.947	383.000
929.156	369.000
929.364	361.000
929.572	406.000
929.780	344.000
929.988	345.000
930.196	327.000
930.404	344.000
930.612	323.000
930.820	283.000
931.028	289.000
931.236	313.000
931.445	252.000
931.653	224.000
931.861	268.000
932.069	204.000
932.277	257.000
932.485	336.000
932.693	233.000
932.901	157.000
933.109	167.000
933.317	186.000
933.526	195.000
933.734	163.000
933.942	160.000
934.150	160.000
934.358	187.000
934.566	187.000
934.774	194.000
934.982	188.000
935.190	183.000
935.398	194.000
935.606	140.000
935.815	79.000
936.023	135.000
936.231	179.000
936.439	158.000
936.647	156.000
936.855	127.000
937.063	84.000
937.271	150.000
937.479	190.000
937.687	150.000
937.895	209.000
938.104	230.000
938.312	176.000
938.520	179.000
938.728	199.000
938.936	224.000
939.144	197.000
939.352	179.000
939.560	198.000
939.768	208.000
939.976	206.000
940.185	177.000
940.393	234.000
940.601	200.000
940.809	97.000
941.017	161.000
941.225	183.000
941.433	166.000
941.641	134.000
941.849	103.000
942.057	213.000
942.265	235.000
942.474	218.000
942.682	182.000
942.890	132.000
943.098	157.000
943.306	175.000
943.514	125.000
943.722	133.000
943.930	177.000
944.138	164.000
944.346	152.000
944.554	198.000
944.763	158.000
944.971	138.000
945.179	156.000
945.387	185.000
945.595	209.000
945.803	192.000
946.011	147.000
946.219	188.000
946.427	154.000
946.635	130.000
946.843	189.000
947.052	206.000
947.260	185.000
947.468	207.000
947.676	156.000
947.884	144.000
948.092	168.000
948.300	123.000
948.508	106.000
948.716	151.000
948.924	167.000
949.133	203.000
949.341	223.000
949.549	148.000
949.757	181.000
949.965	132.000
950.173	79.000
950.381	172.000
950.589	249.000
950.797	181.000
951.005	141.000
951.213	91.000
951.422	89.000
951.630	91.000
951.838	140.000
952.046	223.000
952.254	171.000
952.462	178.000
952.670	194.000
952.878	172.000
953.086	185.000
953.294	190.000
953.502	229.000
953.711	213.000
953.919	157.000
954.127	120.000
954.335	142.000
954.543	170.000
954.751	198.000
954.959	182.000
955.167	233.000
955.375	146.000
955.583	83.000
955.792	171.000
956.000	147.000
956.208	160.000
956.416	188.000
956.624	163.000
956.832	177.000
957.040	157.000
957.248	157.000
957.456	166.000
957.664	115.000
957.872	88.000
958.081	87.000
958.289	163.000
958.497	216.000
958.705	175.000
958.913	114.000
959.121	103.000
959.329	125.000
959.537	104.000
959.745	142.000
959.953	120.000
960.161	122.000
960.370	138.000
960.578	203.000
960.786	199.000
960.994	129.000
961.202	178.000
961.410	215.000
961.618	110.000
961.826	108.000
962.034	178.000
962.242	129.000
962.451	64.000
962.659	90.000
962.867	127.000
963.075	199.000
963.283	196.000
963.491	179.000
963.699	178.000
963.907	171.000
964.115	178.000
964.323	222.000
964.531	205.000
964.740	161.000
964.948	221.000
965.156	185.000
965.364	230.000
965.572	301.000
965.780	217.000
965.999	164.000
966.218	139.000
966.438	122.000
966.657	85.000
966.876	163.000
967.095	178.000
967.315	135.000
967.534	136.000
967.753	193.000
967.972	227.000
968.192	246.000
968.411	175.000
968.630	130.000
968.849	175.000
969.068	229.000
969.288	228.000
969.507	209.000
969.726	251.000
969.945	263.000
970.165	175.000
970.384	190.000
970.603	163.000
970.822	143.000
971.042	175.000
971.261	207.000
971.480	228.000
971.699	193.000
971.919	122.000
972.138	182.000
972.357	210.000
972.576	135.000
972.795	173.000
973.015	225.000
973.234	220.000
973.453	165.000
973.672	81.000
973.892	98.000
974.111	144.000
974.330	186.000
974.549	180.000
974.769	124.000
974.988	125.000
975.207	105.000
975.426	104.000
975.646	146.000
975.865	128.000
976.084	159.000
976.303	164.000
976.522	142.000
976.742	125.000
976.961	102.000
977.180	165.000
977.399	176.000
977.619	151.000
977.838	180.000
978.057	171.000
978.276	182.000
978.496	147.000
978.715	238.000
978.934	236.000
979.153	128.000
979.372	139.000
979.592	165.000
979.811	183.000
980.030	173.000
980.249	124.000
980.469	114.000
980.688	116.000
980.907	91.000
981.126	115.000
981.346	196.000
981.565	181.000
981.784	150.000
982.003	174.000
982.223	198.000
982.442	208.000
982.661	132.000
982.880	171.000
983.099	180.000
983.319	160.000
983.538	161.000
983.757	176.000
983.976	209.000
984.196	230.000
984.415	192.000
984.634	181.000
984.853	174.000
985.073	239.000
985.292	244.000
985.511	187.000
985.730	166.000
985.949	214.000
986.169	241.000
986.388	239.000
986.607	62.000
986.826	86.000
987.046	127.000
987.265	180.000
987.484	179.000
987.703	182.000
987.923	134.000
988.142	147.000
988.361	208.000
988.580	260.000
988.800	162.000
989.019	168.000
989.238	150.000
989.457	125.000
989.676	159.000
989.896	138.000
990.115	93.000
990.334	95.000
990.553	110.000
990.773	138.000
990.992	134.000
991.211	125.000
991.430	142.000
991.650	97.000
991.869	88.000
992.088	77.000
992.307	132.000
992.527	140.000
992.746	137.000
992.965	145.000
993.184	134.000
993.403	108.000
993.623	136.000
993.842	142.000
994.061	105.000
994.280	173.000
994.500	139.000
994.719	157.000
994.938	142.000
995.157	65.000
995.377	46.000
995.596	101.000
995.815	147.000
996.034	47.000
996.253	24.000
996.473	116.000
996.692	185.000
996.911	142.000
997.130	140.000
997.350	118.000
997.569	130.000
997.788	140.000
998.007	37.000
998.227	58.000
998.446	146.000
998.665	192.000
998.884	156.000
999.104	136.000
999.323	127.000
999.542	92.000
999.761	112.000
999.980	48.000
1000.200	107.000
1000.419	150.000
1000.638	177.000
1000.857	139.000
1001.077	103.000
1001.296	80.000
1001.515	68.000
1001.734	101.000
1001.954	128.000
1002.173	156.000
1002.392	109.000
1002.611	70.000
1002.830	88.000
1003.050	106.000
1003.269	114.000
1003.488	108.000
1003.707	112.000
1003.927	97.000
1004.146	124.000
1004.365	97.000
1004.584	61.000
1004.804	99.000
1005.023	127.000
1005.242	100.000
1005.461	106.000
1005.681	116.000
1005.900	142.000
1006.119	133.000
1006.338	82.000
1006.557	81.000
1006.777	156.000
1006.996	186.000
1007.215	74.000
1007.434	81.000
1007.654	138.000
1007.873	145.000
1008.092	112.000
1008.311	107.000
1008.531	63.000
1008.750	120.000
1008.969	156.000
1009.188	99.000
1009.407	88.000
1009.627	42.000
1009.846	56.000
1010.065	143.000
1010.284	72.000
1010.504	4.000
1010.723	42.000
1010.942	59.000
1011.161	66.000
1011.381	89.000
1011.600	110.000
1011.819	143.000
1012.038	84.000
1012.258	68.000
1012.477	114.000
1012.696	96.000
1012.915	60.000
1013.134	18.000
1013.354	104.000
1013.573	180.000
1013.792	97.000
1014.011	29.000
1014.231	83.000
1014.450	132.000
1014.669	97.000
1014.888	52.000
1015.108	98.000
1015.327	112.000
1015.546	143.000
1015.765	163.000
1015.984	147.000
1016.204	173.000
1016.423	108.000
1016.642	103.000
1016.861	87.000
1017.081	45.000
1017.300	30.000
1017.519	25.000
