296.912	463.000
297.101	169.000
297.290	110.000
297.479	209.000
297.668	-147.000
297.858	6.000
298.047	323.000
298.236	93.000
298.425	-72.000
298.614	-130.000
298.803	-212.000
298.992	65.000
299.181	152.000
299.370	11.000
299.559	24.000
299.748	174.000
299.937	200.000
300.126	263.000
300.315	-135.000
300.504	-67.000
300.693	209.000
300.882	91.000
301.071	18.000
301.260	-39.000
301.449	-127.000
301.638	104.000
301.827	62.000
302.016	72.000
302.205	17.000
302.395	-139.000
302.584	-62.000
302.773	126.000
302.962	145.000
303.151	-43.000
303.340	-196.000
303.529	-322.000
303.718	-83.000
303.907	133.000
304.096	135.000
304.285	61.000
304.474	-12.000
304.663	-33.000
304.852	75.000
305.041	139.000
305.230	70.000
305.419	-89.000
305.608	62.000
305.797	132.000
305.986	-114.000
306.175	-308.000
306.364	-317.000
306.553	-117.000
306.743	80.000
306.932	94.000
307.121	188.000
307.310	120.000
307.499	46.000
307.688	-156.000
307.877	27.000
308.066	52.000
308.255	-12.000
308.444	197.000
308.633	-11.000
308.822	-263.000
309.011	-359.000
309.200	-83.000
309.389	58.000
309.578	-99.000
309.767	-22.000
309.956	90.000
310.145	-85.000
310.334	-196.000
310.523	-62.000
310.712	-194.000
310.901	-228.000
311.091	-9.000
311.280	72.000
311.469	-55.000
311.658	234.000
311.847	110.000
312.036	-101.000
312.225	50.000
312.414	-195.000
312.603	-216.000
312.792	214.000
312.981	139.000
313.170	43.000
313.349	-158.000
313.527	-61.000
313.706	65.000
313.884	112.000
314.063	143.000
314.241	106.000
314.420	302.000
314.598	216.000
314.777	241.000
314.955	39.000
315.134	24.000
315.312	-86.000
315.491	-116.000
315.669	-63.000
315.848	-171.000
316.027	-162.000
316.205	52.000
316.384	-74.000
316.562	-12.000
316.741	-213.000
316.919	-11.000
317.098	6.000
317.276	-278.000
317.455	-181.000
317.633	85.000
317.812	191.000
317.990	-33.000
318.169	123.000
318.347	234.000
318.526	327.000
318.705	28.000
318.883	51.000
319.062	107.000
319.240	139.000
319.419	-167.000
319.597	-6.000
319.776	142.000
319.954	-11.000
320.133	-199.000
320.311	-151.000
320.490	141.000
320.668	87.000
320.847	-32.000
321.025	-53.000
321.204	193.000
321.382	183.000
321.561	-76.000
321.740	-33.000
321.918	129.000
322.097	146.000
322.275	20.000
322.454	-70.000
322.632	-63.000
322.811	-105.000
322.989	-314.000
323.168	-195.000
323.346	-122.000
323.525	-188.000
323.703	-278.000
323.882	-298.000
324.060	-82.000
324.239	214.000
324.418	87.000
324.596	125.000
324.775	-26.000
324.953	-230.000
325.132	-177.000
325.310	61.000
325.489	78.000
325.667	41.000
325.846	-23.000
326.024	82.000
326.203	272.000
326.381	-13.000
326.560	93.000
326.738	58.000
326.917	15.000
327.096	0.000
327.274	21.000
327.453	-133.000
327.631	-142.000
327.810	-45.000
327.988	-248.000
328.167	-151.000
328.345	-123.000
328.524	-143.000
328.702	-81.000
328.881	-104.000
329.059	-133.000
329.238	-113.000
329.416	54.000
329.595	-25.000
329.774	5.000
329.952	137.000
330.131	161.000
330.309	183.000
330.488	277.000
330.666	-56.000
330.845	-149.000
331.023	-51.000
331.202	-151.000
331.380	-200.000
331.559	-63.000
331.737	-29.000
331.916	-246.000
332.094	-41.000
332.273	201.000
332.452	-196.000
332.630	-87.000
332.809	120.000
332.987	-50.000
333.166	25.000
333.344	162.000
333.523	79.000
333.701	-118.000
333.880	53.000
334.058	24.000
334.237	139.000
334.415	148.000
334.594	31.000
334.772	-336.000
334.951	-290.000
335.129	-350.000
335.308	91.000
335.487	282.000
335.665	103.000
335.844	206.000
336.022	458.000
336.201	175.000
336.379	-54.000
336.558	84.000
336.736	187.000
336.915	231.000
337.093	358.000
337.272	18.000
337.450	-100.000
337.629	-27.000
337.807	-110.000
337.986	52.000
338.165	139.000
338.343	88.000
338.522	143.000
338.700	97.000
338.879	-119.000
339.057	132.000
339.236	313.000
339.414	53.000
339.593	-1.000
339.771	141.000
339.950	184.000
340.128	53.000
340.307	29.000
340.485	77.000
340.664	210.000
340.843	22.000
341.021	59.000
341.200	63.000
341.378	67.000
341.557	233.000
341.735	120.000
341.914	-188.000
342.092	-58.000
342.271	114.000
342.449	-44.000
342.628	-232.000
342.806	-323.000
342.985	80.000
343.163	223.000
343.342	47.000
343.521	-133.000
343.699	-181.000
343.878	1.000
344.056	126.000
344.235	-153.000
344.413	-176.000
344.592	60.000
344.770	-9.000
344.949	212.000
345.127	-7.000
345.306	39.000
345.484	-132.000
345.663	-82.000
345.841	142.000
346.020	195.000
346.199	123.000
346.377	-67.000
346.556	292.000
346.734	397.000
346.913	-42.000
347.091	-69.000
347.270	93.000
347.448	65.000
347.627	-106.000
347.805	32.000
347.984	-24.000
348.162	-126.000
348.341	150.000
348.519	199.000
348.698	-177.000
348.876	-256.000
349.055	-168.000
349.234	59.000
349.412	118.000
349.591	-157.000
349.769	-212.000
349.948	212.000
350.126	308.000
350.305	218.000
350.483	130.000
350.662	-178.000
350.840	-30.000
351.019	-166.000
351.197	62.000
351.376	125.000
351.554	21.000
351.733	95.000
351.912	165.000
352.090	202.000
352.269	92.000
352.447	27.000
352.626	17.000
352.804	128.000
352.983	-36.000
353.161	87.000
353.340	120.000
353.518	-77.000
353.697	118.000
353.875	247.000
354.054	411.000
354.232	390.000
354.411	210.000
354.590	28.000
354.768	237.000
354.947	-71.000
355.125	-220.000
355.304	-107.000
355.482	-65.000
355.661	-13.000
355.839	-174.000
356.018	-54.000
356.196	-32.000
356.375	-209.000
356.553	-4.000
356.732	-92.000
356.910	-135.000
357.089	16.000
357.268	102.000
357.446	248.000
357.625	156.000
357.803	7.000
357.982	-144.000
358.160	-169.000
358.339	100.000
358.517	48.000
358.696	29.000
358.874	-47.000
359.053	-11.000
359.231	-237.000
359.410	-106.000
359.588	-11.000
359.767	110.000
359.945	165.000
360.124	-10.000
360.303	-136.000
360.481	-156.000
360.660	-66.000
360.838	32.000
361.017	-54.000
361.195	-71.000
361.374	50.000
361.552	95.000
361.731	73.000
361.909	96.000
362.088	-179.000
362.266	-176.000
362.445	-155.000
362.623	39.000
362.802	98.000
362.981	-95.000
363.159	129.000
363.338	113.000
363.516	194.000
363.695	218.000
363.873	112.000
364.052	34.000
364.230	247.000
364.409	32.000
364.587	-4.000
364.766	15.000
364.944	117.000
365.123	157.000
365.301	37.000
365.480	190.000
365.660	22.000
365.839	94.000
366.019	356.000
366.199	220.000
366.379	87.000
366.558	-41.000
366.738	266.000
366.918	132.000
367.098	-389.000
367.277	-251.000
367.457	16.000
367.637	18.000
367.816	45.000
367.996	131.000
368.176	93.000
368.356	263.000
368.535	133.000
368.715	278.000
368.895	300.000
369.075	-49.000
369.254	-32.000
369.434	194.000
369.614	310.000
369.793	158.000
369.973	227.000
370.153	32.000
370.333	-23.000
370.512	49.000
370.692	114.000
370.872	65.000
371.051	96.000
371.231	479.000
371.411	364.000
371.591	30.000
371.770	90.000
371.950	151.000
372.130	-98.000
372.310	-190.000
372.489	34.000
372.669	-12.000
372.849	-23.000
373.028	172.000
373.208	187.000
373.388	1.000
373.568	54.000
373.747	118.000
373.927	59.000
374.107	-46.000
374.287	59.000
374.466	-80.000
374.646	-2.000
374.826	103.000
375.005	-77.000
375.185	-43.000
375.365	233.000
375.545	457.000
375.724	177.000
375.904	108.000
376.084	-33.000
376.263	-15.000
376.443	164.000
376.623	159.000
376.803	228.000
376.982	188.000
377.162	19.000
377.342	-14.000
377.522	133.000
377.701	186.000
377.881	-17.000
378.061	212.000
378.240	55.000
378.420	-131.000
378.600	-61.000
378.780	103.000
378.959	-43.000
379.139	149.000
379.319	216.000
379.499	144.000
379.678	184.000
379.858	333.000
380.038	50.000
380.217	37.000
380.397	110.000
380.577	135.000
380.757	-93.000
380.936	140.000
381.116	133.000
381.296	35.000
381.476	193.000
381.655	6.000
381.835	39.000
382.015	34.000
382.194	143.000
382.374	208.000
382.554	178.000
382.734	191.000
382.913	82.000
383.093	198.000
383.273	304.000
383.452	408.000
383.632	90.000
383.812	-27.000
383.992	81.000
384.171	252.000
384.351	79.000
384.531	137.000
384.711	56.000
384.890	-125.000
385.070	-75.000
385.250	3.000
385.429	217.000
385.609	164.000
385.789	71.000
385.969	37.000
386.148	17.000
386.328	242.000
386.508	250.000
386.688	83.000
386.867	176.000
387.047	231.000
387.227	95.000
387.406	9.000
387.586	4.000
387.766	225.000
387.946	135.000
388.125	78.000
388.305	-25.000
388.485	-43.000
388.664	240.000
388.844	304.000
389.024	196.000
389.204	224.000
389.383	114.000
389.563	-69.000
389.743	38.000
389.923	183.000
390.102	54.000
390.282	19.000
390.462	265.000
390.641	121.000
390.821	-107.000
391.001	78.000
391.181	222.000
391.360	365.000
391.540	248.000
391.720	-12.000
391.900	-16.000
392.079	5.000
392.259	78.000
392.439	41.000
392.618	130.000
392.798	275.000
392.978	135.000
393.158	-11.000
393.337	200.000
393.517	410.000
393.697	355.000
393.877	396.000
394.056	357.000
394.236	461.000
394.416	193.000
394.595	-97.000
394.775	64.000
394.955	127.000
395.135	-30.000
395.314	-71.000
395.494	294.000
395.674	320.000
395.853	-78.000
396.033	188.000
396.213	351.000
396.393	50.000
396.572	192.000
396.752	127.000
396.932	287.000
397.112	323.000
397.291	261.000
397.471	184.000
397.651	-71.000
397.830	-295.000
398.010	88.000
398.190	171.000
398.370	95.000
398.549	296.000
398.729	136.000
398.909	61.000
399.089	105.000
399.268	366.000
399.448	420.000
399.628	203.000
399.807	208.000
399.987	301.000
400.167	277.000
400.347	186.000
400.526	304.000
400.706	139.000
400.886	-26.000
401.065	-83.000
401.245	-44.000
401.425	179.000
401.605	179.000
401.784	185.000
401.964	238.000
402.144	336.000
402.324	150.000
402.503	-92.000
402.683	-19.000
402.863	71.000
403.042	-8.000
403.222	-4.000
403.402	251.000
403.582	206.000
403.761	-3.000
403.941	285.000
404.121	3.000
404.301	-91.000
404.480	267.000
404.660	284.000
404.844	422.000
405.029	347.000
405.213	199.000
405.398	81.000
405.582	22.000
405.767	135.000
405.951	97.000
406.136	223.000
406.320	277.000
406.505	402.000
406.689	485.000
406.874	314.000
407.058	427.000
407.243	328.000
407.427	162.000
407.612	304.000
407.796	281.000
407.981	402.000
408.165	482.000
408.350	489.000
408.534	60.000
408.719	-65.000
408.903	226.000
409.088	384.000
409.272	234.000
409.457	502.000
409.641	557.000
409.826	551.000
410.010	852.000
410.195	778.000
410.379	690.000
410.564	980.000
410.748	967.000
410.933	897.000
411.117	938.000
411.302	1101.000
411.486	1176.000
411.671	1342.000
411.855	1221.000
412.040	1062.000
412.224	892.000
412.409	876.000
412.593	1295.000
412.778	1324.000
412.962	1252.000
413.147	1829.000
413.331	2072.000
413.516	1900.000
413.700	1819.000
413.885	2193.000
414.069	2074.000
414.254	2229.000
414.438	2316.000
414.623	2127.000
414.807	2306.000
414.992	2196.000
415.176	2335.000
415.361	2687.000
415.545	2939.000
415.730	2896.000
415.914	2830.000
416.099	3425.000
416.283	3327.000
416.468	2998.000
416.652	3081.000
416.837	3302.000
417.021	3477.000
417.206	3318.000
417.390	3032.000
417.575	3163.000
417.759	3421.000
417.944	3647.000
418.128	3758.000
418.313	3860.000
418.497	3815.000
418.682	3851.000
418.866	4199.000
419.051	3806.000
419.235	3922.000
419.420	4516.000
419.604	4543.000
419.789	4590.000
419.973	4511.000
420.158	4586.000
420.342	4626.000
420.527	4864.000
420.711	5047.000
420.896	5189.000
421.080	5005.000
421.265	5264.000
421.449	5184.000
421.634	5213.000
421.818	5422.000
422.003	5066.000
422.187	4988.000
422.372	5288.000
422.556	5250.000
422.741	5275.000
422.925	5660.000
423.110	5576.000
423.294	5670.000
423.479	5941.000
423.663	6122.000
423.848	5997.000
424.032	5844.000
424.217	5949.000
424.401	6031.000
424.586	5894.000
424.770	5803.000
424.955	6160.000
425.139	6369.000
425.324	6233.000
425.508	6313.000
425.693	6393.000
425.877	6523.000
426.062	6411.000
426.246	6509.000
426.431	6447.000
426.615	6298.000
426.800	6378.000
426.984	6284.000
427.169	6534.000
427.353	6760.000
427.538	6538.000
427.722	6519.000
427.907	6559.000
428.091	6602.000
428.276	6695.000
428.460	6892.000
428.645	7138.000
428.829	6683.000
429.014	6428.000
429.198	6359.000
429.383	6552.000
429.567	6372.000
429.752	5814.000
429.936	6002.000
430.121	6095.000
430.305	6258.000
430.490	6203.000
430.674	6467.000
430.859	6990.000
431.043	7014.000
431.228	7299.000
431.412	7394.000
431.597	7504.000
431.781	7651.000
431.966	7832.000
432.150	8054.000
432.335	8167.000
432.519	8259.000
432.704	8366.000
432.888	8427.000
433.073	7945.000
433.257	8001.000
433.442	8246.000
433.626	8093.000
433.811	8191.000
433.995	8428.000
434.180	8354.000
434.364	8714.000
434.549	9173.000
434.733	9184.000
434.918	8992.000
435.102	9283.000
435.287	9314.000
435.471	9301.000
435.656	9533.000
435.840	9731.000
436.030	9678.000
436.219	9473.000
436.409	10007.000
436.599	9753.000
436.789	9673.000
436.978	9766.000
437.168	9811.000
437.358	9885.000
437.548	9729.000
437.737	9618.000
437.927	9849.000
438.117	9993.000
438.306	10080.000
438.496	9996.000
438.686	10159.000
438.876	10259.000
439.065	10668.000
439.255	10678.000
439.445	10528.000
439.634	10772.000
439.824	11001.000
440.014	10801.000
440.204	11139.000
440.393	11438.000
440.583	11855.000
440.773	11640.000
440.963	11704.000
441.152	11948.000
441.342	11954.000
441.532	12359.000
441.721	12372.000
441.911	12496.000
442.101	12586.000
442.291	12812.000
442.480	13045.000
442.670	13314.000
442.860	13393.000
443.050	13545.000
443.239	13891.000
443.429	13935.000
443.619	13926.000
443.808	14054.000
443.998	14352.000
444.188	14484.000
444.378	14739.000
444.567	14642.000
444.757	14557.000
444.947	14803.000
445.137	15247.000
445.326	15439.000
445.516	15294.000
445.706	15607.000
445.895	15999.000
446.085	16153.000
446.275	16000.000
446.465	16120.000
446.654	16657.000
446.844	17021.000
447.034	16961.000
447.223	17277.000
447.413	17770.000
447.603	18055.000
447.793	17982.000
447.982	18261.000
448.172	18178.000
448.362	18527.000
448.552	18627.000
448.741	18807.000
448.931	19026.000
449.121	19283.000
449.310	19713.000
449.500	20100.000
449.690	20332.000
449.880	20453.000
450.069	20989.000
450.259	21141.000
450.449	21028.000
450.639	21557.000
450.828	21702.000
451.018	21935.000
451.208	22124.000
451.397	22178.000
451.587	22426.000
451.777	22317.000
451.967	22390.000
452.156	22635.000
452.346	22621.000
452.536	22947.000
452.725	23061.000
452.915	23222.000
453.105	23176.000
453.295	23489.000
453.484	23678.000
453.674	23959.000
453.864	23909.000
454.054	24108.000
454.243	24469.000
454.433	24335.000
454.623	24404.000
454.812	24471.000
455.002	24698.000
455.192	25022.000
455.382	24875.000
455.571	24932.000
455.761	25164.000
455.951	25569.000
456.141	25417.000
456.330	25380.000
456.520	25507.000
456.710	25653.000
456.899	25507.000
457.089	25566.000
457.279	25790.000
457.469	25668.000
457.658	25028.000
457.848	25087.000
458.038	25439.000
458.228	25093.000
458.417	24864.000
458.607	24826.000
458.797	24928.000
458.986	24858.000
459.176	24710.000
459.366	24541.000
459.556	24083.000
459.745	24073.000
459.935	24201.000
460.125	24053.000
460.314	24005.000
460.504	23880.000
460.694	23980.000
460.884	24072.000
461.073	23712.000
461.263	23415.000
461.453	23527.000
461.643	23578.000
461.832	23477.000
462.022	23299.000
462.212	23020.000
462.401	23164.000
462.591	23154.000
462.781	22840.000
462.971	22718.000
463.160	22711.000
463.350	22524.000
463.540	22236.000
463.730	22105.000
463.919	21828.000
464.109	21573.000
464.299	21807.000
464.488	21729.000
464.678	21390.000
464.868	21600.000
465.058	21480.000
465.247	21409.000
465.437	21236.000
465.627	21288.000
465.816	21151.000
466.006	20676.000
466.196	20627.000
466.386	20679.000
466.575	20533.000
466.765	20390.000
466.955	20281.000
467.145	20191.000
467.334	20128.000
467.524	20270.000
467.714	20196.000
467.903	20256.000
468.093	20203.000
468.283	20279.000
468.473	20616.000
468.662	20585.000
468.852	20629.000
469.042	20383.000
469.232	20449.000
469.421	20529.000
469.611	20070.000
469.801	20156.000
469.990	20141.000
470.180	20000.000
470.370	19646.000
470.560	19696.000
470.749	19807.000
470.939	19885.000
471.129	20073.000
471.318	19959.000
471.508	19928.000
471.698	20152.000
471.888	19902.000
472.077	19724.000
472.267	20194.000
472.457	20149.000
472.647	19690.000
472.836	19485.000
473.026	19679.000
473.216	19838.000
473.405	19743.000
473.595	19406.000
473.785	19484.000
473.975	19716.000
474.164	19438.000
474.354	19315.000
474.544	19458.000
474.734	19775.000
474.923	19559.000
475.113	19148.000
475.303	18941.000
475.492	19313.000
475.682	19304.000
475.872	18846.000
476.062	18804.000
476.251	18894.000
476.441	18634.000
476.631	18357.000
476.821	18223.000
477.010	18384.000
477.200	18204.000
477.390	18317.000
477.579	18682.000
477.769	18690.000
477.959	18670.000
478.149	18250.000
478.338	18374.000
478.528	18727.000
478.718	18377.000
478.907	18166.000
479.097	18059.000
479.287	18035.000
479.477	18153.000
479.666	18086.000
479.856	18275.000
480.046	17957.000
480.236	17806.000
480.425	17637.000
480.615	17884.000
480.805	17916.000
480.994	17819.000
481.184	17932.000
481.374	18295.000
481.564	18130.000
481.753	18015.000
481.943	17868.000
482.133	17829.000
482.323	17479.000
482.512	17488.000
482.702	17479.000
482.892	17139.000
483.081	17262.000
483.271	17471.000
483.461	17205.000
483.651	17204.000
483.840	17378.000
484.030	17378.000
484.220	16894.000
484.409	16941.000
484.599	17198.000
484.789	16619.000
484.979	16340.000
485.168	16367.000
485.358	16031.000
485.548	15679.000
485.738	15713.000
485.927	15435.000
486.117	15080.000
486.307	15026.000
486.496	14647.000
486.686	14668.000
486.876	14859.000
487.066	15169.000
487.255	15168.000
487.445	15470.000
487.635	15796.000
487.825	15714.000
488.014	15691.000
488.204	15997.000
488.394	16336.000
488.583	16337.000
488.773	15885.000
488.963	15923.000
489.153	16111.000
489.342	15988.000
489.532	16044.000
489.722	16629.000
489.912	16937.000
490.101	16965.000
490.291	16756.000
490.481	16639.000
490.670	16586.000
490.860	16459.000
491.050	16541.000
491.240	16639.000
491.429	16618.000
491.619	16388.000
491.809	16167.000
491.998	15944.000
492.188	15934.000
492.378	16236.000
492.568	15947.000
492.757	16125.000
492.947	16518.000
493.137	16446.000
493.327	16422.000
493.516	16364.000
493.706	16588.000
493.896	16260.000
494.085	16364.000
494.275	16651.000
494.465	16647.000
494.655	16931.000
494.844	17018.000
495.034	16949.000
495.224	17054.000
495.414	17013.000
495.603	17181.000
495.793	16859.000
495.983	16806.000
496.172	16797.000
496.362	16867.000
496.552	17188.000
496.742	17036.000
496.931	16996.000
497.121	17041.000
497.311	16960.000
497.500	17189.000
497.690	17474.000
497.880	16772.000
498.070	16473.000
498.259	16676.000
498.449	16826.000
498.639	16664.000
498.829	16578.000
499.018	16872.000
499.208	16838.000
499.398	16979.000
499.587	17343.000
499.777	17299.000
499.967	16973.000
500.157	16998.000
500.346	16908.000
500.536	16871.000
500.726	16743.000
500.916	16939.000
501.105	16868.000
501.295	16832.000
501.485	17340.000
501.674	16614.000
501.864	16626.000
502.054	17031.000
502.244	17158.000
502.433	16807.000
502.623	17048.000
502.813	17448.000
503.003	17060.000
503.192	16991.000
503.382	17218.000
503.572	17471.000
503.761	17105.000
503.951	16776.000
504.141	17137.000
504.331	16974.000
504.520	16721.000
504.710	17202.000
504.900	17157.000
505.089	17290.000
505.279	17445.000
505.469	17790.000
505.659	17868.000
505.848	18080.000
506.038	18025.000
506.228	17626.000
506.418	17397.000
506.607	17724.000
506.797	17638.000
506.987	17536.000
507.176	17316.000
507.366	17620.000
507.556	17636.000
507.746	17385.000
507.935	17622.000
508.125	17571.000
508.315	17046.000
508.505	17297.000
508.694	17376.000
508.884	17830.000
509.074	17902.000
509.263	17689.000
509.453	17514.000
509.643	17687.000
509.833	17536.000
510.022	17286.000
510.212	17577.000
510.402	17611.000
510.592	17742.000
510.781	17732.000
510.971	17633.000
511.161	17909.000
511.350	17929.000
511.540	17748.000
511.730	17798.000
511.920	17818.000
512.109	17483.000
512.299	17521.000
512.489	17536.000
512.678	17705.000
512.868	17514.000
513.058	17533.000
513.248	17337.000
513.437	17361.000
513.627	17482.000
513.817	17240.000
514.007	17231.000
514.196	17455.000
514.386	17178.000
514.576	16986.000
514.765	17214.000
514.955	17425.000
515.145	17138.000
515.335	17186.000
515.524	17293.000
515.714	17274.000
515.904	16988.000
516.094	16867.000
516.283	16989.000
516.473	17138.000
516.663	16802.000
516.852	16369.000
517.042	16055.000
517.232	15888.000
517.422	15937.000
517.611	16099.000
517.801	16339.000
517.991	16578.000
518.180	16385.000
518.370	16265.000
518.560	16192.000
518.750	16566.000
518.939	16476.000
519.129	16317.000
519.319	16671.000
519.509	16742.000
519.698	16649.000
519.888	16921.000
520.078	17007.000
520.267	17242.000
520.457	17159.000
520.647	16694.000
520.837	16873.000
521.026	17385.000
521.216	17377.000
521.406	17443.000
521.596	17440.000
521.785	17483.000
521.975	17443.000
522.165	17002.000
522.354	17262.000
522.544	17469.000
522.734	17187.000
522.924	16976.000
523.113	16952.000
523.303	17062.000
523.493	17155.000
523.683	17039.000
523.872	17353.000
524.062	17534.000
524.252	17554.000
524.441	17417.000
524.631	17695.000
524.821	17736.000
525.011	17393.000
525.200	17454.000
525.390	17688.000
525.580	17646.000
525.769	17164.000
525.959	17350.000
526.149	17094.000
526.339	17292.000
526.528	17322.000
526.718	16833.000
526.908	16596.000
527.098	17018.000
527.287	17318.000
527.477	16874.000
527.667	17103.000
527.856	17325.000
528.046	17156.000
528.236	17510.000
528.426	18013.000
528.615	17917.000
528.805	17487.000
528.995	17761.000
529.185	17685.000
529.374	18121.000
529.564	18041.000
529.754	17558.000
529.943	17884.000
530.133	17847.000
530.323	18105.000
530.513	17975.000
530.702	17905.000
530.892	18106.000
531.082	17422.000
531.271	17323.000
531.461	17530.000
531.651	17560.000
531.841	17436.000
532.030	17537.000
532.220	17135.000
532.410	17127.000
532.600	16943.000
532.789	16674.000
532.979	16578.000
533.169	17189.000
533.358	17315.000
533.548	16926.000
533.738	16915.000
533.928	16960.000
534.117	16749.000
534.307	16725.000
534.497	16748.000
534.687	16990.000
534.876	17010.000
535.066	16957.000
535.256	16695.000
535.445	16873.000
535.635	16621.000
535.825	16390.000
536.015	16517.000
536.204	16441.000
536.394	16304.000
536.584	16102.000
536.773	16231.000
536.963	16312.000
537.153	16283.000
537.343	16212.000
537.532	16473.000
537.722	16582.000
537.912	16648.000
538.102	16347.000
538.291	16330.000
538.481	16364.000
538.671	16043.000
538.860	16062.000
539.050	15881.000
539.240	15778.000
539.430	15797.000
539.619	15856.000
539.809	15868.000
539.999	15805.000
540.189	15727.000
540.378	15568.000
540.568	15822.000
540.758	15854.000
540.947	15946.000
541.137	16028.000
541.327	16212.000
541.517	16226.000
541.706	15780.000
541.896	15705.000
542.086	15882.000
542.276	16001.000
542.465	15796.000
542.655	15586.000
542.845	15627.000
543.034	15631.000
543.224	15970.000
543.414	15776.000
543.604	15777.000
543.793	15878.000
543.983	15876.000
544.173	15780.000
544.362	15986.000
544.552	16193.000
544.742	15908.000
544.932	15395.000
545.121	15473.000
545.311	15532.000
545.501	15829.000
545.691	15355.000
545.880	15269.000
546.070	15653.000
546.264	15592.000
546.459	15422.000
546.653	15168.000
546.847	15324.000
547.041	15413.000
547.236	15490.000
547.430	15640.000
547.624	15660.000
547.818	15370.000
548.013	15462.000
548.207	15732.000
548.401	15346.000
548.596	15370.000
548.790	15589.000
548.984	15710.000
549.178	15701.000
549.373	15614.000
549.567	15453.000
549.761	15103.000
549.956	15098.000
550.150	15262.000
550.344	15356.000
550.538	15555.000
550.733	15394.000
550.927	15541.000
551.121	15497.000
551.315	15329.000
551.510	15394.000
551.704	15227.000
551.898	15004.000
552.093	15370.000
552.287	15458.000
552.481	15464.000
552.675	15203.000
552.870	15047.000
553.064	14992.000
553.258	15215.000
553.453	15260.000
553.647	15197.000
553.841	15211.000
554.035	15330.000
554.230	15083.000
554.424	15089.000
554.618	15300.000
554.812	15134.000
555.007	14866.000
555.201	15142.000
555.395	15336.000
555.590	15194.000
555.784	15261.000
555.978	15159.000
556.172	15284.000
556.367	15325.000
556.561	14958.000
556.755	14745.000
556.949	14723.000
557.144	14782.000
557.338	14956.000
557.532	14732.000
557.727	15117.000
557.921	15056.000
558.115	14534.000
558.309	14745.000
558.504	14876.000
558.698	14895.000
558.892	14920.000
559.087	14770.000
559.281	14588.000
559.475	14631.000
559.669	14676.000
559.864	14432.000
560.058	14859.000
560.252	14821.000
560.446	14757.000
560.641	15069.000
560.835	15531.000
561.029	14957.000
561.224	14878.000
561.418	14732.000
561.612	14947.000
561.806	15236.000
562.001	14796.000
562.195	14789.000
562.389	14823.000
562.584	14695.000
562.778	14651.000
562.972	14722.000
563.166	15116.000
563.361	15048.000
563.555	14729.000
563.749	14734.000
563.943	14950.000
564.138	14835.000
564.332	14733.000
564.526	14543.000
564.721	14662.000
564.915	14641.000
565.109	14519.000
565.303	14637.000
565.498	14664.000
565.692	14486.000
565.886	14082.000
566.081	14723.000
566.275	14975.000
566.469	14928.000
566.663	14474.000
566.858	14459.000
567.052	15112.000
567.246	14739.000
567.440	14242.000
567.635	14641.000
567.829	15022.000
568.023	14837.000
568.218	14513.000
568.412	14519.000
568.606	14546.000
568.800	14286.000
568.995	14197.000
569.189	14530.000
569.383	14793.000
569.577	14961.000
569.772	14410.000
569.966	14124.000
570.160	14542.000
570.355	14330.000
570.549	14409.000
570.743	14435.000
570.937	14407.000
571.132	14140.000
571.326	14092.000
571.520	13956.000
571.715	13865.000
571.909	13864.000
572.103	14204.000
572.297	14546.000
572.492	14434.000
572.686	14192.000
572.880	13876.000
573.074	13985.000
573.269	14059.000
573.463	14328.000
573.657	14110.000
573.852	14020.000
574.046	13800.000
574.240	13614.000
574.434	13680.000
574.629	13893.000
574.823	14141.000
575.017	14220.000
575.212	13638.000
575.406	13560.000
575.600	13702.000
575.794	13834.000
575.989	13696.000
576.183	13638.000
576.377	14052.000
576.571	14028.000
576.766	13667.000
576.960	13961.000
577.159	14076.000
577.357	13791.000
577.556	13345.000
577.755	13292.000
577.953	13538.000
578.152	13360.000
578.350	13241.000
578.549	13397.000
578.748	13666.000
578.946	13228.000
579.145	13131.000
579.344	13520.000
579.542	14037.000
579.741	13819.000
579.940	13566.000
580.138	13511.000
580.337	13382.000
580.535	13389.000
580.734	13612.000
580.933	13764.000
581.131	13758.000
581.330	13449.000
581.529	13625.000
581.727	13942.000
581.926	14677.000
582.125	14823.000
582.323	14151.000
582.522	14031.000
582.721	14153.000
582.919	14404.000
583.118	14109.000
583.316	14142.000
583.515	14454.000
583.714	14707.000
583.912	14604.000
584.111	14698.000
584.310	14757.000
584.508	14272.000
584.707	14357.000
584.906	14656.000
585.104	14669.000
585.303	14757.000
585.501	14309.000
585.700	14127.000
585.899	14423.000
586.097	14593.000
586.296	14523.000
586.495	14430.000
586.693	14810.000
586.892	14729.000
587.091	14464.000
587.289	14476.000
587.488	14737.000
587.686	14023.000
587.885	13846.000
588.084	13814.000
588.282	13609.000
588.481	13590.000
588.680	13580.000
588.878	13310.000
589.077	13116.000
589.276	13268.000
589.474	13229.000
589.673	13339.000
589.871	13585.000
590.070	13521.000
590.269	13319.000
590.467	13545.000
590.666	13877.000
590.865	13346.000
591.063	13489.000
591.262	13846.000
591.461	13922.000
591.659	13489.000
591.858	13478.000
592.056	13669.000
592.255	13943.000
592.454	13473.000
592.652	13541.000
592.851	13718.000
593.050	13880.000
593.248	13659.000
593.447	13400.000
593.646	13324.000
593.844	13657.000
594.043	13594.000
594.241	13365.000
594.440	13614.000
594.639	13641.000
594.837	13232.000
595.036	13406.000
595.235	13224.000
595.433	13403.000
595.632	13491.000
595.831	13316.000
596.029	13520.000
596.228	13415.000
596.427	13098.000
596.625	13497.000
596.824	13407.000
597.022	13549.000
597.221	13461.000
597.420	13249.000
597.618	13411.000
597.817	13548.000
598.016	13449.000
598.214	13187.000
598.413	12985.000
598.612	12963.000
598.810	13331.000
599.009	13121.000
599.207	13473.000
599.406	13831.000
599.605	13343.000
599.803	12883.000
600.002	13110.000
600.201	13515.000
600.399	13554.000
600.598	13198.000
600.797	13205.000
600.995	13208.000
601.194	12962.000
601.392	13074.000
601.591	13222.000
601.790	13353.000
601.988	13046.000
602.187	12918.000
602.386	13063.000
602.584	13477.000
602.783	13325.000
602.982	12946.000
603.180	13173.000
603.379	13972.000
603.577	13469.000
603.776	12848.000
603.975	13083.000
604.173	13327.000
604.372	13158.000
604.571	12869.000
604.769	12977.000
604.968	13100.000
605.167	12715.000
605.365	12444.000
605.564	12835.000
605.762	13012.000
605.961	12703.000
606.160	12678.000
606.358	12966.000
606.557	13475.000
606.756	13002.000
606.954	12750.000
607.153	13075.000
607.352	13137.000
607.550	12909.000
607.749	12473.000
607.948	12728.000
608.146	12807.000
608.345	12704.000
608.543	12391.000
608.742	12679.000
608.941	12964.000
609.139	12950.000
609.338	12606.000
609.537	12594.000
609.735	12759.000
609.934	12235.000
610.133	12159.000
610.331	12506.000
610.530	12912.000
610.728	12807.000
610.927	12022.000
611.126	12179.000
611.324	12540.000
611.523	12480.000
611.722	12236.000
611.920	12310.000
612.119	11874.000
612.318	11804.000
612.516	11951.000
612.715	12193.000
612.913	12449.000
613.112	12230.000
613.311	12017.000
613.509	11674.000
613.708	11984.000
613.907	11913.000
614.105	11810.000
614.304	11727.000
614.503	11737.000
614.701	11685.000
614.900	11657.000
615.098	11942.000
615.297	11822.000
615.496	11445.000
615.694	11349.000
615.893	11714.000
616.092	11837.000
616.290	11655.000
616.489	11510.000
616.688	11484.000
616.886	11570.000
617.085	11351.000
617.283	11258.000
617.482	11122.000
617.681	11194.000
617.879	11289.000
618.078	11263.000
618.277	11438.000
618.475	11377.000
618.674	11180.000
618.873	11230.000
619.071	11322.000
619.270	11401.000
619.468	11289.000
619.667	11081.000
619.866	11167.000
620.064	11490.000
620.263	11200.000
620.462	10817.000
620.660	10894.000
620.859	11043.000
621.058	10924.000
621.256	10831.000
621.455	10719.000
621.654	10819.000
621.852	10898.000
622.051	10849.000
622.249	10667.000
622.448	10881.000
622.647	10421.000
622.845	10556.000
623.044	10555.000
623.243	10576.000
623.441	10744.000
623.640	10123.000
623.839	9936.000
624.037	10054.000
624.236	10317.000
624.434	10165.000
624.633	10305.000
624.832	10517.000
625.030	10059.000
625.229	9946.000
625.428	9928.000
625.626	10339.000
625.825	10395.000
626.024	10200.000
626.222	10195.000
626.421	10290.000
626.619	10112.000
626.818	9747.000
627.017	9981.000
627.215	10329.000
627.414	9636.000
627.613	9772.000
627.811	9706.000
628.010	9659.000
628.209	9875.000
628.407	9664.000
628.606	9750.000
628.804	9963.000
629.003	9958.000
629.202	9585.000
629.400	9531.000
629.599	9789.000
629.798	9543.000
629.996	9418.000
630.195	9374.000
630.394	9377.000
630.592	9612.000
630.791	9297.000
630.990	9476.000
631.188	9505.000
631.387	9408.000
631.585	9552.000
631.784	9216.000
631.983	9133.000
632.181	9409.000
632.380	9348.000
632.579	9482.000
632.777	9571.000
632.976	9139.000
633.175	8904.000
633.373	9309.000
633.572	9494.000
633.770	9266.000
633.969	9106.000
634.168	8980.000
634.366	9073.000
634.565	9015.000
634.764	9009.000
634.962	9233.000
635.161	9457.000
635.360	9052.000
635.558	8964.000
635.757	9100.000
635.955	8954.000
636.154	8857.000
636.353	9015.000
636.551	8698.000
636.750	8497.000
636.949	8662.000
637.147	8728.000
637.346	8452.000
637.545	8624.000
637.743	8516.000
637.942	8475.000
638.140	8611.000
638.339	8789.000
638.538	8906.000
638.736	8609.000
638.935	8313.000
639.134	8235.000
639.332	8349.000
639.531	8233.000
639.730	8194.000
639.928	8780.000
640.127	8605.000
640.325	8247.000
640.524	8259.000
640.723	8410.000
640.921	8516.000
641.120	8238.000
641.319	8198.000
641.517	8269.000
641.716	8115.000
641.915	8204.000
642.113	8171.000
642.312	7959.000
642.510	7867.000
642.709	8036.000
642.908	8086.000
643.106	7944.000
643.305	7698.000
643.504	7733.000
643.702	8148.000
643.901	8378.000
644.100	7815.000
644.298	7628.000
644.497	7656.000
644.696	7910.000
644.894	7561.000
645.093	7647.000
645.291	7779.000
645.490	7980.000
645.689	7638.000
645.887	7701.000
646.086	8065.000
646.285	7897.000
646.483	7355.000
646.682	7327.000
646.881	7364.000
647.079	7513.000
647.278	7549.000
647.476	7221.000
647.675	7284.000
647.874	7664.000
648.072	7558.000
648.271	7017.000
648.470	7052.000
648.668	7585.000
648.867	7514.000
649.066	7195.000
649.264	7315.000
649.463	7266.000
649.661	7057.000
649.860	7023.000
650.059	6814.000
650.257	6778.000
650.456	7171.000
650.655	7158.000
650.853	7136.000
651.052	7079.000
651.251	6703.000
651.449	6603.000
651.648	6749.000
651.846	6767.000
652.045	6529.000
652.244	6744.000
652.442	6965.000
652.641	7071.000
652.840	6949.000
653.038	6856.000
653.237	6914.000
653.436	6954.000
653.634	6633.000
653.833	6817.000
654.032	6899.000
654.230	6830.000
654.429	6449.000
654.627	6445.000
654.826	6432.000
655.025	6413.000
655.223	6765.000
655.422	6366.000
655.621	6224.000
655.819	6496.000
656.018	6376.000
656.217	6312.000
656.415	6143.000
656.614	6162.000
656.812	6476.000
657.011	6510.000
657.210	6421.000
657.408	6217.000
657.607	6400.000
657.806	6271.000
658.004	6304.000
658.203	6391.000
658.402	6050.000
658.600	6108.000
658.799	6026.000
658.997	6122.000
659.196	5972.000
659.395	6048.000
659.593	6240.000
659.792	6357.000
659.991	6330.000
660.189	6103.000
660.388	6329.000
660.587	6305.000
660.785	6178.000
660.984	5849.000
661.182	5797.000
661.381	6073.000
661.580	6065.000
661.778	6073.000
661.977	6311.000
662.176	6240.000
662.374	5980.000
662.573	5976.000
662.772	6326.000
662.970	6025.000
663.169	5669.000
663.367	5729.000
663.566	5845.000
663.765	6128.000
663.963	5843.000
664.162	5777.000
664.361	5817.000
664.559	6137.000
664.758	6248.000
664.957	5820.000
665.155	5696.000
665.354	5965.000
665.552	5996.000
665.751	5826.000
665.950	5616.000
666.148	5554.000
666.347	5547.000
666.546	5374.000
666.744	5538.000
666.943	5693.000
667.142	5260.000
667.340	5601.000
667.539	6130.000
667.738	5701.000
667.936	5602.000
668.135	5493.000
668.333	5322.000
668.532	5580.000
668.731	5416.000
668.929	5194.000
669.128	5234.000
669.327	5538.000
669.525	5588.000
669.724	5371.000
669.923	5108.000
670.121	4924.000
670.320	5004.000
670.518	5104.000
670.717	4845.000
670.916	4981.000
671.114	5180.000
671.313	4976.000
671.512	4954.000
671.710	4983.000
671.909	5136.000
672.108	5203.000
672.306	5164.000
672.505	5040.000
672.703	4849.000
672.902	4922.000
673.101	4991.000
673.299	5316.000
673.498	5163.000
673.697	4836.000
673.895	4788.000
674.094	4932.000
674.293	4787.000
674.491	4515.000
674.690	4560.000
674.888	4477.000
675.087	4645.000
675.286	4543.000
675.484	4581.000
675.683	4702.000
675.882	4516.000
676.080	4650.000
676.279	4570.000
676.478	4676.000
676.676	4668.000
676.875	4300.000
677.073	4324.000
677.272	4587.000
677.471	4473.000
677.669	4690.000
677.868	4698.000
678.067	4542.000
678.265	4403.000
678.464	4354.000
678.663	4370.000
678.861	4465.000
679.060	4342.000
679.259	4048.000
679.457	4294.000
679.656	4394.000
679.854	4115.000
680.053	3848.000
680.252	3990.000
680.450	3969.000
680.649	4308.000
680.848	4193.000
681.046	4049.000
681.245	4062.000
681.444	3897.000
681.642	4149.000
681.841	4255.000
682.039	4508.000
682.238	4360.000
682.437	3809.000
682.635	3919.000
682.834	4197.000
683.033	4122.000
683.231	3862.000
683.430	3589.000
683.629	3601.000
683.827	3971.000
684.026	3900.000
684.224	3841.000
684.423	3702.000
684.622	3552.000
684.820	3558.000
685.019	3883.000
685.218	4067.000
685.416	3635.000
685.615	3367.000
685.814	3434.000
686.012	3579.000
686.211	3356.000
686.409	3186.000
686.608	3121.000
686.807	3143.000
687.005	3052.000
687.204	3037.000
687.403	3015.000
687.601	3223.000
687.800	3243.000
687.999	2886.000
688.197	2794.000
688.396	2645.000
688.594	2799.000
688.793	2714.000
688.992	3015.000
689.190	3281.000
689.389	3106.000
689.588	2924.000
689.786	3032.000
689.985	3119.000
690.184	3030.000
690.382	3064.000
690.581	2911.000
690.779	3224.000
690.978	3027.000
691.177	2967.000
691.375	3005.000
691.574	3496.000
691.773	3530.000
691.971	2966.000
692.170	2866.000
692.369	2940.000
692.567	2807.000
692.766	2864.000
692.965	2941.000
693.163	3139.000
693.362	3052.000
693.560	2852.000
693.759	2927.000
693.958	3234.000
694.156	3219.000
694.355	2667.000
694.554	2782.000
694.752	2966.000
694.951	2735.000
695.150	2513.000
695.348	2723.000
695.547	2855.000
695.745	2644.000
695.944	2541.000
696.143	2574.000
696.341	2894.000
696.540	2889.000
696.743	2695.000
696.946	2782.000
697.149	2888.000
697.352	2873.000
697.555	2652.000
697.757	2569.000
697.960	2688.000
698.163	2512.000
698.366	2479.000
698.569	2590.000
698.772	2706.000
698.975	2751.000
699.178	2431.000
699.381	2413.000
699.584	2962.000
699.787	2984.000
699.989	2514.000
700.192	2562.000
700.395	2687.000
700.598	2926.000
700.801	2673.000
701.004	2532.000
701.207	2810.000
701.410	2665.000
701.613	2521.000
701.816	2554.000
702.019	2606.000
702.221	2794.000
702.424	2275.000
702.627	2315.000
702.830	2521.000
703.033	2507.000
703.236	2324.000
703.439	2388.000
703.642	2561.000
703.845	2563.000
704.048	2453.000
704.251	2366.000
704.453	2168.000
704.656	2330.000
704.859	2394.000
705.062	2418.000
705.265	2629.000
705.468	2309.000
705.671	2343.000
705.874	2349.000
706.077	2361.000
706.280	2248.000
706.483	2204.000
706.685	2383.000
706.888	2501.000
707.091	2558.000
707.294	2432.000
707.497	2288.000
707.700	2642.000
707.903	2710.000
708.106	2328.000
708.309	2200.000
708.512	2431.000
708.715	2414.000
708.917	2439.000
709.120	2521.000
709.323	2450.000
709.526	2277.000
709.729	2044.000
709.932	2154.000
710.135	2166.000
710.338	2117.000
710.541	2125.000
710.744	2207.000
710.947	2264.000
711.149	2221.000
711.352	2011.000
711.555	2142.000
711.758	2398.000
711.961	2199.000
712.164	2032.000
712.367	2065.000
712.570	1954.000
712.773	1839.000
712.976	1768.000
713.179	1563.000
713.381	1820.000
713.584	2059.000
713.787	1885.000
713.990	1898.000
714.193	2118.000
714.396	2042.000
714.599	2386.000
714.802	2145.000
715.005	2062.000
715.208	1919.000
715.411	1752.000
715.613	1823.000
715.816	2000.000
716.019	1828.000
716.222	1752.000
716.425	1899.000
716.628	1898.000
716.831	1580.000
717.034	1313.000
717.237	1405.000
717.440	1436.000
717.643	1440.000
717.845	1422.000
718.048	1459.000
718.251	1455.000
718.454	1567.000
718.657	1417.000
718.860	1428.000
719.063	1547.000
719.266	1345.000
719.469	1235.000
719.672	1385.000
719.875	1656.000
720.077	1549.000
720.280	1363.000
720.483	1623.000
720.686	1724.000
720.889	1596.000
721.092	1410.000
721.295	1325.000
721.498	1355.000
721.701	1500.000
721.904	1359.000
722.107	1493.000
722.309	1636.000
722.512	1160.000
722.715	1287.000
722.918	1234.000
723.121	1319.000
723.324	1471.000
723.527	1228.000
723.730	1314.000
723.933	1723.000
724.136	1547.000
724.339	1222.000
724.541	1220.000
724.744	1445.000
724.947	1285.000
725.150	1125.000
725.353	1317.000
725.556	1276.000
725.759	1327.000
725.962	1295.000
726.165	1209.000
726.368	1445.000
726.571	1292.000
726.773	1246.000
726.976	1434.000
727.179	1647.000
727.382	1335.000
727.585	1216.000
727.788	1123.000
727.991	1105.000
728.194	1136.000
728.397	895.000
728.600	990.000
728.803	1154.000
729.005	1116.000
729.208	1175.000
729.411	1323.000
729.614	1458.000
729.817	1286.000
730.020	1149.000
730.223	1174.000
730.426	1186.000
730.629	1173.000
730.832	1098.000
731.035	1164.000
731.237	1310.000
731.440	1125.000
731.643	1208.000
731.846	1059.000
732.049	1300.000
732.252	1592.000
732.455	1394.000
732.658	1153.000
732.861	1186.000
733.064	965.000
733.267	1033.000
733.469	1282.000
733.672	1257.000
733.875	1144.000
734.078	1260.000
734.281	1219.000
734.484	1421.000
734.687	1046.000
734.890	874.000
735.093	1229.000
735.296	1653.000
735.499	1474.000
735.701	1049.000
735.904	1318.000
736.107	1391.000
736.310	1136.000
736.513	1075.000
736.716	1182.000
736.919	916.000
737.122	811.000
737.325	936.000
737.528	1056.000
737.731	1122.000
737.933	1157.000
738.136	1196.000
738.339	1210.000
738.542	1429.000
738.745	1289.000
738.948	919.000
739.151	943.000
739.354	946.000
739.557	912.000
739.760	840.000
739.963	1018.000
740.165	1383.000
740.368	1208.000
740.571	823.000
740.774	804.000
740.977	1061.000
741.180	1033.000
741.383	982.000
741.586	1065.000
741.789	1373.000
741.992	1250.000
742.195	953.000
742.397	1114.000
742.600	1454.000
742.803	1220.000
743.006	1001.000
743.209	942.000
743.412	848.000
743.615	765.000
743.818	876.000
744.021	758.000
744.224	911.000
744.427	1104.000
744.629	918.000
744.832	932.000
745.035	1047.000
745.238	999.000
745.441	973.000
745.644	809.000
745.847	1020.000
746.050	1113.000
746.253	957.000
746.456	970.000
746.659	1043.000
746.861	631.000
747.064	855.000
747.267	889.000
747.470	821.000
747.673	948.000
747.876	976.000
748.079	1106.000
748.282	1171.000
748.485	798.000
748.688	698.000
748.891	686.000
749.093	1031.000
749.296	989.000
749.499	704.000
749.702	763.000
749.905	816.000
750.108	740.000
750.311	710.000
750.514	792.000
750.717	1029.000
750.920	1085.000
751.123	820.000
751.325	586.000
751.528	504.000
751.731	430.000
751.934	667.000
752.137	1034.000
752.340	823.000
752.543	785.000
752.746	794.000
752.949	561.000
753.152	754.000
753.355	690.000
753.557	514.000
753.760	647.000
753.963	885.000
754.166	895.000
754.369	591.000
754.572	728.000
754.775	748.000
754.978	821.000
755.181	508.000
755.384	675.000
755.587	994.000
755.789	542.000
755.992	771.000
756.195	914.000
756.398	883.000
756.601	837.000
756.804	764.000
757.007	821.000
757.210	730.000
757.413	445.000
757.616	413.000
757.819	789.000
758.021	1025.000
758.224	593.000
758.427	575.000
758.630	453.000
758.833	795.000
759.036	601.000
759.239	370.000
759.442	327.000
759.645	177.000
759.848	143.000
760.051	432.000
760.253	516.000
760.456	669.000
760.659	375.000
760.862	239.000
761.065	74.000
761.268	146.000
761.471	365.000
761.674	311.000
761.877	244.000
762.080	463.000
762.283	329.000
762.485	-20.000
762.688	174.000
762.891	406.000
763.094	268.000
763.297	338.000
763.500	351.000
763.706	493.000
763.912	362.000
764.118	205.000
764.325	259.000
764.531	307.000
764.737	235.000
764.943	144.000
765.149	130.000
765.355	314.000
765.561	625.000
765.768	340.000
765.974	178.000
766.180	297.000
766.386	603.000
766.592	601.000
766.798	465.000
767.004	404.000
767.210	505.000
767.417	525.000
767.623	512.000
767.829	583.000
768.035	387.000
768.241	435.000
768.447	616.000
768.653	586.000
768.860	512.000
769.066	211.000
769.272	333.000
769.478	533.000
769.684	650.000
769.890	610.000
770.096	625.000
770.303	601.000
770.509	521.000
770.715	522.000
770.921	664.000
771.127	882.000
771.333	868.000
771.539	599.000
771.745	468.000
771.952	747.000
772.158	681.000
772.364	330.000
772.570	614.000
772.776	711.000
772.982	236.000
773.188	330.000
773.395	419.000
773.601	580.000
773.807	417.000
774.013	266.000
774.219	342.000
774.425	585.000
774.631	610.000
774.838	125.000
775.044	234.000
775.250	516.000
775.456	456.000
775.662	445.000
775.868	586.000
776.074	474.000
776.281	400.000
776.487	91.000
776.693	116.000
776.899	332.000
777.105	503.000
777.311	547.000
777.517	681.000
777.723	805.000
777.930	434.000
778.136	307.000
778.342	365.000
778.548	683.000
778.754	496.000
778.960	499.000
779.166	537.000
779.373	667.000
779.579	369.000
779.785	89.000
779.991	326.000
780.197	338.000
780.403	185.000
780.609	307.000
780.816	377.000
781.022	704.000
781.228	888.000
781.434	512.000
781.640	628.000
781.846	816.000
782.052	626.000
782.259	363.000
782.465	265.000
782.671	462.000
782.877	231.000
783.083	146.000
783.289	473.000
783.495	428.000
783.701	530.000
783.908	517.000
784.114	445.000
784.320	451.000
784.526	149.000
784.732	45.000
784.938	386.000
785.144	450.000
785.351	252.000
785.557	592.000
785.763	577.000
785.969	509.000
786.175	482.000
786.381	393.000
786.587	418.000
786.794	599.000
787.000	701.000
787.206	490.000
787.412	684.000
787.618	499.000
787.824	313.000
788.030	407.000
788.236	409.000
788.443	445.000
788.649	278.000
788.855	192.000
789.061	227.000
789.267	529.000
789.473	357.000
789.679	354.000
789.886	266.000
790.092	105.000
790.298	98.000
790.504	209.000
790.710	324.000
790.916	350.000
791.122	208.000
791.329	180.000
791.535	394.000
791.741	403.000
791.947	331.000
792.153	203.000
792.359	122.000
792.565	506.000
792.771	545.000
792.978	197.000
793.184	342.000
793.390	293.000
793.596	159.000
793.802	302.000
794.008	508.000
794.214	591.000
794.421	462.000
794.627	226.000
794.833	217.000
795.039	328.000
795.245	227.000
795.451	250.000
795.657	371.000
795.864	294.000
796.070	236.000
796.276	406.000
796.482	520.000
796.688	496.000
796.894	316.000
797.100	38.000
797.307	181.000
797.513	369.000
797.719	239.000
797.925	311.000
798.131	112.000
798.337	-57.000
798.543	29.000
798.749	172.000
798.956	491.000
799.162	662.000
799.368	324.000
799.574	226.000
799.780	249.000
799.986	282.000
800.192	210.000
800.399	156.000
800.605	174.000
800.811	284.000
801.017	433.000
801.223	107.000
801.429	218.000
801.635	513.000
801.842	447.000
802.048	279.000
802.254	278.000
802.460	376.000
802.666	156.000
802.872	147.000
803.078	387.000
803.285	369.000
803.491	78.000
803.697	200.000
803.903	115.000
804.109	201.000
804.315	534.000
804.521	383.000
804.727	383.000
804.934	361.000
805.140	352.000
805.346	353.000
805.552	523.000
805.758	475.000
805.964	203.000
806.170	180.000
806.377	332.000
806.583	205.000
806.789	115.000
806.995	-137.000
807.201	-8.000
807.407	315.000
807.613	466.000
807.820	228.000
808.026	234.000
808.232	311.000
808.438	145.000
808.644	32.000
808.850	33.000
809.056	270.000
809.262	64.000
809.469	-32.000
809.675	-29.000
809.881	124.000
810.087	132.000
810.293	289.000
810.499	424.000
810.705	441.000
810.912	192.000
811.118	151.000
811.324	208.000
811.530	184.000
811.739	84.000
811.947	173.000
812.156	190.000
812.365	115.000
812.573	288.000
812.782	52.000
812.990	189.000
813.199	236.000
813.408	251.000
813.616	87.000
813.825	-16.000
814.034	188.000
814.242	294.000
814.451	233.000
814.659	156.000
814.868	328.000
815.077	178.000
815.285	129.000
815.494	103.000
815.703	87.000
815.911	196.000
816.120	183.000
816.329	232.000
816.537	390.000
816.746	321.000
816.954	190.000
817.163	112.000
817.372	71.000
817.580	29.000
817.789	119.000
817.998	75.000
818.206	208.000
818.415	351.000
818.624	-38.000
818.832	-288.000
819.041	-44.000
819.249	361.000
819.458	378.000
819.667	270.000
819.875	273.000
820.084	130.000
820.293	118.000
820.501	-157.000
820.710	19.000
820.919	407.000
821.127	234.000
821.336	217.000
821.544	171.000
821.753	204.000
821.962	173.000
822.170	124.000
822.379	215.000
822.588	37.000
822.796	-258.000
823.005	-204.000
823.213	-51.000
823.422	156.000
823.631	265.000
823.839	118.000
824.048	170.000
824.257	248.000
824.465	325.000
824.674	176.000
824.883	216.000
825.091	273.000
825.300	76.000
825.508	365.000
825.717	486.000
825.926	163.000
826.134	-6.000
826.343	67.000
826.552	178.000
826.760	96.000
826.969	99.000
827.178	59.000
827.386	188.000
827.595	305.000
827.803	-49.000
828.012	9.000
828.221	43.000
828.429	392.000
828.638	287.000
828.847	206.000
829.055	105.000
829.264	58.000
829.472	408.000
829.681	250.000
829.890	90.000
830.098	-101.000
830.307	-18.000
830.516	23.000
830.724	-75.000
830.933	-80.000
831.142	61.000
831.350	325.000
831.559	353.000
831.767	-27.000
831.976	134.000
832.185	298.000
832.393	388.000
832.602	38.000
832.811	5.000
833.019	61.000
833.228	152.000
833.437	172.000
833.645	196.000
833.854	73.000
834.062	168.000
834.271	167.000
834.480	41.000
834.688	201.000
834.897	-12.000
835.106	-153.000
835.314	23.000
835.523	140.000
835.731	253.000
835.940	297.000
836.149	136.000
836.357	127.000
836.566	231.000
836.775	176.000
836.983	47.000
837.192	108.000
837.401	34.000
837.609	13.000
837.818	295.000
838.026	25.000
838.235	177.000
838.444	381.000
838.652	234.000
838.861	264.000
839.070	332.000
839.278	300.000
839.487	86.000
839.696	357.000
839.904	337.000
840.113	126.000
840.321	281.000
840.530	206.000
840.739	148.000
840.947	117.000
841.156	-102.000
841.365	63.000
841.573	390.000
841.782	345.000
841.991	97.000
842.199	-58.000
842.408	20.000
842.616	150.000
842.825	89.000
843.034	213.000
843.242	72.000
843.451	99.000
843.660	125.000
843.868	-66.000
844.077	-109.000
844.285	253.000
844.494	314.000
844.703	54.000
844.911	-155.000
845.120	-112.000
845.329	-3.000
845.537	30.000
845.746	101.000
845.955	156.000
846.163	18.000
846.372	144.000
846.580	11.000
846.789	-66.000
846.998	105.000
847.206	170.000
847.415	315.000
847.624	107.000
847.832	268.000
848.041	281.000
848.250	99.000
848.458	61.000
848.667	44.000
848.875	127.000
849.084	117.000
849.293	93.000
849.501	48.000
849.710	-116.000
849.919	-1.000
850.127	-94.000
850.336	-30.000
850.544	-158.000
850.753	84.000
850.962	11.000
851.170	73.000
851.379	400.000
851.588	213.000
851.796	183.000
852.005	-2.000
852.214	129.000
852.422	437.000
852.631	237.000
852.839	-131.000
853.048	91.000
853.257	259.000
853.465	-154.000
853.674	-172.000
853.883	9.000
854.091	-180.000
854.300	-54.000
854.509	-21.000
854.717	246.000
854.926	257.000
855.134	219.000
855.343	52.000
855.552	152.000
855.760	371.000
855.969	229.000
856.178	-130.000
856.386	-75.000
856.595	325.000
856.803	315.000
857.012	-41.000
857.221	39.000
857.429	239.000
857.638	149.000
857.847	189.000
858.055	109.000
858.264	221.000
858.473	274.000
858.681	274.000
858.890	113.000
859.098	172.000
859.307	158.000
859.516	-7.000
859.724	236.000
859.933	213.000
860.142	141.000
860.350	17.000
860.559	-186.000
860.768	-85.000
860.976	-23.000
861.185	-193.000
861.393	-159.000
861.602	166.000
861.811	131.000
862.019	92.000
862.228	63.000
862.437	-94.000
862.645	-88.000
862.854	131.000
863.062	285.000
863.271	258.000
863.480	417.000
863.688	321.000
863.897	50.000
864.106	-209.000
864.314	34.000
864.523	4.000
864.732	-78.000
864.940	-35.000
865.149	131.000
865.357	206.000
865.566	162.000
865.775	221.000
865.983	252.000
866.192	-107.000
866.401	-223.000
866.609	-168.000
866.818	73.000
867.027	326.000
867.235	266.000
867.444	68.000
867.652	-197.000
867.861	102.000
868.070	74.000
868.278	8.000
868.487	109.000
868.696	169.000
868.904	77.000
869.113	-38.000
869.321	191.000
869.530	160.000
869.739	5.000
869.947	335.000
870.156	145.000
870.365	-192.000
870.573	8.000
870.782	165.000
870.991	207.000
871.199	118.000
871.408	-139.000
871.616	-79.000
871.825	-36.000
872.034	281.000
872.242	322.000
872.451	331.000
872.660	230.000
872.868	334.000
873.077	138.000
873.286	66.000
873.494	346.000
873.703	238.000
873.911	250.000
874.120	-109.000
874.329	-139.000
874.537	87.000
874.746	109.000
874.955	243.000
875.163	-48.000
875.372	-198.000
875.581	81.000
875.789	236.000
875.998	126.000
876.206	52.000
876.415	159.000
876.624	124.000
876.832	-118.000
877.041	7.000
877.250	82.000
877.458	35.000
877.667	319.000
877.875	295.000
878.084	87.000
878.293	104.000
878.501	48.000
878.710	69.000
878.919	115.000
879.127	-64.000
879.336	-332.000
879.545	-77.000
879.753	-93.000
879.962	-40.000
880.170	-88.000
880.379	19.000
880.588	11.000
880.796	275.000
881.005	367.000
881.214	94.000
881.422	129.000
881.631	239.000
881.840	332.000
882.048	199.000
882.257	188.000
882.465	97.000
882.674	-19.000
882.883	140.000
883.091	190.000
883.300	76.000
883.509	-71.000
883.717	73.000
883.926	247.000
884.134	279.000
884.343	-45.000
884.552	86.000
884.760	154.000
884.969	472.000
885.178	89.000
885.386	-30.000
885.595	32.000
885.804	140.000
886.012	7.000
886.221	-105.000
886.429	-71.000
886.638	-218.000
886.847	-230.000
887.055	56.000
887.264	129.000
887.473	163.000
887.681	69.000
887.890	-172.000
888.099	-39.000
888.307	57.000
888.516	-47.000
888.724	83.000
888.933	160.000
889.142	369.000
889.350	244.000
889.559	194.000
889.768	-91.000
889.976	91.000
890.185	176.000
890.393	100.000
890.602	158.000
890.811	170.000
891.019	203.000
891.228	484.000
891.437	233.000
891.645	219.000
891.854	177.000
892.063	180.000
892.271	160.000
892.480	-133.000
892.688	-75.000
892.897	134.000
893.106	270.000
893.314	201.000
893.523	-319.000
893.732	-119.000
893.940	57.000
894.149	-107.000
894.358	187.000
894.566	223.000
894.775	176.000
894.983	261.000
895.192	24.000
895.401	139.000
895.609	127.000
895.818	11.000
896.027	-187.000
896.235	-58.000
896.444	120.000
896.652	129.000
896.861	-115.000
897.070	134.000
897.278	269.000
897.487	378.000
897.696	194.000
897.904	-27.000
898.113	215.000
898.322	166.000
898.530	20.000
898.739	110.000
898.947	-38.000
899.156	-33.000
899.365	106.000
899.573	135.000
899.782	12.000
899.991	10.000
900.199	-118.000
900.408	33.000
900.617	20.000
900.825	20.000
901.034	214.000
901.242	18.000
901.451	-148.000
901.660	-73.000
901.868	126.000
902.077	103.000
902.286	-132.000
902.494	-170.000
902.703	129.000
902.911	45.000
903.120	99.000
903.329	7.000
903.537	-50.000
903.746	-182.000
903.955	-52.000
904.163	-79.000
904.372	-186.000
904.581	-113.000
904.789	83.000
904.998	222.000
905.206	59.000
905.415	39.000
905.624	72.000
905.832	138.000
906.041	-106.000
906.250	-150.000
906.458	-74.000
906.667	-15.000
906.876	-306.000
907.084	-78.000
907.293	46.000
907.501	311.000
907.710	-6.000
907.919	-75.000
908.127	143.000
908.336	88.000
908.545	220.000
908.753	357.000
908.962	362.000
909.170	217.000
909.379	95.000
909.588	319.000
909.796	93.000
910.005	-58.000
910.214	-282.000
910.422	-93.000
910.631	-272.000
910.840	125.000
911.048	204.000
911.257	-63.000
911.465	65.000
911.674	238.000
911.883	201.000
912.091	129.000
912.300	131.000
912.508	131.000
912.716	177.000
912.924	42.000
913.132	163.000
913.340	240.000
913.549	139.000
913.757	85.000
913.965	-17.000
914.173	71.000
914.381	78.000
914.589	15.000
914.797	-31.000
915.005	54.000
915.213	82.000
915.421	81.000
915.629	-87.000
915.838	-213.000
916.046	-188.000
916.254	2.000
916.462	-6.000
916.670	25.000
916.878	26.000
917.086	91.000
917.294	153.000
917.502	180.000
917.710	148.000
917.919	-3.000
918.127	-110.000
918.335	-7.000
918.543	-23.000
918.751	233.000
918.959	195.000
919.167	63.000
919.375	-175.000
919.583	155.000
919.791	65.000
919.999	3.000
920.208	273.000
920.416	90.000
920.624	76.000
920.832	113.000
921.040	70.000
921.248	-39.000
921.456	-85.000
921.664	-191.000
921.872	-188.000
922.080	-245.000
922.288	-148.000
922.497	138.000
922.705	64.000
922.913	143.000
923.121	213.000
923.329	40.000
923.537	-174.000
923.745	-75.000
923.953	-216.000
924.161	-116.000
924.369	157.000
924.578	25.000
924.786	34.000
924.994	167.000
925.202	110.000
925.410	124.000
925.618	163.000
925.826	-2.000
926.034	85.000
926.242	209.000
926.450	-42.000
926.658	61.000
926.867	377.000
927.075	117.000
927.283	156.000
927.491	181.000
927.699	277.000
927.907	376.000
928.115	419.000
928.323	3.000
928.531	-117.000
928.739	-78.000
928.947	90.000
929.156	216.000
929.364	161.000
929.572	225.000
929.780	-93.000
929.988	-110.000
930.196	92.000
930.404	66.000
930.612	97.000
930.820	53.000
931.028	6.000
931.236	23.000
931.445	-36.000
931.653	-24.000
931.861	175.000
932.069	-122.000
932.277	73.000
932.485	490.000
932.693	240.000
932.901	-85.000
933.109	-61.000
933.317	55.000
933.526	76.000
933.734	-104.000
933.942	-92.000
934.150	56.000
934.358	5.000
934.566	-20.000
934.774	-61.000
934.982	-74.000
935.190	67.000
935.398	93.000
935.606	85.000
935.815	31.000
936.023	122.000
936.231	136.000
936.439	126.000
936.647	169.000
936.855	122.000
937.063	-100.000
937.271	127.000
937.479	411.000
937.687	64.000
937.895	-72.000
938.104	64.000
938.312	107.000
938.520	-94.000
938.728	-148.000
938.936	-110.000
939.144	21.000
939.352	111.000
939.560	233.000
939.768	138.000
939.976	-6.000
940.185	42.000
940.393	35.000
940.601	-80.000
940.809	-111.000
941.017	176.000
941.225	6.000
941.433	-64.000
941.641	-21.000
941.849	-349.000
942.057	-88.000
942.265	65.000
942.474	112.000
942.682	87.000
942.890	-193.000
943.098	-37.000
943.306	173.000
943.514	-96.000
943.722	-189.000
943.930	20.000
944.138	224.000
944.346	131.000
944.554	158.000
944.763	74.000
944.971	23.000
945.179	-165.000
945.387	15.000
945.595	104.000
945.803	169.000
946.011	85.000
946.219	22.000
946.427	-108.000
946.635	-140.000
946.843	209.000
947.052	196.000
947.260	-38.000
947.468	-1.000
947.676	-64.000
947.884	-24.000
948.092	201.000
948.300	262.000
948.508	147.000
948.716	-36.000
948.924	75.000
949.133	380.000
949.341	313.000
949.549	-13.000
949.757	231.000
949.965	82.000
950.173	-314.000
950.381	-12.000
950.589	118.000
950.797	296.000
951.005	116.000
951.213	-207.000
951.422	-119.000
951.630	45.000
951.838	137.000
952.046	370.000
952.254	70.000
952.462	225.000
952.670	312.000
952.878	278.000
953.086	281.000
953.294	253.000
953.502	42.000
953.711	156.000
953.919	91.000
954.127	-51.000
954.335	-145.000
954.543	-50.000
954.751	-8.000
954.959	166.000
955.167	363.000
955.375	92.000
955.583	-52.000
955.792	242.000
956.000	268.000
956.208	142.000
956.416	-23.000
956.624	109.000
956.832	222.000
957.040	24.000
957.248	33.000
957.456	193.000
957.664	28.000
957.872	-321.000
958.081	-252.000
958.289	55.000
958.497	113.000
958.705	66.000
958.913	-130.000
959.121	-224.000
959.329	-59.000
959.537	-243.000
959.745	4.000
959.953	106.000
960.161	4.000
960.370	-196.000
960.578	-122.000
960.786	219.000
960.994	187.000
961.202	73.000
961.410	64.000
961.618	-12.000
961.826	-56.000
962.034	279.000
962.242	80.000
962.451	-235.000
962.659	-272.000
962.867	-196.000
963.075	134.000
963.283	396.000
963.491	175.000
963.699	12.000
963.907	85.000
964.115	229.000
964.323	234.000
964.531	125.000
964.740	49.000
964.948	438.000
965.156	109.000
965.364	32.000
965.572	181.000
965.780	257.000
965.999	28.000
966.218	-121.000
966.438	-292.000
966.657	-274.000
966.876	19.000
967.095	-75.000
967.315	-204.000
967.534	-142.000
967.753	143.000
967.972	187.000
968.192	327.000
968.411	144.000
968.630	-76.000
968.849	-160.000
969.068	199.000
969.288	220.000
969.507	242.000
969.726	141.000
969.945	120.000
970.165	89.000
970.384	153.000
970.603	-217.000
970.822	-204.000
971.042	-184.000
971.261	-192.000
971.480	23.000
971.699	-36.000
971.919	-40.000
972.138	240.000
972.357	118.000
972.576	-97.000
972.795	17.000
973.015	45.000
973.234	249.000
973.453	101.000
973.672	-51.000
973.892	-167.000
974.111	-131.000
974.330	88.000
974.549	166.000
974.769	-15.000
974.988	276.000
975.207	-89.000
975.426	-177.000
975.646	-60.000
975.865	-38.000
976.084	22.000
976.303	28.000
976.522	-129.000
976.742	-244.000
976.961	-209.000
977.180	117.000
977.399	150.000
977.619	-7.000
977.838	76.000
978.057	185.000
978.276	134.000
978.496	-8.000
978.715	98.000
978.934	67.000
979.153	-410.000
979.372	-283.000
979.592	12.000
979.811	151.000
980.030	140.000
980.249	-74.000
980.469	137.000
980.688	233.000
980.907	-71.000
981.126	-53.000
981.346	179.000
981.565	155.000
981.784	-203.000
982.003	18.000
982.223	261.000
982.442	545.000
982.661	-9.000
982.880	-64.000
983.099	65.000
983.319	63.000
983.538	25.000
983.757	72.000
983.976	383.000
984.196	500.000
984.415	430.000
984.634	260.000
984.853	172.000
985.073	281.000
985.292	45.000
985.511	-11.000
985.730	50.000
985.949	198.000
986.169	257.000
986.388	161.000
986.607	-268.000
986.826	-189.000
987.046	-289.000
987.265	-94.000
987.484	139.000
987.703	269.000
987.923	20.000
988.142	172.000
988.361	213.000
988.580	348.000
988.800	80.000
989.019	204.000
989.238	149.000
989.457	-36.000
989.676	230.000
989.896	93.000
990.115	-143.000
990.334	-115.000
990.553	-127.000
990.773	-220.000
990.992	-76.000
991.211	81.000
991.430	301.000
991.650	-50.000
991.869	-154.000
992.088	-203.000
992.307	113.000
992.527	191.000
992.746	54.000
992.965	156.000
993.184	-16.000
993.403	104.000
993.623	263.000
993.842	51.000
994.061	-130.000
994.280	3.000
994.500	-71.000
994.719	11.000
994.938	55.000
995.157	-239.000
995.377	-228.000
995.596	98.000
995.815	149.000
996.034	-112.000
996.253	-178.000
996.473	-80.000
996.692	179.000
996.911	-12.000
997.130	20.000
997.350	-4.000
997.569	136.000
997.788	75.000
998.007	-267.000
998.227	-198.000
998.446	212.000
998.665	124.000
998.884	209.000
999.104	175.000
999.323	201.000
999.542	39.000
999.761	-128.000
999.980	-161.000
1000.200	144.000
1000.419	123.000
1000.638	200.000
1000.857	365.000
1001.077	103.000
1001.296	98.000
1001.515	-86.000
1001.734	-10.000
1001.954	23.000
1002.173	137.000
1002.392	242.000
1002.611	327.000
1002.830	12.000
1003.050	-212.000
1003.269	95.000
1003.488	264.000
1003.707	177.000
1003.927	83.000
1004.146	183.000
1004.365	170.000
1004.584	59.000
1004.804	158.000
1005.023	224.000
1005.242	107.000
1005.461	89.000
1005.681	73.000
1005.900	99.000
1006.119	173.000
1006.338	35.000
1006.557	18.000
1006.777	351.000
1006.996	351.000
1007.215	-31.000
1007.434	0.000
1007.654	342.000
1007.873	374.000
1008.092	50.000
1008.311	-63.000
1008.531	-166.000
1008.750	149.000
1008.969	315.000
1009.188	-218.000
1009.407	-216.000
1009.627	-102.000
1009.846	-183.000
1010.065	-5.000
1010.284	-229.000
1010.504	-329.000
1010.723	-110.000
1010.942	-1.000
1011.161	81.000
1011.381	-33.000
1011.600	-111.000
1011.819	183.000
1012.038	42.000
1012.258	157.000
1012.477	367.000
1012.696	210.000
1012.915	148.000
1013.134	144.000
1013.354	-16.000
1013.573	15.000
1013.792	106.000
1014.011	-11.000
1014.231	54.000
1014.450	186.000
1014.669	-101.000
1014.888	-197.000
1015.108	184.000
1015.327	96.000
1015.546	87.000
1015.765	261.000
1015.984	128.000
1016.204	139.000
1016.423	80.000
1016.642	307.000
1016.861	160.000
1017.081	-113.000
1017.300	23.000
1017.519	103.000
