296.912	302.000
297.101	225.000
297.290	166.000
297.479	184.000
297.668	81.000
297.858	127.000
298.047	328.000
298.236	261.000
298.425	201.000
298.614	181.000
298.803	106.000
298.992	145.000
299.181	214.000
299.370	191.000
299.559	197.000
299.748	269.000
299.937	301.000
300.126	372.000
300.315	153.000
300.504	87.000
300.693	251.000
300.882	240.000
301.071	153.000
301.260	105.000
301.449	110.000
301.638	129.000
301.827	112.000
302.016	179.000
302.205	167.000
302.395	167.000
302.584	181.000
302.773	240.000
302.962	229.000
303.151	141.000
303.340	53.000
303.529	50.000
303.718	142.000
303.907	197.000
304.096	222.000
304.285	198.000
304.474	216.000
304.663	226.000
304.852	161.000
305.041	205.000
305.230	206.000
305.419	182.000
305.608	203.000
305.797	139.000
305.986	145.000
306.175	66.000
306.364	44.000
306.553	167.000
306.743	227.000
306.932	239.000
307.121	277.000
307.310	219.000
307.499	171.000
307.688	141.000
307.877	204.000
308.066	188.000
308.255	198.000
308.444	266.000
308.633	191.000
308.822	35.000
309.011	13.000
309.200	150.000
309.389	258.000
309.578	144.000
309.767	176.000
309.956	231.000
310.145	170.000
310.334	76.000
310.523	151.000
310.712	117.000
310.901	74.000
311.091	251.000
311.280	270.000
311.469	195.000
311.658	284.000
311.847	195.000
312.036	101.000
312.225	134.000
312.414	41.000
312.603	78.000
312.792	222.000
312.981	159.000
313.170	130.000
313.349	136.000
313.527	175.000
313.706	203.000
313.884	166.000
314.063	219.000
314.241	250.000
314.420	344.000
314.598	249.000
314.777	179.000
314.955	114.000
315.134	179.000
315.312	125.000
315.491	125.000
315.669	176.000
315.848	140.000
316.027	120.000
316.205	245.000
316.384	152.000
316.562	185.000
316.741	92.000
316.919	127.000
317.098	153.000
317.276	76.000
317.455	185.000
317.633	238.000
317.812	288.000
317.990	132.000
318.169	205.000
318.347	266.000
318.526	306.000
318.705	170.000
318.883	149.000
319.062	168.000
319.240	212.000
319.419	167.000
319.597	272.000
319.776	325.000
319.954	113.000
320.133	48.000
320.311	121.000
320.490	283.000
320.668	274.000
320.847	169.000
321.025	142.000
321.204	219.000
321.382	219.000
321.561	105.000
321.740	114.000
321.918	171.000
322.097	264.000
322.275	211.000
322.454	154.000
322.632	152.000
322.811	166.000
322.989	112.000
323.168	117.000
323.346	109.000
323.525	43.000
323.703	2.000
323.882	56.000
324.060	150.000
324.239	230.000
324.418	235.000
324.596	228.000
324.775	198.000
324.953	112.000
325.132	156.000
325.310	226.000
325.489	152.000
325.667	191.000
325.846	198.000
326.024	226.000
326.203	288.000
326.381	183.000
326.560	242.000
326.738	127.000
326.917	64.000
327.096	125.000
327.274	228.000
327.453	205.000
327.631	133.000
327.810	211.000
327.988	135.000
328.167	103.000
328.345	110.000
328.524	120.000
328.702	81.000
328.881	85.000
329.059	98.000
329.238	116.000
329.416	227.000
329.595	223.000
329.774	175.000
329.952	261.000
330.131	254.000
330.309	296.000
330.488	286.000
330.666	133.000
330.845	76.000
331.023	117.000
331.202	76.000
331.380	80.000
331.559	151.000
331.737	161.000
331.916	26.000
332.094	97.000
332.273	203.000
332.452	187.000
332.630	171.000
332.809	212.000
332.987	195.000
333.166	156.000
333.344	173.000
333.523	200.000
333.701	114.000
333.880	145.000
334.058	148.000
334.237	213.000
334.415	296.000
334.594	256.000
334.772	27.000
334.951	73.000
335.129	79.000
335.308	244.000
335.487	308.000
335.665	192.000
335.844	344.000
336.022	422.000
336.201	216.000
336.379	173.000
336.558	276.000
336.736	282.000
336.915	245.000
337.093	334.000
337.272	184.000
337.450	88.000
337.629	130.000
337.807	143.000
337.986	172.000
338.165	211.000
338.343	235.000
338.522	224.000
338.700	249.000
338.879	145.000
339.057	209.000
339.236	291.000
339.414	244.000
339.593	233.000
339.771	290.000
339.950	235.000
340.128	157.000
340.307	204.000
340.485	127.000
340.664	181.000
340.843	152.000
341.021	164.000
341.200	194.000
341.378	226.000
341.557	317.000
341.735	258.000
341.914	126.000
342.092	179.000
342.271	268.000
342.449	156.000
342.628	73.000
342.806	113.000
342.985	304.000
343.163	278.000
343.342	126.000
343.521	94.000
343.699	60.000
343.878	153.000
344.056	218.000
344.235	159.000
344.413	164.000
344.592	287.000
344.770	131.000
344.949	209.000
345.127	253.000
345.306	249.000
345.484	81.000
345.663	109.000
345.841	206.000
346.020	175.000
346.199	119.000
346.377	152.000
346.556	266.000
346.734	315.000
346.913	152.000
347.091	155.000
347.270	224.000
347.448	169.000
347.627	97.000
347.805	180.000
347.984	206.000
348.162	134.000
348.341	262.000
348.519	249.000
348.698	104.000
348.876	93.000
349.055	111.000
349.234	196.000
349.412	209.000
349.591	82.000
349.769	87.000
349.948	241.000
350.126	292.000
350.305	325.000
350.483	284.000
350.662	105.000
350.840	168.000
351.019	158.000
351.197	162.000
351.376	230.000
351.554	245.000
351.733	175.000
351.912	253.000
352.090	257.000
352.269	189.000
352.447	164.000
352.626	166.000
352.804	248.000
352.983	189.000
353.161	193.000
353.340	182.000
353.518	157.000
353.697	260.000
353.875	260.000
354.054	293.000
354.232	301.000
354.411	248.000
354.590	188.000
354.768	273.000
354.947	206.000
355.125	132.000
355.304	140.000
355.482	138.000
355.661	167.000
355.839	108.000
356.018	107.000
356.196	147.000
356.375	102.000
356.553	196.000
356.732	148.000
356.910	63.000
357.089	157.000
357.268	234.000
357.446	246.000
357.625	179.000
357.803	132.000
357.982	125.000
358.160	153.000
358.339	232.000
358.517	273.000
358.696	260.000
358.874	160.000
359.053	117.000
359.231	51.000
359.410	161.000
359.588	215.000
359.767	231.000
359.945	266.000
360.124	188.000
360.303	149.000
360.481	125.000
360.660	144.000
360.838	184.000
361.017	186.000
361.195	104.000
361.374	142.000
361.552	172.000
361.731	177.000
361.909	255.000
362.088	166.000
362.266	159.000
362.445	123.000
362.623	154.000
362.802	206.000
362.981	182.000
363.159	288.000
363.338	174.000
363.516	232.000
363.695	284.000
363.873	230.000
364.052	166.000
364.230	238.000
364.409	144.000
364.587	190.000
364.766	214.000
364.944	273.000
365.123	255.000
365.301	262.000
365.480	255.000
365.660	192.000
365.839	202.000
366.019	312.000
366.199	273.000
366.379	200.000
366.558	170.000
366.738	260.000
366.918	188.000
367.098	74.000
367.277	119.000
367.457	241.000
367.637	235.000
367.816	201.000
367.996	264.000
368.176	270.000
368.356	314.000
368.535	183.000
368.715	225.000
368.895	225.000
369.075	150.000
369.254	179.000
369.434	323.000
369.614	409.000
369.793	283.000
369.973	309.000
370.153	184.000
370.333	177.000
370.512	213.000
370.692	226.000
370.872	210.000
371.051	222.000
371.231	369.000
371.411	300.000
371.591	157.000
371.770	188.000
371.950	210.000
372.130	131.000
372.310	152.000
372.489	209.000
372.669	180.000
372.849	196.000
373.028	261.000
373.208	272.000
373.388	208.000
373.568	176.000
373.747	232.000
373.927	269.000
374.107	195.000
374.287	234.000
374.466	199.000
374.646	197.000
374.826	266.000
375.005	176.000
375.185	242.000
375.365	427.000
375.545	338.000
375.724	266.000
375.904	271.000
376.084	176.000
376.263	166.000
376.443	227.000
376.623	277.000
376.803	277.000
376.982	240.000
377.162	171.000
377.342	143.000
377.522	271.000
377.701	257.000
377.881	212.000
378.061	347.000
378.240	255.000
378.420	105.000
378.600	188.000
378.780	316.000
378.959	190.000
379.139	228.000
379.319	313.000
379.499	309.000
379.678	327.000
379.858	338.000
380.038	170.000
380.217	221.000
380.397	204.000
380.577	241.000
380.757	150.000
380.936	223.000
381.116	230.000
381.296	164.000
381.476	219.000
381.655	172.000
381.835	177.000
382.015	182.000
382.194	264.000
382.374	293.000
382.554	281.000
382.734	287.000
382.913	267.000
383.093	319.000
383.273	234.000
383.452	292.000
383.632	226.000
383.812	199.000
383.992	230.000
384.171	255.000
384.351	225.000
384.531	225.000
384.711	191.000
384.890	112.000
385.070	117.000
385.250	156.000
385.429	273.000
385.609	264.000
385.789	253.000
385.969	235.000
386.148	124.000
386.328	238.000
386.508	263.000
386.688	269.000
386.867	257.000
387.047	284.000
387.227	254.000
387.406	240.000
387.586	205.000
387.766	227.000
387.946	205.000
388.125	245.000
388.305	271.000
388.485	207.000
388.664	238.000
388.844	226.000
389.024	200.000
389.204	216.000
389.383	229.000
389.563	198.000
389.743	225.000
389.923	196.000
390.102	172.000
390.282	194.000
390.462	293.000
390.641	229.000
390.821	126.000
391.001	157.000
391.181	172.000
391.360	250.000
391.540	298.000
391.720	312.000
391.900	311.000
392.079	181.000
392.259	245.000
392.439	293.000
392.618	270.000
392.798	227.000
392.978	208.000
393.158	218.000
393.337	300.000
393.517	323.000
393.697	342.000
393.877	444.000
394.056	384.000
394.236	402.000
394.416	315.000
394.595	218.000
394.775	264.000
394.955	304.000
395.135	259.000
395.314	281.000
395.494	443.000
395.674	365.000
395.853	211.000
396.033	372.000
396.213	351.000
396.393	233.000
396.572	321.000
396.752	333.000
396.932	397.000
397.112	405.000
397.291	389.000
397.471	382.000
397.651	298.000
397.830	219.000
398.010	344.000
398.190	382.000
398.370	316.000
398.549	436.000
398.729	387.000
398.909	364.000
399.089	376.000
399.268	460.000
399.448	521.000
399.628	495.000
399.807	411.000
399.987	462.000
400.167	528.000
400.347	612.000
400.526	595.000
400.706	423.000
400.886	425.000
401.065	400.000
401.245	418.000
401.425	461.000
401.605	506.000
401.784	513.000
401.964	559.000
402.144	614.000
402.324	565.000
402.503	589.000
402.683	590.000
402.863	506.000
403.042	519.000
403.222	590.000
403.402	684.000
403.582	605.000
403.761	576.000
403.941	741.000
404.121	643.000
404.301	580.000
404.480	753.000
404.660	878.000
404.844	942.000
405.029	878.000
405.213	800.000
405.398	754.000
405.582	730.000
405.767	802.000
405.951	826.000
406.136	928.000
406.320	983.000
406.505	1028.000
406.689	1093.000
406.874	1102.000
407.058	1176.000
407.243	1072.000
407.427	1132.000
407.612	1282.000
407.796	1207.000
407.981	1313.000
408.165	1411.000
408.350	1520.000
408.534	1381.000
408.719	1363.000
408.903	1502.000
409.088	1686.000
409.272	1649.000
409.457	1777.000
409.641	1861.000
409.826	1906.000
410.010	2069.000
410.195	2119.000
410.379	2204.000
410.564	2406.000
410.748	2519.000
410.933	2604.000
411.117	2766.000
411.302	2982.000
411.486	3059.000
411.671	3110.000
411.855	3207.000
412.040	3276.000
412.224	3375.000
412.409	3420.000
412.593	3651.000
412.778	3745.000
412.962	3815.000
413.147	4154.000
413.331	4363.000
413.516	4472.000
413.700	4481.000
413.885	4656.000
414.069	4798.000
414.254	4964.000
414.438	5085.000
414.623	5178.000
414.807	5405.000
414.992	5433.000
415.176	5580.000
415.361	5983.000
415.545	6209.000
415.730	6240.000
415.914	6271.000
416.099	6594.000
416.283	6643.000
416.468	6602.000
416.652	6752.000
416.837	6858.000
417.021	7015.000
417.206	7167.000
417.390	7039.000
417.575	7140.000
417.759	7309.000
417.944	7557.000
418.128	7622.000
418.313	7751.000
418.497	7977.000
418.682	7966.000
418.866	8142.000
419.051	8033.000
419.235	8224.000
419.420	8541.000
419.604	8550.000
419.789	8641.000
419.973	8803.000
420.158	9009.000
420.342	9137.000
420.527	9278.000
420.711	9598.000
420.896	10047.000
421.080	9784.000
421.265	9868.000
421.449	9870.000
421.634	9827.000
421.818	9961.000
422.003	9803.000
422.187	9705.000
422.372	9847.000
422.556	9924.000
422.741	9968.000
422.925	10154.000
423.110	10153.000
423.294	10364.000
423.479	10649.000
423.663	10617.000
423.848	10650.000
424.032	10690.000
424.217	10720.000
424.401	10666.000
424.586	10868.000
424.770	10992.000
424.955	11010.000
425.139	11041.000
425.324	11050.000
425.508	11301.000
425.693	11364.000
425.877	11136.000
426.062	11224.000
426.246	11261.000
426.431	11167.000
426.615	11150.000
426.800	11097.000
426.984	11121.000
427.169	11233.000
427.353	11429.000
427.538	11344.000
427.722	11286.000
427.907	11203.000
428.091	11293.000
428.276	11382.000
428.460	11369.000
428.645	11345.000
428.829	10881.000
429.014	10661.000
429.198	10460.000
429.383	10411.000
429.567	10106.000
429.752	9779.000
429.936	9724.000
430.121	9397.000
430.305	9631.000
430.490	9869.000
430.674	10118.000
430.859	10600.000
431.043	11106.000
431.228	11665.000
431.412	11843.000
431.597	11829.000
431.781	12029.000
431.966	12193.000
432.150	12407.000
432.335	12622.000
432.519	12859.000
432.704	12971.000
432.888	12911.000
433.073	12716.000
433.257	12458.000
433.442	12425.000
433.626	12302.000
433.811	12427.000
433.995	12643.000
434.180	12839.000
434.364	13031.000
434.549	13164.000
434.733	13242.000
434.918	13285.000
435.102	13451.000
435.287	13592.000
435.471	13700.000
435.656	14029.000
435.840	14274.000
436.030	14216.000
436.219	14193.000
436.409	14507.000
436.599	14268.000
436.789	14090.000
436.978	13932.000
437.168	13828.000
437.358	13679.000
437.548	13518.000
437.737	13369.000
437.927	13408.000
438.117	13511.000
438.306	13486.000
438.496	13564.000
438.686	13580.000
438.876	13734.000
439.065	13834.000
439.255	14017.000
439.445	14207.000
439.634	14229.000
439.824	14292.000
440.014	14269.000
440.204	14425.000
440.393	14596.000
440.583	14817.000
440.773	14920.000
440.963	15096.000
441.152	15337.000
441.342	15288.000
441.532	15573.000
441.721	15761.000
441.911	15872.000
442.101	15973.000
442.291	16080.000
442.480	15984.000
442.670	16221.000
442.860	16276.000
443.050	16347.000
443.239	16425.000
443.429	16514.000
443.619	16483.000
443.808	16453.000
443.998	16514.000
444.188	16781.000
444.378	16702.000
444.567	16573.000
444.757	16582.000
444.947	16633.000
445.137	16637.000
445.326	16588.000
445.516	16357.000
445.706	16458.000
445.895	16593.000
446.085	16774.000
446.275	16881.000
446.465	16907.000
446.654	17232.000
446.844	17461.000
447.034	17581.000
447.223	17743.000
447.413	17826.000
447.603	17838.000
447.793	17984.000
447.982	18229.000
448.172	17964.000
448.362	18107.000
448.552	18199.000
448.741	18289.000
448.931	18330.000
449.121	18349.000
449.310	18470.000
449.500	18670.000
449.690	18806.000
449.880	18917.000
450.069	19359.000
450.259	19394.000
450.449	19200.000
450.639	19451.000
450.828	19374.000
451.018	19291.000
451.208	19341.000
451.397	19378.000
451.587	19258.000
451.777	19061.000
451.967	18788.000
452.156	18664.000
452.346	18539.000
452.536	18402.000
452.725	18140.000
452.915	18081.000
453.105	18119.000
453.295	18323.000
453.484	18320.000
453.674	18383.000
453.864	18300.000
454.054	18440.000
454.243	18483.000
454.433	18308.000
454.623	18230.000
454.812	18141.000
455.002	18391.000
455.192	18592.000
455.382	18631.000
455.571	18575.000
455.761	18656.000
455.951	19030.000
456.141	19100.000
456.330	19109.000
456.520	19129.000
456.710	19318.000
456.899	19236.000
457.089	19071.000
457.279	19057.000
457.469	19126.000
457.658	19001.000
457.848	18733.000
458.038	18766.000
458.228	18697.000
458.417	18661.000
458.607	18776.000
458.797	18733.000
458.986	18678.000
459.176	18513.000
459.366	18515.000
459.556	18427.000
459.745	18585.000
459.935	18563.000
460.125	18635.000
460.314	18551.000
460.504	18587.000
460.694	18849.000
460.884	18923.000
461.073	18799.000
461.263	18925.000
461.453	19035.000
461.643	19282.000
461.832	19197.000
462.022	19095.000
462.212	19041.000
462.401	19151.000
462.591	19142.000
462.781	19080.000
462.971	19197.000
463.160	19078.000
463.350	18965.000
463.540	19004.000
463.730	18852.000
463.919	18524.000
464.109	18689.000
464.299	18832.000
464.488	18717.000
464.678	18382.000
464.868	18498.000
465.058	18705.000
465.247	18888.000
465.437	18687.000
465.627	18530.000
465.816	18612.000
466.006	18475.000
466.196	18285.000
466.386	18373.000
466.575	18346.000
466.765	18159.000
466.955	18135.000
467.145	18233.000
467.334	18514.000
467.524	18852.000
467.714	18575.000
467.903	18535.000
468.093	18575.000
468.283	18489.000
468.473	18718.000
468.662	18677.000
468.852	18915.000
469.042	19010.000
469.232	18872.000
469.421	18516.000
469.611	18733.000
469.801	18762.000
469.990	18505.000
470.180	18511.000
470.370	18494.000
470.560	18374.000
470.749	18444.000
470.939	18846.000
471.129	18712.000
471.318	18625.000
471.508	18833.000
471.698	19220.000
471.888	19343.000
472.077	19329.000
472.267	19487.000
472.457	19411.000
472.647	19397.000
472.836	19244.000
473.026	19213.000
473.216	19174.000
473.405	19088.000
473.595	19331.000
473.785	19354.000
473.975	19385.000
474.164	19291.000
474.354	19371.000
474.544	19619.000
474.734	19768.000
474.923	19552.000
475.113	19704.000
475.303	19621.000
475.492	19528.000
475.682	19385.000
475.872	19329.000
476.062	19334.000
476.251	19385.000
476.441	19135.000
476.631	19066.000
476.821	19263.000
477.010	19350.000
477.200	19409.000
477.390	19339.000
477.579	19468.000
477.769	19588.000
477.959	19639.000
478.149	19598.000
478.338	19694.000
478.528	19585.000
478.718	19553.000
478.907	19646.000
479.097	19448.000
479.287	19321.000
479.477	19387.000
479.666	19465.000
479.856	19646.000
480.046	19735.000
480.236	19559.000
480.425	19570.000
480.615	19659.000
480.805	19648.000
480.994	19641.000
481.184	19595.000
481.374	19746.000
481.564	19848.000
481.753	19887.000
481.943	19756.000
482.133	19802.000
482.323	19504.000
482.512	19477.000
482.702	19592.000
482.892	19364.000
483.081	19337.000
483.271	19440.000
483.461	19141.000
483.651	19197.000
483.840	19241.000
484.030	19070.000
484.220	18982.000
484.409	18990.000
484.599	19024.000
484.789	18746.000
484.979	18461.000
485.168	18202.000
485.358	17737.000
485.548	17418.000
485.738	17132.000
485.927	16713.000
486.117	16314.000
486.307	16068.000
486.496	16114.000
486.686	16223.000
486.876	16222.000
487.066	16416.000
487.255	16792.000
487.445	17013.000
487.635	17270.000
487.825	17195.000
488.014	17360.000
488.204	17653.000
488.394	17710.000
488.583	17490.000
488.773	17378.000
488.963	17522.000
489.153	17803.000
489.342	17967.000
489.532	18134.000
489.722	18328.000
489.912	18430.000
490.101	18606.000
490.291	18615.000
490.481	18563.000
490.670	18308.000
490.860	18285.000
491.050	18366.000
491.240	18423.000
491.429	18358.000
491.619	18215.000
491.809	17937.000
491.998	17723.000
492.188	17571.000
492.378	17578.000
492.568	17561.000
492.757	17767.000
492.947	18036.000
493.137	18136.000
493.327	18329.000
493.516	18076.000
493.706	18065.000
493.896	18170.000
494.085	18446.000
494.275	18521.000
494.465	18597.000
494.655	18541.000
494.844	18641.000
495.034	18761.000
495.224	18730.000
495.414	18793.000
495.603	18746.000
495.793	18538.000
495.983	18447.000
496.172	18504.000
496.362	18726.000
496.552	18856.000
496.742	18630.000
496.931	18737.000
497.121	18796.000
497.311	18825.000
497.500	18650.000
497.690	18752.000
497.880	18428.000
498.070	18081.000
498.259	18042.000
498.449	17942.000
498.639	18075.000
498.829	18130.000
499.018	18286.000
499.208	18172.000
499.398	18080.000
499.587	18455.000
499.777	18382.000
499.967	18173.000
500.157	17918.000
500.346	17985.000
500.536	17747.000
500.726	17432.000
500.916	17534.000
501.105	17556.000
501.295	17484.000
501.485	17593.000
501.674	17417.000
501.864	17395.000
502.054	17530.000
502.244	17493.000
502.433	17497.000
502.623	17797.000
502.813	17792.000
503.003	17804.000
503.192	17957.000
503.382	17971.000
503.572	17788.000
503.761	17484.000
503.951	17499.000
504.141	17687.000
504.331	17409.000
504.520	17328.000
504.710	17561.000
504.900	17412.000
505.089	17666.000
505.279	17834.000
505.469	17962.000
505.659	18012.000
505.848	18233.000
506.038	18301.000
506.228	18245.000
506.418	18142.000
506.607	18014.000
506.797	17869.000
506.987	17776.000
507.176	17743.000
507.366	17711.000
507.556	17623.000
507.746	17380.000
507.935	17403.000
508.125	17434.000
508.315	17409.000
508.505	17646.000
508.694	17737.000
508.884	17865.000
509.074	17776.000
509.263	17775.000
509.453	17698.000
509.643	17635.000
509.833	17625.000
510.022	17637.000
510.212	17417.000
510.402	17408.000
510.592	17593.000
510.781	17628.000
510.971	17504.000
511.161	17524.000
511.350	17647.000
511.540	17952.000
511.730	17906.000
511.920	17679.000
512.109	17530.000
512.299	17343.000
512.489	17330.000
512.678	17278.000
512.868	17128.000
513.058	17023.000
513.248	16980.000
513.437	16939.000
513.627	17001.000
513.817	16803.000
514.007	16734.000
514.196	16789.000
514.386	16845.000
514.576	16620.000
514.765	16699.000
514.955	16748.000
515.145	16739.000
515.335	16759.000
515.524	16810.000
515.714	16749.000
515.904	16478.000
516.094	16272.000
516.283	16007.000
516.473	15758.000
516.663	15483.000
516.852	15178.000
517.042	15219.000
517.232	15139.000
517.422	15151.000
517.611	15258.000
517.801	15391.000
517.991	15436.000
518.180	15318.000
518.370	15206.000
518.560	15420.000
518.750	15527.000
518.939	15696.000
519.129	15849.000
519.319	16007.000
519.509	16047.000
519.698	16057.000
519.888	16341.000
520.078	16307.000
520.267	16336.000
520.457	16376.000
520.647	16282.000
520.837	16470.000
521.026	16647.000
521.216	16740.000
521.406	16916.000
521.596	16865.000
521.785	16862.000
521.975	16785.000
522.165	16711.000
522.354	16743.000
522.544	16623.000
522.734	16666.000
522.924	16729.000
523.113	16763.000
523.303	16664.000
523.493	16796.000
523.683	16869.000
523.872	16990.000
524.062	17068.000
524.252	17095.000
524.441	17242.000
524.631	17300.000
524.821	17336.000
525.011	17296.000
525.200	17238.000
525.390	17321.000
525.580	17227.000
525.769	17052.000
525.959	16992.000
526.149	16662.000
526.339	16509.000
526.528	16459.000
526.718	16238.000
526.908	16087.000
527.098	16168.000
527.287	16279.000
527.477	16345.000
527.667	16506.000
527.856	16755.000
528.046	16881.000
528.236	17078.000
528.426	17272.000
528.615	17277.000
528.805	17368.000
528.995	17529.000
529.185	17610.000
529.374	17643.000
529.564	17615.000
529.754	17429.000
529.943	17480.000
530.133	17525.000
530.323	17726.000
530.513	17661.000
530.702	17451.000
530.892	17738.000
531.082	17550.000
531.271	17349.000
531.461	17339.000
531.651	17204.000
531.841	17086.000
532.030	16979.000
532.220	16690.000
532.410	16446.000
532.600	16425.000
532.789	16347.000
532.979	16420.000
533.169	16474.000
533.358	16386.000
533.548	16346.000
533.738	16355.000
533.928	16452.000
534.117	16437.000
534.307	16459.000
534.497	16294.000
534.687	16523.000
534.876	16761.000
535.066	16701.000
535.256	16597.000
535.445	16578.000
535.635	16538.000
535.825	16439.000
536.015	16374.000
536.204	16225.000
536.394	16054.000
536.584	15930.000
536.773	16069.000
536.963	16115.000
537.153	16129.000
537.343	16005.000
537.532	16103.000
537.722	16216.000
537.912	16382.000
538.102	16150.000
538.291	15704.000
538.481	15763.000
538.671	15798.000
538.860	15848.000
539.050	15747.000
539.240	15558.000
539.430	15367.000
539.619	15357.000
539.809	15365.000
539.999	15171.000
540.189	14984.000
540.378	15023.000
540.568	15155.000
540.758	15211.000
540.947	15515.000
541.137	15609.000
541.327	15711.000
541.517	15390.000
541.706	15189.000
541.896	15228.000
542.086	15347.000
542.276	15327.000
542.465	15185.000
542.655	15172.000
542.845	15227.000
543.034	15368.000
543.224	15540.000
543.414	15620.000
543.604	15543.000
543.793	15454.000
543.983	15408.000
544.173	15390.000
544.362	15202.000
544.552	15406.000
544.742	15482.000
544.932	15237.000
545.121	15276.000
545.311	15146.000
545.501	15312.000
545.691	15273.000
545.880	15299.000
546.070	15314.000
546.264	15418.000
546.459	15252.000
546.653	15052.000
546.847	15136.000
547.041	15183.000
547.236	15304.000
547.430	15162.000
547.624	14897.000
547.818	15052.000
548.013	15186.000
548.207	15210.000
548.401	14964.000
548.596	15026.000
548.790	14964.000
548.984	15012.000
549.178	15051.000
549.373	15174.000
549.567	15030.000
549.761	14942.000
549.956	14950.000
550.150	15017.000
550.344	15007.000
550.538	14923.000
550.733	14783.000
550.927	14967.000
551.121	15045.000
551.315	15029.000
551.510	14823.000
551.704	14819.000
551.898	14983.000
552.093	15131.000
552.287	14875.000
552.481	14863.000
552.675	14794.000
552.870	14732.000
553.064	14793.000
553.258	14788.000
553.453	14825.000
553.647	14800.000
553.841	14717.000
554.035	14800.000
554.230	14782.000
554.424	14767.000
554.618	14671.000
554.812	14663.000
555.007	14652.000
555.201	14668.000
555.395	14621.000
555.590	14551.000
555.784	14540.000
555.978	14457.000
556.172	14489.000
556.367	14501.000
556.561	14431.000
556.755	14366.000
556.949	14214.000
557.144	14319.000
557.338	14304.000
557.532	14175.000
557.727	14231.000
557.921	14243.000
558.115	14150.000
558.309	13941.000
558.504	13872.000
558.698	13906.000
558.892	13967.000
559.087	13796.000
559.281	13800.000
559.475	13875.000
559.669	13937.000
559.864	13936.000
560.058	14067.000
560.252	14033.000
560.446	13972.000
560.641	14127.000
560.835	14360.000
561.029	14186.000
561.224	13887.000
561.418	13855.000
561.612	14005.000
561.806	14047.000
562.001	14001.000
562.195	13959.000
562.389	13985.000
562.584	13993.000
562.778	13920.000
562.972	13857.000
563.166	13950.000
563.361	13949.000
563.555	13866.000
563.749	13909.000
563.943	13826.000
564.138	13931.000
564.332	13997.000
564.526	13704.000
564.721	13506.000
564.915	13612.000
565.109	13699.000
565.303	13704.000
565.498	13661.000
565.692	13555.000
565.886	13403.000
566.081	13521.000
566.275	13507.000
566.469	13461.000
566.663	13516.000
566.858	13482.000
567.052	13716.000
567.246	13506.000
567.440	13252.000
567.635	13324.000
567.829	13343.000
568.023	13230.000
568.218	13067.000
568.412	13027.000
568.606	13044.000
568.800	12950.000
568.995	12905.000
569.189	12890.000
569.383	12789.000
569.577	12768.000
569.772	12698.000
569.966	12573.000
570.160	12699.000
570.355	12659.000
570.549	12601.000
570.743	12553.000
570.937	12601.000
571.132	12460.000
571.326	12512.000
571.520	12394.000
571.715	12412.000
571.909	12519.000
572.103	12585.000
572.297	12756.000
572.492	12440.000
572.686	12394.000
572.880	12622.000
573.074	12688.000
573.269	12528.000
573.463	12558.000
573.657	12478.000
573.852	12427.000
574.046	12224.000
574.240	12048.000
574.434	12048.000
574.629	12009.000
574.823	12017.000
575.017	12079.000
575.212	12076.000
575.406	11833.000
575.600	11826.000
575.794	11847.000
575.989	11901.000
576.183	11899.000
576.377	12121.000
576.571	12059.000
576.766	12015.000
576.960	11977.000
577.159	11834.000
577.357	11686.000
577.556	11576.000
577.755	11509.000
577.953	11533.000
578.152	11475.000
578.350	11480.000
578.549	11575.000
578.748	11447.000
578.946	11365.000
579.145	11461.000
579.344	11610.000
579.542	11785.000
579.741	11701.000
579.940	11616.000
580.138	11738.000
580.337	11530.000
580.535	11608.000
580.734	11839.000
580.933	11785.000
581.131	11963.000
581.330	12005.000
581.529	12034.000
581.727	12121.000
581.926	12348.000
582.125	12389.000
582.323	12245.000
582.522	12231.000
582.721	12258.000
582.919	12373.000
583.118	12296.000
583.316	12371.000
583.515	12571.000
583.714	12783.000
583.912	12708.000
584.111	12574.000
584.310	12633.000
584.508	12371.000
584.707	12472.000
584.906	12464.000
585.104	12397.000
585.303	12405.000
585.501	12280.000
585.700	12343.000
585.899	12236.000
586.097	12254.000
586.296	12311.000
586.495	12275.000
586.693	12346.000
586.892	12292.000
587.091	12214.000
587.289	12077.000
587.488	11994.000
587.686	11628.000
587.885	11531.000
588.084	11482.000
588.282	11029.000
588.481	10780.000
588.680	10800.000
588.878	10615.000
589.077	10431.000
589.276	10463.000
589.474	10655.000
589.673	10707.000
589.871	10723.000
590.070	10775.000
590.269	10763.000
590.467	10933.000
590.666	10988.000
590.865	10848.000
591.063	10924.000
591.262	11138.000
591.461	11089.000
591.659	11008.000
591.858	11073.000
592.056	11045.000
592.255	11110.000
592.454	11101.000
592.652	11195.000
592.851	11248.000
593.050	11144.000
593.248	11059.000
593.447	11068.000
593.646	10960.000
593.844	10923.000
594.043	10944.000
594.241	10883.000
594.440	10910.000
594.639	10958.000
594.837	10952.000
595.036	11041.000
595.235	11096.000
595.433	11034.000
595.632	10942.000
595.831	11001.000
596.029	11049.000
596.228	11025.000
596.427	10967.000
596.625	11200.000
596.824	11140.000
597.022	11099.000
597.221	10904.000
597.420	11061.000
597.618	11113.000
597.817	10975.000
598.016	10850.000
598.214	10892.000
598.413	10902.000
598.612	10998.000
598.810	11077.000
599.009	11150.000
599.207	11151.000
599.406	11087.000
599.605	10924.000
599.803	10948.000
600.002	10943.000
600.201	11053.000
600.399	11207.000
600.598	11263.000
600.797	11142.000
600.995	10939.000
601.194	10898.000
601.392	10913.000
601.591	10825.000
601.790	10992.000
601.988	10979.000
602.187	11018.000
602.386	10882.000
602.584	10931.000
602.783	11052.000
602.982	11232.000
603.180	11234.000
603.379	11243.000
603.577	11186.000
603.776	11146.000
603.975	11088.000
604.173	11067.000
604.372	11148.000
604.571	11012.000
604.769	11031.000
604.968	11136.000
605.167	10948.000
605.365	10983.000
605.564	11053.000
605.762	11115.000
605.961	11096.000
606.160	11077.000
606.358	11179.000
606.557	11204.000
606.756	11148.000
606.954	10964.000
607.153	10999.000
607.352	11128.000
607.550	10970.000
607.749	10899.000
607.948	11029.000
608.146	10925.000
608.345	10809.000
608.543	10716.000
608.742	10701.000
608.941	10781.000
609.139	10668.000
609.338	10711.000
609.537	10703.000
609.735	10626.000
609.934	10531.000
610.133	10429.000
610.331	10574.000
610.530	10758.000
610.728	10615.000
610.927	10475.000
611.126	10539.000
611.324	10638.000
611.523	10675.000
611.722	10573.000
611.920	10521.000
612.119	10375.000
612.318	10348.000
612.516	10358.000
612.715	10224.000
612.913	10273.000
613.112	10436.000
613.311	10305.000
613.509	10219.000
613.708	10248.000
613.907	10199.000
614.105	10319.000
614.304	10181.000
614.503	10219.000
614.701	10183.000
614.900	10164.000
615.098	10175.000
615.297	10030.000
615.496	10003.000
615.694	9989.000
615.893	9997.000
616.092	9881.000
616.290	9884.000
616.489	9995.000
616.688	9951.000
616.886	9969.000
617.085	9817.000
617.283	9833.000
617.482	9844.000
617.681	9780.000
617.879	9832.000
618.078	9953.000
618.277	10005.000
618.475	9727.000
618.674	9848.000
618.873	10003.000
619.071	9932.000
619.270	9948.000
619.468	9962.000
619.667	9946.000
619.866	10062.000
620.064	9997.000
620.263	9943.000
620.462	9850.000
620.660	9796.000
620.859	9820.000
621.058	9825.000
621.256	9802.000
621.455	9691.000
621.654	9677.000
621.852	9732.000
622.051	9779.000
622.249	9732.000
622.448	9729.000
622.647	9506.000
622.845	9587.000
623.044	9435.000
623.243	9302.000
623.441	9458.000
623.640	9453.000
623.839	9242.000
624.037	9223.000
624.236	9340.000
624.434	9281.000
624.633	9332.000
624.832	9192.000
625.030	9115.000
625.229	9140.000
625.428	9135.000
625.626	9299.000
625.825	9255.000
626.024	9184.000
626.222	9146.000
626.421	9144.000
626.619	9205.000
626.818	8980.000
627.017	9066.000
627.215	9143.000
627.414	8844.000
627.613	8715.000
627.811	8724.000
628.010	8788.000
628.209	8964.000
628.407	9031.000
628.606	8998.000
628.804	8948.000
629.003	8932.000
629.202	8823.000
629.400	8732.000
629.599	8715.000
629.798	8702.000
629.996	8773.000
630.195	8647.000
630.394	8753.000
630.592	8887.000
630.791	8853.000
630.990	8781.000
631.188	8640.000
631.387	8588.000
631.585	8677.000
631.784	8619.000
631.983	8494.000
632.181	8599.000
632.380	8687.000
632.579	8697.000
632.777	8735.000
632.976	8768.000
633.175	8732.000
633.373	8932.000
633.572	8916.000
633.770	8823.000
633.969	8800.000
634.168	8633.000
634.366	8628.000
634.565	8640.000
634.764	8756.000
634.962	8715.000
635.161	8712.000
635.360	8668.000
635.558	8820.000
635.757	8917.000
635.955	8811.000
636.154	8715.000
636.353	8722.000
636.551	8622.000
636.750	8559.000
636.949	8587.000
637.147	8595.000
637.346	8588.000
637.545	8656.000
637.743	8690.000
637.942	8678.000
638.140	8802.000
638.339	8960.000
638.538	8993.000
638.736	8900.000
638.935	8673.000
639.134	8487.000
639.332	8571.000
639.531	8615.000
639.730	8580.000
639.928	8704.000
640.127	8672.000
640.325	8567.000
640.524	8608.000
640.723	8572.000
640.921	8718.000
641.120	8617.000
641.319	8458.000
641.517	8416.000
641.716	8480.000
641.915	8641.000
642.113	8557.000
642.312	8450.000
642.510	8332.000
642.709	8390.000
642.908	8313.000
643.106	8319.000
643.305	8283.000
643.504	8405.000
643.702	8560.000
643.901	8563.000
644.100	8454.000
644.298	8414.000
644.497	8356.000
644.696	8361.000
644.894	8234.000
645.093	8318.000
645.291	8373.000
645.490	8333.000
645.689	8214.000
645.887	8215.000
646.086	8185.000
646.285	8023.000
646.483	7996.000
646.682	7981.000
646.881	7846.000
647.079	7793.000
647.278	7810.000
647.476	7754.000
647.675	8017.000
647.874	8087.000
648.072	7857.000
648.271	7621.000
648.470	7686.000
648.668	7813.000
648.867	7748.000
649.066	7590.000
649.264	7627.000
649.463	7739.000
649.661	7659.000
649.860	7882.000
650.059	7841.000
650.257	7848.000
650.456	8006.000
650.655	8030.000
650.853	7925.000
651.052	7714.000
651.251	7631.000
651.449	7668.000
651.648	7736.000
651.846	7764.000
652.045	7712.000
652.244	7909.000
652.442	7960.000
652.641	7869.000
652.840	7879.000
653.038	7914.000
653.237	8061.000
653.436	8013.000
653.634	7924.000
653.833	7827.000
654.032	7830.000
654.230	7925.000
654.429	7630.000
654.627	7683.000
654.826	7746.000
655.025	7504.000
655.223	7446.000
655.422	7215.000
655.621	7184.000
655.819	7100.000
656.018	6964.000
656.217	6994.000
656.415	7036.000
656.614	7072.000
656.812	7288.000
657.011	7371.000
657.210	7340.000
657.408	7319.000
657.607	7500.000
657.806	7652.000
658.004	7571.000
658.203	7529.000
658.402	7546.000
658.600	7554.000
658.799	7520.000
658.997	7603.000
659.196	7561.000
659.395	7639.000
659.593	7697.000
659.792	7745.000
659.991	7884.000
660.189	7762.000
660.388	7822.000
660.587	7762.000
660.785	7711.000
660.984	7750.000
661.182	7751.000
661.381	7767.000
661.580	7753.000
661.778	7783.000
661.977	7980.000
662.176	7839.000
662.374	7784.000
662.573	7813.000
662.772	7871.000
662.970	7611.000
663.169	7570.000
663.367	7730.000
663.566	7674.000
663.765	7875.000
663.963	7758.000
664.162	7735.000
664.361	7673.000
664.559	7789.000
664.758	7844.000
664.957	7649.000
665.155	7747.000
665.354	7762.000
665.552	7789.000
665.751	7863.000
665.950	7710.000
666.148	7589.000
666.347	7600.000
666.546	7390.000
666.744	7550.000
666.943	7571.000
667.142	7379.000
667.340	7593.000
667.539	7751.000
667.738	7642.000
667.936	7605.000
668.135	7546.000
668.333	7520.000
668.532	7401.000
668.731	7397.000
668.929	7380.000
669.128	7372.000
669.327	7502.000
669.525	7625.000
669.724	7492.000
669.923	7336.000
670.121	7237.000
670.320	7353.000
670.518	7335.000
670.717	7089.000
670.916	7185.000
671.114	7274.000
671.313	7274.000
671.512	7186.000
671.710	7073.000
671.909	7210.000
672.108	7447.000
672.306	7589.000
672.505	7286.000
672.703	7180.000
672.902	7293.000
673.101	7336.000
673.299	7548.000
673.498	7506.000
673.697	7268.000
673.895	7049.000
674.094	7086.000
674.293	7066.000
674.491	7005.000
674.690	7093.000
674.888	6982.000
675.087	7081.000
675.286	7183.000
675.484	7131.000
675.683	7081.000
675.882	6906.000
676.080	6884.000
676.279	6962.000
676.478	7038.000
676.676	7048.000
676.875	6868.000
677.073	6851.000
677.272	6905.000
677.471	6964.000
677.669	7003.000
677.868	6971.000
678.067	6877.000
678.265	6968.000
678.464	6955.000
678.663	6921.000
678.861	6931.000
679.060	6976.000
679.259	6786.000
679.457	6783.000
679.656	6783.000
679.854	6780.000
680.053	6732.000
680.252	6726.000
680.450	6736.000
680.649	6958.000
680.848	6943.000
681.046	6777.000
681.245	6786.000
681.444	6686.000
681.642	6715.000
681.841	6772.000
682.039	6838.000
682.238	6882.000
682.437	6546.000
682.635	6552.000
682.834	6693.000
683.033	6687.000
683.231	6629.000
683.430	6500.000
683.629	6571.000
683.827	6729.000
684.026	6848.000
684.224	6759.000
684.423	6478.000
684.622	6408.000
684.820	6394.000
685.019	6547.000
685.218	6610.000
685.416	6376.000
685.615	6110.000
685.814	5876.000
686.012	5884.000
686.211	5660.000
686.409	5407.000
686.608	5273.000
686.807	5180.000
687.005	5356.000
687.204	5465.000
687.403	5203.000
687.601	5311.000
687.800	5387.000
687.999	5303.000
688.197	5232.000
688.396	5070.000
688.594	5189.000
688.793	5280.000
688.992	5334.000
689.190	5383.000
689.389	5371.000
689.588	5392.000
689.786	5528.000
689.985	5624.000
690.184	5658.000
690.382	5737.000
690.581	5699.000
690.779	5931.000
690.978	5866.000
691.177	5848.000
691.375	5911.000
691.574	6124.000
691.773	6193.000
691.971	6008.000
692.170	5983.000
692.369	5947.000
692.567	6004.000
692.766	5948.000
692.965	5977.000
693.163	5917.000
693.362	6007.000
693.560	6062.000
693.759	6069.000
693.958	6094.000
694.156	6137.000
694.355	5876.000
694.554	5969.000
694.752	6057.000
694.951	6028.000
695.150	6029.000
695.348	6165.000
695.547	6274.000
695.745	6252.000
695.944	6442.000
696.143	6489.000
696.341	6564.000
696.540	6646.000
696.743	6706.000
696.946	6619.000
697.149	6760.000
697.352	6855.000
697.555	6793.000
697.757	6686.000
697.960	6731.000
698.163	6628.000
698.366	6608.000
698.569	6686.000
698.772	6716.000
698.975	6899.000
699.178	6789.000
699.381	6704.000
699.584	6808.000
699.787	6771.000
699.989	6699.000
700.192	6802.000
700.395	6831.000
700.598	6988.000
700.801	7025.000
701.004	6768.000
701.207	6844.000
701.410	6907.000
701.613	6953.000
701.816	6905.000
702.019	6858.000
702.221	7085.000
702.424	7061.000
702.627	7072.000
702.830	7149.000
703.033	7211.000
703.236	7186.000
703.439	7271.000
703.642	7465.000
703.845	7557.000
704.048	7648.000
704.251	7606.000
704.453	7420.000
704.656	7531.000
704.859	7671.000
705.062	7518.000
705.265	7576.000
705.468	7645.000
705.671	7647.000
705.874	7694.000
706.077	7738.000
706.280	7785.000
706.483	7826.000
706.685	7871.000
706.888	7952.000
707.091	7994.000
707.294	8017.000
707.497	8042.000
707.700	8222.000
707.903	8243.000
708.106	8091.000
708.309	8139.000
708.512	8328.000
708.715	8392.000
708.917	8408.000
709.120	8368.000
709.323	8333.000
709.526	8401.000
709.729	8448.000
709.932	8482.000
710.135	8411.000
710.338	8546.000
710.541	8597.000
710.744	8588.000
710.947	8564.000
711.149	8604.000
711.352	8668.000
711.555	8695.000
711.758	8648.000
711.961	8748.000
712.164	8837.000
712.367	8896.000
712.570	8808.000
712.773	8833.000
712.976	8859.000
713.179	8772.000
713.381	8838.000
713.584	8874.000
713.787	8841.000
713.990	8919.000
714.193	8799.000
714.396	8848.000
714.599	9106.000
714.802	9022.000
715.005	8846.000
715.208	8674.000
715.411	8569.000
715.613	8628.000
715.816	8605.000
716.019	8244.000
716.222	8061.000
716.425	7920.000
716.628	7827.000
716.831	7683.000
717.034	7531.000
717.237	7479.000
717.440	7208.000
717.643	7141.000
717.845	7087.000
718.048	6929.000
718.251	6758.000
718.454	6849.000
718.657	6779.000
718.860	6837.000
719.063	6841.000
719.266	6807.000
719.469	6812.000
719.672	6949.000
719.875	7121.000
720.077	7346.000
720.280	7516.000
720.483	7821.000
720.686	7928.000
720.889	8198.000
721.092	8205.000
721.295	8201.000
721.498	8353.000
721.701	8390.000
721.904	8478.000
722.107	8459.000
722.309	8382.000
722.512	8171.000
722.715	8352.000
722.918	8274.000
723.121	8249.000
723.324	8292.000
723.527	8272.000
723.730	8327.000
723.933	8267.000
724.136	8294.000
724.339	8114.000
724.541	8175.000
724.744	8162.000
724.947	8090.000
725.150	8112.000
725.353	8174.000
725.556	8251.000
725.759	8398.000
725.962	8531.000
726.165	8527.000
726.368	8520.000
726.571	8526.000
726.773	8578.000
726.976	8501.000
727.179	8570.000
727.382	8627.000
727.585	8810.000
727.788	8629.000
727.991	8492.000
728.194	8626.000
728.397	8555.000
728.600	8553.000
728.803	8535.000
729.005	8679.000
729.208	8794.000
729.411	8935.000
729.614	8998.000
729.817	9046.000
730.020	9040.000
730.223	9199.000
730.426	9101.000
730.629	9030.000
730.832	9162.000
731.035	9342.000
731.237	9612.000
731.440	9845.000
731.643	9889.000
731.846	9883.000
732.049	10044.000
732.252	10396.000
732.455	10433.000
732.658	10307.000
732.861	10377.000
733.064	10566.000
733.267	10769.000
733.469	10969.000
733.672	10829.000
733.875	10962.000
734.078	11238.000
734.281	11103.000
734.484	11072.000
734.687	11073.000
734.890	11222.000
735.093	11323.000
735.296	11392.000
735.499	11238.000
735.701	11180.000
735.904	11447.000
736.107	11338.000
736.310	11293.000
736.513	11370.000
736.716	11427.000
736.919	11456.000
737.122	11524.000
737.325	11596.000
737.528	11455.000
737.731	11489.000
737.933	11554.000
738.136	11646.000
738.339	11644.000
738.542	11639.000
738.745	11545.000
738.948	11705.000
739.151	11844.000
739.354	11744.000
739.557	11811.000
739.760	11809.000
739.963	11863.000
740.165	11979.000
740.368	11958.000
740.571	11871.000
740.774	11901.000
740.977	11857.000
741.180	11959.000
741.383	12201.000
741.586	12283.000
741.789	12346.000
741.992	12219.000
742.195	12138.000
742.397	12343.000
742.600	12469.000
742.803	12406.000
743.006	12426.000
743.209	12400.000
743.412	12278.000
743.615	12364.000
743.818	12471.000
744.021	12380.000
744.224	12451.000
744.427	12642.000
744.629	12586.000
744.832	12499.000
745.035	12526.000
745.238	12467.000
745.441	12574.000
745.644	12630.000
745.847	12546.000
746.050	12571.000
746.253	12606.000
746.456	12658.000
746.659	12673.000
746.861	12490.000
747.064	12631.000
747.267	12522.000
747.470	12436.000
747.673	12626.000
747.876	12695.000
748.079	12629.000
748.282	12659.000
748.485	12576.000
748.688	12511.000
748.891	12390.000
749.093	12476.000
749.296	12586.000
749.499	12590.000
749.702	12608.000
749.905	12496.000
750.108	12323.000
750.311	12418.000
750.514	12500.000
750.717	12431.000
750.920	12453.000
751.123	12470.000
751.325	12254.000
751.528	12201.000
751.731	12190.000
751.934	12446.000
752.137	12500.000
752.340	12385.000
752.543	12347.000
752.746	12542.000
752.949	12410.000
753.152	12437.000
753.355	12373.000
753.557	12323.000
753.760	12401.000
753.963	12381.000
754.166	12358.000
754.369	12244.000
754.572	12331.000
754.775	12346.000
754.978	12380.000
755.181	12450.000
755.384	12422.000
755.587	12579.000
755.789	12340.000
755.992	12353.000
756.195	12272.000
756.398	12229.000
756.601	12276.000
756.804	12283.000
757.007	12197.000
757.210	12105.000
757.413	12102.000
757.616	11938.000
757.819	11738.000
758.021	11341.000
758.224	10760.000
758.427	10057.000
758.630	9131.000
758.833	8395.000
759.036	7580.000
759.239	6797.000
759.442	6294.000
759.645	5766.000
759.848	5435.000
760.051	5321.000
760.253	5419.000
760.456	5456.000
760.659	5400.000
760.862	5487.000
761.065	5403.000
761.268	5184.000
761.471	5196.000
761.674	5123.000
761.877	4852.000
762.080	4826.000
762.283	4883.000
762.485	4932.000
762.688	5078.000
762.891	5298.000
763.094	5326.000
763.297	5463.000
763.500	5675.000
763.706	5967.000
763.912	6086.000
764.118	6188.000
764.325	6352.000
764.531	6596.000
764.737	6843.000
764.943	7099.000
765.149	7361.000
765.355	7579.000
765.561	7911.000
765.768	8059.000
765.974	8114.000
766.180	8454.000
766.386	8863.000
766.592	9113.000
766.798	9215.000
767.004	9426.000
767.210	9753.000
767.417	10067.000
767.623	10090.000
767.829	9999.000
768.035	9977.000
768.241	10271.000
768.447	10454.000
768.653	10430.000
768.860	10584.000
769.066	10445.000
769.272	10561.000
769.478	10686.000
769.684	10797.000
769.890	10881.000
770.096	10903.000
770.303	10655.000
770.509	10764.000
770.715	10919.000
770.921	11013.000
771.127	10986.000
771.333	11033.000
771.539	11027.000
771.745	10909.000
771.952	11084.000
772.158	11029.000
772.364	10792.000
772.570	10885.000
772.776	10879.000
772.982	10789.000
773.188	10761.000
773.395	10690.000
773.601	10772.000
773.807	10759.000
774.013	10700.000
774.219	10680.000
774.425	10776.000
774.631	10812.000
774.838	10621.000
775.044	10759.000
775.250	10773.000
775.456	10714.000
775.662	10597.000
775.868	10673.000
776.074	10690.000
776.281	10607.000
776.487	10511.000
776.693	10459.000
776.899	10544.000
777.105	10558.000
777.311	10623.000
777.517	10684.000
777.723	10699.000
777.930	10536.000
778.136	10595.000
778.342	10654.000
778.548	10685.000
778.754	10431.000
778.960	10364.000
779.166	10287.000
779.373	10356.000
779.579	10216.000
779.785	10065.000
779.991	10245.000
780.197	10254.000
780.403	10064.000
780.609	10220.000
780.816	10195.000
781.022	10308.000
781.228	10406.000
781.434	10201.000
781.640	10112.000
781.846	10196.000
782.052	10149.000
782.259	10082.000
782.465	9994.000
782.671	10017.000
782.877	9962.000
783.083	9902.000
783.289	10064.000
783.495	9943.000
783.701	9945.000
783.908	10012.000
784.114	9951.000
784.320	9871.000
784.526	9766.000
784.732	9661.000
784.938	9732.000
785.144	9660.000
785.351	9678.000
785.557	9817.000
785.763	9820.000
785.969	9720.000
786.175	9698.000
786.381	9514.000
786.587	9538.000
786.794	9589.000
787.000	9596.000
787.206	9524.000
787.412	9554.000
787.618	9436.000
787.824	9365.000
788.030	9278.000
788.236	9171.000
788.443	9057.000
788.649	9051.000
788.855	8976.000
789.061	8930.000
789.267	9011.000
789.473	8918.000
789.679	8935.000
789.886	8986.000
790.092	8697.000
790.298	8628.000
790.504	8761.000
790.710	8846.000
790.916	8759.000
791.122	8632.000
791.329	8636.000
791.535	8747.000
791.741	8675.000
791.947	8446.000
792.153	8551.000
792.359	8737.000
792.565	8786.000
792.771	8607.000
792.978	8385.000
793.184	8605.000
793.390	8692.000
793.596	8579.000
793.802	8527.000
794.008	8490.000
794.214	8489.000
794.421	8370.000
794.627	8345.000
794.833	8239.000
795.039	8307.000
795.245	8327.000
795.451	8374.000
795.657	8329.000
795.864	8270.000
796.070	8350.000
796.276	8550.000
796.482	8591.000
796.688	8335.000
796.894	8288.000
797.100	8195.000
797.307	8321.000
797.513	8411.000
797.719	8226.000
797.925	8130.000
798.131	8073.000
798.337	7916.000
798.543	7976.000
798.749	8094.000
798.956	8231.000
799.162	8253.000
799.368	8004.000
799.574	7961.000
799.780	7974.000
799.986	7874.000
800.192	7805.000
800.399	7796.000
800.605	7750.000
800.811	7782.000
801.017	7835.000
801.223	7722.000
801.429	7754.000
801.635	7738.000
801.842	7684.000
802.048	7762.000
802.254	7792.000
802.460	7750.000
802.666	7631.000
802.872	7770.000
803.078	7760.000
803.285	7727.000
803.491	7636.000
803.697	7687.000
803.903	7621.000
804.109	7507.000
804.315	7662.000
804.521	7580.000
804.727	7696.000
804.934	7681.000
805.140	7702.000
805.346	7734.000
805.552	7938.000
805.758	7648.000
805.964	7536.000
806.170	7623.000
806.377	7656.000
806.583	7552.000
806.789	7512.000
806.995	7481.000
807.201	7352.000
807.407	7402.000
807.613	7471.000
807.820	7373.000
808.026	7413.000
808.232	7398.000
808.438	7281.000
808.644	7168.000
808.850	6979.000
809.056	7060.000
809.262	6993.000
809.469	6988.000
809.675	6902.000
809.881	6974.000
810.087	6949.000
810.293	7020.000
810.499	6919.000
810.705	6844.000
810.912	6754.000
811.118	6782.000
811.324	6799.000
811.530	6667.000
811.739	6504.000
811.947	6485.000
812.156	6489.000
812.365	6333.000
812.573	6291.000
812.782	6074.000
812.990	6073.000
813.199	6086.000
813.408	6024.000
813.616	5805.000
813.825	5611.000
814.034	5609.000
814.242	5692.000
814.451	5621.000
814.659	5469.000
814.868	5397.000
815.077	5365.000
815.285	5167.000
815.494	5117.000
815.703	4991.000
815.911	5094.000
816.120	5133.000
816.329	5098.000
816.537	5096.000
816.746	5102.000
816.954	5023.000
817.163	4913.000
817.372	4924.000
817.580	4965.000
817.789	5066.000
817.998	5031.000
818.206	4911.000
818.415	5037.000
818.624	4885.000
818.832	4833.000
819.041	5003.000
819.249	5282.000
819.458	5436.000
819.667	5442.000
819.875	5444.000
820.084	5464.000
820.293	5485.000
820.501	5291.000
820.710	5354.000
820.919	5429.000
821.127	5296.000
821.336	5207.000
821.544	5029.000
821.753	4862.000
821.962	4735.000
822.170	4664.000
822.379	4781.000
822.588	4787.000
822.796	4690.000
823.005	4781.000
823.213	4875.000
823.422	4925.000
823.631	5104.000
823.839	5121.000
824.048	5118.000
824.257	5254.000
824.465	5340.000
824.674	5265.000
824.883	5228.000
825.091	5266.000
825.300	5267.000
825.508	5570.000
825.717	5534.000
825.926	5249.000
826.134	5268.000
826.343	5295.000
826.552	5116.000
826.760	4995.000
826.969	5030.000
827.178	5089.000
827.386	5104.000
827.595	5139.000
827.803	5029.000
828.012	4924.000
828.221	4866.000
828.429	5038.000
828.638	5100.000
828.847	5136.000
829.055	4996.000
829.264	5015.000
829.472	5095.000
829.681	5009.000
829.890	4881.000
830.098	4898.000
830.307	4998.000
830.516	4935.000
830.724	4824.000
830.933	4769.000
831.142	4900.000
831.350	4987.000
831.559	4987.000
831.767	4854.000
831.976	4929.000
832.185	4954.000
832.393	4890.000
832.602	4830.000
832.811	4891.000
833.019	4841.000
833.228	4875.000
833.437	4969.000
833.645	5033.000
833.854	4859.000
834.062	5023.000
834.271	5064.000
834.480	5018.000
834.688	4985.000
834.897	4888.000
835.106	4879.000
835.314	4959.000
835.523	5008.000
835.731	5057.000
835.940	5199.000
836.149	5160.000
836.357	5131.000
836.566	5133.000
836.775	5191.000
836.983	5258.000
837.192	5110.000
837.401	4982.000
837.609	4989.000
837.818	5170.000
838.026	5124.000
838.235	5114.000
838.444	5203.000
838.652	5283.000
838.861	5303.000
839.070	5229.000
839.278	5256.000
839.487	5164.000
839.696	5255.000
839.904	5160.000
840.113	5058.000
840.321	5097.000
840.530	5056.000
840.739	5030.000
840.947	5052.000
841.156	4973.000
841.365	4952.000
841.573	5105.000
841.782	5208.000
841.991	5105.000
842.199	4999.000
842.408	4918.000
842.616	4937.000
842.825	4942.000
843.034	4993.000
843.242	4882.000
843.451	4921.000
843.660	4905.000
843.868	4888.000
844.077	4778.000
844.285	5062.000
844.494	5138.000
844.703	4892.000
844.911	4787.000
845.120	4865.000
845.329	4876.000
845.537	4799.000
845.746	4784.000
845.955	4905.000
846.163	4881.000
846.372	4877.000
846.580	4798.000
846.789	4813.000
846.998	4813.000
847.206	4844.000
847.415	4833.000
847.624	4720.000
847.832	4775.000
848.041	4796.000
848.250	4725.000
848.458	4611.000
848.667	4593.000
848.875	4638.000
849.084	4535.000
849.293	4466.000
849.501	4496.000
849.710	4373.000
849.919	4506.000
850.127	4544.000
850.336	4574.000
850.544	4536.000
850.753	4537.000
850.962	4426.000
851.170	4499.000
851.379	4720.000
851.588	4551.000
851.796	4534.000
852.005	4469.000
852.214	4445.000
852.422	4443.000
852.631	4315.000
852.839	4074.000
853.048	4073.000
853.257	4043.000
853.465	3831.000
853.674	3773.000
853.883	3916.000
854.091	3864.000
854.300	3925.000
854.509	4007.000
854.717	4192.000
854.926	4106.000
855.134	4133.000
855.343	4119.000
855.552	4096.000
855.760	4257.000
855.969	4240.000
856.178	4102.000
856.386	4157.000
856.595	4255.000
856.803	4299.000
857.012	4250.000
857.221	4151.000
857.429	4184.000
857.638	4224.000
857.847	4285.000
858.055	4237.000
858.264	4254.000
858.473	4280.000
858.681	4153.000
858.890	4025.000
859.098	4166.000
859.307	4169.000
859.516	4012.000
859.724	4104.000
859.933	4108.000
860.142	4145.000
860.350	4089.000
860.559	3934.000
860.768	3941.000
860.976	3947.000
861.185	3888.000
861.393	3876.000
861.602	3916.000
861.811	3940.000
862.019	3913.000
862.228	3845.000
862.437	3856.000
862.645	3913.000
862.854	4027.000
863.062	4033.000
863.271	3924.000
863.480	4049.000
863.688	4057.000
863.897	3912.000
864.106	3739.000
864.314	3763.000
864.523	3750.000
864.732	3636.000
864.940	3584.000
865.149	3546.000
865.357	3553.000
865.566	3500.000
865.775	3537.000
865.983	3563.000
866.192	3336.000
866.401	3342.000
866.609	3429.000
866.818	3499.000
867.027	3507.000
867.235	3520.000
867.444	3482.000
867.652	3483.000
867.861	3512.000
868.070	3450.000
868.278	3431.000
868.487	3504.000
868.696	3538.000
868.904	3488.000
869.113	3486.000
869.321	3516.000
869.530	3480.000
869.739	3451.000
869.947	3522.000
870.156	3312.000
870.365	3253.000
870.573	3342.000
870.782	3420.000
870.991	3472.000
871.199	3371.000
871.408	3216.000
871.616	3341.000
871.825	3332.000
872.034	3374.000
872.242	3469.000
872.451	3422.000
872.660	3351.000
872.868	3490.000
873.077	3313.000
873.286	3174.000
873.494	3277.000
873.703	3295.000
873.911	3182.000
874.120	2988.000
874.329	3081.000
874.537	3296.000
874.746	3194.000
874.955	3106.000
875.163	2974.000
875.372	2979.000
875.581	3109.000
875.789	3123.000
875.998	3125.000
876.206	3071.000
876.415	2980.000
876.624	2917.000
876.832	2896.000
877.041	2996.000
877.250	2984.000
877.458	2866.000
877.667	3074.000
877.875	3056.000
878.084	3009.000
878.293	3003.000
878.501	2950.000
878.710	2922.000
878.919	2965.000
879.127	2847.000
879.336	2827.000
879.545	2821.000
879.753	2730.000
879.962	2724.000
880.170	2778.000
880.379	2869.000
880.588	2868.000
880.796	2904.000
881.005	2937.000
881.214	2983.000
881.422	2857.000
881.631	2792.000
881.840	2960.000
882.048	2911.000
882.257	2900.000
882.465	2756.000
882.674	2788.000
882.883	2834.000
883.091	2781.000
883.300	2708.000
883.509	2603.000
883.717	2725.000
883.926	2781.000
884.134	2728.000
884.343	2623.000
884.552	2669.000
884.760	2681.000
884.969	2799.000
885.178	2624.000
885.386	2554.000
885.595	2542.000
885.804	2616.000
886.012	2555.000
886.221	2494.000
886.429	2520.000
886.638	2450.000
886.847	2462.000
887.055	2564.000
887.264	2610.000
887.473	2525.000
887.681	2623.000
887.890	2539.000
888.099	2536.000
888.307	2519.000
888.516	2475.000
888.724	2466.000
888.933	2437.000
889.142	2484.000
889.350	2498.000
889.559	2536.000
889.768	2324.000
889.976	2359.000
890.185	2515.000
890.393	2429.000
890.602	2407.000
890.811	2468.000
891.019	2495.000
891.228	2587.000
891.437	2434.000
891.645	2376.000
891.854	2407.000
892.063	2468.000
892.271	2356.000
892.480	2231.000
892.688	2331.000
892.897	2383.000
893.106	2299.000
893.314	2283.000
893.523	2038.000
893.732	2156.000
893.940	2220.000
894.149	1987.000
894.358	1977.000
894.566	2086.000
894.775	2128.000
894.983	2029.000
895.192	1935.000
895.401	2035.000
895.609	1870.000
895.818	1836.000
896.027	1758.000
896.235	1726.000
896.444	1717.000
896.652	1797.000
896.861	1762.000
897.070	1904.000
897.278	1908.000
897.487	1812.000
897.696	1754.000
897.904	1560.000
898.113	1648.000
898.322	1634.000
898.530	1540.000
898.739	1599.000
898.947	1611.000
899.156	1557.000
899.365	1664.000
899.573	1688.000
899.782	1556.000
899.991	1556.000
900.199	1473.000
900.408	1579.000
900.617	1611.000
900.825	1550.000
901.034	1620.000
901.242	1511.000
901.451	1440.000
901.660	1540.000
901.868	1678.000
902.077	1651.000
902.286	1562.000
902.494	1603.000
902.703	1724.000
902.911	1794.000
903.120	1816.000
903.329	1734.000
903.537	1726.000
903.746	1762.000
903.955	1826.000
904.163	1741.000
904.372	1757.000
904.581	1750.000
904.789	1768.000
904.998	1773.000
905.206	1790.000
905.415	1878.000
905.624	1781.000
905.832	1721.000
906.041	1611.000
906.250	1594.000
906.458	1520.000
906.667	1548.000
906.876	1471.000
907.084	1490.000
907.293	1456.000
907.501	1513.000
907.710	1483.000
907.919	1548.000
908.127	1653.000
908.336	1433.000
908.545	1462.000
908.753	1509.000
908.962	1581.000
909.170	1442.000
909.379	1361.000
909.588	1519.000
909.796	1506.000
910.005	1390.000
910.214	1353.000
910.422	1422.000
910.631	1344.000
910.840	1554.000
911.048	1656.000
911.257	1429.000
911.465	1418.000
911.674	1461.000
911.883	1391.000
912.091	1381.000
912.300	1428.000
912.508	1375.000
912.716	1314.000
912.924	1307.000
913.132	1369.000
913.340	1420.000
913.549	1408.000
913.757	1333.000
913.965	1273.000
914.173	1282.000
914.381	1278.000
914.589	1256.000
914.797	1183.000
915.005	1215.000
915.213	1315.000
915.421	1364.000
915.629	1209.000
915.838	1171.000
916.046	1207.000
916.254	1237.000
916.462	1247.000
916.670	1232.000
916.878	1318.000
917.086	1409.000
917.294	1305.000
917.502	1224.000
917.710	1333.000
917.919	1382.000
918.127	1284.000
918.335	1345.000
918.543	1359.000
918.751	1466.000
918.959	1479.000
919.167	1413.000
919.375	1388.000
919.583	1548.000
919.791	1362.000
919.999	1308.000
920.208	1411.000
920.416	1292.000
920.624	1326.000
920.832	1315.000
921.040	1287.000
921.248	1315.000
921.456	1273.000
921.664	1199.000
921.872	1240.000
922.080	1195.000
922.288	1209.000
922.497	1296.000
922.705	1258.000
922.913	1270.000
923.121	1290.000
923.329	1175.000
923.537	1158.000
923.745	1173.000
923.953	1073.000
924.161	1159.000
924.369	1228.000
924.578	1174.000
924.786	1179.000
924.994	1239.000
925.202	1234.000
925.410	1226.000
925.618	1233.000
925.826	1163.000
926.034	1212.000
926.242	1238.000
926.450	1085.000
926.658	1077.000
926.867	1140.000
927.075	1040.000
927.283	1047.000
927.491	1011.000
927.699	1019.000
927.907	1125.000
928.115	1074.000
928.323	827.000
928.531	782.000
928.739	753.000
928.947	814.000
929.156	829.000
929.364	863.000
929.572	848.000
929.780	668.000
929.988	610.000
930.196	664.000
930.404	659.000
930.612	527.000
930.820	549.000
931.028	577.000
931.236	570.000
931.445	469.000
931.653	443.000
931.861	477.000
932.069	389.000
932.277	504.000
932.485	686.000
932.693	456.000
932.901	317.000
933.109	303.000
933.317	315.000
933.526	401.000
933.734	350.000
933.942	353.000
934.150	348.000
934.358	312.000
934.566	344.000
934.774	310.000
934.982	253.000
935.190	358.000
935.398	399.000
935.606	328.000
935.815	342.000
936.023	393.000
936.231	364.000
936.439	378.000
936.647	372.000
936.855	322.000
937.063	340.000
937.271	378.000
937.479	423.000
937.687	358.000
937.895	426.000
938.104	501.000
938.312	403.000
938.520	359.000
938.728	378.000
938.936	429.000
939.144	447.000
939.352	448.000
939.560	469.000
939.768	455.000
939.976	382.000
940.185	353.000
940.393	397.000
940.601	407.000
940.809	353.000
941.017	412.000
941.225	372.000
941.433	302.000
941.641	331.000
941.849	201.000
942.057	291.000
942.265	333.000
942.474	365.000
942.682	362.000
942.890	227.000
943.098	287.000
943.306	300.000
943.514	280.000
943.722	274.000
943.930	299.000
944.138	306.000
944.346	384.000
944.554	457.000
944.763	317.000
944.971	246.000
945.179	240.000
945.387	299.000
945.595	337.000
945.803	442.000
946.011	364.000
946.219	275.000
946.427	300.000
946.635	283.000
946.843	436.000
947.052	510.000
947.260	335.000
947.468	335.000
947.676	306.000
947.884	328.000
948.092	416.000
948.300	441.000
948.508	373.000
948.716	323.000
948.924	350.000
949.133	488.000
949.341	467.000
949.549	269.000
949.757	366.000
949.965	340.000
950.173	213.000
950.381	345.000
950.589	440.000
950.797	394.000
951.005	302.000
951.213	228.000
951.422	260.000
951.630	267.000
951.838	291.000
952.046	456.000
952.254	449.000
952.462	326.000
952.670	406.000
952.878	415.000
953.086	428.000
953.294	428.000
953.502	365.000
953.711	370.000
953.919	366.000
954.127	275.000
954.335	251.000
954.543	356.000
954.751	372.000
954.959	358.000
955.167	455.000
955.375	369.000
955.583	200.000
955.792	341.000
956.000	413.000
956.208	431.000
956.416	392.000
956.624	364.000
956.832	431.000
957.040	385.000
957.248	286.000
957.456	350.000
957.664	319.000
957.872	170.000
958.081	199.000
958.289	303.000
958.497	336.000
958.705	319.000
958.913	245.000
959.121	250.000
959.329	295.000
959.537	233.000
959.745	282.000
959.953	328.000
960.161	278.000
960.370	192.000
960.578	332.000
960.786	478.000
960.994	402.000
961.202	414.000
961.410	456.000
961.618	311.000
961.826	295.000
962.034	465.000
962.242	327.000
962.451	233.000
962.659	281.000
962.867	270.000
963.075	417.000
963.283	467.000
963.491	416.000
963.699	378.000
963.907	359.000
964.115	418.000
964.323	526.000
964.531	463.000
964.740	334.000
964.948	425.000
965.156	340.000
965.364	438.000
965.572	572.000
965.780	434.000
965.999	354.000
966.218	281.000
966.438	255.000
966.657	254.000
966.876	312.000
967.095	363.000
967.315	355.000
967.534	323.000
967.753	439.000
967.972	518.000
968.192	449.000
968.411	339.000
968.630	339.000
968.849	374.000
969.068	543.000
969.288	457.000
969.507	462.000
969.726	565.000
969.945	583.000
970.165	431.000
970.384	457.000
970.603	353.000
970.822	264.000
971.042	313.000
971.261	385.000
971.480	507.000
971.699	455.000
971.919	375.000
972.138	418.000
972.357	390.000
972.576	370.000
972.795	426.000
973.015	440.000
973.234	431.000
973.453	370.000
973.672	295.000
973.892	224.000
974.111	265.000
974.330	402.000
974.549	429.000
974.769	324.000
974.988	450.000
975.207	312.000
975.426	233.000
975.646	377.000
975.865	359.000
976.084	347.000
976.303	325.000
976.522	341.000
976.742	283.000
976.961	211.000
977.180	324.000
977.399	313.000
977.619	299.000
977.838	414.000
978.057	391.000
978.276	423.000
978.496	359.000
978.715	377.000
978.934	336.000
979.153	151.000
979.372	192.000
979.592	288.000
979.811	395.000
980.030	377.000
980.249	258.000
980.469	411.000
980.688	422.000
980.907	223.000
981.126	265.000
981.346	451.000
981.565	393.000
981.784	259.000
982.003	353.000
982.223	471.000
982.442	542.000
982.661	331.000
982.880	374.000
983.099	306.000
983.319	317.000
983.538	349.000
983.757	329.000
983.976	461.000
984.196	504.000
984.415	528.000
984.634	407.000
984.853	374.000
985.073	496.000
985.292	361.000
985.511	286.000
985.730	306.000
985.949	401.000
986.169	487.000
986.388	548.000
986.607	206.000
986.826	198.000
987.046	164.000
987.265	255.000
987.484	343.000
987.703	347.000
987.923	290.000
988.142	383.000
988.361	404.000
988.580	430.000
988.800	292.000
989.019	354.000
989.238	330.000
989.457	256.000
989.676	344.000
989.896	287.000
990.115	129.000
990.334	147.000
990.553	222.000
990.773	277.000
990.992	328.000
991.211	312.000
991.430	361.000
991.650	267.000
991.869	189.000
992.088	108.000
992.307	278.000
992.527	344.000
992.746	259.000
992.965	285.000
993.184	338.000
993.403	312.000
993.623	309.000
993.842	177.000
994.061	111.000
994.280	262.000
994.500	283.000
994.719	202.000
994.938	217.000
995.157	125.000
995.377	124.000
995.596	209.000
995.815	274.000
996.034	207.000
996.253	188.000
996.473	197.000
996.692	300.000
996.911	260.000
997.130	273.000
997.350	233.000
997.569	265.000
997.788	261.000
998.007	77.000
998.227	145.000
998.446	310.000
998.665	324.000
998.884	313.000
999.104	273.000
999.323	324.000
999.542	204.000
999.761	122.000
999.980	143.000
1000.200	273.000
1000.419	317.000
1000.638	311.000
1000.857	289.000
1001.077	230.000
1001.296	213.000
1001.515	145.000
1001.734	179.000
1001.954	180.000
1002.173	262.000
1002.392	293.000
1002.611	223.000
1002.830	227.000
1003.050	153.000
1003.269	256.000
1003.488	289.000
1003.707	196.000
1003.927	185.000
1004.146	262.000
1004.365	218.000
1004.584	181.000
1004.804	238.000
1005.023	291.000
1005.242	192.000
1005.461	223.000
1005.681	296.000
1005.900	253.000
1006.119	194.000
1006.338	163.000
1006.557	189.000
1006.777	323.000
1006.996	384.000
1007.215	159.000
1007.434	133.000
1007.654	253.000
1007.873	255.000
1008.092	228.000
1008.311	190.000
1008.531	53.000
1008.750	162.000
1008.969	261.000
1009.188	61.000
1009.407	110.000
1009.627	157.000
1009.846	97.000
1010.065	192.000
1010.284	147.000
1010.504	-12.000
1010.723	69.000
1010.942	124.000
1011.161	134.000
1011.381	119.000
1011.600	122.000
1011.819	217.000
1012.038	198.000
1012.258	168.000
1012.477	251.000
1012.696	212.000
1012.915	191.000
1013.134	195.000
1013.354	117.000
1013.573	233.000
1013.792	242.000
1014.011	131.000
1014.231	94.000
1014.450	258.000
1014.669	220.000
1014.888	67.000
1015.108	195.000
1015.327	181.000
1015.546	229.000
1015.765	318.000
1015.984	248.000
1016.204	274.000
1016.423	224.000
1016.642	279.000
1016.861	226.000
1017.081	117.000
1017.300	102.000
1017.519	75.000
