296.912	68.500
297.101	83.500
297.290	51.500
297.479	36.500
297.668	28.500
297.858	58.500
298.047	39.500
298.236	21.500
298.425	57.500
298.614	61.500
298.803	39.500
298.992	47.500
299.181	69.500
299.370	49.500
299.559	82.500
299.748	87.500
299.937	48.500
300.126	64.500
300.315	65.500
300.504	65.500
300.693	45.500
300.882	44.500
301.071	84.500
301.260	41.500
301.449	53.500
301.638	86.500
301.827	64.500
302.016	40.500
302.205	58.500
302.395	55.500
302.584	52.500
302.773	72.500
302.962	83.500
303.151	87.500
303.340	97.500
303.529	63.500
303.718	15.500
303.907	30.500
304.096	16.500
304.285	8.500
304.474	55.500
304.663	99.500
304.852	65.500
305.041	52.500
305.230	71.500
305.419	91.500
305.608	71.500
305.797	95.500
305.986	77.500
306.175	41.500
306.364	82.500
306.553	85.500
306.743	69.500
306.932	59.500
307.121	66.500
307.310	67.500
307.499	55.500
307.688	53.500
307.877	45.500
308.066	58.500
308.255	86.500
308.444	84.500
308.633	77.500
308.822	62.500
309.011	52.500
309.200	54.500
309.389	52.500
309.578	59.500
309.767	49.500
309.956	64.500
310.145	119.500
310.334	95.500
310.523	58.500
310.712	55.500
310.901	67.500
311.091	98.500
311.280	96.500
311.469	51.500
311.658	17.500
311.847	64.500
312.036	102.500
312.225	98.500
312.414	93.500
312.603	80.500
312.792	39.500
312.981	38.500
313.170	100.500
313.349	59.500
313.527	53.500
313.706	52.500
313.884	54.500
314.063	53.500
314.241	39.500
314.420	60.500
314.598	91.500
314.777	96.500
314.955	73.500
315.134	54.500
315.312	84.500
315.491	72.500
315.669	75.500
315.848	102.500
316.027	116.500
316.205	69.500
316.384	50.500
316.562	59.500
316.741	68.500
316.919	68.500
317.098	70.500
317.276	71.500
317.455	96.500
317.633	58.500
317.812	38.500
317.990	55.500
318.169	69.500
318.347	44.500
318.526	64.500
318.705	58.500
318.883	92.500
319.062	68.500
319.240	74.500
319.419	113.500
319.597	95.500
319.776	49.500
319.954	62.500
320.133	65.500
320.311	54.500
320.490	101.500
320.668	98.500
320.847	78.500
321.025	95.500
321.204	98.500
321.382	100.500
321.561	107.500
321.740	101.500
321.918	43.500
322.097	53.500
322.275	99.500
322.454	126.500
322.632	85.500
322.811	51.500
322.989	67.500
323.168	54.500
323.346	60.500
323.525	48.500
323.703	37.500
323.882	73.500
324.060	111.500
324.239	107.500
324.418	68.500
324.596	61.500
324.775	75.500
324.953	44.500
325.132	54.500
325.310	57.500
325.489	102.500
325.667	106.500
325.846	72.500
326.024	65.500
326.203	87.500
326.381	100.500
326.560	51.500
326.738	20.500
326.917	33.500
327.096	65.500
327.274	78.500
327.453	100.500
327.631	86.500
327.810	67.500
327.988	78.500
328.167	85.500
328.345	66.500
328.524	66.500
328.702	81.500
328.881	79.500
329.059	94.500
329.238	78.500
329.416	50.500
329.595	73.500
329.774	72.500
329.952	73.500
330.131	76.500
330.309	59.500
330.488	77.500
330.666	86.500
330.845	107.500
331.023	47.500
331.202	63.500
331.380	61.500
331.559	69.500
331.737	61.500
331.916	58.500
332.094	65.500
332.273	67.500
332.452	98.500
332.630	99.500
332.809	90.500
332.987	108.500
333.166	87.500
333.344	75.500
333.523	74.500
333.701	84.500
333.880	76.500
334.058	94.500
334.237	67.500
334.415	82.500
334.594	111.500
334.772	74.500
334.951	68.500
335.129	81.500
335.308	64.500
335.487	42.500
335.665	21.500
335.844	75.500
336.022	91.500
336.201	79.500
336.379	101.500
336.558	98.500
336.736	86.500
336.915	51.500
337.093	72.500
337.272	74.500
337.450	102.500
337.629	146.500
337.807	87.500
337.986	64.500
338.165	73.500
338.343	44.500
338.522	79.500
338.700	79.500
338.879	110.500
339.057	86.500
339.236	46.500
339.414	58.500
339.593	77.500
339.771	57.500
339.950	60.500
340.128	83.500
340.307	71.500
340.485	87.500
340.664	77.500
340.843	69.500
341.021	91.500
341.200	72.500
341.378	82.500
341.557	100.500
341.735	73.500
341.914	65.500
342.092	106.500
342.271	79.500
342.449	95.500
342.628	75.500
342.806	81.500
342.985	99.500
343.163	65.500
343.342	62.500
343.521	86.500
343.699	97.500
343.878	78.500
344.056	76.500
344.235	76.500
344.413	78.500
344.592	114.500
344.770	96.500
344.949	100.500
345.127	88.500
345.306	62.500
345.484	63.500
345.663	63.500
345.841	66.500
346.020	50.500
346.199	87.500
346.377	84.500
346.556	82.500
346.734	95.500
346.913	91.500
347.091	86.500
347.270	84.500
347.448	106.500
347.627	77.500
347.805	89.500
347.984	91.500
348.162	78.500
348.341	78.500
348.519	88.500
348.698	98.500
348.876	65.500
349.055	59.500
349.234	76.500
349.412	121.500
349.591	128.500
349.769	98.500
349.948	141.500
350.126	99.500
350.305	81.500
350.483	71.500
350.662	55.500
350.840	88.500
351.019	95.500
351.197	87.500
351.376	92.500
351.554	73.500
351.733	91.500
351.912	82.500
352.090	105.500
352.269	111.500
352.447	94.500
352.626	63.500
352.804	63.500
352.983	77.500
353.161	68.500
353.340	87.500
353.518	117.500
353.697	138.500
353.875	104.500
354.054	95.500
354.232	90.500
354.411	68.500
354.590	73.500
354.768	113.500
354.947	106.500
355.125	133.500
355.304	126.500
355.482	84.500
355.661	86.500
355.839	82.500
356.018	51.500
356.196	83.500
356.375	121.500
356.553	120.500
356.732	91.500
356.910	87.500
357.089	111.500
357.268	73.500
357.446	69.500
357.625	111.500
357.803	62.500
357.982	66.500
358.160	119.500
358.339	107.500
358.517	125.500
358.696	110.500
358.874	95.500
359.053	66.500
359.231	111.500
359.410	129.500
359.588	94.500
359.767	63.500
359.945	117.500
360.124	152.500
360.303	112.500
360.481	92.500
360.660	87.500
360.838	49.500
361.017	91.500
361.195	89.500
361.374	91.500
361.552	113.500
361.731	93.500
361.909	128.500
362.088	82.500
362.266	94.500
362.445	164.500
362.623	122.500
362.802	100.500
362.981	109.500
363.159	89.500
363.338	105.500
363.516	127.500
363.695	132.500
363.873	156.500
364.052	165.500
364.230	84.500
364.409	94.500
364.587	134.500
364.766	91.500
364.944	77.500
365.123	94.500
365.301	107.500
365.480	120.500
365.660	128.500
365.839	131.500
366.019	101.500
366.199	91.500
366.379	81.500
366.558	85.500
366.738	128.500
366.918	101.500
367.098	76.500
367.277	90.500
367.457	90.500
367.637	92.500
367.816	105.500
367.996	112.500
368.176	79.500
368.356	72.500
368.535	104.500
368.715	85.500
368.895	95.500
369.075	118.500
369.254	86.500
369.434	112.500
369.614	134.500
369.793	116.500
369.973	113.500
370.153	118.500
370.333	125.500
370.512	131.500
370.692	123.500
370.872	115.500
371.051	112.500
371.231	82.500
371.411	95.500
371.591	107.500
371.770	88.500
371.950	81.500
372.130	104.500
372.310	139.500
372.489	127.500
372.669	86.500
372.849	92.500
373.028	120.500
373.208	102.500
373.388	113.500
373.568	112.500
373.747	135.500
373.927	122.500
374.107	130.500
374.287	144.500
374.466	136.500
374.646	128.500
374.826	121.500
375.005	155.500
375.185	126.500
375.365	106.500
375.545	135.500
375.724	96.500
375.904	103.500
376.084	115.500
376.263	137.500
376.443	127.500
376.623	112.500
376.803	116.500
376.982	134.500
377.162	117.500
377.342	119.500
377.522	150.500
377.701	155.500
377.881	121.500
378.061	112.500
378.240	128.500
378.420	143.500
378.600	122.500
378.780	81.500
378.959	113.500
379.139	124.500
379.319	127.500
379.499	134.500
379.678	99.500
379.858	99.500
380.038	103.500
380.217	95.500
380.397	105.500
380.577	130.500
380.757	128.500
380.936	127.500
381.116	124.500
381.296	122.500
381.476	125.500
381.655	133.500
381.835	114.500
382.015	114.500
382.194	130.500
382.374	144.500
382.554	149.500
382.734	164.500
382.913	119.500
383.093	123.500
383.273	131.500
383.452	128.500
383.632	104.500
383.812	92.500
383.992	107.500
384.171	130.500
384.351	131.500
384.531	80.500
384.711	99.500
384.890	119.500
385.070	137.500
385.250	115.500
385.429	114.500
385.609	104.500
385.789	123.500
385.969	112.500
386.148	112.500
386.328	91.500
386.508	117.500
386.688	106.500
386.867	110.500
387.047	118.500
387.227	88.500
387.406	121.500
387.586	116.500
387.766	143.500
387.946	133.500
388.125	103.500
388.305	135.500
388.485	123.500
388.664	90.500
388.844	91.500
389.024	89.500
389.204	113.500
389.383	73.500
389.563	90.500
389.743	120.500
389.923	145.500
390.102	125.500
390.282	99.500
390.462	86.500
390.641	82.500
390.821	88.500
391.001	128.500
391.181	89.500
391.360	78.500
391.540	70.500
391.720	55.500
391.900	86.500
392.079	100.500
392.259	127.500
392.439	108.500
392.618	100.500
392.798	84.500
392.978	75.500
393.158	118.500
393.337	128.500
393.517	123.500
393.697	143.500
393.877	186.500
394.056	141.500
394.236	97.500
394.416	145.500
394.595	169.500
394.775	121.500
394.955	153.500
395.135	175.500
395.314	150.500
395.494	144.500
395.674	144.500
395.853	125.500
396.033	162.500
396.213	177.500
396.393	192.500
396.572	166.500
396.752	177.500
396.932	160.500
397.112	166.500
397.291	170.500
397.471	108.500
397.651	129.500
397.830	166.500
398.010	182.500
398.190	166.500
398.370	173.500
398.549	182.500
398.729	180.500
398.909	205.500
399.089	197.500
399.268	159.500
399.448	124.500
399.628	187.500
399.807	174.500
399.987	129.500
400.167	175.500
400.347	223.500
400.526	209.500
400.706	176.500
400.886	181.500
401.065	189.500
401.245	173.500
401.425	188.500
401.605	172.500
401.784	200.500
401.964	217.500
402.144	210.500
402.324	222.500
402.503	196.500
402.683	166.500
402.863	199.500
403.042	254.500
403.222	257.500
403.402	181.500
403.582	172.500
403.761	197.500
403.941	196.500
404.121	222.500
404.301	255.500
404.480	239.500
404.660	238.500
404.844	270.500
405.029	265.500
405.213	280.500
405.398	304.500
405.582	293.500
405.767	274.500
405.951	272.500
406.136	304.500
406.320	303.500
406.505	342.500
406.689	357.500
406.874	376.500
407.058	403.500
407.243	393.500
407.427	379.500
407.612	410.500
407.796	421.500
407.981	461.500
408.165	524.500
408.350	574.500
408.534	660.500
408.719	696.500
408.903	635.500
409.088	655.500
409.272	714.500
409.457	773.500
409.641	791.500
409.826	860.500
410.010	914.500
410.195	1007.500
410.379	1121.500
410.564	1191.500
410.748	1295.500
410.933	1384.500
411.117	1462.500
411.302	1479.500
411.486	1551.500
411.671	1649.500
411.855	1800.500
412.040	1901.500
412.224	1944.500
412.409	2039.500
412.593	2081.500
412.778	2212.500
412.962	2318.500
413.147	2461.500
413.331	2591.500
413.516	2718.500
413.700	2860.500
413.885	2981.500
414.069	3104.500
414.254	3169.500
414.438	3296.500
414.623	3474.500
414.807	3546.500
414.992	3670.500
415.176	3790.500
415.361	3855.500
415.545	4035.500
415.730	4314.500
415.914	4435.500
416.099	4472.500
416.283	4559.500
416.468	4635.500
416.652	4698.500
416.837	4794.500
417.021	4867.500
417.206	4923.500
417.390	5085.500
417.575	5198.500
417.759	5319.500
417.944	5361.500
418.128	5540.500
418.313	5650.500
418.497	5667.500
418.682	5755.500
418.866	5948.500
419.051	6075.500
419.235	6139.500
419.420	6291.500
419.604	6443.500
419.789	6520.500
419.973	6668.500
420.158	6909.500
420.342	7097.500
420.527	7184.500
420.711	7379.500
420.896	7546.500
421.080	7655.500
421.265	7685.500
421.449	7651.500
421.634	7579.500
421.818	7523.500
422.003	7680.500
422.187	7797.500
422.372	7735.500
422.556	7681.500
422.741	7777.500
422.925	7894.500
423.110	7965.500
423.294	8007.500
423.479	8157.500
423.663	8387.500
423.848	8440.500
424.032	8490.500
424.217	8638.500
424.401	8618.500
424.586	8620.500
424.770	8728.500
424.955	8727.500
425.139	8848.500
425.324	8906.500
425.508	8842.500
425.693	9087.500
425.877	9243.500
426.062	9067.500
426.246	9061.500
426.431	9044.500
426.615	8951.500
426.800	9026.500
426.984	9123.500
427.169	9133.500
427.353	9190.500
427.538	9287.500
427.722	9282.500
427.907	9323.500
428.091	9351.500
428.276	9322.500
428.460	9302.500
428.645	9229.500
428.829	9013.500
429.014	8934.500
429.198	8618.500
429.383	8390.500
429.567	8312.500
429.752	7998.500
429.936	7818.500
430.121	7598.500
430.305	7716.500
430.490	8067.500
430.674	8249.500
430.859	8640.500
431.043	9133.500
431.228	9485.500
431.412	9820.500
431.597	10070.500
431.781	10099.500
431.966	10173.500
432.150	10291.500
432.335	10398.500
432.519	10563.500
432.704	10614.500
432.888	10668.500
433.073	10618.500
433.257	10579.500
433.442	10461.500
433.626	10403.500
433.811	10387.500
433.995	10578.500
434.180	10717.500
434.364	10953.500
434.549	11139.500
434.733	11152.500
434.918	11297.500
435.102	11505.500
435.287	11591.500
435.471	11772.500
435.656	11929.500
435.840	12152.500
436.030	12105.500
436.219	12096.500
436.409	12194.500
436.599	12224.500
436.789	12213.500
436.978	12005.500
437.168	11963.500
437.358	11804.500
437.548	11787.500
437.737	11685.500
437.927	11335.500
438.117	11233.500
438.306	11362.500
438.496	11583.500
438.686	11636.500
438.876	11797.500
439.065	12032.500
439.255	12086.500
439.445	12135.500
439.634	12204.500
439.824	12206.500
440.014	12211.500
440.204	12379.500
440.393	12657.500
440.583	12777.500
440.773	12821.500
440.963	13118.500
441.152	13144.500
441.342	13396.500
441.532	13620.500
441.721	13667.500
441.911	13894.500
442.101	14085.500
442.291	13920.500
442.480	14028.500
442.670	14177.500
442.860	14306.500
443.050	14410.500
443.239	14356.500
443.429	14362.500
443.619	14411.500
443.808	14549.500
443.998	14550.500
444.188	14706.500
444.378	14772.500
444.567	14745.500
444.757	14731.500
444.947	14585.500
445.137	14525.500
445.326	14423.500
445.516	14514.500
445.706	14429.500
445.895	14549.500
446.085	14747.500
446.275	14953.500
446.465	15128.500
446.654	15300.500
446.844	15409.500
447.034	15608.500
447.223	15764.500
447.413	15828.500
447.603	15911.500
447.793	16028.500
447.982	16060.500
448.172	16269.500
448.362	16223.500
448.552	16175.500
448.741	16239.500
448.931	16324.500
449.121	16427.500
449.310	16525.500
449.500	16713.500
449.690	16826.500
449.880	16841.500
450.069	17072.500
450.259	17369.500
450.449	17496.500
450.639	17546.500
450.828	17483.500
451.018	17509.500
451.208	17603.500
451.397	17431.500
451.587	17387.500
451.777	17193.500
451.967	17115.500
452.156	16954.500
452.346	16720.500
452.536	16668.500
452.725	16566.500
452.915	16390.500
453.105	16421.500
453.295	16505.500
453.484	16467.500
453.674	16746.500
453.864	16712.500
454.054	16842.500
454.243	17032.500
454.433	16850.500
454.623	16785.500
454.812	16776.500
455.002	16653.500
455.192	16876.500
455.382	17078.500
455.571	17149.500
455.761	17173.500
455.951	17418.500
456.141	17405.500
456.330	17493.500
456.520	17607.500
456.710	17654.500
456.899	17672.500
457.089	17643.500
457.279	17613.500
457.469	17593.500
457.658	17513.500
457.848	17506.500
458.038	17506.500
458.228	17454.500
458.417	17199.500
458.607	17086.500
458.797	17297.500
458.986	17189.500
459.176	17124.500
459.366	17204.500
459.556	17217.500
459.745	17237.500
459.935	17317.500
460.125	17487.500
460.314	17435.500
460.504	17504.500
460.694	17774.500
460.884	17824.500
461.073	17798.500
461.263	17855.500
461.453	17791.500
461.643	17847.500
461.832	17787.500
462.022	17904.500
462.212	18010.500
462.401	18013.500
462.591	18035.500
462.781	17835.500
462.971	17871.500
463.160	18116.500
463.350	18040.500
463.540	17915.500
463.730	17894.500
463.919	17833.500
464.109	17732.500
464.299	17662.500
464.488	17612.500
464.678	17477.500
464.868	17423.500
465.058	17540.500
465.247	17711.500
465.437	17784.500
465.627	17801.500
465.816	17787.500
466.006	17909.500
466.196	17815.500
466.386	17726.500
466.575	17685.500
466.765	17561.500
466.955	17574.500
467.145	17634.500
467.334	17580.500
467.524	17702.500
467.714	17674.500
467.903	17862.500
468.093	17975.500
468.283	17864.500
468.473	17979.500
468.662	18080.500
468.852	18145.500
469.042	18196.500
469.232	18162.500
469.421	18124.500
469.611	18110.500
469.801	18043.500
469.990	18033.500
470.180	18025.500
470.370	17869.500
470.560	17792.500
470.749	17992.500
470.939	18219.500
471.129	18210.500
471.318	18343.500
471.508	18361.500
471.698	18532.500
471.888	18959.500
472.077	19229.500
472.267	19020.500
472.457	19206.500
472.647	19020.500
472.836	18880.500
473.026	19095.500
473.216	19011.500
473.405	18835.500
473.595	19017.500
473.785	19135.500
473.975	19271.500
474.164	19369.500
474.354	19433.500
474.544	19373.500
474.734	19418.500
474.923	19467.500
475.113	19511.500
475.303	19519.500
475.492	19340.500
475.682	19364.500
475.872	19300.500
476.062	19101.500
476.251	19049.500
476.441	18918.500
476.631	19142.500
476.821	19251.500
477.010	19259.500
477.200	19374.500
477.390	19607.500
477.579	19689.500
477.769	19925.500
477.959	19928.500
478.149	19669.500
478.338	19753.500
478.528	19822.500
478.718	19815.500
478.907	19657.500
479.097	19643.500
479.287	19733.500
479.477	19899.500
479.666	19857.500
479.856	19892.500
480.046	19755.500
480.236	19654.500
480.425	19720.500
480.615	19922.500
480.805	19909.500
480.994	19763.500
481.184	19870.500
481.374	19851.500
481.564	19820.500
481.753	19890.500
481.943	19910.500
482.133	19644.500
482.323	19747.500
482.512	19873.500
482.702	19587.500
482.892	19746.500
483.081	19832.500
483.271	19592.500
483.461	19470.500
483.651	19435.500
483.840	19236.500
484.030	19254.500
484.220	19305.500
484.409	19252.500
484.599	18997.500
484.789	19046.500
484.979	18804.500
485.168	18531.500
485.358	18354.500
485.548	17917.500
485.738	17314.500
485.927	16908.500
486.117	16745.500
486.307	16382.500
486.496	16334.500
486.686	16576.500
486.876	16773.500
487.066	17105.500
487.255	17276.500
487.445	17393.500
487.635	17364.500
487.825	17614.500
488.014	17927.500
488.204	18053.500
488.394	18039.500
488.583	18006.500
488.773	17916.500
488.963	18026.500
489.153	18363.500
489.342	18400.500
489.532	18530.500
489.722	18582.500
489.912	18816.500
490.101	19184.500
490.291	19129.500
490.481	19072.500
490.670	19138.500
490.860	19021.500
491.050	18903.500
491.240	18835.500
491.429	18862.500
491.619	18670.500
491.809	18616.500
491.998	18355.500
492.188	18177.500
492.378	18295.500
492.568	18471.500
492.757	18542.500
492.947	18701.500
493.137	18865.500
493.327	18826.500
493.516	18707.500
493.706	18812.500
493.896	18897.500
494.085	18923.500
494.275	19091.500
494.465	19200.500
494.655	19318.500
494.844	19546.500
495.034	19523.500
495.224	19492.500
495.414	19394.500
495.603	19326.500
495.793	19392.500
495.983	19305.500
496.172	19327.500
496.362	19485.500
496.552	19558.500
496.742	19568.500
496.931	19701.500
497.121	19709.500
497.311	19724.500
497.500	19583.500
497.690	19544.500
497.880	19271.500
498.070	19038.500
498.259	19026.500
498.449	18964.500
498.639	19068.500
498.829	19160.500
499.018	19068.500
499.208	19113.500
499.398	19195.500
499.587	19316.500
499.777	19229.500
499.967	19052.500
500.157	18830.500
500.346	18769.500
500.536	18762.500
500.726	18595.500
500.916	18505.500
501.105	18546.500
501.295	18461.500
501.485	18435.500
501.674	18514.500
501.864	18530.500
502.054	18381.500
502.244	18445.500
502.433	18570.500
502.623	18627.500
502.813	18746.500
503.003	18775.500
503.192	18775.500
503.382	18847.500
503.572	18741.500
503.761	18742.500
503.951	18711.500
504.141	18587.500
504.331	18638.500
504.520	18582.500
504.710	18767.500
504.900	18980.500
505.089	18919.500
505.279	18856.500
505.469	19109.500
505.659	19346.500
505.848	19409.500
506.038	19329.500
506.228	19394.500
506.418	19401.500
506.607	19236.500
506.797	18906.500
506.987	18875.500
507.176	18925.500
507.366	18749.500
507.556	18748.500
507.746	18786.500
507.935	18589.500
508.125	18648.500
508.315	18731.500
508.505	18580.500
508.694	18572.500
508.884	18759.500
509.074	18868.500
509.263	18779.500
509.453	18582.500
509.643	18573.500
509.833	18652.500
510.022	18555.500
510.212	18547.500
510.402	18509.500
510.592	18394.500
510.781	18472.500
510.971	18595.500
511.161	18570.500
511.350	18525.500
511.540	18564.500
511.730	18745.500
511.920	18564.500
512.109	18359.500
512.299	18323.500
512.489	18266.500
512.678	18021.500
512.868	18044.500
513.058	18108.500
513.248	18075.500
513.437	17810.500
513.627	17635.500
513.817	17566.500
514.007	17609.500
514.196	17592.500
514.386	17468.500
514.576	17439.500
514.765	17487.500
514.955	17542.500
515.145	17575.500
515.335	17657.500
515.524	17608.500
515.714	17495.500
515.904	17462.500
516.094	17151.500
516.283	16906.500
516.473	16500.500
516.663	16074.500
516.852	15830.500
517.042	15681.500
517.232	15802.500
517.422	15857.500
517.611	15751.500
517.801	15780.500
517.991	15722.500
518.180	15793.500
518.370	15658.500
518.560	15621.500
518.750	15938.500
518.939	16148.500
519.129	16197.500
519.319	16322.500
519.509	16583.500
519.698	16777.500
519.888	16788.500
520.078	16806.500
520.267	16792.500
520.457	16875.500
520.647	16851.500
520.837	16856.500
521.026	16997.500
521.216	17185.500
521.406	17390.500
521.596	17481.500
521.785	17242.500
521.975	17189.500
522.165	17278.500
522.354	17340.500
522.544	17149.500
522.734	16827.500
522.924	16937.500
523.113	16994.500
523.303	17044.500
523.493	17206.500
523.683	17408.500
523.872	17369.500
524.062	17585.500
524.252	17653.500
524.441	17593.500
524.631	17593.500
524.821	17603.500
525.011	17582.500
525.200	17579.500
525.390	17544.500
525.580	17454.500
525.769	17236.500
525.959	17137.500
526.149	17010.500
526.339	16678.500
526.528	16471.500
526.718	16403.500
526.908	16304.500
527.098	16341.500
527.287	16368.500
527.477	16456.500
527.667	16729.500
527.856	16783.500
528.046	17007.500
528.236	17282.500
528.426	17326.500
528.615	17467.500
528.805	17729.500
528.995	17720.500
529.185	17582.500
529.374	17693.500
529.564	17660.500
529.754	17515.500
529.943	17498.500
530.133	17689.500
530.323	17754.500
530.513	17762.500
530.702	17766.500
530.892	17598.500
531.082	17606.500
531.271	17714.500
531.461	17603.500
531.651	17243.500
531.841	17032.500
532.030	16913.500
532.220	16838.500
532.410	16634.500
532.600	16435.500
532.789	16292.500
532.979	16442.500
533.169	16526.500
533.358	16278.500
533.548	16387.500
533.738	16308.500
533.928	16338.500
534.117	16215.500
534.307	16278.500
534.497	16424.500
534.687	16533.500
534.876	16637.500
535.066	16560.500
535.256	16707.500
535.445	16894.500
535.635	16752.500
535.825	16552.500
536.015	16385.500
536.204	16196.500
536.394	16165.500
536.584	15937.500
536.773	15864.500
536.963	15829.500
537.153	15794.500
537.343	15984.500
537.532	16075.500
537.722	15967.500
537.912	16086.500
538.102	15996.500
538.291	15888.500
538.481	15980.500
538.671	15859.500
538.860	15911.500
539.050	15706.500
539.240	15514.500
539.430	15371.500
539.619	15218.500
539.809	15147.500
539.999	15068.500
540.189	14970.500
540.378	15074.500
540.568	15040.500
540.758	15297.500
540.947	15340.500
541.137	15328.500
541.327	15483.500
541.517	15598.500
541.706	15360.500
541.896	15352.500
542.086	15363.500
542.276	15283.500
542.465	15211.500
542.655	15225.500
542.845	15222.500
543.034	15322.500
543.224	15410.500
543.414	15362.500
543.604	15388.500
543.793	15352.500
543.983	15345.500
544.173	15259.500
544.362	15281.500
544.552	15260.500
544.742	15210.500
544.932	15416.500
545.121	15309.500
545.311	15210.500
545.501	15330.500
545.691	15349.500
545.880	15211.500
546.070	15409.500
546.264	15393.500
546.459	15243.500
546.653	15200.500
546.847	15040.500
547.041	14947.500
547.236	15020.500
547.430	14956.500
547.624	15050.500
547.818	15178.500
548.013	14969.500
548.207	14921.500
548.401	14978.500
548.596	14984.500
548.790	15045.500
548.984	14975.500
549.178	14985.500
549.373	14961.500
549.567	14948.500
549.761	15084.500
549.956	14941.500
550.150	14898.500
550.344	14892.500
550.538	14925.500
550.733	14919.500
550.927	14884.500
551.121	14908.500
551.315	14973.500
551.510	14944.500
551.704	14930.500
551.898	14809.500
552.093	14813.500
552.287	14700.500
552.481	14695.500
552.675	14683.500
552.870	14722.500
553.064	14771.500
553.258	14637.500
553.453	14593.500
553.647	14660.500
553.841	14761.500
554.035	14756.500
554.230	14885.500
554.424	14888.500
554.618	14804.500
554.812	14725.500
555.007	14684.500
555.201	14832.500
555.395	14761.500
555.590	14573.500
555.784	14534.500
555.978	14689.500
556.172	14505.500
556.367	14418.500
556.561	14365.500
556.755	14324.500
556.949	14276.500
557.144	14239.500
557.338	14169.500
557.532	14409.500
557.727	14358.500
557.921	14176.500
558.115	13981.500
558.309	13931.500
558.504	13920.500
558.698	14123.500
558.892	14038.500
559.087	13786.500
559.281	13689.500
559.475	13781.500
559.669	13955.500
559.864	14198.500
560.058	14180.500
560.252	14113.500
560.446	14124.500
560.641	14082.500
560.835	14080.500
561.029	14080.500
561.224	14128.500
561.418	14168.500
561.612	14105.500
561.806	14109.500
562.001	14299.500
562.195	14333.500
562.389	14265.500
562.584	14232.500
562.778	14330.500
562.972	14454.500
563.166	14375.500
563.361	14395.500
563.555	14243.500
563.749	14267.500
563.943	14243.500
564.138	14269.500
564.332	14155.500
564.526	14186.500
564.721	14153.500
564.915	14015.500
565.109	13933.500
565.303	13949.500
565.498	13846.500
565.692	13978.500
565.886	14099.500
566.081	14032.500
566.275	13882.500
566.469	14001.500
566.663	13902.500
566.858	13922.500
567.052	14066.500
567.246	14067.500
567.440	13869.500
567.635	13969.500
567.829	13903.500
568.023	13712.500
568.218	13686.500
568.412	13792.500
568.606	13740.500
568.800	13691.500
568.995	13762.500
569.189	13837.500
569.383	13646.500
569.577	13483.500
569.772	13373.500
569.966	13375.500
570.160	13474.500
570.355	13473.500
570.549	13296.500
570.743	13198.500
570.937	13231.500
571.132	13347.500
571.326	13543.500
571.520	13565.500
571.715	13504.500
571.909	13503.500
572.103	13457.500
572.297	13431.500
572.492	13475.500
572.686	13487.500
572.880	13556.500
573.074	13566.500
573.269	13611.500
573.463	13593.500
573.657	13429.500
573.852	13397.500
574.046	13432.500
574.240	13268.500
574.434	13205.500
574.629	13293.500
574.823	13178.500
575.017	13040.500
575.212	13151.500
575.406	13101.500
575.600	13147.500
575.794	13164.500
575.989	13282.500
576.183	13193.500
576.377	13189.500
576.571	13011.500
576.766	12925.500
576.960	12942.500
577.159	12818.500
577.357	12854.500
577.556	12790.500
577.755	12790.500
577.953	12649.500
578.152	12678.500
578.350	12610.500
578.549	12685.500
578.748	12828.500
578.946	12733.500
579.145	12676.500
579.344	12744.500
579.542	12779.500
579.741	12719.500
579.940	12755.500
580.138	12796.500
580.337	12833.500
580.535	12912.500
580.734	13068.500
580.933	13159.500
581.131	13201.500
581.330	13325.500
581.529	13376.500
581.727	13399.500
581.926	13574.500
582.125	13587.500
582.323	13619.500
582.522	13576.500
582.721	13724.500
582.919	13801.500
583.118	13645.500
583.316	13663.500
583.515	13833.500
583.714	13991.500
583.912	13982.500
584.111	13906.500
584.310	14045.500
584.508	13930.500
584.707	13853.500
584.906	13862.500
585.104	13730.500
585.303	13838.500
585.501	13793.500
585.700	13749.500
585.899	13910.500
586.097	13944.500
586.296	13905.500
586.495	13921.500
586.693	13967.500
586.892	13876.500
587.091	13816.500
587.289	13789.500
587.488	13637.500
587.686	13411.500
587.885	13359.500
588.084	13200.500
588.282	12930.500
588.481	12721.500
588.680	12458.500
588.878	12310.500
589.077	12318.500
589.276	12411.500
589.474	12293.500
589.673	12337.500
589.871	12426.500
590.070	12615.500
590.269	12845.500
590.467	12770.500
590.666	12827.500
590.865	12850.500
591.063	12757.500
591.262	12879.500
591.461	12918.500
591.659	12919.500
591.858	13091.500
592.056	13101.500
592.255	13073.500
592.454	13125.500
592.652	12975.500
592.851	13037.500
593.050	12996.500
593.248	13133.500
593.447	13138.500
593.646	12916.500
593.844	12728.500
594.043	12834.500
594.241	12975.500
594.440	12886.500
594.639	12802.500
594.837	12878.500
595.036	12855.500
595.235	12963.500
595.433	12936.500
595.632	12980.500
595.831	13078.500
596.029	13048.500
596.228	12911.500
596.427	13071.500
596.625	13181.500
596.824	13075.500
597.022	12939.500
597.221	12919.500
597.420	12959.500
597.618	12920.500
597.817	12879.500
598.016	12778.500
598.214	12669.500
598.413	12803.500
598.612	12834.500
598.810	12954.500
599.009	12988.500
599.207	12994.500
599.406	13000.500
599.605	12969.500
599.803	12786.500
600.002	12841.500
600.201	12881.500
600.399	12941.500
600.598	13029.500
600.797	12983.500
600.995	12872.500
601.194	12694.500
601.392	12756.500
601.591	12906.500
601.790	12962.500
601.988	12882.500
602.187	12819.500
602.386	12894.500
602.584	12915.500
602.783	13013.500
602.982	13134.500
603.180	13105.500
603.379	12968.500
603.577	13070.500
603.776	12980.500
603.975	13030.500
604.173	13056.500
604.372	13015.500
604.571	13010.500
604.769	13066.500
604.968	13115.500
605.167	13033.500
605.365	13112.500
605.564	13144.500
605.762	12994.500
605.961	13093.500
606.160	13195.500
606.358	12982.500
606.557	12916.500
606.756	13033.500
606.954	13084.500
607.153	13104.500
607.352	13050.500
607.550	12853.500
607.749	12790.500
607.948	12888.500
608.146	12883.500
608.345	12902.500
608.543	12928.500
608.742	12790.500
608.941	12800.500
609.139	12828.500
609.338	12871.500
609.537	12732.500
609.735	12670.500
609.934	12702.500
610.133	12602.500
610.331	12696.500
610.530	12837.500
610.728	12843.500
610.927	12849.500
611.126	12828.500
611.324	12711.500
611.523	12699.500
611.722	12757.500
611.920	12744.500
612.119	12684.500
612.318	12683.500
612.516	12718.500
612.715	12667.500
612.913	12617.500
613.112	12510.500
613.311	12326.500
613.509	12281.500
613.708	12363.500
613.907	12325.500
614.105	12334.500
614.304	12491.500
614.503	12511.500
614.701	12420.500
614.900	12429.500
615.098	12397.500
615.297	12302.500
615.496	12314.500
615.694	12258.500
615.893	12174.500
616.092	12128.500
616.290	12083.500
616.489	12034.500
616.688	12106.500
616.886	12148.500
617.085	12186.500
617.283	12226.500
617.482	12224.500
617.681	12309.500
617.879	12366.500
618.078	12316.500
618.277	12409.500
618.475	12249.500
618.674	12184.500
618.873	12245.500
619.071	12218.500
619.270	12365.500
619.468	12375.500
619.667	12461.500
619.866	12408.500
620.064	12441.500
620.263	12472.500
620.462	12496.500
620.660	12506.500
620.859	12522.500
621.058	12391.500
621.256	12148.500
621.455	12182.500
621.654	12257.500
621.852	12242.500
622.051	12221.500
622.249	12096.500
622.448	12137.500
622.647	12177.500
622.845	12214.500
623.044	12167.500
623.243	12195.500
623.441	12057.500
623.640	11963.500
623.839	12051.500
624.037	12064.500
624.236	11888.500
624.434	11827.500
624.633	11917.500
624.832	11777.500
625.030	11710.500
625.229	11735.500
625.428	11817.500
625.626	11729.500
625.825	11642.500
626.024	11752.500
626.222	11830.500
626.421	11754.500
626.619	11812.500
626.818	11709.500
627.017	11603.500
627.215	11613.500
627.414	11681.500
627.613	11660.500
627.811	11405.500
628.010	11520.500
628.209	11596.500
628.407	11515.500
628.606	11460.500
628.804	11568.500
629.003	11600.500
629.202	11607.500
629.400	11377.500
629.599	11337.500
629.798	11357.500
629.996	11215.500
630.195	11350.500
630.394	11428.500
630.592	11458.500
630.791	11388.500
630.990	11217.500
631.188	11374.500
631.387	11306.500
631.585	11253.500
631.784	11338.500
631.983	11401.500
632.181	11537.500
632.380	11544.500
632.579	11505.500
632.777	11524.500
632.976	11578.500
633.175	11495.500
633.373	11466.500
633.572	11444.500
633.770	11363.500
633.969	11306.500
634.168	11515.500
634.366	11668.500
634.565	11503.500
634.764	11367.500
634.962	11349.500
635.161	11425.500
635.360	11349.500
635.558	11370.500
635.757	11403.500
635.955	11373.500
636.154	11480.500
636.353	11482.500
636.551	11435.500
636.750	11422.500
636.949	11562.500
637.147	11678.500
637.346	11633.500
637.545	11528.500
637.743	11643.500
637.942	11685.500
638.140	11711.500
638.339	11740.500
638.538	11704.500
638.736	11644.500
638.935	11725.500
639.134	11594.500
639.332	11553.500
639.531	11476.500
639.730	11453.500
639.928	11553.500
640.127	11485.500
640.325	11462.500
640.524	11471.500
640.723	11470.500
640.921	11401.500
641.120	11365.500
641.319	11374.500
641.517	11389.500
641.716	11401.500
641.915	11391.500
642.113	11367.500
642.312	11377.500
642.510	11431.500
642.709	11452.500
642.908	11464.500
643.106	11517.500
643.305	11423.500
643.504	11413.500
643.702	11437.500
643.901	11492.500
644.100	11593.500
644.298	11566.500
644.497	11462.500
644.696	11458.500
644.894	11498.500
645.093	11362.500
645.291	11393.500
645.490	11367.500
645.689	11275.500
645.887	11167.500
646.086	11312.500
646.285	11377.500
646.483	11194.500
646.682	11208.500
646.881	11233.500
647.079	11224.500
647.278	11136.500
647.476	11158.500
647.675	11057.500
647.874	10987.500
648.072	11164.500
648.271	11140.500
648.470	11136.500
648.668	11039.500
648.867	10971.500
649.066	10963.500
649.264	10888.500
649.463	10972.500
649.661	10902.500
649.860	10833.500
650.059	10995.500
650.257	11162.500
650.456	11094.500
650.655	11073.500
650.853	11097.500
651.052	11112.500
651.251	11127.500
651.449	11157.500
651.648	11099.500
651.846	11157.500
652.045	11271.500
652.244	11221.500
652.442	11277.500
652.641	11233.500
652.840	11223.500
653.038	11154.500
653.237	11228.500
653.436	11307.500
653.634	11287.500
653.833	11377.500
654.032	11306.500
654.230	11297.500
654.429	11263.500
654.627	11208.500
654.826	11123.500
655.025	10925.500
655.223	10648.500
655.422	10628.500
655.621	10390.500
655.819	10182.500
656.018	10058.500
656.217	9959.500
656.415	10077.500
656.614	10119.500
656.812	10174.500
657.011	10279.500
657.210	10333.500
657.408	10446.500
657.607	10547.500
657.806	10604.500
658.004	10722.500
658.203	10795.500
658.402	10858.500
658.600	10954.500
658.799	11008.500
658.997	11073.500
659.196	11057.500
659.395	11090.500
659.593	11217.500
659.792	11286.500
659.991	11312.500
660.189	11428.500
660.388	11363.500
660.587	11344.500
660.785	11427.500
660.984	11420.500
661.182	11409.500
661.381	11570.500
661.580	11608.500
661.778	11531.500
661.977	11527.500
662.176	11433.500
662.374	11494.500
662.573	11402.500
662.772	11416.500
662.970	11330.500
663.169	11334.500
663.367	11487.500
663.566	11420.500
663.765	11364.500
663.963	11327.500
664.162	11414.500
664.361	11566.500
664.559	11521.500
664.758	11530.500
664.957	11365.500
665.155	11401.500
665.354	11432.500
665.552	11410.500
665.751	11449.500
665.950	11352.500
666.148	11232.500
666.347	11284.500
666.546	11344.500
666.744	11402.500
666.943	11300.500
667.142	11331.500
667.340	11422.500
667.539	11403.500
667.738	11296.500
667.936	11293.500
668.135	11218.500
668.333	11152.500
668.532	11271.500
668.731	11340.500
668.929	11305.500
669.128	11333.500
669.327	11308.500
669.525	11188.500
669.724	11279.500
669.923	11197.500
670.121	11152.500
670.320	11203.500
670.518	11073.500
670.717	11037.500
670.916	11063.500
671.114	11048.500
671.313	11024.500
671.512	11033.500
671.710	10994.500
671.909	10915.500
672.108	11051.500
672.306	11036.500
672.505	11017.500
672.703	11048.500
672.902	10999.500
673.101	10895.500
673.299	10964.500
673.498	10993.500
673.697	10892.500
673.895	10927.500
674.094	11037.500
674.293	10868.500
674.491	10933.500
674.690	10876.500
674.888	10912.500
675.087	10988.500
675.286	10930.500
675.484	10947.500
675.683	11042.500
675.882	10933.500
676.080	10859.500
676.279	10842.500
676.478	10713.500
676.676	10699.500
676.875	10817.500
677.073	10776.500
677.272	10638.500
677.471	10602.500
677.669	10619.500
677.868	10758.500
678.067	10810.500
678.265	10674.500
678.464	10705.500
678.663	10665.500
678.861	10646.500
679.060	10757.500
679.259	10661.500
679.457	10672.500
679.656	10721.500
679.854	10532.500
680.053	10572.500
680.252	10660.500
680.450	10693.500
680.649	10644.500
680.848	10539.500
681.046	10549.500
681.245	10564.500
681.444	10546.500
681.642	10366.500
681.841	10409.500
682.039	10576.500
682.238	10569.500
682.437	10370.500
682.635	10416.500
682.834	10400.500
683.033	10471.500
683.231	10475.500
683.430	10524.500
683.629	10293.500
683.827	10194.500
684.026	10270.500
684.224	10276.500
684.423	10363.500
684.622	10339.500
684.820	10276.500
685.019	10221.500
685.218	10235.500
685.416	10159.500
685.615	9859.500
685.814	9554.500
686.012	9324.500
686.211	9042.500
686.409	8761.500
686.608	8542.500
686.807	8569.500
687.005	8575.500
687.204	8649.500
687.403	8614.500
687.601	8581.500
687.800	8701.500
687.999	8529.500
688.197	8478.500
688.396	8439.500
688.594	8470.500
688.793	8564.500
688.992	8594.500
689.190	8577.500
689.389	8614.500
689.588	8597.500
689.786	8582.500
689.985	8749.500
690.184	8906.500
690.382	8965.500
690.581	9017.500
690.779	9065.500
690.978	9051.500
691.177	8921.500
691.375	8982.500
691.574	9020.500
691.773	9082.500
691.971	9087.500
692.170	9170.500
692.369	9205.500
692.567	9180.500
692.766	9182.500
692.965	9190.500
693.163	9196.500
693.362	9073.500
693.560	9023.500
693.759	8917.500
693.958	8885.500
694.156	8941.500
694.355	9092.500
694.554	9000.500
694.752	9027.500
694.951	9041.500
695.150	9069.500
695.348	9132.500
695.547	9066.500
695.745	9225.500
695.944	9356.500
696.143	9353.500
696.341	9283.500
696.540	9235.500
696.743	9153.500
696.946	9144.500
697.149	9302.500
697.352	9320.500
697.555	9236.500
697.757	9313.500
697.960	9372.500
698.163	9322.500
698.366	9211.500
698.569	9165.500
698.772	9117.500
698.975	9115.500
699.178	9215.500
699.381	9055.500
699.584	9037.500
699.787	9058.500
699.989	9058.500
700.192	8903.500
700.395	8851.500
700.598	8884.500
700.801	8859.500
701.004	8864.500
701.207	8894.500
701.410	8989.500
701.613	8924.500
701.816	8858.500
702.019	8809.500
702.221	8824.500
702.424	8898.500
702.627	8886.500
702.830	9005.500
703.033	8962.500
703.236	8948.500
703.439	9057.500
703.642	9080.500
703.845	9052.500
704.048	9126.500
704.251	9164.500
704.453	9050.500
704.656	9037.500
704.859	9031.500
705.062	9042.500
705.265	9111.500
705.468	9074.500
705.671	9024.500
705.874	8907.500
706.077	9028.500
706.280	9127.500
706.483	9109.500
706.685	9098.500
706.888	9055.500
707.091	9015.500
707.294	9102.500
707.497	9119.500
707.700	9027.500
707.903	9061.500
708.106	9034.500
708.309	8981.500
708.512	8978.500
708.715	9040.500
708.917	9024.500
709.120	8946.500
709.323	8940.500
709.526	8983.500
709.729	8960.500
709.932	8936.500
710.135	8906.500
710.338	9084.500
710.541	9058.500
710.744	9003.500
710.947	8921.500
711.149	8962.500
711.352	8950.500
711.555	8957.500
711.758	8940.500
711.961	8878.500
712.164	8788.500
712.367	8671.500
712.570	8605.500
712.773	8698.500
712.976	8706.500
713.179	8685.500
713.381	8868.500
713.584	8760.500
713.787	8679.500
713.990	8660.500
714.193	8608.500
714.396	8522.500
714.599	8560.500
714.802	8441.500
715.005	8513.500
715.208	8456.500
715.411	8418.500
715.613	8381.500
715.816	8199.500
716.019	7912.500
716.222	7694.500
716.425	7653.500
716.628	7523.500
716.831	7384.500
717.034	7180.500
717.237	7053.500
717.440	7066.500
717.643	6897.500
717.845	6736.500
718.048	6637.500
718.251	6442.500
718.454	6417.500
718.657	6408.500
718.860	6307.500
719.063	6343.500
719.266	6321.500
719.469	6138.500
719.672	6194.500
719.875	6319.500
720.077	6474.500
720.280	6630.500
720.483	6773.500
720.686	6886.500
720.889	6951.500
721.092	6912.500
721.295	7043.500
721.498	7147.500
721.701	7185.500
721.904	7248.500
722.107	7227.500
722.309	7086.500
722.512	7027.500
722.715	6968.500
722.918	6757.500
723.121	6763.500
723.324	6773.500
723.527	6685.500
723.730	6703.500
723.933	6624.500
724.136	6536.500
724.339	6509.500
724.541	6471.500
724.744	6453.500
724.947	6492.500
725.150	6476.500
725.353	6443.500
725.556	6522.500
725.759	6510.500
725.962	6500.500
726.165	6518.500
726.368	6440.500
726.571	6377.500
726.773	6420.500
726.976	6342.500
727.179	6395.500
727.382	6325.500
727.585	6462.500
727.788	6488.500
727.991	6408.500
728.194	6382.500
728.397	6381.500
728.600	6337.500
728.803	6332.500
729.005	6312.500
729.208	6383.500
729.411	6360.500
729.614	6422.500
729.817	6396.500
730.020	6402.500
730.223	6370.500
730.426	6318.500
730.629	6224.500
730.832	6329.500
731.035	6459.500
731.237	6540.500
731.440	6515.500
731.643	6540.500
731.846	6557.500
732.049	6606.500
732.252	6605.500
732.455	6699.500
732.658	6758.500
732.861	6838.500
733.064	6823.500
733.267	6828.500
733.469	6996.500
733.672	6934.500
733.875	6977.500
734.078	6915.500
734.281	6945.500
734.484	6914.500
734.687	6836.500
734.890	6907.500
735.093	6922.500
735.296	6913.500
735.499	6906.500
735.701	6844.500
735.904	6756.500
736.107	6802.500
736.310	6953.500
736.513	6855.500
736.716	6806.500
736.919	6821.500
737.122	6802.500
737.325	6907.500
737.528	6852.500
737.731	6843.500
737.933	6815.500
738.136	6817.500
738.339	6689.500
738.542	6639.500
738.745	6682.500
738.948	6739.500
739.151	6795.500
739.354	6826.500
739.557	6780.500
739.760	6797.500
739.963	6674.500
740.165	6689.500
740.368	6724.500
740.571	6685.500
740.774	6630.500
740.977	6623.500
741.180	6593.500
741.383	6573.500
741.586	6570.500
741.789	6583.500
741.992	6577.500
742.195	6581.500
742.397	6623.500
742.600	6676.500
742.803	6715.500
743.006	6656.500
743.209	6535.500
743.412	6503.500
743.615	6485.500
743.818	6529.500
744.021	6545.500
744.224	6559.500
744.427	6569.500
744.629	6581.500
744.832	6588.500
745.035	6582.500
745.238	6535.500
745.441	6552.500
745.644	6519.500
745.847	6543.500
746.050	6420.500
746.253	6388.500
746.456	6460.500
746.659	6558.500
746.861	6579.500
747.064	6497.500
747.267	6427.500
747.470	6434.500
747.673	6444.500
747.876	6413.500
748.079	6492.500
748.282	6509.500
748.485	6389.500
748.688	6290.500
748.891	6272.500
749.093	6303.500
749.296	6391.500
749.499	6312.500
749.702	6289.500
749.905	6276.500
750.108	6272.500
750.311	6314.500
750.514	6247.500
750.717	6198.500
750.920	6110.500
751.123	6188.500
751.325	6131.500
751.528	6162.500
751.731	6172.500
751.934	6157.500
752.137	6190.500
752.340	6126.500
752.543	6095.500
752.746	6159.500
752.949	6106.500
753.152	6118.500
753.355	6054.500
753.557	6050.500
753.760	6184.500
753.963	6031.500
754.166	6061.500
754.369	6073.500
754.572	6068.500
754.775	6074.500
754.978	6042.500
755.181	6018.500
755.384	5979.500
755.587	5919.500
755.789	5929.500
755.992	5938.500
756.195	5972.500
756.398	5892.500
756.601	5835.500
756.804	5907.500
757.007	5906.500
757.210	5783.500
757.413	5821.500
757.616	5745.500
757.819	5621.500
758.021	5516.500
758.224	5284.500
758.427	5026.500
758.630	4681.500
758.833	4213.500
759.036	3770.500
759.239	3466.500
759.442	3195.500
759.645	2925.500
759.848	2761.500
760.051	2752.500
760.253	2704.500
760.456	2698.500
760.659	2718.500
760.862	2761.500
761.065	2761.500
761.268	2743.500
761.471	2620.500
761.674	2541.500
761.877	2464.500
762.080	2448.500
762.283	2488.500
762.485	2503.500
762.688	2616.500
762.891	2636.500
763.094	2748.500
763.297	2834.500
763.500	2884.500
763.706	3033.500
763.912	3106.500
764.118	3177.500
764.325	3280.500
764.531	3295.500
764.737	3424.500
764.943	3538.500
765.149	3594.500
765.355	3628.500
765.561	3814.500
765.768	3911.500
765.974	3955.500
766.180	4158.500
766.386	4347.500
766.592	4277.500
766.798	4345.500
767.004	4512.500
767.210	4555.500
767.417	4707.500
767.623	4723.500
767.829	4762.500
768.035	4890.500
768.241	4858.500
768.447	4849.500
768.653	4856.500
768.860	4996.500
769.066	4984.500
769.272	4960.500
769.478	4963.500
769.684	5010.500
769.890	5091.500
770.096	5112.500
770.303	5169.500
770.509	5026.500
770.715	5032.500
770.921	5058.500
771.127	5040.500
771.333	5068.500
771.539	4960.500
771.745	4961.500
771.952	5005.500
772.158	5034.500
772.364	5085.500
772.570	5112.500
772.776	5104.500
772.982	5051.500
773.188	4990.500
773.395	4940.500
773.601	4894.500
773.807	4891.500
774.013	4944.500
774.219	4998.500
774.425	5000.500
774.631	4914.500
774.838	4897.500
775.044	4885.500
775.250	4859.500
775.456	4907.500
775.662	4922.500
775.868	4901.500
776.074	4872.500
776.281	4834.500
776.487	4764.500
776.693	4891.500
776.899	4904.500
777.105	4831.500
777.311	4863.500
777.517	4863.500
777.723	4783.500
777.930	4834.500
778.136	4796.500
778.342	4709.500
778.548	4744.500
778.754	4759.500
778.960	4818.500
779.166	4785.500
779.373	4713.500
779.579	4636.500
779.785	4715.500
779.991	4800.500
780.197	4725.500
780.403	4599.500
780.609	4611.500
780.816	4650.500
781.022	4617.500
781.228	4636.500
781.434	4637.500
781.640	4594.500
781.846	4636.500
782.052	4651.500
782.259	4557.500
782.465	4509.500
782.671	4587.500
782.877	4548.500
783.083	4571.500
783.289	4535.500
783.495	4499.500
783.701	4582.500
783.908	4488.500
784.114	4451.500
784.320	4461.500
784.526	4439.500
784.732	4381.500
784.938	4471.500
785.144	4398.500
785.351	4421.500
785.557	4438.500
785.763	4400.500
785.969	4297.500
786.175	4314.500
786.381	4378.500
786.587	4389.500
786.794	4321.500
787.000	4306.500
787.206	4300.500
787.412	4261.500
787.618	4246.500
787.824	4236.500
788.030	4169.500
788.236	4114.500
788.443	4087.500
788.649	4190.500
788.855	4099.500
789.061	4095.500
789.267	4122.500
789.473	4124.500
789.679	4130.500
789.886	4052.500
790.092	4032.500
790.298	4084.500
790.504	3982.500
790.710	3910.500
790.916	3949.500
791.122	3982.500
791.329	3964.500
791.535	3961.500
791.741	3941.500
791.947	3907.500
792.153	3937.500
792.359	3979.500
792.565	3895.500
792.771	3904.500
792.978	3910.500
793.184	3793.500
793.390	3844.500
793.596	3841.500
793.802	3866.500
794.008	3846.500
794.214	3849.500
794.421	3829.500
794.627	3767.500
794.833	3646.500
795.039	3669.500
795.245	3713.500
795.451	3714.500
795.657	3831.500
795.864	3795.500
796.070	3813.500
796.276	3845.500
796.482	3819.500
796.688	3750.500
796.894	3734.500
797.100	3738.500
797.307	3790.500
797.513	3793.500
797.719	3793.500
797.925	3807.500
798.131	3761.500
798.337	3727.500
798.543	3695.500
798.749	3704.500
798.956	3622.500
799.162	3618.500
799.368	3620.500
799.574	3615.500
799.780	3638.500
799.986	3573.500
800.192	3538.500
800.399	3555.500
800.605	3556.500
800.811	3499.500
801.017	3438.500
801.223	3513.500
801.429	3512.500
801.635	3543.500
801.842	3502.500
802.048	3428.500
802.254	3486.500
802.460	3461.500
802.666	3417.500
802.872	3563.500
803.078	3507.500
803.285	3429.500
803.491	3427.500
803.697	3429.500
803.903	3386.500
804.109	3443.500
804.315	3445.500
804.521	3353.500
804.727	3333.500
804.934	3289.500
805.140	3315.500
805.346	3374.500
805.552	3447.500
805.758	3461.500
805.964	3365.500
806.170	3346.500
806.377	3350.500
806.583	3358.500
806.789	3344.500
806.995	3340.500
807.201	3294.500
807.407	3343.500
807.613	3350.500
807.820	3376.500
808.026	3342.500
808.232	3313.500
808.438	3256.500
808.644	3304.500
808.850	3258.500
809.056	3232.500
809.262	3167.500
809.469	3104.500
809.675	3202.500
809.881	3262.500
810.087	3224.500
810.293	3120.500
810.499	3104.500
810.705	2971.500
810.912	2965.500
811.118	3032.500
811.324	3006.500
811.530	2976.500
811.739	2989.500
811.947	2905.500
812.156	2928.500
812.365	2946.500
812.573	2878.500
812.782	2801.500
812.990	2732.500
813.199	2717.500
813.408	2725.500
813.616	2740.500
813.825	2667.500
814.034	2566.500
814.242	2484.500
814.451	2434.500
814.659	2408.500
814.868	2444.500
815.077	2424.500
815.285	2409.500
815.494	2418.500
815.703	2369.500
815.911	2375.500
816.120	2426.500
816.329	2383.500
816.537	2318.500
816.746	2281.500
816.954	2288.500
817.163	2270.500
817.372	2245.500
817.580	2241.500
817.789	2270.500
817.998	2195.500
818.206	2241.500
818.415	2272.500
818.624	2276.500
818.832	2289.500
819.041	2290.500
819.249	2317.500
819.458	2345.500
819.667	2364.500
819.875	2421.500
820.084	2465.500
820.293	2479.500
820.501	2481.500
820.710	2473.500
820.919	2411.500
821.127	2376.500
821.336	2347.500
821.544	2327.500
821.753	2286.500
821.962	2275.500
822.170	2234.500
822.379	2144.500
822.588	2169.500
822.796	2160.500
823.005	2225.500
823.213	2241.500
823.422	2200.500
823.631	2243.500
823.839	2358.500
824.048	2394.500
824.257	2353.500
824.465	2355.500
824.674	2262.500
824.883	2245.500
825.091	2350.500
825.300	2371.500
825.508	2299.500
825.717	2332.500
825.926	2379.500
826.134	2341.500
826.343	2379.500
826.552	2436.500
826.760	2396.500
826.969	2344.500
827.178	2288.500
827.386	2261.500
827.595	2249.500
827.803	2237.500
828.012	2274.500
828.221	2323.500
828.429	2367.500
828.638	2268.500
828.847	2193.500
829.055	2164.500
829.264	2166.500
829.472	2212.500
829.681	2199.500
829.890	2216.500
830.098	2233.500
830.307	2252.500
830.516	2215.500
830.724	2168.500
830.933	2213.500
831.142	2249.500
831.350	2243.500
831.559	2224.500
831.767	2214.500
831.976	2166.500
832.185	2181.500
832.393	2143.500
832.602	2108.500
832.811	2195.500
833.019	2200.500
833.228	2189.500
833.437	2194.500
833.645	2182.500
833.854	2232.500
834.062	2257.500
834.271	2244.500
834.480	2221.500
834.688	2249.500
834.897	2241.500
835.106	2179.500
835.314	2140.500
835.523	2185.500
835.731	2196.500
835.940	2190.500
836.149	2234.500
836.357	2262.500
836.566	2258.500
836.775	2258.500
836.983	2234.500
837.192	2236.500
837.401	2225.500
837.609	2228.500
837.818	2231.500
838.026	2245.500
838.235	2222.500
838.444	2175.500
838.652	2250.500
838.861	2280.500
839.070	2275.500
839.278	2287.500
839.487	2223.500
839.696	2200.500
839.904	2199.500
840.113	2229.500
840.321	2151.500
840.530	2134.500
840.739	2114.500
840.947	2116.500
841.156	2168.500
841.365	2179.500
841.573	2131.500
841.782	2076.500
841.991	2185.500
842.199	2206.500
842.408	2189.500
842.616	2150.500
842.825	2088.500
843.034	2076.500
843.242	2130.500
843.451	2128.500
843.660	2063.500
843.868	2053.500
844.077	2084.500
844.285	2161.500
844.494	2128.500
844.703	2138.500
844.911	2126.500
845.120	2081.500
845.329	2093.500
845.537	2114.500
845.746	2138.500
845.955	2111.500
846.163	2040.500
846.372	2045.500
846.580	2075.500
846.789	2040.500
846.998	2045.500
847.206	2046.500
847.415	2069.500
847.624	2072.500
847.832	2057.500
848.041	2021.500
848.250	1962.500
848.458	1955.500
848.667	2022.500
848.875	1991.500
849.084	1928.500
849.293	1886.500
849.501	1914.500
849.710	1909.500
849.919	1975.500
850.127	1908.500
850.336	1909.500
850.544	1942.500
850.753	1897.500
850.962	1896.500
851.170	1904.500
851.379	1876.500
851.588	1895.500
851.796	1885.500
852.005	1904.500
852.214	1933.500
852.422	1951.500
852.631	1839.500
852.839	1769.500
853.048	1694.500
853.257	1652.500
853.465	1637.500
853.674	1668.500
853.883	1684.500
854.091	1688.500
854.300	1745.500
854.509	1759.500
854.717	1749.500
854.926	1697.500
855.134	1717.500
855.343	1697.500
855.552	1725.500
855.760	1722.500
855.969	1743.500
856.178	1793.500
856.386	1755.500
856.595	1773.500
856.803	1837.500
857.012	1829.500
857.221	1761.500
857.429	1725.500
857.638	1769.500
857.847	1815.500
858.055	1785.500
858.264	1792.500
858.473	1769.500
858.681	1712.500
858.890	1727.500
859.098	1735.500
859.307	1674.500
859.516	1650.500
859.724	1693.500
859.933	1690.500
860.142	1755.500
860.350	1772.500
860.559	1739.500
860.768	1712.500
860.976	1728.500
861.185	1680.500
861.393	1623.500
861.602	1724.500
861.811	1665.500
862.019	1656.500
862.228	1659.500
862.437	1622.500
862.645	1616.500
862.854	1637.500
863.062	1625.500
863.271	1609.500
863.480	1655.500
863.688	1654.500
863.897	1579.500
864.106	1588.500
864.314	1608.500
864.523	1587.500
864.732	1594.500
864.940	1511.500
865.149	1516.500
865.357	1481.500
865.566	1493.500
865.775	1480.500
865.983	1405.500
866.192	1438.500
866.401	1437.500
866.609	1447.500
866.818	1407.500
867.027	1435.500
867.235	1501.500
867.444	1500.500
867.652	1531.500
867.861	1504.500
868.070	1424.500
868.278	1385.500
868.487	1431.500
868.696	1482.500
868.904	1435.500
869.113	1409.500
869.321	1385.500
869.530	1414.500
869.739	1400.500
869.947	1411.500
870.156	1456.500
870.365	1372.500
870.573	1378.500
870.782	1403.500
870.991	1391.500
871.199	1346.500
871.408	1385.500
871.616	1420.500
871.825	1403.500
872.034	1401.500
872.242	1389.500
872.451	1360.500
872.660	1341.500
872.868	1349.500
873.077	1370.500
873.286	1412.500
873.494	1359.500
873.703	1323.500
873.911	1292.500
874.120	1293.500
874.329	1249.500
874.537	1298.500
874.746	1292.500
874.955	1286.500
875.163	1259.500
875.372	1191.500
875.581	1267.500
875.789	1256.500
875.998	1262.500
876.206	1266.500
876.415	1242.500
876.624	1270.500
876.832	1292.500
877.041	1278.500
877.250	1222.500
877.458	1237.500
877.667	1264.500
877.875	1243.500
878.084	1213.500
878.293	1257.500
878.501	1303.500
878.710	1252.500
878.919	1237.500
879.127	1235.500
879.336	1231.500
879.545	1209.500
879.753	1154.500
879.962	1136.500
880.170	1172.500
880.379	1221.500
880.588	1172.500
880.796	1185.500
881.005	1190.500
881.214	1191.500
881.422	1157.500
881.631	1156.500
881.840	1185.500
882.048	1157.500
882.257	1159.500
882.465	1161.500
882.674	1129.500
882.883	1129.500
883.091	1099.500
883.300	1111.500
883.509	1173.500
883.717	1137.500
883.926	1136.500
884.134	1144.500
884.343	1150.500
884.552	1172.500
884.760	1170.500
884.969	1198.500
885.178	1154.500
885.386	1091.500
885.595	1123.500
885.804	1097.500
886.012	1079.500
886.221	1070.500
886.429	1121.500
886.638	1105.500
886.847	1071.500
887.055	1101.500
887.264	1093.500
887.473	1061.500
887.681	1050.500
887.890	1041.500
888.099	1033.500
888.307	1013.500
888.516	1036.500
888.724	1097.500
888.933	1042.500
889.142	982.500
889.350	982.500
889.559	1014.500
889.768	1025.500
889.976	1005.500
890.185	999.500
890.393	1001.500
890.602	1026.500
890.811	1024.500
891.019	981.500
891.228	1023.500
891.437	1032.500
891.645	1046.500
891.854	1002.500
892.063	975.500
892.271	961.500
892.480	955.500
892.688	947.500
892.897	968.500
893.106	968.500
893.314	946.500
893.523	935.500
893.732	915.500
893.940	877.500
894.149	913.500
894.358	845.500
894.566	875.500
894.775	883.500
894.983	870.500
895.192	813.500
895.401	801.500
895.609	837.500
895.818	826.500
896.027	815.500
896.235	837.500
896.444	812.500
896.652	800.500
896.861	789.500
897.070	780.500
897.278	795.500
897.487	763.500
897.696	763.500
897.904	724.500
898.113	719.500
898.322	728.500
898.530	709.500
898.739	701.500
898.947	727.500
899.156	684.500
899.365	680.500
899.573	704.500
899.782	685.500
899.991	686.500
900.199	635.500
900.408	647.500
900.617	722.500
900.825	736.500
901.034	682.500
901.242	656.500
901.451	659.500
901.660	661.500
901.868	660.500
902.077	705.500
902.286	708.500
902.494	732.500
902.703	743.500
902.911	733.500
903.120	765.500
903.329	776.500
903.537	764.500
903.746	762.500
903.955	803.500
904.163	799.500
904.372	819.500
904.581	785.500
904.789	777.500
904.998	765.500
905.206	743.500
905.415	756.500
905.624	724.500
905.832	742.500
906.041	750.500
906.250	743.500
906.458	721.500
906.667	682.500
906.876	647.500
907.084	641.500
907.293	700.500
907.501	657.500
907.710	637.500
907.919	646.500
908.127	649.500
908.336	656.500
908.545	638.500
908.753	610.500
908.962	605.500
909.170	632.500
909.379	623.500
909.588	625.500
909.796	635.500
910.005	619.500
910.214	634.500
910.422	637.500
910.631	632.500
910.840	606.500
911.048	637.500
911.257	624.500
911.465	615.500
911.674	638.500
911.883	618.500
912.091	598.500
912.300	554.500
912.508	558.500
912.716	547.500
912.924	539.500
913.132	587.500
913.340	624.500
913.549	602.500
913.757	576.500
913.965	576.500
914.173	612.500
914.381	607.500
914.589	571.500
914.797	553.500
915.005	523.500
915.213	511.500
915.421	548.500
915.629	568.500
915.838	553.500
916.046	570.500
916.254	567.500
916.462	582.500
916.670	546.500
916.878	542.500
917.086	535.500
917.294	544.500
917.502	561.500
917.710	597.500
917.919	596.500
918.127	559.500
918.335	553.500
918.543	554.500
918.751	518.500
918.959	527.500
919.167	583.500
919.375	623.500
919.583	657.500
919.791	649.500
919.999	617.500
920.208	586.500
920.416	563.500
920.624	565.500
920.832	575.500
921.040	578.500
921.248	603.500
921.456	589.500
921.664	567.500
921.872	628.500
922.080	590.500
922.288	602.500
922.497	565.500
922.705	554.500
922.913	576.500
923.121	516.500
923.329	488.500
923.537	509.500
923.745	545.500
923.953	539.500
924.161	515.500
924.369	520.500
924.578	472.500
924.786	464.500
924.994	498.500
925.202	476.500
925.410	496.500
925.618	514.500
925.826	507.500
926.034	504.500
926.242	513.500
926.450	484.500
926.658	445.500
926.867	440.500
927.075	460.500
927.283	452.500
927.491	473.500
927.699	457.500
927.907	407.500
928.115	374.500
928.323	374.500
928.531	400.500
928.739	363.500
928.947	337.500
929.156	342.500
929.364	320.500
929.572	307.500
929.780	319.500
929.988	358.500
930.196	327.500
930.404	295.500
930.612	317.500
930.820	308.500
931.028	240.500
931.236	168.500
931.445	176.500
931.653	209.500
931.861	216.500
932.069	205.500
932.277	243.500
932.485	253.500
932.693	203.500
932.901	145.500
933.109	122.500
933.317	127.500
933.526	131.500
933.734	203.500
933.942	186.500
934.150	164.500
934.358	220.500
934.566	185.500
934.774	156.500
934.982	172.500
935.190	176.500
935.398	142.500
935.606	122.500
935.815	126.500
936.023	151.500
936.231	125.500
936.439	109.500
936.647	112.500
936.855	138.500
937.063	166.500
937.271	151.500
937.479	126.500
937.687	116.500
937.895	164.500
938.104	240.500
938.312	223.500
938.520	186.500
938.728	218.500
938.936	170.500
939.144	135.500
939.352	183.500
939.560	203.500
939.768	216.500
939.976	208.500
940.185	152.500
940.393	174.500
940.601	159.500
940.809	150.500
941.017	182.500
941.225	197.500
941.433	166.500
941.641	180.500
941.849	183.500
942.057	174.500
942.265	168.500
942.474	155.500
942.682	87.500
942.890	129.500
943.098	143.500
943.306	116.500
943.514	107.500
943.722	149.500
943.930	150.500
944.138	167.500
944.346	162.500
944.554	133.500
944.763	120.500
944.971	112.500
945.179	105.500
945.387	93.500
945.595	112.500
945.803	160.500
946.011	168.500
946.219	137.500
946.427	135.500
946.635	101.500
946.843	78.500
947.052	130.500
947.260	120.500
947.468	137.500
947.676	198.500
947.884	200.500
948.092	183.500
948.300	155.500
948.508	122.500
948.716	103.500
948.924	130.500
949.133	123.500
949.341	111.500
949.549	138.500
949.757	154.500
949.965	147.500
950.173	124.500
950.381	142.500
950.589	134.500
950.797	138.500
951.005	108.500
951.213	112.500
951.422	144.500
951.630	171.500
951.838	141.500
952.046	165.500
952.254	157.500
952.462	203.500
952.670	178.500
952.878	96.500
953.086	101.500
953.294	141.500
953.502	150.500
953.711	129.500
953.919	128.500
954.127	120.500
954.335	114.500
954.543	133.500
954.751	87.500
954.959	142.500
955.167	129.500
955.375	97.500
955.583	123.500
955.792	152.500
956.000	178.500
956.208	175.500
956.416	147.500
956.624	140.500
956.832	181.500
957.040	165.500
957.248	150.500
957.456	146.500
957.664	159.500
957.872	152.500
958.081	138.500
958.289	141.500
958.497	135.500
958.705	136.500
958.913	142.500
959.121	145.500
959.329	164.500
959.537	156.500
959.745	153.500
959.953	165.500
960.161	130.500
960.370	127.500
960.578	143.500
960.786	166.500
960.994	173.500
961.202	123.500
961.410	135.500
961.618	155.500
961.826	169.500
962.034	178.500
962.242	168.500
962.451	163.500
962.659	141.500
962.867	152.500
963.075	132.500
963.283	122.500
963.491	151.500
963.699	208.500
963.907	158.500
964.115	150.500
964.323	183.500
964.531	173.500
964.740	117.500
964.948	133.500
965.156	141.500
965.364	141.500
965.572	167.500
965.780	143.500
965.999	129.500
966.218	160.500
966.438	178.500
966.657	128.500
966.876	140.500
967.095	159.500
967.315	144.500
967.534	144.500
967.753	167.500
967.972	165.500
968.192	221.500
968.411	220.500
968.630	224.500
968.849	183.500
969.068	209.500
969.288	188.500
969.507	156.500
969.726	186.500
969.945	186.500
970.165	181.500
970.384	179.500
970.603	175.500
970.822	170.500
971.042	162.500
971.261	167.500
971.480	162.500
971.699	133.500
971.919	164.500
972.138	173.500
972.357	181.500
972.576	231.500
972.795	243.500
973.015	203.500
973.234	184.500
973.453	164.500
973.672	132.500
973.892	174.500
974.111	198.500
974.330	205.500
974.549	195.500
974.769	173.500
974.988	161.500
975.207	134.500
975.426	125.500
975.646	150.500
975.865	125.500
976.084	149.500
976.303	191.500
976.522	164.500
976.742	160.500
976.961	116.500
977.180	84.500
977.399	143.500
977.619	151.500
977.838	155.500
978.057	158.500
978.276	139.500
978.496	123.500
978.715	147.500
978.934	135.500
979.153	171.500
979.372	151.500
979.592	160.500
979.811	153.500
980.030	146.500
980.249	159.500
980.469	177.500
980.688	148.500
980.907	118.500
981.126	145.500
981.346	151.500
981.565	112.500
981.784	128.500
982.003	157.500
982.223	137.500
982.442	150.500
982.661	131.500
982.880	161.500
983.099	131.500
983.319	105.500
983.538	131.500
983.757	169.500
983.976	172.500
984.196	105.500
984.415	122.500
984.634	170.500
984.853	197.500
985.073	151.500
985.292	112.500
985.511	105.500
985.730	107.500
985.949	95.500
986.169	145.500
986.388	181.500
986.607	129.500
986.826	97.500
987.046	145.500
987.265	143.500
987.484	147.500
987.703	136.500
987.923	106.500
988.142	117.500
988.361	123.500
988.580	118.500
988.800	123.500
989.019	146.500
989.238	161.500
989.457	143.500
989.676	138.500
989.896	96.500
990.115	106.500
990.334	127.500
990.553	66.500
990.773	72.500
990.992	137.500
991.211	144.500
991.430	117.500
991.650	114.500
991.869	83.500
992.088	93.500
992.307	90.500
992.527	107.500
992.746	128.500
992.965	133.500
993.184	105.500
993.403	106.500
993.623	97.500
993.842	116.500
994.061	165.500
994.280	159.500
994.500	137.500
994.719	115.500
994.938	67.500
995.157	85.500
995.377	121.500
995.596	123.500
995.815	109.500
996.034	84.500
996.253	77.500
996.473	83.500
996.692	84.500
996.911	66.500
997.130	78.500
997.350	112.500
997.569	132.500
997.788	98.500
998.007	93.500
998.227	121.500
998.446	94.500
998.665	107.500
998.884	119.500
999.104	77.500
999.323	114.500
999.542	113.500
999.761	105.500
999.980	138.500
1000.200	145.500
1000.419	115.500
1000.638	91.500
1000.857	92.500
1001.077	62.500
1001.296	77.500
1001.515	79.500
1001.734	72.500
1001.954	61.500
1002.173	83.500
1002.392	81.500
1002.611	90.500
1002.830	108.500
1003.050	100.500
1003.269	88.500
1003.488	118.500
1003.707	117.500
1003.927	96.500
1004.146	82.500
1004.365	70.500
1004.584	45.500
1004.804	32.500
1005.023	48.500
1005.242	58.500
1005.461	76.500
1005.681	77.500
1005.900	58.500
1006.119	79.500
1006.338	60.500
1006.557	113.500
1006.777	73.500
1006.996	27.500
1007.215	44.500
1007.434	59.500
1007.654	121.500
1007.873	89.500
1008.092	47.500
1008.311	59.500
1008.531	87.500
1008.750	98.500
1008.969	50.500
1009.188	44.500
1009.407	37.500
1009.627	35.500
1009.846	103.500
1010.065	112.500
1010.284	113.500
1010.504	66.500
1010.723	44.500
1010.942	71.500
1011.161	105.500
1011.381	73.500
1011.600	29.500
1011.819	53.500
1012.038	73.500
1012.258	60.500
1012.477	67.500
1012.696	60.500
1012.915	97.500
1013.134	89.500
1013.354	43.500
1013.573	33.500
1013.792	64.500
1014.011	66.500
1014.231	25.500
1014.450	82.500
1014.669	98.500
1014.888	61.500
1015.108	77.500
1015.327	70.500
1015.546	51.500
1015.765	80.500
1015.984	85.500
1016.204	54.500
1016.423	66.500
1016.642	42.500
1016.861	70.500
1017.081	85.500
1017.300	92.500
1017.519	59.500
