296.912	66.000
297.101	77.000
297.290	100.000
297.479	111.000
297.668	62.000
297.858	19.000
298.047	53.000
298.236	71.000
298.425	49.000
298.614	37.000
298.803	28.000
298.992	41.000
299.181	79.000
299.370	91.000
299.559	93.000
299.748	85.000
299.937	79.000
300.126	60.000
300.315	40.000
300.504	18.000
300.693	16.000
300.882	20.000
301.071	0.000
301.260	31.000
301.449	24.000
301.638	16.000
301.827	30.000
302.016	53.000
302.205	82.000
302.395	38.000
302.584	28.000
302.773	106.000
302.962	102.000
303.151	94.000
303.340	53.000
303.529	53.000
303.718	29.000
303.907	71.000
304.096	55.000
304.285	61.000
304.474	67.000
304.663	50.000
304.852	70.000
305.041	57.000
305.230	46.000
305.419	53.000
305.608	100.000
305.797	47.000
305.986	9.000
306.175	5.000
306.364	34.000
306.553	19.000
306.743	53.000
306.932	32.000
307.121	43.000
307.310	55.000
307.499	65.000
307.688	43.000
307.877	60.000
308.066	76.000
308.255	68.000
308.444	76.000
308.633	81.000
308.822	76.000
309.011	44.000
309.200	42.000
309.389	62.000
309.578	45.000
309.767	23.000
309.956	76.000
310.145	86.000
310.334	62.000
310.523	85.000
310.712	102.000
310.901	47.000
311.091	13.000
311.280	40.000
311.469	51.000
311.658	56.000
311.847	59.000
312.036	68.000
312.225	113.000
312.414	119.000
312.603	76.000
312.792	62.000
312.981	37.000
313.170	38.000
313.349	47.000
313.527	53.000
313.706	51.000
313.884	39.000
314.063	68.000
314.241	61.000
314.420	43.000
314.598	18.000
314.777	74.000
314.955	80.000
315.134	44.000
315.312	93.000
315.491	63.000
315.669	40.000
315.848	52.000
316.027	69.000
316.205	76.000
316.384	34.000
316.562	49.000
316.741	45.000
316.919	41.000
317.098	68.000
317.276	63.000
317.455	103.000
317.633	80.000
317.812	79.000
317.990	74.000
318.169	80.000
318.347	80.000
318.526	31.000
318.705	0.000
318.883	63.000
319.062	92.000
319.240	109.000
319.419	76.000
319.597	70.000
319.776	76.000
319.954	50.000
320.133	59.000
320.311	32.000
320.490	76.000
320.668	70.000
320.847	39.000
321.025	31.000
321.204	108.000
321.382	96.000
321.561	24.000
321.740	48.000
321.918	40.000
322.097	73.000
322.275	106.000
322.454	64.000
322.632	59.000
322.811	83.000
322.989	66.000
323.168	40.000
323.346	49.000
323.525	54.000
323.703	30.000
323.882	13.000
324.060	74.000
324.239	102.000
324.418	117.000
324.596	122.000
324.775	53.000
324.953	42.000
325.132	57.000
325.310	40.000
325.489	13.000
325.667	51.000
325.846	92.000
326.024	60.000
326.203	62.000
326.381	66.000
326.560	38.000
326.738	61.000
326.917	89.000
327.096	70.000
327.274	53.000
327.453	90.000
327.631	91.000
327.810	82.000
327.988	73.000
328.167	55.000
328.345	53.000
328.524	68.000
328.702	63.000
328.881	53.000
329.059	28.000
329.238	27.000
329.416	53.000
329.595	107.000
329.774	109.000
329.952	63.000
330.131	64.000
330.309	101.000
330.488	62.000
330.666	21.000
330.845	71.000
331.023	120.000
331.202	122.000
331.380	127.000
331.559	83.000
331.737	66.000
331.916	62.000
332.094	74.000
332.273	38.000
332.452	5.000
332.630	55.000
332.809	97.000
332.987	70.000
333.166	103.000
333.344	68.000
333.523	33.000
333.701	77.000
333.880	85.000
334.058	65.000
334.237	96.000
334.415	69.000
334.594	96.000
334.772	108.000
334.951	85.000
335.129	42.000
335.308	57.000
335.487	56.000
335.665	56.000
335.844	95.000
336.022	112.000
336.201	132.000
336.379	124.000
336.558	100.000
336.736	94.000
336.915	126.000
337.093	133.000
337.272	60.000
337.450	46.000
337.629	1.000
337.807	44.000
337.986	108.000
338.165	130.000
338.343	123.000
338.522	109.000
338.700	78.000
338.879	39.000
339.057	59.000
339.236	76.000
339.414	75.000
339.593	101.000
339.771	103.000
339.950	86.000
340.128	120.000
340.307	99.000
340.485	89.000
340.664	106.000
340.843	91.000
341.021	57.000
341.200	73.000
341.378	112.000
341.557	109.000
341.735	90.000
341.914	107.000
342.092	150.000
342.271	119.000
342.449	101.000
342.628	83.000
342.806	67.000
342.985	86.000
343.163	111.000
343.342	87.000
343.521	77.000
343.699	83.000
343.878	88.000
344.056	72.000
344.235	90.000
344.413	88.000
344.592	47.000
344.770	69.000
344.949	121.000
345.127	139.000
345.306	104.000
345.484	78.000
345.663	27.000
345.841	71.000
346.020	80.000
346.199	72.000
346.377	30.000
346.556	58.000
346.734	71.000
346.913	66.000
347.091	85.000
347.270	124.000
347.448	152.000
347.627	110.000
347.805	94.000
347.984	76.000
348.162	122.000
348.341	138.000
348.519	83.000
348.698	87.000
348.876	67.000
349.055	70.000
349.234	76.000
349.412	85.000
349.591	70.000
349.769	53.000
349.948	141.000
350.126	142.000
350.305	113.000
350.483	133.000
350.662	92.000
350.840	79.000
351.019	81.000
351.197	78.000
351.376	90.000
351.554	116.000
351.733	124.000
351.912	129.000
352.090	105.000
352.269	91.000
352.447	94.000
352.626	98.000
352.804	123.000
352.983	94.000
353.161	57.000
353.340	60.000
353.518	101.000
353.697	95.000
353.875	126.000
354.054	128.000
354.232	106.000
354.411	91.000
354.590	70.000
354.768	56.000
354.947	80.000
355.125	126.000
355.304	142.000
355.482	108.000
355.661	97.000
355.839	132.000
356.018	135.000
356.196	99.000
356.375	90.000
356.553	90.000
356.732	84.000
356.910	114.000
357.089	114.000
357.268	117.000
357.446	102.000
357.625	81.000
357.803	22.000
357.982	54.000
358.160	79.000
358.339	77.000
358.517	117.000
358.696	98.000
358.874	106.000
359.053	111.000
359.231	84.000
359.410	96.000
359.588	83.000
359.767	90.000
359.945	111.000
360.124	105.000
360.303	87.000
360.481	100.000
360.660	112.000
360.838	119.000
361.017	79.000
361.195	43.000
361.374	63.000
361.552	92.000
361.731	101.000
361.909	116.000
362.088	124.000
362.266	132.000
362.445	136.000
362.623	100.000
362.802	117.000
362.981	109.000
363.159	125.000
363.338	98.000
363.516	111.000
363.695	127.000
363.873	120.000
364.052	114.000
364.230	105.000
364.409	127.000
364.587	149.000
364.766	124.000
364.944	84.000
365.123	70.000
365.301	84.000
365.480	130.000
365.660	147.000
365.839	109.000
366.019	107.000
366.199	143.000
366.379	124.000
366.558	106.000
366.738	116.000
366.918	95.000
367.098	75.000
367.277	88.000
367.457	108.000
367.637	128.000
367.816	135.000
367.996	123.000
368.176	111.000
368.356	104.000
368.535	113.000
368.715	139.000
368.895	125.000
369.075	119.000
369.254	134.000
369.434	151.000
369.614	128.000
369.793	111.000
369.973	139.000
370.153	122.000
370.333	112.000
370.512	90.000
370.692	40.000
370.872	59.000
371.051	87.000
371.231	127.000
371.411	142.000
371.591	119.000
371.770	153.000
371.950	174.000
372.130	128.000
372.310	97.000
372.489	146.000
372.669	174.000
372.849	143.000
373.028	134.000
373.208	161.000
373.388	157.000
373.568	107.000
373.747	163.000
373.927	131.000
374.107	106.000
374.287	112.000
374.466	95.000
374.646	121.000
374.826	118.000
375.005	117.000
375.185	113.000
375.365	107.000
375.545	132.000
375.724	132.000
375.904	111.000
376.084	116.000
376.263	112.000
376.443	163.000
376.623	170.000
376.803	126.000
376.982	106.000
377.162	142.000
377.342	119.000
377.522	124.000
377.701	102.000
377.881	120.000
378.061	137.000
378.240	121.000
378.420	110.000
378.600	128.000
378.780	128.000
378.959	82.000
379.139	103.000
379.319	133.000
379.499	146.000
379.678	168.000
379.858	207.000
380.038	156.000
380.217	133.000
380.397	132.000
380.577	104.000
380.757	92.000
380.936	123.000
381.116	123.000
381.296	143.000
381.476	150.000
381.655	137.000
381.835	115.000
382.015	79.000
382.194	85.000
382.374	146.000
382.554	176.000
382.734	138.000
382.913	129.000
383.093	170.000
383.273	137.000
383.452	112.000
383.632	137.000
383.812	133.000
383.992	117.000
384.171	123.000
384.351	132.000
384.531	154.000
384.711	149.000
384.890	119.000
385.070	118.000
385.250	143.000
385.429	161.000
385.609	139.000
385.789	124.000
385.969	141.000
386.148	81.000
386.328	114.000
386.508	160.000
386.688	115.000
386.867	103.000
387.047	68.000
387.227	62.000
387.406	101.000
387.586	101.000
387.766	104.000
387.946	96.000
388.125	120.000
388.305	156.000
388.485	137.000
388.664	124.000
388.844	140.000
389.024	123.000
389.204	113.000
389.383	113.000
389.563	83.000
389.743	81.000
389.923	117.000
390.102	149.000
390.282	152.000
390.462	146.000
390.641	104.000
390.821	99.000
391.001	88.000
391.181	101.000
391.360	109.000
391.540	64.000
391.720	86.000
391.900	123.000
392.079	121.000
392.259	90.000
392.439	96.000
392.618	128.000
392.798	132.000
392.978	143.000
393.158	155.000
393.337	137.000
393.517	110.000
393.697	132.000
393.877	182.000
394.056	198.000
394.236	174.000
394.416	126.000
394.595	132.000
394.775	160.000
394.955	179.000
395.135	170.000
395.314	172.000
395.494	167.000
395.674	168.000
395.853	157.000
396.033	217.000
396.213	184.000
396.393	149.000
396.572	165.000
396.752	151.000
396.932	183.000
397.112	182.000
397.291	203.000
397.471	182.000
397.651	160.000
397.830	186.000
398.010	154.000
398.190	136.000
398.370	141.000
398.549	157.000
398.729	179.000
398.909	170.000
399.089	201.000
399.268	176.000
399.448	162.000
399.628	167.000
399.807	155.000
399.987	164.000
400.167	167.000
400.347	182.000
400.526	148.000
400.706	164.000
400.886	202.000
401.065	171.000
401.245	208.000
401.425	211.000
401.605	190.000
401.784	181.000
401.964	201.000
402.144	242.000
402.324	243.000
402.503	215.000
402.683	241.000
402.863	195.000
403.042	208.000
403.222	211.000
403.402	210.000
403.582	220.000
403.761	228.000
403.941	267.000
404.121	271.000
404.301	274.000
404.480	288.000
404.660	293.000
404.844	303.000
405.029	274.000
405.213	268.000
405.398	302.000
405.582	292.000
405.767	332.000
405.951	344.000
406.136	357.000
406.320	374.000
406.505	408.000
406.689	377.000
406.874	398.000
407.058	408.000
407.243	453.000
407.427	477.000
407.612	545.000
407.796	537.000
407.981	585.000
408.165	667.000
408.350	708.000
408.534	748.000
408.719	802.000
408.903	760.000
409.088	785.000
409.272	830.000
409.457	889.000
409.641	913.000
409.826	1010.000
410.010	1059.000
410.195	1133.000
410.379	1234.000
410.564	1344.000
410.748	1441.000
410.933	1508.000
411.117	1643.000
411.302	1774.000
411.486	1862.000
411.671	1958.000
411.855	2054.000
412.040	2113.000
412.224	2158.000
412.409	2321.000
412.593	2414.000
412.778	2541.000
412.962	2698.000
413.147	2814.000
413.331	2943.000
413.516	3004.000
413.700	3130.000
413.885	3260.000
414.069	3399.000
414.254	3510.000
414.438	3593.000
414.623	3709.000
414.807	3786.000
414.992	3872.000
415.176	4060.000
415.361	4241.000
415.545	4457.000
415.730	4635.000
415.914	4737.000
416.099	4814.000
416.283	4891.000
416.468	5087.000
416.652	5139.000
416.837	5290.000
417.021	5377.000
417.206	5436.000
417.390	5521.000
417.575	5572.000
417.759	5709.000
417.944	5824.000
418.128	6007.000
418.313	6221.000
418.497	6168.000
418.682	6242.000
418.866	6343.000
419.051	6490.000
419.235	6554.000
419.420	6683.000
419.604	6710.000
419.789	6822.000
419.973	7104.000
420.158	7318.000
420.342	7437.000
420.527	7492.000
420.711	7674.000
420.896	7827.000
421.080	7830.000
421.265	8055.000
421.449	8062.000
421.634	7965.000
421.818	7935.000
422.003	7899.000
422.187	7964.000
422.372	8065.000
422.556	8191.000
422.741	8150.000
422.925	8288.000
423.110	8412.000
423.294	8603.000
423.479	8676.000
423.663	8703.000
423.848	8860.000
424.032	8892.000
424.217	8930.000
424.401	9056.000
424.586	9012.000
424.770	9088.000
424.955	9216.000
425.139	9275.000
425.324	9342.000
425.508	9367.000
425.693	9394.000
425.877	9452.000
426.062	9467.000
426.246	9402.000
426.431	9484.000
426.615	9450.000
426.800	9403.000
426.984	9402.000
427.169	9422.000
427.353	9502.000
427.538	9543.000
427.722	9650.000
427.907	9593.000
428.091	9546.000
428.276	9596.000
428.460	9608.000
428.645	9486.000
428.829	9188.000
429.014	9061.000
429.198	8929.000
429.383	8790.000
429.567	8387.000
429.752	8138.000
429.936	8119.000
430.121	7898.000
430.305	7976.000
430.490	8234.000
430.674	8659.000
430.859	9031.000
431.043	9505.000
431.228	9854.000
431.412	9983.000
431.597	10048.000
431.781	10204.000
431.966	10473.000
432.150	10622.000
432.335	10664.000
432.519	10931.000
432.704	11091.000
432.888	10979.000
433.073	10914.000
433.257	10826.000
433.442	10665.000
433.626	10708.000
433.811	10728.000
433.995	10849.000
434.180	11100.000
434.364	11301.000
434.549	11446.000
434.733	11529.000
434.918	11458.000
435.102	11581.000
435.287	11859.000
435.471	12099.000
435.656	12262.000
435.840	12398.000
436.030	12472.000
436.219	12498.000
436.409	12337.000
436.599	12310.000
436.789	12474.000
436.978	12454.000
437.168	12242.000
437.358	12045.000
437.548	11981.000
437.737	11733.000
437.927	11696.000
438.117	11667.000
438.306	11633.000
438.496	11867.000
438.686	12028.000
438.876	12136.000
439.065	12440.000
439.255	12548.000
439.445	12423.000
439.634	12403.000
439.824	12470.000
440.014	12571.000
440.204	12651.000
440.393	12888.000
440.583	13135.000
440.773	13281.000
440.963	13341.000
441.152	13536.000
441.342	13648.000
441.532	13711.000
441.721	13942.000
441.911	14227.000
442.101	14337.000
442.291	14421.000
442.480	14497.000
442.670	14508.000
442.860	14527.000
443.050	14540.000
443.239	14523.000
443.429	14500.000
443.619	14715.000
443.808	14970.000
443.998	15142.000
444.188	14976.000
444.378	15049.000
444.567	15184.000
444.757	15015.000
444.947	14990.000
445.137	14830.000
445.326	14710.000
445.516	14762.000
445.706	14908.000
445.895	14981.000
446.085	15128.000
446.275	15341.000
446.465	15443.000
446.654	15608.000
446.844	15722.000
447.034	15915.000
447.223	16041.000
447.413	16146.000
447.603	16358.000
447.793	16482.000
447.982	16524.000
448.172	16476.000
448.362	16463.000
448.552	16730.000
448.741	16774.000
448.931	16628.000
449.121	16789.000
449.310	16950.000
449.500	17039.000
449.690	17033.000
449.880	17206.000
450.069	17418.000
450.259	17711.000
450.449	17668.000
450.639	17741.000
450.828	17870.000
451.018	17873.000
451.208	18049.000
451.397	17930.000
451.587	17715.000
451.777	17666.000
451.967	17600.000
452.156	17368.000
452.346	16992.000
452.536	16818.000
452.725	16661.000
452.915	16532.000
453.105	16746.000
453.295	16865.000
453.484	16837.000
453.674	16953.000
453.864	16925.000
454.054	17008.000
454.243	17154.000
454.433	17092.000
454.623	17119.000
454.812	17124.000
455.002	17221.000
455.192	17392.000
455.382	17361.000
455.571	17266.000
455.761	17453.000
455.951	17771.000
456.141	17834.000
456.330	17834.000
456.520	17850.000
456.710	17910.000
456.899	18090.000
457.089	18014.000
457.279	17958.000
457.469	17760.000
457.658	17764.000
457.848	17631.000
458.038	17525.000
458.228	17570.000
458.417	17460.000
458.607	17511.000
458.797	17581.000
458.986	17544.000
459.176	17422.000
459.366	17488.000
459.556	17513.000
459.745	17378.000
459.935	17330.000
460.125	17475.000
460.314	17616.000
460.504	17713.000
460.694	17850.000
460.884	17944.000
461.073	17893.000
461.263	18016.000
461.453	18065.000
461.643	18128.000
461.832	18127.000
462.022	18211.000
462.212	18356.000
462.401	18248.000
462.591	18353.000
462.781	18330.000
462.971	18257.000
463.160	18259.000
463.350	18192.000
463.540	18338.000
463.730	18195.000
463.919	17968.000
464.109	18013.000
464.299	17888.000
464.488	17773.000
464.678	17756.000
464.868	17870.000
465.058	17845.000
465.247	17722.000
465.437	17823.000
465.627	18064.000
465.816	18185.000
466.006	18027.000
466.196	17847.000
466.386	17808.000
466.575	17833.000
466.765	17768.000
466.955	17779.000
467.145	17636.000
467.334	17880.000
467.524	17875.000
467.714	17970.000
467.903	18177.000
468.093	18249.000
468.283	18240.000
468.473	18244.000
468.662	18237.000
468.852	18158.000
469.042	18366.000
469.232	18379.000
469.421	18392.000
469.611	18278.000
469.801	18131.000
469.990	18070.000
470.180	17989.000
470.370	18090.000
470.560	18047.000
470.749	18026.000
470.939	18177.000
471.129	18403.000
471.318	18537.000
471.508	18690.000
471.698	18749.000
471.888	19042.000
472.077	19191.000
472.267	19126.000
472.457	19195.000
472.647	19006.000
472.836	18984.000
473.026	19030.000
473.216	19192.000
473.405	19320.000
473.595	19207.000
473.785	19091.000
473.975	19180.000
474.164	19148.000
474.354	19357.000
474.544	19563.000
474.734	19551.000
474.923	19437.000
475.113	19513.000
475.303	19631.000
475.492	19631.000
475.682	19455.000
475.872	19413.000
476.062	19361.000
476.251	19219.000
476.441	19011.000
476.631	19240.000
476.821	19246.000
477.010	19363.000
477.200	19587.000
477.390	19676.000
477.579	19734.000
477.769	19851.000
477.959	19814.000
478.149	19727.000
478.338	19814.000
478.528	19639.000
478.718	19503.000
478.907	19694.000
479.097	19799.000
479.287	19784.000
479.477	19960.000
479.666	19929.000
479.856	20029.000
480.046	19758.000
480.236	19679.000
480.425	19848.000
480.615	19747.000
480.805	19679.000
480.994	19866.000
481.184	20004.000
481.374	20091.000
481.564	19922.000
481.753	19807.000
481.943	19767.000
482.133	19872.000
482.323	19889.000
482.512	19865.000
482.702	19773.000
482.892	19644.000
483.081	19613.000
483.271	19535.000
483.461	19563.000
483.651	19703.000
483.840	19533.000
484.030	19403.000
484.220	19261.000
484.409	19285.000
484.599	19350.000
484.789	19302.000
484.979	19056.000
485.168	18801.000
485.358	18365.000
485.548	17885.000
485.738	17326.000
485.927	16969.000
486.117	16657.000
486.307	16451.000
486.496	16363.000
486.686	16531.000
486.876	16595.000
487.066	16888.000
487.255	17163.000
487.445	17335.000
487.635	17561.000
487.825	17664.000
488.014	17837.000
488.204	17982.000
488.394	18031.000
488.583	17886.000
488.773	17794.000
488.963	18054.000
489.153	18261.000
489.342	18368.000
489.532	18630.000
489.722	18870.000
489.912	19047.000
490.101	19084.000
490.291	19212.000
490.481	19185.000
490.670	19248.000
490.860	18991.000
491.050	18768.000
491.240	18783.000
491.429	18685.000
491.619	18554.000
491.809	18550.000
491.998	18287.000
492.188	18320.000
492.378	18367.000
492.568	18427.000
492.757	18620.000
492.947	18625.000
493.137	18652.000
493.327	18621.000
493.516	18700.000
493.706	18759.000
493.896	18727.000
494.085	18909.000
494.275	19022.000
494.465	19153.000
494.655	19358.000
494.844	19314.000
495.034	19420.000
495.224	19333.000
495.414	19350.000
495.603	19326.000
495.793	19230.000
495.983	19198.000
496.172	19301.000
496.362	19415.000
496.552	19466.000
496.742	19460.000
496.931	19517.000
497.121	19594.000
497.311	19423.000
497.500	19406.000
497.690	19420.000
497.880	19168.000
498.070	18994.000
498.259	18773.000
498.449	18841.000
498.639	18875.000
498.829	18898.000
499.018	19128.000
499.208	19181.000
499.398	19106.000
499.587	19009.000
499.777	18985.000
499.967	19006.000
500.157	18918.000
500.346	18746.000
500.536	18721.000
500.726	18708.000
500.916	18611.000
501.105	18336.000
501.295	18308.000
501.485	18334.000
501.674	18269.000
501.864	18251.000
502.054	18252.000
502.244	18340.000
502.433	18431.000
502.623	18517.000
502.813	18789.000
503.003	18811.000
503.192	18836.000
503.382	18771.000
503.572	18653.000
503.761	18539.000
503.951	18367.000
504.141	18390.000
504.331	18482.000
504.520	18532.000
504.710	18588.000
504.900	18656.000
505.089	18839.000
505.279	19001.000
505.469	19228.000
505.659	19409.000
505.848	19374.000
506.038	19152.000
506.228	19204.000
506.418	19304.000
506.607	19067.000
506.797	19019.000
506.987	18934.000
507.176	18787.000
507.366	18749.000
507.556	18619.000
507.746	18466.000
507.935	18500.000
508.125	18542.000
508.315	18515.000
508.505	18501.000
508.694	18608.000
508.884	18734.000
509.074	18829.000
509.263	18691.000
509.453	18639.000
509.643	18530.000
509.833	18590.000
510.022	18500.000
510.212	18367.000
510.402	18351.000
510.592	18463.000
510.781	18396.000
510.971	18339.000
511.161	18437.000
511.350	18541.000
511.540	18486.000
511.730	18496.000
511.920	18551.000
512.109	18565.000
512.299	18251.000
512.489	18228.000
512.678	18132.000
512.868	17947.000
513.058	17764.000
513.248	17727.000
513.437	17621.000
513.627	17554.000
513.817	17517.000
514.007	17425.000
514.196	17367.000
514.386	17494.000
514.576	17454.000
514.765	17483.000
514.955	17478.000
515.145	17483.000
515.335	17467.000
515.524	17385.000
515.714	17375.000
515.904	17287.000
516.094	17194.000
516.283	16819.000
516.473	16308.000
516.663	15942.000
516.852	15598.000
517.042	15545.000
517.232	15559.000
517.422	15583.000
517.611	15754.000
517.801	15685.000
517.991	15597.000
518.180	15482.000
518.370	15535.000
518.560	15636.000
518.750	15662.000
518.939	15921.000
519.129	16154.000
519.319	16404.000
519.509	16547.000
519.698	16543.000
519.888	16635.000
520.078	16808.000
520.267	16766.000
520.457	16903.000
520.647	16893.000
520.837	16836.000
521.026	16893.000
521.216	17042.000
521.406	17202.000
521.596	17137.000
521.785	17022.000
521.975	17154.000
522.165	17001.000
522.354	16858.000
522.544	16935.000
522.734	16861.000
522.924	16796.000
523.113	16910.000
523.303	16939.000
523.493	17149.000
523.683	17376.000
523.872	17409.000
524.062	17393.000
524.252	17383.000
524.441	17512.000
524.631	17467.000
524.821	17400.000
525.011	17563.000
525.200	17713.000
525.390	17541.000
525.580	17416.000
525.769	17191.000
525.959	17051.000
526.149	16908.000
526.339	16470.000
526.528	16217.000
526.718	16051.000
526.908	16190.000
527.098	16432.000
527.287	16489.000
527.477	16500.000
527.667	16643.000
527.856	16713.000
528.046	16678.000
528.236	16874.000
528.426	17066.000
528.615	17310.000
528.805	17475.000
528.995	17504.000
529.185	17590.000
529.374	17587.000
529.564	17450.000
529.754	17518.000
529.943	17640.000
530.133	17697.000
530.323	17562.000
530.513	17496.000
530.702	17672.000
530.892	17623.000
531.082	17593.000
531.271	17574.000
531.461	17464.000
531.651	17276.000
531.841	17052.000
532.030	16969.000
532.220	16654.000
532.410	16456.000
532.600	16339.000
532.789	16226.000
532.979	16039.000
533.169	16173.000
533.358	16226.000
533.548	16110.000
533.738	16180.000
533.928	16256.000
534.117	16195.000
534.307	16236.000
534.497	16365.000
534.687	16333.000
534.876	16322.000
535.066	16452.000
535.256	16349.000
535.445	16439.000
535.635	16572.000
535.825	16478.000
536.015	16202.000
536.204	16064.000
536.394	15898.000
536.584	15900.000
536.773	15781.000
536.963	15737.000
537.153	15784.000
537.343	15841.000
537.532	15913.000
537.722	15793.000
537.912	15878.000
538.102	15901.000
538.291	15718.000
538.481	15702.000
538.671	15626.000
538.860	15579.000
539.050	15438.000
539.240	15376.000
539.430	15348.000
539.619	15295.000
539.809	15287.000
539.999	15072.000
540.189	14953.000
540.378	15126.000
540.568	15023.000
540.758	15057.000
540.947	15151.000
541.137	15213.000
541.327	15201.000
541.517	15223.000
541.706	15296.000
541.896	15157.000
542.086	15099.000
542.276	15135.000
542.465	15086.000
542.655	15081.000
542.845	15153.000
543.034	15189.000
543.224	15130.000
543.414	15123.000
543.604	15202.000
543.793	15314.000
543.983	15271.000
544.173	15274.000
544.362	15164.000
544.552	15117.000
544.742	15234.000
544.932	15317.000
545.121	15209.000
545.311	15067.000
545.501	15147.000
545.691	15138.000
545.880	14999.000
546.070	15044.000
546.264	15015.000
546.459	14993.000
546.653	14971.000
546.847	14902.000
547.041	14874.000
547.236	14803.000
547.430	14818.000
547.624	14855.000
547.818	14862.000
548.013	14891.000
548.207	14766.000
548.401	14770.000
548.596	14756.000
548.790	14813.000
548.984	15017.000
549.178	14812.000
549.373	14868.000
549.567	14866.000
549.761	14725.000
549.956	14673.000
550.150	14614.000
550.344	14651.000
550.538	14642.000
550.733	14717.000
550.927	14753.000
551.121	14735.000
551.315	14707.000
551.510	14732.000
551.704	14646.000
551.898	14512.000
552.093	14582.000
552.287	14601.000
552.481	14450.000
552.675	14459.000
552.870	14432.000
553.064	14430.000
553.258	14566.000
553.453	14649.000
553.647	14555.000
553.841	14495.000
554.035	14557.000
554.230	14616.000
554.424	14871.000
554.618	14775.000
554.812	14610.000
555.007	14516.000
555.201	14616.000
555.395	14575.000
555.590	14453.000
555.784	14362.000
555.978	14310.000
556.172	14410.000
556.367	14476.000
556.561	14164.000
556.755	14105.000
556.949	14136.000
557.144	14135.000
557.338	14144.000
557.532	14061.000
557.727	14049.000
557.921	14037.000
558.115	13788.000
558.309	13713.000
558.504	13743.000
558.698	13848.000
558.892	13838.000
559.087	13707.000
559.281	13755.000
559.475	13718.000
559.669	13657.000
559.864	13790.000
560.058	14076.000
560.252	14143.000
560.446	14122.000
560.641	14148.000
560.835	14008.000
561.029	13950.000
561.224	13992.000
561.418	13950.000
561.612	13853.000
561.806	14043.000
562.001	14148.000
562.195	14116.000
562.389	14067.000
562.584	14094.000
562.778	14095.000
562.972	14062.000
563.166	14034.000
563.361	14023.000
563.555	14174.000
563.749	14102.000
563.943	13931.000
564.138	13865.000
564.332	13971.000
564.526	13986.000
564.721	13828.000
564.915	13841.000
565.109	13885.000
565.303	13727.000
565.498	13722.000
565.692	13732.000
565.886	13622.000
566.081	13555.000
566.275	13654.000
566.469	13716.000
566.663	13692.000
566.858	13762.000
567.052	13756.000
567.246	13720.000
567.440	13710.000
567.635	13717.000
567.829	13675.000
568.023	13571.000
568.218	13518.000
568.412	13456.000
568.606	13458.000
568.800	13606.000
568.995	13574.000
569.189	13453.000
569.383	13360.000
569.577	13266.000
569.772	13208.000
569.966	13228.000
570.160	13215.000
570.355	13047.000
570.549	13025.000
570.743	13113.000
570.937	13134.000
571.132	13257.000
571.326	13125.000
571.520	13226.000
571.715	13237.000
571.909	13215.000
572.103	13224.000
572.297	13151.000
572.492	13250.000
572.686	13277.000
572.880	13377.000
573.074	13402.000
573.269	13278.000
573.463	13271.000
573.657	13264.000
573.852	13182.000
574.046	13118.000
574.240	13016.000
574.434	13030.000
574.629	12871.000
574.823	12943.000
575.017	12952.000
575.212	12973.000
575.406	12876.000
575.600	12867.000
575.794	12891.000
575.989	12878.000
576.183	12723.000
576.377	12773.000
576.571	12821.000
576.766	12761.000
576.960	12891.000
577.159	12646.000
577.357	12518.000
577.556	12510.000
577.755	12593.000
577.953	12485.000
578.152	12319.000
578.350	12432.000
578.549	12468.000
578.748	12375.000
578.946	12365.000
579.145	12427.000
579.344	12620.000
579.542	12551.000
579.741	12594.000
579.940	12616.000
580.138	12571.000
580.337	12516.000
580.535	12628.000
580.734	12657.000
580.933	12879.000
581.131	12885.000
581.330	13031.000
581.529	13073.000
581.727	13209.000
581.926	13114.000
582.125	13168.000
582.323	13437.000
582.522	13458.000
582.721	13414.000
582.919	13384.000
583.118	13373.000
583.316	13441.000
583.515	13575.000
583.714	13705.000
583.912	13830.000
584.111	13833.000
584.310	13758.000
584.508	13609.000
584.707	13597.000
584.906	13541.000
585.104	13505.000
585.303	13545.000
585.501	13435.000
585.700	13505.000
585.899	13447.000
586.097	13421.000
586.296	13444.000
586.495	13628.000
586.693	13492.000
586.892	13463.000
587.091	13491.000
587.289	13326.000
587.488	13144.000
587.686	13205.000
587.885	12987.000
588.084	12725.000
588.282	12610.000
588.481	12401.000
588.680	12142.000
588.878	11903.000
589.077	11765.000
589.276	11833.000
589.474	11887.000
589.673	12046.000
589.871	12014.000
590.070	12049.000
590.269	12306.000
590.467	12418.000
590.666	12485.000
590.865	12480.000
591.063	12443.000
591.262	12537.000
591.461	12573.000
591.659	12551.000
591.858	12536.000
592.056	12476.000
592.255	12568.000
592.454	12614.000
592.652	12598.000
592.851	12545.000
593.050	12572.000
593.248	12600.000
593.447	12631.000
593.646	12628.000
593.844	12581.000
594.043	12558.000
594.241	12512.000
594.440	12396.000
594.639	12338.000
594.837	12437.000
595.036	12409.000
595.235	12439.000
595.433	12468.000
595.632	12471.000
595.831	12529.000
596.029	12554.000
596.228	12646.000
596.427	12532.000
596.625	12560.000
596.824	12538.000
597.022	12474.000
597.221	12494.000
597.420	12526.000
597.618	12587.000
597.817	12566.000
598.016	12461.000
598.214	12404.000
598.413	12480.000
598.612	12531.000
598.810	12540.000
599.009	12551.000
599.207	12662.000
599.406	12844.000
599.605	12659.000
599.803	12610.000
600.002	12674.000
600.201	12497.000
600.399	12496.000
600.598	12583.000
600.797	12583.000
600.995	12448.000
601.194	12292.000
601.392	12313.000
601.591	12496.000
601.790	12432.000
601.988	12442.000
602.187	12441.000
602.386	12587.000
602.584	12629.000
602.783	12488.000
602.982	12486.000
603.180	12464.000
603.379	12504.000
603.577	12607.000
603.776	12551.000
603.975	12681.000
604.173	12639.000
604.372	12608.000
604.571	12659.000
604.769	12704.000
604.968	12583.000
605.167	12588.000
605.365	12620.000
605.564	12625.000
605.762	12562.000
605.961	12700.000
606.160	12632.000
606.358	12685.000
606.557	12623.000
606.756	12504.000
606.954	12554.000
607.153	12573.000
607.352	12544.000
607.550	12516.000
607.749	12380.000
607.948	12436.000
608.146	12592.000
608.345	12499.000
608.543	12408.000
608.742	12464.000
608.941	12447.000
609.139	12327.000
609.338	12475.000
609.537	12457.000
609.735	12216.000
609.934	12303.000
610.133	12420.000
610.331	12172.000
610.530	12267.000
610.728	12442.000
610.927	12420.000
611.126	12329.000
611.324	12405.000
611.523	12395.000
611.722	12420.000
611.920	12311.000
612.119	12154.000
612.318	12105.000
612.516	12204.000
612.715	12145.000
612.913	12090.000
613.112	12111.000
613.311	12100.000
613.509	12081.000
613.708	12081.000
613.907	12078.000
614.105	12153.000
614.304	11993.000
614.503	12025.000
614.701	12046.000
614.900	12024.000
615.098	11965.000
615.297	11934.000
615.496	11694.000
615.694	11818.000
615.893	11896.000
616.092	11764.000
616.290	11824.000
616.489	11687.000
616.688	11667.000
616.886	11729.000
617.085	11767.000
617.283	11867.000
617.482	11865.000
617.681	11820.000
617.879	11903.000
618.078	11826.000
618.277	11752.000
618.475	11802.000
618.674	11808.000
618.873	11990.000
619.071	11873.000
619.270	11801.000
619.468	11959.000
619.667	12000.000
619.866	11884.000
620.064	11872.000
620.263	11803.000
620.462	11888.000
620.660	11981.000
620.859	11892.000
621.058	11776.000
621.256	11691.000
621.455	11772.000
621.654	11792.000
621.852	11708.000
622.051	11704.000
622.249	11651.000
622.448	11619.000
622.647	11572.000
622.845	11545.000
623.044	11584.000
623.243	11588.000
623.441	11723.000
623.640	11765.000
623.839	11546.000
624.037	11394.000
624.236	11463.000
624.434	11414.000
624.633	11275.000
624.832	11373.000
625.030	11469.000
625.229	11492.000
625.428	11358.000
625.626	11240.000
625.825	11209.000
626.024	11361.000
626.222	11343.000
626.421	11357.000
626.619	11337.000
626.818	11312.000
627.017	11352.000
627.215	11280.000
627.414	11236.000
627.613	11111.000
627.811	10993.000
628.010	11031.000
628.209	11113.000
628.407	11107.000
628.606	11205.000
628.804	11161.000
629.003	11112.000
629.202	10941.000
629.400	10941.000
629.599	11046.000
629.798	10972.000
629.996	10878.000
630.195	10996.000
630.394	11004.000
630.592	11037.000
630.791	10922.000
630.990	10992.000
631.188	11036.000
631.387	10867.000
631.585	10803.000
631.784	10989.000
631.983	10925.000
632.181	10952.000
632.380	10994.000
632.579	10935.000
632.777	10980.000
632.976	11011.000
633.175	11026.000
633.373	10948.000
633.572	10941.000
633.770	10858.000
633.969	11043.000
634.168	11012.000
634.366	10970.000
634.565	11051.000
634.764	11087.000
634.962	11129.000
635.161	11181.000
635.360	11062.000
635.558	11065.000
635.757	11039.000
635.955	11027.000
636.154	11065.000
636.353	11020.000
636.551	11027.000
636.750	11030.000
636.949	11103.000
637.147	11130.000
637.346	11050.000
637.545	11163.000
637.743	11215.000
637.942	11143.000
638.140	11034.000
638.339	11111.000
638.538	11135.000
638.736	11250.000
638.935	11176.000
639.134	11074.000
639.332	10951.000
639.531	11005.000
639.730	10996.000
639.928	10908.000
640.127	10921.000
640.325	11009.000
640.524	11024.000
640.723	11005.000
640.921	11022.000
641.120	10944.000
641.319	10912.000
641.517	10848.000
641.716	11017.000
641.915	11191.000
642.113	11158.000
642.312	11125.000
642.510	11120.000
642.709	10988.000
642.908	10894.000
643.106	10987.000
643.305	10965.000
643.504	11044.000
643.702	11060.000
643.901	11132.000
644.100	10973.000
644.298	11002.000
644.497	11038.000
644.696	11121.000
644.894	11027.000
645.093	10899.000
645.291	10873.000
645.490	10919.000
645.689	10882.000
645.887	10688.000
646.086	10634.000
646.285	10667.000
646.483	10634.000
646.682	10659.000
646.881	10591.000
647.079	10520.000
647.278	10596.000
647.476	10578.000
647.675	10688.000
647.874	10710.000
648.072	10668.000
648.271	10689.000
648.470	10670.000
648.668	10480.000
648.867	10458.000
649.066	10529.000
649.264	10455.000
649.463	10475.000
649.661	10371.000
649.860	10468.000
650.059	10584.000
650.257	10692.000
650.456	10776.000
650.655	10664.000
650.853	10568.000
651.052	10674.000
651.251	10621.000
651.449	10635.000
651.648	10703.000
651.846	10707.000
652.045	10695.000
652.244	10828.000
652.442	10910.000
652.641	10825.000
652.840	10828.000
653.038	10808.000
653.237	10794.000
653.436	10786.000
653.634	10835.000
653.833	10832.000
654.032	10816.000
654.230	10829.000
654.429	10690.000
654.627	10610.000
654.826	10532.000
655.025	10557.000
655.223	10358.000
655.422	10094.000
655.621	9892.000
655.819	9867.000
656.018	9612.000
656.217	9591.000
656.415	9731.000
656.614	9759.000
656.812	9817.000
657.011	9869.000
657.210	9986.000
657.408	10045.000
657.607	10203.000
657.806	10262.000
658.004	10240.000
658.203	10308.000
658.402	10361.000
658.600	10438.000
658.799	10528.000
658.997	10592.000
659.196	10654.000
659.395	10768.000
659.593	10756.000
659.792	10658.000
659.991	10738.000
660.189	10803.000
660.388	10831.000
660.587	10884.000
660.785	10821.000
660.984	10915.000
661.182	11102.000
661.381	11015.000
661.580	10966.000
661.778	10995.000
661.977	11041.000
662.176	11022.000
662.374	10891.000
662.573	10892.000
662.772	10868.000
662.970	10880.000
663.169	10810.000
663.367	10860.000
663.566	10849.000
663.765	10772.000
663.963	10852.000
664.162	10846.000
664.361	10846.000
664.559	10958.000
664.758	10947.000
664.957	10986.000
665.155	11087.000
665.354	10859.000
665.552	10827.000
665.751	10938.000
665.950	10845.000
666.148	10704.000
666.347	10725.000
666.546	10784.000
666.744	10803.000
666.943	10832.000
667.142	10748.000
667.340	10779.000
667.539	10765.000
667.738	10744.000
667.936	10818.000
668.135	10784.000
668.333	10739.000
668.532	10865.000
668.731	10836.000
668.929	10776.000
669.128	10831.000
669.327	10792.000
669.525	10754.000
669.724	10708.000
669.923	10759.000
670.121	10688.000
670.320	10589.000
670.518	10606.000
670.717	10523.000
670.916	10509.000
671.114	10595.000
671.313	10564.000
671.512	10588.000
671.710	10485.000
671.909	10385.000
672.108	10519.000
672.306	10754.000
672.505	10644.000
672.703	10477.000
672.902	10490.000
673.101	10478.000
673.299	10545.000
673.498	10557.000
673.697	10385.000
673.895	10481.000
674.094	10510.000
674.293	10479.000
674.491	10338.000
674.690	10353.000
674.888	10353.000
675.087	10316.000
675.286	10315.000
675.484	10405.000
675.683	10370.000
675.882	10359.000
676.080	10319.000
676.279	10297.000
676.478	10397.000
676.676	10326.000
676.875	10290.000
677.073	10309.000
677.272	10296.000
677.471	10217.000
677.669	10338.000
677.868	10405.000
678.067	10413.000
678.265	10331.000
678.464	10251.000
678.663	10197.000
678.861	10255.000
679.060	10187.000
679.259	10162.000
679.457	10293.000
679.656	10251.000
679.854	10181.000
680.053	10256.000
680.252	10176.000
680.450	10095.000
680.649	10087.000
680.848	10132.000
681.046	10040.000
681.245	10146.000
681.444	10119.000
681.642	9929.000
681.841	9859.000
682.039	9975.000
682.238	10023.000
682.437	9967.000
682.635	9949.000
682.834	9996.000
683.033	9928.000
683.231	9855.000
683.430	9775.000
683.629	9804.000
683.827	9761.000
684.026	9771.000
684.224	9730.000
684.423	9783.000
684.622	9767.000
684.820	9773.000
685.019	9767.000
685.218	9743.000
685.416	9634.000
685.615	9358.000
685.814	9181.000
686.012	8989.000
686.211	8621.000
686.409	8410.000
686.608	8238.000
686.807	8183.000
687.005	8205.000
687.204	8196.000
687.403	8114.000
687.601	8166.000
687.800	8156.000
687.999	8010.000
688.197	8006.000
688.396	8106.000
688.594	8065.000
688.793	8186.000
688.992	8138.000
689.190	8210.000
689.389	8212.000
689.588	8335.000
689.786	8325.000
689.985	8462.000
690.184	8407.000
690.382	8390.000
690.581	8425.000
690.779	8579.000
690.978	8587.000
691.177	8693.000
691.375	8781.000
691.574	8624.000
691.773	8535.000
691.971	8661.000
692.170	8668.000
692.369	8630.000
692.567	8704.000
692.766	8708.000
692.965	8583.000
693.163	8638.000
693.362	8590.000
693.560	8533.000
693.759	8576.000
693.958	8596.000
694.156	8593.000
694.355	8588.000
694.554	8549.000
694.752	8442.000
694.951	8506.000
695.150	8550.000
695.348	8662.000
695.547	8685.000
695.745	8701.000
695.944	8792.000
696.143	8857.000
696.341	8984.000
696.540	8995.000
696.743	8950.000
696.946	8845.000
697.149	8840.000
697.352	8882.000
697.555	8825.000
697.757	8786.000
697.960	8687.000
698.163	8725.000
698.366	8710.000
698.569	8771.000
698.772	8784.000
698.975	8796.000
699.178	8720.000
699.381	8632.000
699.584	8658.000
699.787	8647.000
699.989	8586.000
700.192	8630.000
700.395	8550.000
700.598	8496.000
700.801	8531.000
701.004	8494.000
701.207	8463.000
701.410	8591.000
701.613	8554.000
701.816	8401.000
702.019	8521.000
702.221	8515.000
702.424	8544.000
702.627	8473.000
702.830	8537.000
703.033	8595.000
703.236	8536.000
703.439	8613.000
703.642	8707.000
703.845	8688.000
704.048	8608.000
704.251	8585.000
704.453	8632.000
704.656	8709.000
704.859	8712.000
705.062	8619.000
705.265	8693.000
705.468	8794.000
705.671	8716.000
705.874	8674.000
706.077	8630.000
706.280	8615.000
706.483	8626.000
706.685	8734.000
706.888	8733.000
707.091	8670.000
707.294	8717.000
707.497	8730.000
707.700	8666.000
707.903	8581.000
708.106	8568.000
708.309	8669.000
708.512	8669.000
708.715	8679.000
708.917	8699.000
709.120	8699.000
709.323	8678.000
709.526	8722.000
709.729	8704.000
709.932	8568.000
710.135	8590.000
710.338	8631.000
710.541	8557.000
710.744	8582.000
710.947	8464.000
711.149	8524.000
711.352	8575.000
711.555	8577.000
711.758	8458.000
711.961	8458.000
712.164	8662.000
712.367	8657.000
712.570	8521.000
712.773	8479.000
712.976	8524.000
713.179	8434.000
713.381	8404.000
713.584	8370.000
713.787	8326.000
713.990	8321.000
714.193	8422.000
714.396	8353.000
714.599	8324.000
714.802	8244.000
715.005	8181.000
715.208	8153.000
715.411	7996.000
715.613	7890.000
715.816	7810.000
716.019	7622.000
716.222	7416.000
716.425	7289.000
716.628	7254.000
716.831	7050.000
717.034	6920.000
717.237	6784.000
717.440	6629.000
717.643	6551.000
717.845	6407.000
718.048	6325.000
718.251	6264.000
718.454	6255.000
718.657	6277.000
718.860	6088.000
719.063	6057.000
719.266	6045.000
719.469	5952.000
719.672	5994.000
719.875	6114.000
720.077	6224.000
720.280	6362.000
720.483	6477.000
720.686	6577.000
720.889	6573.000
721.092	6699.000
721.295	6752.000
721.498	6823.000
721.701	6868.000
721.904	6892.000
722.107	6867.000
722.309	6789.000
722.512	6768.000
722.715	6718.000
722.918	6644.000
723.121	6568.000
723.324	6564.000
723.527	6379.000
723.730	6481.000
723.933	6406.000
724.136	6328.000
724.339	6291.000
724.541	6260.000
724.744	6204.000
724.947	6224.000
725.150	6267.000
725.353	6224.000
725.556	6246.000
725.759	6341.000
725.962	6384.000
726.165	6340.000
726.368	6319.000
726.571	6237.000
726.773	6181.000
726.976	6157.000
727.179	6212.000
727.382	6318.000
727.585	6287.000
727.788	6298.000
727.991	6333.000
728.194	6151.000
728.397	6138.000
728.600	6092.000
728.803	6183.000
729.005	6192.000
729.208	6221.000
729.411	6213.000
729.614	6121.000
729.817	6137.000
730.020	6175.000
730.223	6066.000
730.426	6163.000
730.629	6191.000
730.832	6230.000
731.035	6212.000
731.237	6315.000
731.440	6428.000
731.643	6380.000
731.846	6397.000
732.049	6482.000
732.252	6518.000
732.455	6549.000
732.658	6607.000
732.861	6585.000
733.064	6665.000
733.267	6657.000
733.469	6756.000
733.672	6775.000
733.875	6751.000
734.078	6769.000
734.281	6717.000
734.484	6688.000
734.687	6794.000
734.890	6751.000
735.093	6778.000
735.296	6722.000
735.499	6798.000
735.701	6742.000
735.904	6767.000
736.107	6668.000
736.310	6697.000
736.513	6708.000
736.716	6635.000
736.919	6607.000
737.122	6617.000
737.325	6649.000
737.528	6650.000
737.731	6618.000
737.933	6565.000
738.136	6605.000
738.339	6588.000
738.542	6605.000
738.745	6635.000
738.948	6565.000
739.151	6573.000
739.354	6650.000
739.557	6596.000
739.760	6712.000
739.963	6634.000
740.165	6573.000
740.368	6545.000
740.571	6543.000
740.774	6503.000
740.977	6518.000
741.180	6499.000
741.383	6456.000
741.586	6445.000
741.789	6652.000
741.992	6642.000
742.195	6675.000
742.397	6630.000
742.600	6536.000
742.803	6556.000
743.006	6568.000
743.209	6555.000
743.412	6567.000
743.615	6547.000
743.818	6547.000
744.021	6465.000
744.224	6517.000
744.427	6541.000
744.629	6488.000
744.832	6508.000
745.035	6453.000
745.238	6482.000
745.441	6455.000
745.644	6353.000
745.847	6407.000
746.050	6418.000
746.253	6494.000
746.456	6420.000
746.659	6465.000
746.861	6497.000
747.064	6499.000
747.267	6480.000
747.470	6423.000
747.673	6389.000
747.876	6445.000
748.079	6347.000
748.282	6197.000
748.485	6179.000
748.688	6221.000
748.891	6181.000
749.093	6141.000
749.296	6167.000
749.499	6122.000
749.702	6160.000
749.905	6098.000
750.108	6120.000
750.311	6108.000
750.514	6109.000
750.717	6109.000
750.920	6099.000
751.123	6028.000
751.325	6083.000
751.528	6095.000
751.731	6143.000
751.934	6028.000
752.137	6123.000
752.340	6175.000
752.543	6020.000
752.746	6085.000
752.949	6067.000
753.152	6061.000
753.355	6014.000
753.557	6020.000
753.760	6070.000
753.963	6095.000
754.166	5994.000
754.369	5944.000
754.572	5898.000
754.775	6018.000
754.978	5978.000
755.181	5940.000
755.384	5918.000
755.587	5853.000
755.789	5778.000
755.992	5878.000
756.195	5885.000
756.398	5775.000
756.601	5777.000
756.804	5832.000
757.007	5786.000
757.210	5620.000
757.413	5811.000
757.616	5801.000
757.819	5550.000
758.021	5449.000
758.224	5175.000
758.427	4749.000
758.630	4427.000
758.833	4076.000
759.036	3661.000
759.239	3271.000
759.442	3090.000
759.645	2946.000
759.848	2783.000
760.051	2672.000
760.253	2645.000
760.456	2680.000
760.659	2711.000
760.862	2680.000
761.065	2679.000
761.268	2684.000
761.471	2580.000
761.674	2519.000
761.877	2467.000
762.080	2444.000
762.283	2482.000
762.485	2531.000
762.688	2514.000
762.891	2608.000
763.094	2700.000
763.297	2764.000
763.500	2820.000
763.706	2981.000
763.912	3083.000
764.118	3147.000
764.325	3219.000
764.531	3366.000
764.737	3427.000
764.943	3484.000
765.149	3544.000
765.355	3563.000
765.561	3719.000
765.768	3849.000
765.974	4010.000
766.180	4119.000
766.386	4248.000
766.592	4344.000
766.798	4365.000
767.004	4413.000
767.210	4523.000
767.417	4633.000
767.623	4643.000
767.829	4643.000
768.035	4700.000
768.241	4765.000
768.447	4767.000
768.653	4868.000
768.860	5009.000
769.066	5047.000
769.272	4988.000
769.478	4916.000
769.684	4889.000
769.890	4960.000
770.096	4977.000
770.303	4944.000
770.509	4956.000
770.715	4996.000
770.921	4974.000
771.127	4999.000
771.333	4948.000
771.539	4876.000
771.745	4897.000
771.952	4937.000
772.158	4893.000
772.364	4905.000
772.570	4993.000
772.776	4972.000
772.982	4944.000
773.188	4918.000
773.395	4921.000
773.601	4917.000
773.807	4928.000
774.013	4894.000
774.219	4843.000
774.425	4875.000
774.631	4917.000
774.838	4866.000
775.044	4818.000
775.250	4903.000
775.456	4943.000
775.662	4865.000
775.868	4890.000
776.074	4853.000
776.281	4762.000
776.487	4782.000
776.693	4807.000
776.899	4765.000
777.105	4798.000
777.311	4806.000
777.517	4753.000
777.723	4733.000
777.930	4744.000
778.136	4776.000
778.342	4737.000
778.548	4690.000
778.754	4674.000
778.960	4715.000
779.166	4693.000
779.373	4706.000
779.579	4592.000
779.785	4591.000
779.991	4562.000
780.197	4615.000
780.403	4594.000
780.609	4582.000
780.816	4657.000
781.022	4684.000
781.228	4605.000
781.434	4538.000
781.640	4537.000
781.846	4534.000
782.052	4597.000
782.259	4606.000
782.465	4594.000
782.671	4565.000
782.877	4539.000
783.083	4577.000
783.289	4511.000
783.495	4484.000
783.701	4485.000
783.908	4402.000
784.114	4395.000
784.320	4357.000
784.526	4425.000
784.732	4450.000
784.938	4461.000
785.144	4390.000
785.351	4375.000
785.557	4366.000
785.763	4389.000
785.969	4340.000
786.175	4311.000
786.381	4298.000
786.587	4287.000
786.794	4277.000
787.000	4188.000
787.206	4163.000
787.412	4238.000
787.618	4254.000
787.824	4212.000
788.030	4177.000
788.236	4131.000
788.443	4061.000
788.649	4079.000
788.855	4021.000
789.061	4156.000
789.267	4142.000
789.473	4027.000
789.679	4016.000
789.886	4006.000
790.092	4035.000
790.298	4068.000
790.504	4023.000
790.710	3953.000
790.916	3927.000
791.122	3892.000
791.329	3923.000
791.535	3943.000
791.741	3905.000
791.947	3838.000
792.153	3839.000
792.359	3869.000
792.565	3899.000
792.771	3835.000
792.978	3823.000
793.184	3808.000
793.390	3809.000
793.596	3810.000
793.802	3771.000
794.008	3803.000
794.214	3774.000
794.421	3805.000
794.627	3831.000
794.833	3780.000
795.039	3818.000
795.245	3800.000
795.451	3768.000
795.657	3698.000
795.864	3702.000
796.070	3718.000
796.276	3742.000
796.482	3720.000
796.688	3663.000
796.894	3657.000
797.100	3701.000
797.307	3790.000
797.513	3702.000
797.719	3631.000
797.925	3664.000
798.131	3692.000
798.337	3680.000
798.543	3661.000
798.749	3631.000
798.956	3627.000
799.162	3590.000
799.368	3592.000
799.574	3641.000
799.780	3646.000
799.986	3662.000
800.192	3549.000
800.399	3509.000
800.605	3543.000
800.811	3396.000
801.017	3524.000
801.223	3537.000
801.429	3466.000
801.635	3503.000
801.842	3499.000
802.048	3408.000
802.254	3421.000
802.460	3441.000
802.666	3414.000
802.872	3347.000
803.078	3424.000
803.285	3344.000
803.491	3335.000
803.697	3427.000
803.903	3369.000
804.109	3302.000
804.315	3328.000
804.521	3355.000
804.727	3336.000
804.934	3337.000
805.140	3298.000
805.346	3346.000
805.552	3311.000
805.758	3251.000
805.964	3350.000
806.170	3324.000
806.377	3362.000
806.583	3373.000
806.789	3328.000
806.995	3317.000
807.201	3301.000
807.407	3289.000
807.613	3269.000
807.820	3222.000
808.026	3263.000
808.232	3201.000
808.438	3116.000
808.644	3175.000
808.850	3208.000
809.056	3200.000
809.262	3119.000
809.469	3145.000
809.675	3170.000
809.881	3152.000
810.087	3076.000
810.293	3109.000
810.499	3048.000
810.705	2999.000
810.912	3022.000
811.118	3058.000
811.324	2989.000
811.530	2967.000
811.739	2993.000
811.947	2957.000
812.156	2913.000
812.365	2844.000
812.573	2793.000
812.782	2788.000
812.990	2720.000
813.199	2705.000
813.408	2667.000
813.616	2573.000
813.825	2580.000
814.034	2549.000
814.242	2520.000
814.451	2410.000
814.659	2419.000
814.868	2419.000
815.077	2415.000
815.285	2441.000
815.494	2350.000
815.703	2281.000
815.911	2333.000
816.120	2318.000
816.329	2314.000
816.537	2302.000
816.746	2292.000
816.954	2206.000
817.163	2208.000
817.372	2249.000
817.580	2283.000
817.789	2273.000
817.998	2279.000
818.206	2242.000
818.415	2241.000
818.624	2204.000
818.832	2272.000
819.041	2326.000
819.249	2312.000
819.458	2336.000
819.667	2388.000
819.875	2406.000
820.084	2409.000
820.293	2456.000
820.501	2504.000
820.710	2418.000
820.919	2372.000
821.127	2388.000
821.336	2310.000
821.544	2197.000
821.753	2170.000
821.962	2153.000
822.170	2157.000
822.379	2119.000
822.588	2084.000
822.796	2135.000
823.005	2155.000
823.213	2201.000
823.422	2274.000
823.631	2291.000
823.839	2239.000
824.048	2223.000
824.257	2259.000
824.465	2270.000
824.674	2332.000
824.883	2363.000
825.091	2333.000
825.300	2367.000
825.508	2358.000
825.717	2368.000
825.926	2399.000
826.134	2304.000
826.343	2292.000
826.552	2311.000
826.760	2319.000
826.969	2243.000
827.178	2206.000
827.386	2231.000
827.595	2194.000
827.803	2177.000
828.012	2184.000
828.221	2142.000
828.429	2159.000
828.638	2250.000
828.847	2270.000
829.055	2125.000
829.264	2125.000
829.472	2146.000
829.681	2187.000
829.890	2158.000
830.098	2195.000
830.307	2224.000
830.516	2157.000
830.724	2093.000
830.933	2099.000
831.142	2106.000
831.350	2184.000
831.559	2286.000
831.767	2257.000
831.976	2084.000
832.185	2145.000
832.393	2166.000
832.602	2140.000
832.811	2134.000
833.019	2117.000
833.228	2167.000
833.437	2144.000
833.645	2118.000
833.854	2190.000
834.062	2172.000
834.271	2140.000
834.480	2199.000
834.688	2215.000
834.897	2142.000
835.106	2129.000
835.314	2153.000
835.523	2186.000
835.731	2248.000
835.940	2279.000
836.149	2220.000
836.357	2225.000
836.566	2242.000
836.775	2193.000
836.983	2213.000
837.192	2236.000
837.401	2232.000
837.609	2190.000
837.818	2182.000
838.026	2176.000
838.235	2235.000
838.444	2231.000
838.652	2202.000
838.861	2162.000
839.070	2214.000
839.278	2219.000
839.487	2178.000
839.696	2144.000
839.904	2228.000
840.113	2195.000
840.321	2129.000
840.530	2170.000
840.739	2185.000
840.947	2106.000
841.156	2102.000
841.365	2158.000
841.573	2167.000
841.782	2193.000
841.991	2199.000
842.199	2116.000
842.408	2037.000
842.616	2056.000
842.825	2096.000
843.034	2097.000
843.242	2054.000
843.451	2087.000
843.660	2094.000
843.868	2084.000
844.077	2070.000
844.285	2080.000
844.494	2071.000
844.703	2073.000
844.911	2081.000
845.120	2080.000
845.329	2012.000
845.537	2031.000
845.746	2072.000
845.955	2099.000
846.163	2057.000
846.372	2042.000
846.580	2025.000
846.789	2037.000
846.998	2082.000
847.206	2082.000
847.415	2050.000
847.624	2107.000
847.832	2061.000
848.041	1988.000
848.250	2011.000
848.458	1957.000
848.667	1979.000
848.875	1954.000
849.084	1878.000
849.293	1859.000
849.501	1903.000
849.710	1914.000
849.919	1963.000
850.127	1893.000
850.336	1895.000
850.544	1911.000
850.753	1887.000
850.962	1910.000
851.170	1905.000
851.379	1843.000
851.588	1873.000
851.796	1857.000
852.005	1821.000
852.214	1834.000
852.422	1854.000
852.631	1783.000
852.839	1725.000
853.048	1702.000
853.257	1707.000
853.465	1722.000
853.674	1724.000
853.883	1690.000
854.091	1654.000
854.300	1731.000
854.509	1803.000
854.717	1763.000
854.926	1761.000
855.134	1754.000
855.343	1757.000
855.552	1706.000
855.760	1712.000
855.969	1752.000
856.178	1791.000
856.386	1818.000
856.595	1790.000
856.803	1728.000
857.012	1752.000
857.221	1734.000
857.429	1741.000
857.638	1771.000
857.847	1815.000
858.055	1794.000
858.264	1729.000
858.473	1674.000
858.681	1673.000
858.890	1718.000
859.098	1769.000
859.307	1719.000
859.516	1729.000
859.724	1680.000
859.933	1665.000
860.142	1692.000
860.350	1676.000
860.559	1700.000
860.768	1660.000
860.976	1657.000
861.185	1645.000
861.393	1608.000
861.602	1638.000
861.811	1668.000
862.019	1649.000
862.228	1674.000
862.437	1719.000
862.645	1642.000
862.854	1603.000
863.062	1579.000
863.271	1539.000
863.480	1591.000
863.688	1656.000
863.897	1595.000
864.106	1533.000
864.314	1590.000
864.523	1610.000
864.732	1562.000
864.940	1570.000
865.149	1511.000
865.357	1438.000
865.566	1416.000
865.775	1401.000
865.983	1415.000
866.192	1437.000
866.401	1388.000
866.609	1378.000
866.818	1439.000
867.027	1479.000
867.235	1484.000
867.444	1465.000
867.652	1470.000
867.861	1488.000
868.070	1446.000
868.278	1401.000
868.487	1402.000
868.696	1475.000
868.904	1448.000
869.113	1429.000
869.321	1471.000
869.530	1457.000
869.739	1458.000
869.947	1447.000
870.156	1439.000
870.365	1376.000
870.573	1370.000
870.782	1385.000
870.991	1433.000
871.199	1419.000
871.408	1368.000
871.616	1407.000
871.825	1373.000
872.034	1367.000
872.242	1376.000
872.451	1388.000
872.660	1339.000
872.868	1364.000
873.077	1326.000
873.286	1337.000
873.494	1348.000
873.703	1332.000
873.911	1345.000
874.120	1286.000
874.329	1287.000
874.537	1294.000
874.746	1261.000
874.955	1246.000
875.163	1276.000
875.372	1254.000
875.581	1241.000
875.789	1247.000
875.998	1208.000
876.206	1228.000
876.415	1237.000
876.624	1255.000
876.832	1255.000
877.041	1187.000
877.250	1185.000
877.458	1233.000
877.667	1181.000
877.875	1195.000
878.084	1235.000
878.293	1205.000
878.501	1197.000
878.710	1192.000
878.919	1158.000
879.127	1165.000
879.336	1177.000
879.545	1148.000
879.753	1151.000
879.962	1133.000
880.170	1167.000
880.379	1215.000
880.588	1185.000
880.796	1166.000
881.005	1174.000
881.214	1178.000
881.422	1163.000
881.631	1135.000
881.840	1157.000
882.048	1192.000
882.257	1171.000
882.465	1164.000
882.674	1148.000
882.883	1118.000
883.091	1167.000
883.300	1139.000
883.509	1100.000
883.717	1131.000
883.926	1192.000
884.134	1200.000
884.343	1145.000
884.552	1139.000
884.760	1099.000
884.969	1107.000
885.178	1140.000
885.386	1101.000
885.595	1084.000
885.804	1088.000
886.012	1068.000
886.221	1068.000
886.429	1062.000
886.638	1057.000
886.847	1062.000
887.055	1075.000
887.264	1105.000
887.473	1033.000
887.681	1028.000
887.890	1037.000
888.099	1022.000
888.307	1105.000
888.516	1105.000
888.724	1029.000
888.933	1019.000
889.142	995.000
889.350	981.000
889.559	994.000
889.768	1064.000
889.976	1066.000
890.185	968.000
890.393	988.000
890.602	999.000
890.811	995.000
891.019	1002.000
891.228	1015.000
891.437	976.000
891.645	919.000
891.854	944.000
892.063	990.000
892.271	989.000
892.480	940.000
892.688	981.000
892.897	965.000
893.106	931.000
893.314	941.000
893.523	947.000
893.732	850.000
893.940	868.000
894.149	886.000
894.358	882.000
894.566	882.000
894.775	860.000
894.983	809.000
895.192	834.000
895.401	831.000
895.609	800.000
895.818	785.000
896.027	801.000
896.235	845.000
896.444	852.000
896.652	773.000
896.861	746.000
897.070	775.000
897.278	753.000
897.487	739.000
897.696	752.000
897.904	689.000
898.113	684.000
898.322	700.000
898.530	690.000
898.739	706.000
898.947	698.000
899.156	691.000
899.365	686.000
899.573	668.000
899.782	666.000
899.991	716.000
900.199	732.000
900.408	689.000
900.617	719.000
900.825	696.000
901.034	680.000
901.242	674.000
901.451	673.000
901.660	684.000
901.868	682.000
902.077	710.000
902.286	749.000
902.494	752.000
902.703	813.000
902.911	779.000
903.120	743.000
903.329	748.000
903.537	780.000
903.746	801.000
903.955	800.000
904.163	830.000
904.372	840.000
904.581	799.000
904.789	765.000
904.998	769.000
905.206	761.000
905.415	771.000
905.624	725.000
905.832	679.000
906.041	692.000
906.250	660.000
906.458	661.000
906.667	629.000
906.876	636.000
907.084	691.000
907.293	675.000
907.501	632.000
907.710	646.000
907.919	583.000
908.127	602.000
908.336	635.000
908.545	650.000
908.753	612.000
908.962	627.000
909.170	618.000
909.379	624.000
909.588	624.000
909.796	622.000
910.005	615.000
910.214	634.000
910.422	638.000
910.631	623.000
910.840	641.000
911.048	608.000
911.257	615.000
911.465	601.000
911.674	644.000
911.883	614.000
912.091	588.000
912.300	616.000
912.508	562.000
912.716	547.000
912.924	563.000
913.132	595.000
913.340	607.000
913.549	622.000
913.757	606.000
913.965	569.000
914.173	612.000
914.381	611.000
914.589	570.000
914.797	587.000
915.005	596.000
915.213	547.000
915.421	503.000
915.629	479.000
915.838	538.000
916.046	587.000
916.254	560.000
916.462	540.000
916.670	498.000
916.878	516.000
917.086	522.000
917.294	516.000
917.502	526.000
917.710	538.000
917.919	549.000
918.127	517.000
918.335	558.000
918.543	552.000
918.751	554.000
918.959	598.000
919.167	643.000
919.375	619.000
919.583	585.000
919.791	566.000
919.999	545.000
920.208	618.000
920.416	609.000
920.624	560.000
920.832	576.000
921.040	609.000
921.248	587.000
921.456	543.000
921.664	515.000
921.872	551.000
922.080	511.000
922.288	456.000
922.497	503.000
922.705	535.000
922.913	509.000
923.121	471.000
923.329	520.000
923.537	541.000
923.745	488.000
923.953	498.000
924.161	515.000
924.369	562.000
924.578	579.000
924.786	531.000
924.994	518.000
925.202	521.000
925.410	528.000
925.618	552.000
925.826	516.000
926.034	517.000
926.242	509.000
926.450	434.000
926.658	425.000
926.867	454.000
927.075	420.000
927.283	403.000
927.491	401.000
927.699	391.000
927.907	414.000
928.115	387.000
928.323	384.000
928.531	361.000
928.739	349.000
928.947	342.000
929.156	338.000
929.364	360.000
929.572	340.000
929.780	311.000
929.988	296.000
930.196	281.000
930.404	325.000
930.612	301.000
930.820	252.000
931.028	249.000
931.236	262.000
931.445	242.000
931.653	208.000
931.861	189.000
932.069	203.000
932.277	226.000
932.485	228.000
932.693	180.000
932.901	184.000
933.109	169.000
933.317	101.000
933.526	117.000
933.734	172.000
933.942	166.000
934.150	120.000
934.358	148.000
934.566	192.000
934.774	156.000
934.982	159.000
935.190	179.000
935.398	156.000
935.606	153.000
935.815	120.000
936.023	124.000
936.231	147.000
936.439	146.000
936.647	177.000
936.855	170.000
937.063	144.000
937.271	160.000
937.479	144.000
937.687	152.000
937.895	167.000
938.104	183.000
938.312	204.000
938.520	207.000
938.728	183.000
938.936	183.000
939.144	217.000
939.352	180.000
939.560	186.000
939.768	158.000
939.976	134.000
940.185	152.000
940.393	162.000
940.601	172.000
940.809	187.000
941.017	170.000
941.225	160.000
941.433	178.000
941.641	190.000
941.849	197.000
942.057	154.000
942.265	99.000
942.474	171.000
942.682	192.000
942.890	139.000
943.098	133.000
943.306	121.000
943.514	110.000
943.722	128.000
943.930	110.000
944.138	151.000
944.346	174.000
944.554	175.000
944.763	152.000
944.971	126.000
945.179	144.000
945.387	136.000
945.595	101.000
945.803	128.000
946.011	128.000
946.219	121.000
946.427	138.000
946.635	166.000
946.843	167.000
947.052	158.000
947.260	144.000
947.468	107.000
947.676	122.000
947.884	153.000
948.092	181.000
948.300	175.000
948.508	151.000
948.716	118.000
948.924	164.000
949.133	187.000
949.341	155.000
949.549	124.000
949.757	142.000
949.965	160.000
950.173	180.000
950.381	171.000
950.589	139.000
950.797	139.000
951.005	123.000
951.213	123.000
951.422	127.000
951.630	140.000
951.838	151.000
952.046	164.000
952.254	144.000
952.462	165.000
952.670	144.000
952.878	127.000
953.086	151.000
953.294	173.000
953.502	171.000
953.711	119.000
953.919	141.000
954.127	171.000
954.335	183.000
954.543	194.000
954.751	146.000
954.959	130.000
955.167	140.000
955.375	157.000
955.583	139.000
955.792	132.000
956.000	135.000
956.208	155.000
956.416	148.000
956.624	158.000
956.832	150.000
957.040	152.000
957.248	137.000
957.456	116.000
957.664	115.000
957.872	92.000
958.081	126.000
958.289	157.000
958.497	175.000
958.705	197.000
958.913	164.000
959.121	121.000
959.329	163.000
959.537	200.000
959.745	179.000
959.953	138.000
960.161	168.000
960.370	142.000
960.578	177.000
960.786	148.000
960.994	136.000
961.202	159.000
961.410	157.000
961.618	126.000
961.826	142.000
962.034	165.000
962.242	135.000
962.451	153.000
962.659	168.000
962.867	182.000
963.075	200.000
963.283	211.000
963.491	213.000
963.699	196.000
963.907	177.000
964.115	154.000
964.323	126.000
964.531	138.000
964.740	134.000
964.948	122.000
965.156	138.000
965.364	175.000
965.572	185.000
965.780	150.000
965.999	146.000
966.218	149.000
966.438	137.000
966.657	171.000
966.876	200.000
967.095	193.000
967.315	164.000
967.534	188.000
967.753	188.000
967.972	180.000
968.192	210.000
968.411	213.000
968.630	195.000
968.849	228.000
969.068	179.000
969.288	181.000
969.507	195.000
969.726	171.000
969.945	192.000
970.165	209.000
970.384	187.000
970.603	133.000
970.822	140.000
971.042	183.000
971.261	185.000
971.480	211.000
971.699	224.000
971.919	192.000
972.138	154.000
972.357	194.000
972.576	167.000
972.795	153.000
973.015	176.000
973.234	155.000
973.453	170.000
973.672	178.000
973.892	146.000
974.111	140.000
974.330	195.000
974.549	196.000
974.769	160.000
974.988	161.000
975.207	172.000
975.426	175.000
975.646	165.000
975.865	131.000
976.084	115.000
976.303	149.000
976.522	162.000
976.742	150.000
976.961	162.000
977.180	155.000
977.399	185.000
977.619	176.000
977.838	133.000
978.057	108.000
978.276	124.000
978.496	180.000
978.715	177.000
978.934	178.000
979.153	165.000
979.372	164.000
979.592	172.000
979.811	176.000
980.030	164.000
980.249	176.000
980.469	173.000
980.688	139.000
980.907	116.000
981.126	100.000
981.346	140.000
981.565	180.000
981.784	172.000
982.003	191.000
982.223	190.000
982.442	140.000
982.661	98.000
982.880	100.000
983.099	123.000
983.319	152.000
983.538	171.000
983.757	189.000
983.976	156.000
984.196	133.000
984.415	119.000
984.634	133.000
984.853	145.000
985.073	164.000
985.292	167.000
985.511	112.000
985.730	133.000
985.949	152.000
986.169	153.000
986.388	186.000
986.607	145.000
986.826	148.000
987.046	94.000
987.265	92.000
987.484	132.000
987.703	119.000
987.923	97.000
988.142	104.000
988.361	116.000
988.580	118.000
988.800	119.000
989.019	136.000
989.238	136.000
989.457	110.000
989.676	138.000
989.896	167.000
990.115	121.000
990.334	114.000
990.553	151.000
990.773	116.000
990.992	100.000
991.211	153.000
991.430	173.000
991.650	113.000
991.869	102.000
992.088	137.000
992.307	146.000
992.527	132.000
992.746	95.000
992.965	92.000
993.184	127.000
993.403	142.000
993.623	99.000
993.842	86.000
994.061	118.000
994.280	112.000
994.500	103.000
994.719	125.000
994.938	135.000
995.157	140.000
995.377	79.000
995.596	82.000
995.815	116.000
996.034	83.000
996.253	94.000
996.473	115.000
996.692	92.000
996.911	140.000
997.130	125.000
997.350	96.000
997.569	117.000
997.788	135.000
998.007	90.000
998.227	67.000
998.446	84.000
998.665	125.000
998.884	145.000
999.104	127.000
999.323	128.000
999.542	127.000
999.761	78.000
999.980	87.000
1000.200	96.000
1000.419	85.000
1000.638	102.000
1000.857	134.000
1001.077	129.000
1001.296	102.000
1001.515	78.000
1001.734	84.000
1001.954	66.000
1002.173	108.000
1002.392	115.000
1002.611	89.000
1002.830	90.000
1003.050	82.000
1003.269	72.000
1003.488	71.000
1003.707	105.000
1003.927	126.000
1004.146	103.000
1004.365	83.000
1004.584	104.000
1004.804	102.000
1005.023	136.000
1005.242	123.000
1005.461	95.000
1005.681	80.000
1005.900	71.000
1006.119	94.000
1006.338	116.000
1006.557	97.000
1006.777	80.000
1006.996	85.000
1007.215	138.000
1007.434	118.000
1007.654	98.000
1007.873	100.000
1008.092	72.000
1008.311	57.000
1008.531	64.000
1008.750	78.000
1008.969	66.000
1009.188	91.000
1009.407	84.000
1009.627	52.000
1009.846	59.000
1010.065	44.000
1010.284	45.000
1010.504	68.000
1010.723	37.000
1010.942	22.000
1011.161	28.000
1011.381	83.000
1011.600	90.000
1011.819	98.000
1012.038	107.000
1012.258	101.000
1012.477	77.000
1012.696	56.000
1012.915	53.000
1013.134	57.000
1013.354	63.000
1013.573	116.000
1013.792	117.000
1014.011	84.000
1014.231	47.000
1014.450	76.000
1014.669	81.000
1014.888	79.000
1015.108	80.000
1015.327	84.000
1015.546	77.000
1015.765	74.000
1015.984	59.000
1016.204	82.000
1016.423	68.000
1016.642	75.000
1016.861	82.000
1017.081	94.000
1017.300	62.000
1017.519	8.000
