296.912	29.000
297.101	-41.000
297.290	10.000
297.479	42.000
297.668	7.000
297.858	-44.000
298.047	25.000
298.236	-22.000
298.425	-46.000
298.614	-34.000
298.803	-10.000
298.992	-5.000
299.181	33.000
299.370	73.000
299.559	25.000
299.748	17.000
299.937	2.000
300.126	5.000
300.315	25.000
300.504	16.000
300.693	-63.000
300.882	-1.000
301.071	21.000
301.260	11.000
301.449	-17.000
301.638	-5.000
301.827	31.000
302.016	36.000
302.205	21.000
302.395	29.000
302.584	-2.000
302.773	13.000
302.962	51.000
303.151	19.000
303.340	11.000
303.529	23.000
303.718	-8.000
303.907	33.000
304.096	-21.000
304.285	-9.000
304.474	41.000
304.663	47.000
304.852	20.000
305.041	10.000
305.230	38.000
305.419	29.000
305.608	24.000
305.797	-14.000
305.986	-16.000
306.175	-51.000
306.364	38.000
306.553	45.000
306.743	-18.000
306.932	1.000
307.121	8.000
307.310	10.000
307.499	0.000
307.688	41.000
307.877	-5.000
308.066	4.000
308.255	18.000
308.444	-34.000
308.633	23.000
308.822	-10.000
309.011	-12.000
309.200	-11.000
309.389	12.000
309.578	7.000
309.767	-17.000
309.956	-3.000
310.145	23.000
310.334	38.000
310.523	68.000
310.712	36.000
310.901	-19.000
311.091	-1.000
311.280	41.000
311.469	47.000
311.658	-17.000
311.847	45.000
312.036	41.000
312.225	11.000
312.414	23.000
312.603	56.000
312.792	42.000
312.981	-24.000
313.170	-6.000
313.349	-55.000
313.527	-24.000
313.706	20.000
313.884	40.000
314.063	-43.000
314.241	-11.000
314.420	39.000
314.598	7.000
314.777	26.000
314.955	6.000
315.134	-50.000
315.312	-33.000
315.491	-6.000
315.669	-3.000
315.848	12.000
316.027	-6.000
316.205	18.000
316.384	0.000
316.562	-8.000
316.741	-9.000
316.919	-8.000
317.098	17.000
317.276	25.000
317.455	13.000
317.633	16.000
317.812	52.000
317.990	19.000
318.169	29.000
318.347	-15.000
318.526	-28.000
318.705	-38.000
318.883	5.000
319.062	42.000
319.240	-18.000
319.419	25.000
319.597	25.000
319.776	6.000
319.954	-1.000
320.133	-45.000
320.311	-77.000
320.490	-22.000
320.668	-40.000
320.847	-43.000
321.025	-1.000
321.204	-27.000
321.382	40.000
321.561	-7.000
321.740	-22.000
321.918	-10.000
322.097	-5.000
322.275	51.000
322.454	28.000
322.632	-39.000
322.811	22.000
322.989	61.000
323.168	18.000
323.346	5.000
323.525	-5.000
323.703	9.000
323.882	-12.000
324.060	9.000
324.239	36.000
324.418	45.000
324.596	-20.000
324.775	13.000
324.953	-46.000
325.132	-33.000
325.310	-26.000
325.489	-4.000
325.667	-15.000
325.846	-9.000
326.024	-27.000
326.203	-38.000
326.381	31.000
326.560	30.000
326.738	20.000
326.917	-19.000
327.096	-30.000
327.274	-14.000
327.453	22.000
327.631	73.000
327.810	69.000
327.988	2.000
328.167	-13.000
328.345	17.000
328.524	-3.000
328.702	4.000
328.881	-20.000
329.059	-5.000
329.238	26.000
329.416	52.000
329.595	24.000
329.774	54.000
329.952	19.000
330.131	26.000
330.309	15.000
330.488	-34.000
330.666	19.000
330.845	-48.000
331.023	-24.000
331.202	12.000
331.380	3.000
331.559	9.000
331.737	-7.000
331.916	-33.000
332.094	41.000
332.273	1.000
332.452	-40.000
332.630	-3.000
332.809	-41.000
332.987	-18.000
333.166	-5.000
333.344	44.000
333.523	12.000
333.701	15.000
333.880	16.000
334.058	-54.000
334.237	-24.000
334.415	-25.000
334.594	-9.000
334.772	16.000
334.951	-17.000
335.129	30.000
335.308	11.000
335.487	13.000
335.665	1.000
335.844	-25.000
336.022	-17.000
336.201	36.000
336.379	-14.000
336.558	-52.000
336.736	70.000
336.915	24.000
337.093	-25.000
337.272	-31.000
337.450	2.000
337.629	-22.000
337.807	-20.000
337.986	-1.000
338.165	18.000
338.343	35.000
338.522	33.000
338.700	8.000
338.879	41.000
339.057	-27.000
339.236	-19.000
339.414	-32.000
339.593	12.000
339.771	29.000
339.950	29.000
340.128	11.000
340.307	53.000
340.485	36.000
340.664	15.000
340.843	4.000
341.021	7.000
341.200	-20.000
341.378	-35.000
341.557	27.000
341.735	-26.000
341.914	0.000
342.092	31.000
342.271	-17.000
342.449	-52.000
342.628	-20.000
342.806	15.000
342.985	-6.000
343.163	72.000
343.342	9.000
343.521	32.000
343.699	-26.000
343.878	6.000
344.056	-14.000
344.235	30.000
344.413	-25.000
344.592	-36.000
344.770	-14.000
344.949	4.000
345.127	56.000
345.306	25.000
345.484	22.000
345.663	22.000
345.841	44.000
346.020	82.000
346.199	0.000
346.377	-3.000
346.556	27.000
346.734	19.000
346.913	-4.000
347.091	-3.000
347.270	14.000
347.448	-2.000
347.627	-37.000
347.805	-37.000
347.984	1.000
348.162	19.000
348.341	-11.000
348.519	45.000
348.698	13.000
348.876	21.000
349.055	-5.000
349.234	6.000
349.412	-22.000
349.591	-13.000
349.769	21.000
349.948	-2.000
350.126	50.000
350.305	75.000
350.483	23.000
350.662	-2.000
350.840	-7.000
351.019	29.000
351.197	-18.000
351.376	4.000
351.554	-39.000
351.733	26.000
351.912	-39.000
352.090	4.000
352.269	54.000
352.447	-7.000
352.626	-14.000
352.804	0.000
352.983	-20.000
353.161	20.000
353.340	37.000
353.518	56.000
353.697	4.000
353.875	23.000
354.054	23.000
354.232	5.000
354.411	-33.000
354.590	-6.000
354.768	2.000
354.947	-26.000
355.125	1.000
355.304	15.000
355.482	54.000
355.661	12.000
355.839	64.000
356.018	36.000
356.196	30.000
356.375	31.000
356.553	47.000
356.732	-31.000
356.910	-66.000
357.089	35.000
357.268	23.000
357.446	20.000
357.625	-4.000
357.803	15.000
357.982	12.000
358.160	11.000
358.339	-8.000
358.517	22.000
358.696	41.000
358.874	20.000
359.053	3.000
359.231	-13.000
359.410	-30.000
359.588	15.000
359.767	37.000
359.945	5.000
360.124	35.000
360.303	40.000
360.481	-14.000
360.660	3.000
360.838	-11.000
361.017	7.000
361.195	-11.000
361.374	9.000
361.552	-7.000
361.731	-19.000
361.909	-23.000
362.088	10.000
362.266	59.000
362.445	37.000
362.623	71.000
362.802	24.000
362.981	46.000
363.159	-45.000
363.338	45.000
363.516	-11.000
363.695	-33.000
363.873	38.000
364.052	-8.000
364.230	-13.000
364.409	-5.000
364.587	0.000
364.766	1.000
364.944	-42.000
365.123	-25.000
365.301	4.000
365.480	-11.000
365.660	-11.000
365.839	20.000
366.019	-2.000
366.199	35.000
366.379	23.000
366.558	-7.000
366.738	3.000
366.918	-19.000
367.098	-53.000
367.277	-19.000
367.457	54.000
367.637	37.000
367.816	-46.000
367.996	23.000
368.176	-8.000
368.356	-25.000
368.535	-42.000
368.715	-11.000
368.895	-1.000
369.075	9.000
369.254	45.000
369.434	1.000
369.614	-2.000
369.793	-44.000
369.973	-67.000
370.153	24.000
370.333	-16.000
370.512	-22.000
370.692	-41.000
370.872	5.000
371.051	9.000
371.231	8.000
371.411	38.000
371.591	12.000
371.770	-30.000
371.950	-29.000
372.130	-8.000
372.310	-20.000
372.489	-23.000
372.669	-14.000
372.849	-30.000
373.028	24.000
373.208	38.000
373.388	2.000
373.568	16.000
373.747	12.000
373.927	-22.000
374.107	50.000
374.287	14.000
374.466	-4.000
374.646	-20.000
374.826	-39.000
375.005	-26.000
375.185	39.000
375.365	44.000
375.545	13.000
375.724	-39.000
375.904	-54.000
376.084	-44.000
376.263	49.000
376.443	16.000
376.623	43.000
376.803	22.000
376.982	48.000
377.162	-6.000
377.342	27.000
377.522	21.000
377.701	5.000
377.881	71.000
378.061	45.000
378.240	-1.000
378.420	-18.000
378.600	17.000
378.780	20.000
378.959	22.000
379.139	-8.000
379.319	0.000
379.499	20.000
379.678	26.000
379.858	4.000
380.038	-18.000
380.217	14.000
380.397	60.000
380.577	14.000
380.757	20.000
380.936	21.000
381.116	-58.000
381.296	6.000
381.476	19.000
381.655	-23.000
381.835	-36.000
382.015	2.000
382.194	46.000
382.374	18.000
382.554	19.000
382.734	-58.000
382.913	14.000
383.093	-7.000
383.273	-19.000
383.452	21.000
383.632	-16.000
383.812	-16.000
383.992	2.000
384.171	-38.000
384.351	-17.000
384.531	6.000
384.711	33.000
384.890	36.000
385.070	59.000
385.250	30.000
385.429	-38.000
385.609	-4.000
385.789	-10.000
385.969	-64.000
386.148	-28.000
386.328	-8.000
386.508	9.000
386.688	30.000
386.867	31.000
387.047	25.000
387.227	38.000
387.406	19.000
387.586	4.000
387.766	-18.000
387.946	-30.000
388.125	-20.000
388.305	-27.000
388.485	-9.000
388.664	-13.000
388.844	53.000
389.024	0.000
389.204	-23.000
389.383	-32.000
389.563	-1.000
389.743	-4.000
389.923	-10.000
390.102	18.000
390.282	26.000
390.462	63.000
390.641	41.000
390.821	22.000
391.001	-39.000
391.181	-27.000
391.360	-19.000
391.540	38.000
391.720	-12.000
391.900	16.000
392.079	14.000
392.259	23.000
392.439	30.000
392.618	-32.000
392.798	19.000
392.978	-34.000
393.158	-9.000
393.337	6.000
393.517	12.000
393.697	9.000
393.877	-9.000
394.056	-26.000
394.236	-25.000
394.416	-26.000
394.595	-11.000
394.775	-3.000
394.955	-23.000
395.135	30.000
395.314	28.000
395.494	36.000
395.674	-15.000
395.853	25.000
396.033	-18.000
396.213	1.000
396.393	66.000
396.572	-18.000
396.752	39.000
396.932	-9.000
397.112	-6.000
397.291	45.000
397.471	23.000
397.651	0.000
397.830	8.000
398.010	6.000
398.190	-20.000
398.370	-73.000
398.549	-18.000
398.729	-10.000
398.909	61.000
399.089	-3.000
399.268	-12.000
399.448	-6.000
399.628	0.000
399.807	19.000
399.987	-21.000
400.167	39.000
400.347	37.000
400.526	64.000
400.706	34.000
400.886	27.000
401.065	37.000
401.245	13.000
401.425	5.000
401.605	11.000
401.784	-12.000
401.964	-41.000
402.144	-7.000
402.324	1.000
402.503	60.000
402.683	52.000
402.863	-5.000
403.042	-19.000
403.222	29.000
403.402	39.000
403.582	-24.000
403.761	-37.000
403.941	-22.000
404.121	12.000
404.301	20.000
404.480	46.000
404.660	5.000
404.844	-7.000
405.029	6.000
405.213	13.000
405.398	-18.000
405.582	-4.000
405.767	39.000
405.951	-3.000
406.136	-2.000
406.320	-46.000
406.505	58.000
406.689	25.000
406.874	-4.000
407.058	-33.000
407.243	14.000
407.427	16.000
407.612	53.000
407.796	31.000
407.981	8.000
408.165	-5.000
408.350	35.000
408.534	-1.000
408.719	-50.000
408.903	-9.000
409.088	-34.000
409.272	-7.000
409.457	38.000
409.641	2.000
409.826	-27.000
410.010	24.000
410.195	-15.000
410.379	13.000
410.564	14.000
410.748	17.000
410.933	21.000
411.117	55.000
411.302	18.000
411.486	30.000
411.671	71.000
411.855	-18.000
412.040	0.000
412.224	18.000
412.409	15.000
412.593	-37.000
412.778	-2.000
412.962	69.000
413.147	7.000
413.331	8.000
413.516	75.000
413.700	-27.000
413.885	35.000
414.069	32.000
414.254	4.000
414.438	43.000
414.623	22.000
414.807	4.000
414.992	37.000
415.176	-14.000
415.361	-22.000
415.545	20.000
415.730	18.000
415.914	32.000
416.099	7.000
416.283	24.000
416.468	62.000
416.652	94.000
416.837	27.000
417.021	-35.000
417.206	67.000
417.390	10.000
417.575	15.000
417.759	-34.000
417.944	-6.000
418.128	25.000
418.313	56.000
418.497	-11.000
418.682	-14.000
418.866	22.000
419.051	35.000
419.235	34.000
419.420	-8.000
419.604	1.000
419.789	26.000
419.973	21.000
420.158	44.000
420.342	64.000
420.527	38.000
420.711	69.000
420.896	95.000
421.080	58.000
421.265	-2.000
421.449	-13.000
421.634	2.000
421.818	62.000
422.003	14.000
422.187	25.000
422.372	-5.000
422.556	32.000
422.741	3.000
422.925	22.000
423.110	12.000
423.294	34.000
423.479	4.000
423.663	-1.000
423.848	25.000
424.032	6.000
424.217	21.000
424.401	65.000
424.586	1.000
424.770	7.000
424.955	30.000
425.139	20.000
425.324	70.000
425.508	34.000
425.693	35.000
425.877	57.000
426.062	52.000
426.246	12.000
426.431	22.000
426.615	19.000
426.800	11.000
426.984	-1.000
427.169	63.000
427.353	10.000
427.538	75.000
427.722	53.000
427.907	6.000
428.091	18.000
428.276	-32.000
428.460	0.000
428.645	51.000
428.829	60.000
429.014	73.000
429.198	59.000
429.383	62.000
429.567	82.000
429.752	34.000
429.936	49.000
430.121	106.000
430.305	35.000
430.490	14.000
430.674	43.000
430.859	32.000
431.043	40.000
431.228	66.000
431.412	82.000
431.597	77.000
431.781	67.000
431.966	10.000
432.150	42.000
432.335	36.000
432.519	34.000
432.704	47.000
432.888	104.000
433.073	60.000
433.257	56.000
433.442	34.000
433.626	14.000
433.811	65.000
433.995	-3.000
434.180	21.000
434.364	91.000
434.549	67.000
434.733	45.000
434.918	100.000
435.102	54.000
435.287	43.000
435.471	63.000
435.656	32.000
435.840	18.000
436.030	72.000
436.219	70.000
436.409	73.000
436.599	114.000
436.789	41.000
436.978	7.000
437.168	48.000
437.358	50.000
437.548	36.000
437.737	41.000
437.927	61.000
438.117	73.000
438.306	69.000
438.496	44.000
438.686	55.000
438.876	39.000
439.065	78.000
439.255	97.000
439.445	58.000
439.634	73.000
439.824	94.000
440.014	38.000
440.204	42.000
440.393	79.000
440.583	80.000
440.773	68.000
440.963	7.000
441.152	43.000
441.342	-51.000
441.532	44.000
441.721	47.000
441.911	66.000
442.101	58.000
442.291	70.000
442.480	92.000
442.670	64.000
442.860	98.000
443.050	17.000
443.239	-31.000
443.429	7.000
443.619	96.000
443.808	30.000
443.998	76.000
444.188	56.000
444.378	57.000
444.567	27.000
444.757	10.000
444.947	40.000
445.137	-15.000
445.326	70.000
445.516	66.000
445.706	38.000
445.895	50.000
446.085	75.000
446.275	14.000
446.465	13.000
446.654	21.000
446.844	46.000
447.034	63.000
447.223	6.000
447.413	37.000
447.603	5.000
447.793	51.000
447.982	56.000
448.172	14.000
448.362	-36.000
448.552	-12.000
448.741	10.000
448.931	17.000
449.121	21.000
449.310	6.000
449.500	35.000
449.690	72.000
449.880	3.000
450.069	76.000
450.259	51.000
450.449	-12.000
450.639	-1.000
450.828	1.000
451.018	18.000
451.208	41.000
451.397	26.000
451.587	4.000
451.777	78.000
451.967	-10.000
452.156	-22.000
452.346	17.000
452.536	12.000
452.725	-14.000
452.915	39.000
453.105	52.000
453.295	-15.000
453.484	48.000
453.674	-18.000
453.864	-25.000
454.054	1.000
454.243	24.000
454.433	7.000
454.623	35.000
454.812	-8.000
455.002	-19.000
455.192	26.000
455.382	-3.000
455.571	9.000
455.761	13.000
455.951	-34.000
456.141	-64.000
456.330	-18.000
456.520	-8.000
456.710	-29.000
456.899	-6.000
457.089	-55.000
457.279	-19.000
457.469	-7.000
457.658	-16.000
457.848	-19.000
458.038	47.000
458.228	-31.000
458.417	20.000
458.607	27.000
458.797	-6.000
458.986	-19.000
459.176	-2.000
459.366	-6.000
459.556	28.000
459.745	6.000
459.935	18.000
460.125	25.000
460.314	38.000
460.504	-36.000
460.694	77.000
460.884	-36.000
461.073	-20.000
461.263	25.000
461.453	-31.000
461.643	-22.000
461.832	-6.000
462.022	55.000
462.212	-8.000
462.401	-16.000
462.591	64.000
462.781	25.000
462.971	6.000
463.160	-25.000
463.350	-17.000
463.540	15.000
463.730	23.000
463.919	38.000
464.109	5.000
464.299	12.000
464.488	-5.000
464.678	-11.000
464.868	20.000
465.058	-33.000
465.247	-46.000
465.437	2.000
465.627	-9.000
465.816	11.000
466.006	51.000
466.196	-30.000
466.386	-55.000
466.575	-2.000
466.765	9.000
466.955	-21.000
467.145	-70.000
467.334	8.000
467.524	3.000
467.714	-55.000
467.903	-8.000
468.093	38.000
468.283	46.000
468.473	6.000
468.662	-58.000
468.852	-12.000
469.042	-7.000
469.232	5.000
469.421	0.000
469.611	2.000
469.801	94.000
469.990	28.000
470.180	26.000
470.370	27.000
470.560	30.000
470.749	-15.000
470.939	26.000
471.129	1.000
471.318	-8.000
471.508	-47.000
471.698	31.000
471.888	50.000
472.077	24.000
472.267	8.000
472.457	-14.000
472.647	36.000
472.836	-66.000
473.026	34.000
473.216	29.000
473.405	-48.000
473.595	-14.000
473.785	-43.000
473.975	-22.000
474.164	-26.000
474.354	-35.000
474.544	75.000
474.734	-11.000
474.923	36.000
475.113	-27.000
475.303	-44.000
475.492	22.000
475.682	10.000
475.872	-17.000
476.062	-35.000
476.251	-8.000
476.441	21.000
476.631	-34.000
476.821	-33.000
477.010	-32.000
477.200	51.000
477.390	30.000
477.579	-47.000
477.769	37.000
477.959	62.000
478.149	11.000
478.338	53.000
478.528	33.000
478.718	25.000
478.907	13.000
479.097	29.000
479.287	-23.000
479.477	-31.000
479.666	5.000
479.856	-22.000
480.046	-29.000
480.236	39.000
480.425	-22.000
480.615	25.000
480.805	-10.000
480.994	11.000
481.184	6.000
481.374	17.000
481.564	-17.000
481.753	-34.000
481.943	31.000
482.133	37.000
482.323	18.000
482.512	-4.000
482.702	-1.000
482.892	-7.000
483.081	-19.000
483.271	57.000
483.461	34.000
483.651	-9.000
483.840	8.000
484.030	10.000
484.220	7.000
484.409	-39.000
484.599	54.000
484.789	-15.000
484.979	-3.000
485.168	12.000
485.358	-15.000
485.548	-27.000
485.738	33.000
485.927	1.000
486.117	-1.000
486.307	-39.000
486.496	-46.000
486.686	35.000
486.876	10.000
487.066	-9.000
487.255	38.000
487.445	49.000
487.635	-30.000
487.825	30.000
488.014	3.000
488.204	-44.000
488.394	-17.000
488.583	23.000
488.773	44.000
488.963	-17.000
489.153	-4.000
489.342	-10.000
489.532	-38.000
489.722	-11.000
489.912	-4.000
490.101	6.000
490.291	14.000
490.481	-14.000
490.670	16.000
490.860	-17.000
491.050	51.000
491.240	74.000
491.429	8.000
491.619	25.000
491.809	49.000
491.998	-6.000
492.188	-25.000
492.378	-19.000
492.568	-3.000
492.757	-27.000
492.947	0.000
493.137	9.000
493.327	14.000
493.516	18.000
493.706	7.000
493.896	25.000
494.085	56.000
494.275	-6.000
494.465	-17.000
494.655	9.000
494.844	35.000
495.034	-28.000
495.224	14.000
495.414	-20.000
495.603	-21.000
495.793	40.000
495.983	30.000
496.172	-49.000
496.362	-18.000
496.552	26.000
496.742	80.000
496.931	58.000
497.121	-13.000
497.311	2.000
497.500	17.000
497.690	30.000
497.880	46.000
498.070	30.000
498.259	-43.000
498.449	13.000
498.639	-32.000
498.829	-17.000
499.018	-5.000
499.208	-15.000
499.398	2.000
499.587	32.000
499.777	-26.000
499.967	11.000
500.157	42.000
500.346	48.000
500.536	28.000
500.726	32.000
500.916	-22.000
501.105	43.000
501.295	-7.000
501.485	9.000
501.674	-6.000
501.864	24.000
502.054	12.000
502.244	-13.000
502.433	41.000
502.623	5.000
502.813	0.000
503.003	22.000
503.192	-2.000
503.382	43.000
503.572	33.000
503.761	-4.000
503.951	8.000
504.141	10.000
504.331	20.000
504.520	-9.000
504.710	19.000
504.900	-18.000
505.089	-11.000
505.279	29.000
505.469	-34.000
505.659	-16.000
505.848	29.000
506.038	-3.000
506.228	6.000
506.418	60.000
506.607	31.000
506.797	7.000
506.987	21.000
507.176	7.000
507.366	3.000
507.556	7.000
507.746	22.000
507.935	38.000
508.125	23.000
508.315	23.000
508.505	2.000
508.694	-13.000
508.884	14.000
509.074	-10.000
509.263	-27.000
509.453	12.000
509.643	-38.000
509.833	-13.000
510.022	27.000
510.212	34.000
510.402	-15.000
510.592	31.000
510.781	12.000
510.971	-48.000
511.161	-11.000
511.350	66.000
511.540	72.000
511.730	43.000
511.920	17.000
512.109	-40.000
512.299	-6.000
512.489	-12.000
512.678	-24.000
512.868	-18.000
513.058	-1.000
513.248	37.000
513.437	-56.000
513.627	39.000
513.817	60.000
514.007	26.000
514.196	-9.000
514.386	-7.000
514.576	-14.000
514.765	7.000
514.955	16.000
515.145	-11.000
515.335	-8.000
515.524	-6.000
515.714	-15.000
515.904	20.000
516.094	-33.000
516.283	-3.000
516.473	-23.000
516.663	6.000
516.852	23.000
517.042	13.000
517.232	0.000
517.422	27.000
517.611	35.000
517.801	-41.000
517.991	4.000
518.180	16.000
518.370	40.000
518.560	-18.000
518.750	-4.000
518.939	6.000
519.129	18.000
519.319	-25.000
519.509	-4.000
519.698	29.000
519.888	63.000
520.078	-23.000
520.267	-18.000
520.457	5.000
520.647	36.000
520.837	-10.000
521.026	17.000
521.216	-30.000
521.406	11.000
521.596	6.000
521.785	-20.000
521.975	24.000
522.165	-14.000
522.354	35.000
522.544	64.000
522.734	38.000
522.924	-8.000
523.113	25.000
523.303	30.000
523.493	40.000
523.683	4.000
523.872	3.000
524.062	7.000
524.252	80.000
524.441	43.000
524.631	16.000
524.821	14.000
525.011	-70.000
525.200	28.000
525.390	-2.000
525.580	-60.000
525.769	-44.000
525.959	23.000
526.149	25.000
526.339	-13.000
526.528	-18.000
526.718	41.000
526.908	31.000
527.098	41.000
527.287	27.000
527.477	-7.000
527.667	22.000
527.856	42.000
528.046	21.000
528.236	-25.000
528.426	13.000
528.615	10.000
528.805	18.000
528.995	3.000
529.185	-2.000
529.374	25.000
529.564	31.000
529.754	26.000
529.943	75.000
530.133	35.000
530.323	43.000
530.513	3.000
530.702	-21.000
530.892	-38.000
531.082	-17.000
531.271	-10.000
531.461	-14.000
531.651	-35.000
531.841	11.000
532.030	-19.000
532.220	61.000
532.410	7.000
532.600	-27.000
532.789	-4.000
532.979	32.000
533.169	1.000
533.358	-11.000
533.548	39.000
533.738	40.000
533.928	34.000
534.117	27.000
534.307	16.000
534.497	33.000
534.687	41.000
534.876	18.000
535.066	29.000
535.256	38.000
535.445	-32.000
535.635	18.000
535.825	-2.000
536.015	20.000
536.204	11.000
536.394	-52.000
536.584	7.000
536.773	-29.000
536.963	17.000
537.153	45.000
537.343	39.000
537.532	52.000
537.722	37.000
537.912	29.000
538.102	8.000
538.291	-6.000
538.481	7.000
538.671	-32.000
538.860	47.000
539.050	-4.000
539.240	5.000
539.430	28.000
539.619	-10.000
539.809	-7.000
539.999	-36.000
540.189	2.000
540.378	14.000
540.568	39.000
540.758	35.000
540.947	35.000
541.137	35.000
541.327	-11.000
541.517	5.000
541.706	2.000
541.896	26.000
542.086	-2.000
542.276	4.000
542.465	17.000
542.655	-29.000
542.845	-24.000
543.034	1.000
543.224	62.000
543.414	12.000
543.604	12.000
543.793	37.000
543.983	-29.000
544.173	12.000
544.362	37.000
544.552	53.000
544.742	26.000
544.932	23.000
545.121	-23.000
545.311	-33.000
545.501	6.000
545.691	48.000
545.880	23.000
546.070	51.000
546.264	-10.000
546.459	-22.000
546.653	31.000
546.847	14.000
547.041	28.000
547.236	14.000
547.430	14.000
547.624	-14.000
547.818	23.000
548.013	31.000
548.207	55.000
548.401	51.000
548.596	54.000
548.790	-1.000
548.984	7.000
549.178	21.000
549.373	42.000
549.567	12.000
549.761	-39.000
549.956	-26.000
550.150	-7.000
550.344	27.000
550.538	-33.000
550.733	25.000
550.927	-1.000
551.121	-4.000
551.315	3.000
551.510	17.000
551.704	27.000
551.898	21.000
552.093	86.000
552.287	10.000
552.481	-18.000
552.675	62.000
552.870	32.000
553.064	1.000
553.258	35.000
553.453	-29.000
553.647	-54.000
553.841	43.000
554.035	-3.000
554.230	13.000
554.424	45.000
554.618	-26.000
554.812	-24.000
555.007	0.000
555.201	16.000
555.395	45.000
555.590	32.000
555.784	16.000
555.978	24.000
556.172	30.000
556.367	-8.000
556.561	30.000
556.755	54.000
556.949	31.000
557.144	18.000
557.338	-12.000
557.532	-20.000
557.727	24.000
557.921	37.000
558.115	25.000
558.309	56.000
558.504	31.000
558.698	14.000
558.892	56.000
559.087	43.000
559.281	55.000
559.475	72.000
559.669	58.000
559.864	-2.000
560.058	-27.000
560.252	-14.000
560.446	-19.000
560.641	14.000
560.835	23.000
561.029	61.000
561.224	31.000
561.418	66.000
561.612	57.000
561.806	106.000
562.001	55.000
562.195	55.000
562.389	28.000
562.584	29.000
562.778	-10.000
562.972	11.000
563.166	15.000
563.361	27.000
563.555	10.000
563.749	17.000
563.943	77.000
564.138	20.000
564.332	46.000
564.526	-10.000
564.721	-34.000
564.915	-16.000
565.109	37.000
565.303	63.000
565.498	2.000
565.692	14.000
565.886	56.000
566.081	43.000
566.275	92.000
566.469	71.000
566.663	66.000
566.858	6.000
567.052	92.000
567.246	103.000
567.440	57.000
567.635	43.000
567.829	79.000
568.023	64.000
568.218	24.000
568.412	65.000
568.606	52.000
568.800	72.000
568.995	88.000
569.189	106.000
569.383	92.000
569.577	82.000
569.772	85.000
569.966	75.000
570.160	9.000
570.355	69.000
570.549	84.000
570.743	146.000
570.937	85.000
571.132	61.000
571.326	73.000
571.520	87.000
571.715	114.000
571.909	79.000
572.103	102.000
572.297	53.000
572.492	101.000
572.686	90.000
572.880	118.000
573.074	122.000
573.269	107.000
573.463	120.000
573.657	51.000
573.852	69.000
574.046	61.000
574.240	44.000
574.434	106.000
574.629	111.000
574.823	146.000
575.017	190.000
575.212	175.000
575.406	123.000
575.600	111.000
575.794	114.000
575.989	97.000
576.183	145.000
576.377	146.000
576.571	154.000
576.766	182.000
576.960	147.000
577.159	185.000
577.357	186.000
577.556	213.000
577.755	210.000
577.953	128.000
578.152	133.000
578.350	194.000
578.549	183.000
578.748	164.000
578.946	178.000
579.145	163.000
579.344	128.000
579.542	221.000
579.741	231.000
579.940	177.000
580.138	214.000
580.337	210.000
580.535	211.000
580.734	236.000
580.933	250.000
581.131	291.000
581.330	227.000
581.529	278.000
581.727	230.000
581.926	254.000
582.125	256.000
582.323	354.000
582.522	297.000
582.721	336.000
582.919	336.000
583.118	309.000
583.316	283.000
583.515	313.000
583.714	343.000
583.912	334.000
584.111	382.000
584.310	380.000
584.508	420.000
584.707	423.000
584.906	422.000
585.104	452.000
585.303	434.000
585.501	454.000
585.700	477.000
585.899	454.000
586.097	479.000
586.296	435.000
586.495	500.000
586.693	521.000
586.892	536.000
587.091	512.000
587.289	540.000
587.488	538.000
587.686	550.000
587.885	574.000
588.084	595.000
588.282	620.000
588.481	666.000
588.680	631.000
588.878	649.000
589.077	693.000
589.276	689.000
589.474	709.000
589.673	738.000
589.871	700.000
590.070	724.000
590.269	798.000
590.467	791.000
590.666	854.000
590.865	820.000
591.063	855.000
591.262	851.000
591.461	946.000
591.659	875.000
591.858	827.000
592.056	934.000
592.255	960.000
592.454	995.000
592.652	1040.000
592.851	1028.000
593.050	1077.000
593.248	1026.000
593.447	1072.000
593.646	1080.000
593.844	1181.000
594.043	1244.000
594.241	1237.000
594.440	1211.000
594.639	1254.000
594.837	1268.000
595.036	1371.000
595.235	1270.000
595.433	1343.000
595.632	1356.000
595.831	1397.000
596.029	1429.000
596.228	1506.000
596.427	1518.000
596.625	1558.000
596.824	1640.000
597.022	1637.000
597.221	1607.000
597.420	1623.000
597.618	1752.000
597.817	1801.000
598.016	1869.000
598.214	1870.000
598.413	1974.000
598.612	1984.000
598.810	2026.000
599.009	2041.000
599.207	2042.000
599.406	2109.000
599.605	2226.000
599.803	2263.000
600.002	2284.000
600.201	2349.000
600.399	2361.000
600.598	2466.000
600.797	2494.000
600.995	2567.000
601.194	2580.000
601.392	2686.000
601.591	2732.000
601.790	2827.000
601.988	2961.000
602.187	3000.000
602.386	3080.000
602.584	3157.000
602.783	3129.000
602.982	3263.000
603.180	3364.000
603.379	3433.000
603.577	3462.000
603.776	3572.000
603.975	3645.000
604.173	3693.000
604.372	3741.000
604.571	3892.000
604.769	3994.000
604.968	4102.000
605.167	4060.000
605.365	4262.000
605.564	4332.000
605.762	4416.000
605.961	4608.000
606.160	4658.000
606.358	4702.000
606.557	4893.000
606.756	5044.000
606.954	5080.000
607.153	5283.000
607.352	5339.000
607.550	5431.000
607.749	5674.000
607.948	5719.000
608.146	5817.000
608.345	5914.000
608.543	6115.000
608.742	6211.000
608.941	6404.000
609.139	6543.000
609.338	6606.000
609.537	6948.000
609.735	7058.000
609.934	7184.000
610.133	7121.000
610.331	7456.000
610.530	7728.000
610.728	7766.000
610.927	7868.000
611.126	8114.000
611.324	8358.000
611.523	8404.000
611.722	8729.000
611.920	8826.000
612.119	8976.000
612.318	9090.000
612.516	9288.000
612.715	9508.000
612.913	9682.000
613.112	10117.000
613.311	10270.000
613.509	10355.000
613.708	10485.000
613.907	10960.000
614.105	11086.000
614.304	11290.000
614.503	11537.000
614.701	11698.000
614.900	12000.000
615.098	12017.000
615.297	12303.000
615.496	12709.000
615.694	12998.000
615.893	13176.000
616.092	13454.000
616.290	13706.000
616.489	13914.000
616.688	14109.000
616.886	14609.000
617.085	14793.000
617.283	15026.000
617.482	15289.000
617.681	15524.000
617.879	15815.000
618.078	16240.000
618.277	16421.000
618.475	16556.000
618.674	17000.000
618.873	17308.000
619.071	17665.000
619.270	17560.000
619.468	17935.000
619.667	18070.000
619.866	18340.000
620.064	18409.000
620.263	18678.000
620.462	18536.000
620.660	18751.000
620.859	19053.000
621.058	19007.000
621.256	18947.000
621.455	18912.000
621.654	19094.000
621.852	19101.000
622.051	18923.000
622.249	18786.000
622.448	18664.000
622.647	18475.000
622.845	18319.000
623.044	18065.000
623.243	17822.000
623.441	17609.000
623.640	17224.000
623.839	16843.000
624.037	16445.000
624.236	15986.000
624.434	15693.000
624.633	15384.000
624.832	14739.000
625.030	14256.000
625.229	13913.000
625.428	13475.000
625.626	12983.000
625.825	12566.000
626.024	12103.000
626.222	11699.000
626.421	11313.000
626.619	10851.000
626.818	10478.000
627.017	10115.000
627.215	9709.000
627.414	9409.000
627.613	8775.000
627.811	8395.000
628.010	8048.000
628.209	7623.000
628.407	7483.000
628.606	7015.000
628.804	6865.000
629.003	6559.000
629.202	6272.000
629.400	6035.000
629.599	5823.000
629.798	5630.000
629.996	5410.000
630.195	5141.000
630.394	4905.000
630.592	4689.000
630.791	4456.000
630.990	4405.000
631.188	4313.000
631.387	3955.000
631.585	3850.000
631.784	3594.000
631.983	3531.000
632.181	3420.000
632.380	3273.000
632.579	3119.000
632.777	2865.000
632.976	2893.000
633.175	2814.000
633.373	2725.000
633.572	2558.000
633.770	2417.000
633.969	2425.000
634.168	2293.000
634.366	2013.000
634.565	2090.000
634.764	1994.000
634.962	1894.000
635.161	1839.000
635.360	1713.000
635.558	1670.000
635.757	1616.000
635.955	1522.000
636.154	1458.000
636.353	1395.000
636.551	1383.000
636.750	1388.000
636.949	1254.000
637.147	1180.000
637.346	1108.000
637.545	1059.000
637.743	1081.000
637.942	1027.000
638.140	922.000
638.339	972.000
638.538	887.000
638.736	834.000
638.935	811.000
639.134	833.000
639.332	737.000
639.531	730.000
639.730	718.000
639.928	707.000
640.127	672.000
640.325	629.000
640.524	585.000
640.723	625.000
640.921	524.000
641.120	521.000
641.319	488.000
641.517	447.000
641.716	389.000
641.915	381.000
642.113	406.000
642.312	385.000
642.510	343.000
642.709	385.000
642.908	373.000
643.106	322.000
643.305	319.000
643.504	276.000
643.702	330.000
643.901	269.000
644.100	308.000
644.298	289.000
644.497	270.000
644.696	238.000
644.894	252.000
645.093	302.000
645.291	224.000
645.490	219.000
645.689	222.000
645.887	197.000
646.086	197.000
646.285	238.000
646.483	193.000
646.682	101.000
646.881	149.000
647.079	143.000
647.278	146.000
647.476	141.000
647.675	215.000
647.874	169.000
648.072	141.000
648.271	160.000
648.470	142.000
648.668	71.000
648.867	105.000
649.066	92.000
649.264	65.000
649.463	85.000
649.661	80.000
649.860	122.000
650.059	72.000
650.257	114.000
650.456	76.000
650.655	62.000
650.853	104.000
651.052	74.000
651.251	57.000
651.449	-11.000
651.648	105.000
651.846	107.000
652.045	64.000
652.244	50.000
652.442	74.000
652.641	74.000
652.840	51.000
653.038	80.000
653.237	59.000
653.436	37.000
653.634	73.000
653.833	73.000
654.032	48.000
654.230	71.000
654.429	52.000
654.627	64.000
654.826	52.000
655.025	35.000
655.223	28.000
655.422	104.000
655.621	78.000
655.819	50.000
656.018	72.000
656.217	46.000
656.415	31.000
656.614	33.000
656.812	44.000
657.011	12.000
657.210	67.000
657.408	93.000
657.607	66.000
657.806	46.000
658.004	60.000
658.203	42.000
658.402	18.000
658.600	57.000
658.799	71.000
658.997	22.000
659.196	97.000
659.395	70.000
659.593	70.000
659.792	83.000
659.991	52.000
660.189	55.000
660.388	-23.000
660.587	21.000
660.785	12.000
660.984	31.000
661.182	66.000
661.381	-30.000
661.580	78.000
661.778	20.000
661.977	30.000
662.176	79.000
662.374	53.000
662.573	45.000
662.772	18.000
662.970	52.000
663.169	24.000
663.367	70.000
663.566	59.000
663.765	61.000
663.963	41.000
664.162	38.000
664.361	43.000
664.559	39.000
664.758	57.000
664.957	41.000
665.155	68.000
665.354	23.000
665.552	29.000
665.751	122.000
665.950	7.000
666.148	45.000
666.347	20.000
666.546	24.000
666.744	9.000
666.943	76.000
667.142	94.000
667.340	60.000
667.539	45.000
667.738	59.000
667.936	81.000
668.135	17.000
668.333	26.000
668.532	62.000
668.731	102.000
668.929	43.000
669.128	4.000
669.327	60.000
669.525	49.000
669.724	30.000
669.923	-17.000
670.121	50.000
670.320	27.000
670.518	3.000
670.717	36.000
670.916	60.000
671.114	36.000
671.313	8.000
671.512	98.000
671.710	11.000
671.909	30.000
672.108	34.000
672.306	1.000
672.505	25.000
672.703	23.000
672.902	0.000
673.101	53.000
673.299	47.000
673.498	56.000
673.697	21.000
673.895	-25.000
674.094	-21.000
674.293	70.000
674.491	10.000
674.690	38.000
674.888	38.000
675.087	26.000
675.286	24.000
675.484	32.000
675.683	3.000
675.882	9.000
676.080	-10.000
676.279	46.000
676.478	28.000
676.676	37.000
676.875	45.000
677.073	43.000
677.272	10.000
677.471	22.000
677.669	-7.000
677.868	9.000
678.067	8.000
678.265	4.000
678.464	-15.000
678.663	34.000
678.861	17.000
679.060	42.000
679.259	-14.000
679.457	-2.000
679.656	1.000
679.854	14.000
680.053	20.000
680.252	26.000
680.450	22.000
680.649	-34.000
680.848	14.000
681.046	22.000
681.245	-11.000
681.444	-7.000
681.642	-19.000
681.841	-22.000
682.039	-30.000
682.238	14.000
682.437	-10.000
682.635	-14.000
682.834	44.000
683.033	-20.000
683.231	5.000
683.430	20.000
683.629	78.000
683.827	12.000
684.026	17.000
684.224	12.000
684.423	24.000
684.622	23.000
684.820	26.000
685.019	2.000
685.218	34.000
685.416	-32.000
685.615	-47.000
685.814	-36.000
686.012	13.000
686.211	19.000
686.409	10.000
686.608	68.000
686.807	-1.000
687.005	14.000
687.204	51.000
687.403	43.000
687.601	9.000
687.800	-29.000
687.999	-4.000
688.197	1.000
688.396	38.000
688.594	38.000
688.793	-10.000
688.992	22.000
689.190	-21.000
689.389	-83.000
689.588	-28.000
689.786	-1.000
689.985	17.000
690.184	-4.000
690.382	25.000
690.581	26.000
690.779	4.000
690.978	18.000
691.177	28.000
691.375	10.000
691.574	21.000
691.773	26.000
691.971	67.000
692.170	1.000
692.369	9.000
692.567	1.000
692.766	25.000
692.965	9.000
693.163	1.000
693.362	-22.000
693.560	13.000
693.759	48.000
693.958	5.000
694.156	-48.000
694.355	9.000
694.554	-28.000
694.752	15.000
694.951	-9.000
695.150	-6.000
695.348	1.000
695.547	4.000
695.745	6.000
695.944	-34.000
696.143	64.000
696.341	45.000
696.540	-29.000
696.743	-23.000
696.946	-23.000
697.149	14.000
697.352	-18.000
697.555	-52.000
697.757	3.000
697.960	-26.000
698.163	-20.000
698.366	1.000
698.569	29.000
698.772	36.000
698.975	1.000
699.178	-11.000
699.381	-38.000
699.584	-13.000
699.787	-50.000
699.989	-4.000
700.192	35.000
700.395	-22.000
700.598	13.000
700.801	20.000
701.004	15.000
701.207	-8.000
701.410	-5.000
701.613	14.000
701.816	11.000
702.019	48.000
702.221	20.000
702.424	62.000
702.627	6.000
702.830	25.000
703.033	56.000
703.236	13.000
703.439	-22.000
703.642	0.000
703.845	55.000
704.048	57.000
704.251	20.000
704.453	-18.000
704.656	12.000
704.859	5.000
705.062	-14.000
705.265	14.000
705.468	-18.000
705.671	8.000
705.874	19.000
706.077	0.000
706.280	29.000
706.483	12.000
706.685	0.000
706.888	-21.000
707.091	-38.000
707.294	-1.000
707.497	-11.000
707.700	39.000
707.903	53.000
708.106	9.000
708.309	-6.000
708.512	3.000
708.715	-19.000
708.917	4.000
709.120	5.000
709.323	19.000
709.526	6.000
709.729	-13.000
709.932	38.000
710.135	34.000
710.338	-15.000
710.541	20.000
710.744	22.000
710.947	31.000
711.149	27.000
711.352	21.000
711.555	53.000
711.758	38.000
711.961	56.000
712.164	48.000
712.367	31.000
712.570	-22.000
712.773	10.000
712.976	26.000
713.179	21.000
713.381	34.000
713.584	16.000
713.787	1.000
713.990	33.000
714.193	14.000
714.396	-18.000
714.599	-4.000
714.802	42.000
715.005	47.000
715.208	25.000
715.411	31.000
715.613	-4.000
715.816	23.000
716.019	10.000
716.222	-11.000
716.425	9.000
716.628	-8.000
716.831	-11.000
717.034	44.000
717.237	16.000
717.440	52.000
717.643	24.000
717.845	4.000
718.048	-40.000
718.251	18.000
718.454	17.000
718.657	22.000
718.860	-9.000
719.063	-3.000
719.266	18.000
719.469	16.000
719.672	-28.000
719.875	29.000
720.077	14.000
720.280	41.000
720.483	4.000
720.686	-18.000
720.889	25.000
721.092	-4.000
721.295	-11.000
721.498	-21.000
721.701	26.000
721.904	57.000
722.107	48.000
722.309	12.000
722.512	63.000
722.715	8.000
722.918	16.000
723.121	-12.000
723.324	-2.000
723.527	10.000
723.730	28.000
723.933	60.000
724.136	27.000
724.339	23.000
724.541	8.000
724.744	-13.000
724.947	-22.000
725.150	11.000
725.353	-25.000
725.556	-13.000
725.759	-3.000
725.962	-6.000
726.165	31.000
726.368	41.000
726.571	-52.000
726.773	13.000
726.976	1.000
727.179	33.000
727.382	-15.000
727.585	29.000
727.788	12.000
727.991	50.000
728.194	3.000
728.397	-19.000
728.600	-3.000
728.803	-14.000
729.005	-11.000
729.208	32.000
729.411	-9.000
729.614	11.000
729.817	28.000
730.020	-29.000
730.223	-20.000
730.426	-15.000
730.629	-1.000
730.832	46.000
731.035	37.000
731.237	56.000
731.440	0.000
731.643	24.000
731.846	61.000
732.049	30.000
732.252	52.000
732.455	25.000
732.658	6.000
732.861	-44.000
733.064	-3.000
733.267	33.000
733.469	-40.000
733.672	-10.000
733.875	27.000
734.078	8.000
734.281	9.000
734.484	-4.000
734.687	-20.000
734.890	23.000
735.093	41.000
735.296	21.000
735.499	8.000
735.701	16.000
735.904	33.000
736.107	28.000
736.310	52.000
736.513	54.000
736.716	-42.000
736.919	-18.000
737.122	-2.000
737.325	-5.000
737.528	1.000
737.731	36.000
737.933	16.000
738.136	2.000
738.339	-3.000
738.542	31.000
738.745	15.000
738.948	26.000
739.151	-20.000
739.354	9.000
739.557	-15.000
739.760	19.000
739.963	-26.000
740.165	27.000
740.368	-17.000
740.571	55.000
740.774	-17.000
740.977	-31.000
741.180	78.000
741.383	-17.000
741.586	49.000
741.789	-37.000
741.992	-23.000
742.195	-47.000
742.397	13.000
742.600	-19.000
742.803	-2.000
743.006	4.000
743.209	-2.000
743.412	2.000
743.615	65.000
743.818	44.000
744.021	-10.000
744.224	-12.000
744.427	18.000
744.629	36.000
744.832	9.000
745.035	8.000
745.238	-2.000
745.441	17.000
745.644	38.000
745.847	-11.000
746.050	37.000
746.253	33.000
746.456	-9.000
746.659	3.000
746.861	18.000
747.064	8.000
747.267	68.000
747.470	0.000
747.673	45.000
747.876	25.000
748.079	-9.000
748.282	-22.000
748.485	38.000
748.688	-42.000
748.891	-2.000
749.093	19.000
749.296	10.000
749.499	45.000
749.702	-14.000
749.905	36.000
750.108	1.000
750.311	-35.000
750.514	2.000
750.717	28.000
750.920	39.000
751.123	0.000
751.325	16.000
751.528	-30.000
751.731	11.000
751.934	13.000
752.137	-36.000
752.340	-3.000
752.543	-4.000
752.746	30.000
752.949	32.000
753.152	38.000
753.355	90.000
753.557	8.000
753.760	-25.000
753.963	15.000
754.166	17.000
754.369	23.000
754.572	-10.000
754.775	46.000
754.978	83.000
755.181	73.000
755.384	19.000
755.587	15.000
755.789	23.000
755.992	-14.000
756.195	21.000
756.398	18.000
756.601	-12.000
756.804	-9.000
757.007	26.000
757.210	36.000
757.413	31.000
757.616	28.000
757.819	6.000
758.021	35.000
758.224	43.000
758.427	-2.000
758.630	64.000
758.833	64.000
759.036	25.000
759.239	23.000
759.442	45.000
759.645	-9.000
759.848	-5.000
760.051	3.000
760.253	8.000
760.456	-44.000
760.659	-12.000
760.862	35.000
761.065	26.000
761.268	42.000
761.471	31.000
761.674	20.000
761.877	-19.000
762.080	8.000
762.283	5.000
762.485	-34.000
762.688	4.000
762.891	5.000
763.094	-16.000
763.297	37.000
763.500	10.000
763.706	-5.000
763.912	-40.000
764.118	-21.000
764.325	10.000
764.531	53.000
764.737	26.000
764.943	-1.000
765.149	20.000
765.355	-21.000
765.561	23.000
765.768	24.000
765.974	12.000
766.180	-18.000
766.386	-11.000
766.592	-45.000
766.798	30.000
767.004	-11.000
767.210	40.000
767.417	32.000
767.623	44.000
767.829	-14.000
768.035	-9.000
768.241	-5.000
768.447	9.000
768.653	22.000
768.860	-6.000
769.066	19.000
769.272	1.000
769.478	8.000
769.684	-36.000
769.890	-23.000
770.096	33.000
770.303	27.000
770.509	5.000
770.715	65.000
770.921	31.000
771.127	-18.000
771.333	24.000
771.539	3.000
771.745	44.000
771.952	-55.000
772.158	-4.000
772.364	29.000
772.570	13.000
772.776	24.000
772.982	43.000
773.188	32.000
773.395	31.000
773.601	15.000
773.807	20.000
774.013	-15.000
774.219	14.000
774.425	12.000
774.631	33.000
774.838	0.000
775.044	-47.000
775.250	12.000
775.456	5.000
775.662	9.000
775.868	-6.000
776.074	-60.000
776.281	-27.000
776.487	39.000
776.693	35.000
776.899	58.000
777.105	65.000
777.311	-7.000
777.517	10.000
777.723	28.000
777.930	4.000
778.136	5.000
778.342	25.000
778.548	-31.000
778.754	2.000
778.960	-14.000
779.166	63.000
779.373	31.000
779.579	-32.000
779.785	14.000
779.991	11.000
780.197	-35.000
780.403	17.000
780.609	-37.000
780.816	2.000
781.022	-37.000
781.228	9.000
781.434	1.000
781.640	-9.000
781.846	-48.000
782.052	29.000
782.259	25.000
782.465	6.000
782.671	64.000
782.877	50.000
783.083	31.000
783.289	-6.000
783.495	1.000
783.701	37.000
783.908	9.000
784.114	44.000
784.320	-26.000
784.526	-4.000
784.732	9.000
784.938	86.000
785.144	39.000
785.351	-23.000
785.557	38.000
785.763	5.000
785.969	-29.000
786.175	15.000
786.381	23.000
786.587	9.000
786.794	-16.000
787.000	9.000
787.206	-19.000
787.412	18.000
787.618	36.000
787.824	3.000
788.030	20.000
788.236	-20.000
788.443	12.000
788.649	3.000
788.855	28.000
789.061	36.000
789.267	30.000
789.473	15.000
789.679	-6.000
789.886	-50.000
790.092	1.000
790.298	7.000
790.504	1.000
790.710	41.000
790.916	31.000
791.122	6.000
791.329	-20.000
791.535	21.000
791.741	-11.000
791.947	9.000
792.153	5.000
792.359	19.000
792.565	4.000
792.771	55.000
792.978	-3.000
793.184	20.000
793.390	-21.000
793.596	2.000
793.802	7.000
794.008	-7.000
794.214	-25.000
794.421	-21.000
794.627	-48.000
794.833	-15.000
795.039	-48.000
795.245	-7.000
795.451	10.000
795.657	20.000
795.864	15.000
796.070	-12.000
796.276	-31.000
796.482	11.000
796.688	26.000
796.894	13.000
797.100	-1.000
797.307	-2.000
797.513	16.000
797.719	19.000
797.925	2.000
798.131	-10.000
798.337	-36.000
798.543	32.000
798.749	-21.000
798.956	21.000
799.162	7.000
799.368	44.000
799.574	31.000
799.780	-27.000
799.986	2.000
800.192	2.000
800.399	5.000
800.605	38.000
800.811	54.000
801.017	0.000
801.223	34.000
801.429	4.000
801.635	31.000
801.842	35.000
802.048	-36.000
802.254	-12.000
802.460	16.000
802.666	52.000
802.872	-32.000
803.078	35.000
803.285	44.000
803.491	15.000
803.697	-32.000
803.903	-26.000
804.109	-43.000
804.315	-15.000
804.521	12.000
804.727	-12.000
804.934	-5.000
805.140	22.000
805.346	48.000
805.552	-12.000
805.758	12.000
805.964	-32.000
806.170	-11.000
806.377	-17.000
806.583	-3.000
806.789	39.000
806.995	18.000
807.201	-65.000
807.407	27.000
807.613	15.000
807.820	12.000
808.026	-11.000
808.232	16.000
808.438	-1.000
808.644	10.000
808.850	-2.000
809.056	12.000
809.262	-8.000
809.469	6.000
809.675	3.000
809.881	30.000
810.087	10.000
810.293	41.000
810.499	35.000
810.705	17.000
810.912	42.000
811.118	33.000
811.324	-26.000
811.530	5.000
811.739	20.000
811.947	12.000
812.156	14.000
812.365	5.000
812.573	62.000
812.782	20.000
812.990	-2.000
813.199	-20.000
813.408	-42.000
813.616	-50.000
813.825	-36.000
814.034	1.000
814.242	-38.000
814.451	-43.000
814.659	5.000
814.868	-2.000
815.077	-7.000
815.285	0.000
815.494	-28.000
815.703	6.000
815.911	-5.000
816.120	40.000
816.329	-22.000
816.537	54.000
816.746	20.000
816.954	11.000
817.163	53.000
817.372	77.000
817.580	-32.000
817.789	-31.000
817.998	43.000
818.206	23.000
818.415	2.000
818.624	-35.000
818.832	6.000
819.041	5.000
819.249	28.000
819.458	31.000
819.667	26.000
819.875	18.000
820.084	-2.000
820.293	9.000
820.501	41.000
820.710	28.000
820.919	35.000
821.127	74.000
821.336	12.000
821.544	30.000
821.753	-3.000
821.962	14.000
822.170	-11.000
822.379	-4.000
822.588	49.000
822.796	16.000
823.005	34.000
823.213	28.000
823.422	0.000
823.631	-14.000
823.839	-18.000
824.048	-4.000
824.257	-35.000
824.465	-10.000
824.674	-4.000
824.883	-2.000
825.091	22.000
825.300	26.000
825.508	-4.000
825.717	-15.000
825.926	27.000
826.134	13.000
826.343	2.000
826.552	7.000
826.760	28.000
826.969	13.000
827.178	27.000
827.386	54.000
827.595	44.000
827.803	3.000
828.012	-19.000
828.221	-18.000
828.429	18.000
828.638	-13.000
828.847	29.000
829.055	-16.000
829.264	-25.000
829.472	-4.000
829.681	-66.000
829.890	-7.000
830.098	14.000
830.307	-11.000
830.516	-11.000
830.724	-5.000
830.933	-15.000
831.142	-14.000
831.350	26.000
831.559	3.000
831.767	-15.000
831.976	-53.000
832.185	22.000
832.393	30.000
832.602	7.000
832.811	34.000
833.019	-10.000
833.228	-10.000
833.437	-8.000
833.645	-55.000
833.854	-34.000
834.062	28.000
834.271	-7.000
834.480	10.000
834.688	17.000
834.897	31.000
835.106	-25.000
835.314	20.000
835.523	-15.000
835.731	2.000
835.940	-46.000
836.149	11.000
836.357	-54.000
836.566	-10.000
836.775	-22.000
836.983	31.000
837.192	-6.000
837.401	-10.000
837.609	-8.000
837.818	52.000
838.026	18.000
838.235	25.000
838.444	-25.000
838.652	36.000
838.861	6.000
839.070	50.000
839.278	39.000
839.487	25.000
839.696	9.000
839.904	-12.000
840.113	26.000
840.321	9.000
840.530	3.000
840.739	59.000
840.947	-5.000
841.156	54.000
841.365	12.000
841.573	27.000
841.782	-32.000
841.991	-32.000
842.199	18.000
842.408	-15.000
842.616	-17.000
842.825	20.000
843.034	2.000
843.242	-14.000
843.451	-3.000
843.660	-23.000
843.868	33.000
844.077	-42.000
844.285	-21.000
844.494	-14.000
844.703	24.000
844.911	50.000
845.120	18.000
845.329	24.000
845.537	14.000
845.746	21.000
845.955	19.000
846.163	-29.000
846.372	-56.000
846.580	-26.000
846.789	15.000
846.998	51.000
847.206	47.000
847.415	-56.000
847.624	-11.000
847.832	-30.000
848.041	-11.000
848.250	-24.000
848.458	-38.000
848.667	-18.000
848.875	3.000
849.084	10.000
849.293	16.000
849.501	19.000
849.710	30.000
849.919	8.000
850.127	-7.000
850.336	14.000
850.544	-24.000
850.753	-16.000
850.962	27.000
851.170	37.000
851.379	79.000
851.588	35.000
851.796	54.000
852.005	-43.000
852.214	-27.000
852.422	-22.000
852.631	16.000
852.839	4.000
853.048	-18.000
853.257	17.000
853.465	41.000
853.674	36.000
853.883	23.000
854.091	-35.000
854.300	-22.000
854.509	-30.000
854.717	-12.000
854.926	-1.000
855.134	19.000
855.343	12.000
855.552	20.000
855.760	18.000
855.969	68.000
856.178	3.000
856.386	-13.000
856.595	-48.000
856.803	-41.000
857.012	-10.000
857.221	6.000
857.429	27.000
857.638	-24.000
857.847	61.000
858.055	-23.000
858.264	9.000
858.473	33.000
858.681	-11.000
858.890	-26.000
859.098	33.000
859.307	-3.000
859.516	2.000
859.724	4.000
859.933	-9.000
860.142	-23.000
860.350	-40.000
860.559	-21.000
860.768	23.000
860.976	45.000
861.185	18.000
861.393	2.000
861.602	-3.000
861.811	-4.000
862.019	-1.000
862.228	-33.000
862.437	32.000
862.645	13.000
862.854	-9.000
863.062	14.000
863.271	41.000
863.480	44.000
863.688	-26.000
863.897	-55.000
864.106	-24.000
864.314	-1.000
864.523	-18.000
864.732	-12.000
864.940	15.000
865.149	-17.000
865.357	0.000
865.566	1.000
865.775	-5.000
865.983	-2.000
866.192	21.000
866.401	8.000
866.609	15.000
866.818	24.000
867.027	39.000
867.235	21.000
867.444	36.000
867.652	46.000
867.861	23.000
868.070	38.000
868.278	-53.000
868.487	-11.000
868.696	5.000
868.904	34.000
869.113	14.000
869.321	45.000
869.530	11.000
869.739	-15.000
869.947	28.000
870.156	33.000
870.365	23.000
870.573	1.000
870.782	-21.000
870.991	-19.000
871.199	23.000
871.408	-34.000
871.616	17.000
871.825	-10.000
872.034	15.000
872.242	20.000
872.451	7.000
872.660	-35.000
872.868	-16.000
873.077	-27.000
873.286	34.000
873.494	9.000
873.703	-14.000
873.911	16.000
874.120	9.000
874.329	84.000
874.537	17.000
874.746	-5.000
874.955	-21.000
875.163	12.000
875.372	5.000
875.581	-15.000
875.789	-23.000
875.998	15.000
876.206	11.000
876.415	30.000
876.624	17.000
876.832	43.000
877.041	-36.000
877.250	-32.000
877.458	-15.000
877.667	39.000
877.875	-24.000
878.084	-4.000
878.293	-2.000
878.501	-10.000
878.710	0.000
878.919	-61.000
879.127	16.000
879.336	-38.000
879.545	-31.000
879.753	21.000
879.962	10.000
880.170	-8.000
880.379	18.000
880.588	6.000
880.796	-16.000
881.005	-16.000
881.214	14.000
881.422	74.000
881.631	8.000
881.840	30.000
882.048	5.000
882.257	-24.000
882.465	13.000
882.674	-11.000
882.883	8.000
883.091	-36.000
883.300	2.000
883.509	-38.000
883.717	16.000
883.926	46.000
884.134	30.000
884.343	-26.000
884.552	-52.000
884.760	1.000
884.969	45.000
885.178	-46.000
885.386	24.000
885.595	15.000
885.804	8.000
886.012	-26.000
886.221	26.000
886.429	-2.000
886.638	13.000
886.847	24.000
887.055	-16.000
887.264	14.000
887.473	8.000
887.681	46.000
887.890	4.000
888.099	-6.000
888.307	14.000
888.516	3.000
888.724	-78.000
888.933	-47.000
889.142	-24.000
889.350	14.000
889.559	26.000
889.768	30.000
889.976	8.000
890.185	20.000
890.393	-51.000
890.602	7.000
890.811	34.000
891.019	-30.000
891.228	8.000
891.437	19.000
891.645	18.000
891.854	11.000
892.063	36.000
892.271	17.000
892.480	26.000
892.688	-4.000
892.897	-35.000
893.106	-8.000
893.314	9.000
893.523	31.000
893.732	16.000
893.940	8.000
894.149	6.000
894.358	-8.000
894.566	34.000
894.775	1.000
894.983	-21.000
895.192	6.000
895.401	30.000
895.609	44.000
895.818	43.000
896.027	4.000
896.235	-22.000
896.444	-14.000
896.652	-20.000
896.861	13.000
897.070	6.000
897.278	15.000
897.487	5.000
897.696	41.000
897.904	25.000
898.113	-19.000
898.322	6.000
898.530	-34.000
898.739	-2.000
898.947	-31.000
899.156	-33.000
899.365	10.000
899.573	46.000
899.782	41.000
899.991	55.000
900.199	36.000
900.408	14.000
900.617	19.000
900.825	-42.000
901.034	2.000
901.242	5.000
901.451	-17.000
901.660	83.000
901.868	48.000
902.077	21.000
902.286	30.000
902.494	43.000
902.703	-31.000
902.911	-22.000
903.120	-31.000
903.329	-21.000
903.537	-12.000
903.746	19.000
903.955	23.000
904.163	10.000
904.372	4.000
904.581	42.000
904.789	17.000
904.998	-2.000
905.206	5.000
905.415	8.000
905.624	14.000
905.832	57.000
906.041	15.000
906.250	22.000
906.458	-18.000
906.667	5.000
906.876	31.000
907.084	44.000
907.293	55.000
907.501	40.000
907.710	16.000
907.919	36.000
908.127	38.000
908.336	41.000
908.545	0.000
908.753	35.000
908.962	56.000
909.170	-17.000
909.379	-9.000
909.588	22.000
909.796	12.000
910.005	-6.000
910.214	35.000
910.422	7.000
910.631	-26.000
910.840	-37.000
911.048	-45.000
911.257	-51.000
911.465	-10.000
911.674	-24.000
911.883	-6.000
912.091	-10.000
912.300	-12.000
912.508	55.000
912.716	-12.000
912.924	2.000
913.132	35.000
913.340	8.000
913.549	-34.000
913.757	34.000
913.965	-19.000
914.173	10.000
914.381	2.000
914.589	40.000
914.797	-23.000
915.005	23.000
915.213	-40.000
915.421	-12.000
915.629	-12.000
915.838	36.000
916.046	8.000
916.254	10.000
916.462	-15.000
916.670	36.000
916.878	22.000
917.086	13.000
917.294	21.000
917.502	-1.000
917.710	7.000
917.919	16.000
918.127	-38.000
918.335	52.000
918.543	-4.000
918.751	-22.000
918.959	-5.000
919.167	8.000
919.375	6.000
919.583	14.000
919.791	9.000
919.999	48.000
920.208	-6.000
920.416	25.000
920.624	32.000
920.832	-40.000
921.040	-53.000
921.248	18.000
921.456	-29.000
921.664	-2.000
921.872	-4.000
922.080	30.000
922.288	21.000
922.497	-5.000
922.705	23.000
922.913	-3.000
923.121	4.000
923.329	14.000
923.537	-9.000
923.745	25.000
923.953	44.000
924.161	-5.000
924.369	43.000
924.578	-33.000
924.786	-16.000
924.994	8.000
925.202	4.000
925.410	-28.000
925.618	11.000
925.826	46.000
926.034	63.000
926.242	25.000
926.450	-26.000
926.658	-4.000
926.867	28.000
927.075	-5.000
927.283	5.000
927.491	-30.000
927.699	20.000
927.907	-21.000
928.115	30.000
928.323	52.000
928.531	-22.000
928.739	-27.000
928.947	-36.000
929.156	-62.000
929.364	-25.000
929.572	22.000
929.780	36.000
929.988	-17.000
930.196	10.000
930.404	31.000
930.612	-21.000
930.820	12.000
931.028	40.000
931.236	18.000
931.445	10.000
931.653	-2.000
931.861	8.000
932.069	-33.000
932.277	-10.000
932.485	13.000
932.693	-4.000
932.901	-1.000
933.109	30.000
933.317	24.000
933.526	-17.000
933.734	-37.000
933.942	6.000
934.150	-7.000
934.358	-16.000
934.566	17.000
934.774	-12.000
934.982	20.000
935.190	21.000
935.398	5.000
935.606	-23.000
935.815	16.000
936.023	35.000
936.231	26.000
936.439	25.000
936.647	12.000
936.855	-10.000
937.063	38.000
937.271	-7.000
937.479	-35.000
937.687	10.000
937.895	2.000
938.104	16.000
938.312	-36.000
938.520	30.000
938.728	-26.000
938.936	-4.000
939.144	-7.000
939.352	9.000
939.560	37.000
939.768	5.000
939.976	13.000
940.185	30.000
940.393	-16.000
940.601	-9.000
940.809	17.000
941.017	7.000
941.225	-13.000
941.433	-28.000
941.641	-25.000
941.849	30.000
942.057	30.000
942.265	72.000
942.474	-8.000
942.682	19.000
942.890	48.000
943.098	28.000
943.306	-25.000
943.514	-26.000
943.722	3.000
943.930	17.000
944.138	-2.000
944.346	-12.000
944.554	9.000
944.763	-1.000
944.971	-16.000
945.179	20.000
945.387	30.000
945.595	0.000
945.803	30.000
946.011	38.000
946.219	31.000
946.427	4.000
946.635	-33.000
946.843	6.000
947.052	28.000
947.260	39.000
947.468	-4.000
947.676	-65.000
947.884	4.000
948.092	-32.000
948.300	35.000
948.508	41.000
948.716	6.000
948.924	28.000
949.133	28.000
949.341	-15.000
949.549	-28.000
949.757	-9.000
949.965	18.000
950.173	6.000
950.381	18.000
950.589	-22.000
950.797	-19.000
951.005	-22.000
951.213	-21.000
951.422	-17.000
951.630	-17.000
951.838	23.000
952.046	-34.000
952.254	7.000
952.462	28.000
952.670	17.000
952.878	30.000
953.086	-3.000
953.294	-62.000
953.502	-12.000
953.711	-2.000
953.919	40.000
954.127	74.000
954.335	-1.000
954.543	-24.000
954.751	48.000
954.959	35.000
955.167	28.000
955.375	-40.000
955.583	43.000
955.792	-7.000
956.000	37.000
956.208	7.000
956.416	4.000
956.624	14.000
956.832	14.000
957.040	18.000
957.248	-15.000
957.456	-32.000
957.664	-7.000
957.872	47.000
958.081	-24.000
958.289	-23.000
958.497	16.000
958.705	41.000
958.913	77.000
959.121	83.000
959.329	21.000
959.537	-29.000
959.745	-13.000
959.953	-20.000
960.161	-28.000
960.370	36.000
960.578	-4.000
960.786	20.000
960.994	1.000
961.202	13.000
961.410	-46.000
961.618	-35.000
961.826	-39.000
962.034	14.000
962.242	4.000
962.451	18.000
962.659	-3.000
962.867	-6.000
963.075	-49.000
963.283	11.000
963.491	-52.000
963.699	-10.000
963.907	15.000
964.115	-16.000
964.323	36.000
964.531	-2.000
964.740	-5.000
964.948	-28.000
965.156	-20.000
965.364	22.000
965.572	-19.000
965.780	5.000
965.999	0.000
966.218	35.000
966.438	59.000
966.657	-7.000
966.876	-14.000
967.095	-23.000
967.315	4.000
967.534	13.000
967.753	-35.000
967.972	-52.000
968.192	24.000
968.411	13.000
968.630	-35.000
968.849	-8.000
969.068	-27.000
969.288	-2.000
969.507	-4.000
969.726	-23.000
969.945	-15.000
970.165	-31.000
970.384	36.000
970.603	16.000
970.822	34.000
971.042	-35.000
971.261	5.000
971.480	-2.000
971.699	-50.000
971.919	-4.000
972.138	-32.000
972.357	28.000
972.576	20.000
972.795	-3.000
973.015	12.000
973.234	-29.000
973.453	38.000
973.672	-55.000
973.892	1.000
974.111	14.000
974.330	-20.000
974.549	30.000
974.769	43.000
974.988	20.000
975.207	16.000
975.426	68.000
975.646	74.000
975.865	30.000
976.084	13.000
976.303	-11.000
976.522	1.000
976.742	9.000
976.961	20.000
977.180	42.000
977.399	33.000
977.619	59.000
977.838	15.000
978.057	-48.000
978.276	-32.000
978.496	6.000
978.715	27.000
978.934	30.000
979.153	47.000
979.372	18.000
979.592	-1.000
979.811	-21.000
980.030	22.000
980.249	17.000
980.469	-70.000
980.688	-6.000
980.907	-2.000
981.126	25.000
981.346	-6.000
981.565	4.000
981.784	-33.000
982.003	-17.000
982.223	-44.000
982.442	-43.000
982.661	-23.000
982.880	-6.000
983.099	-10.000
983.319	-3.000
983.538	6.000
983.757	-25.000
983.976	-12.000
984.196	-33.000
984.415	-16.000
984.634	0.000
984.853	-11.000
985.073	-26.000
985.292	-18.000
985.511	69.000
985.730	0.000
985.949	0.000
986.169	-24.000
986.388	-5.000
986.607	-19.000
986.826	-52.000
987.046	-50.000
987.265	-35.000
987.484	31.000
987.703	-27.000
987.923	6.000
988.142	-18.000
988.361	-22.000
988.580	2.000
988.800	-1.000
989.019	39.000
989.238	28.000
989.457	25.000
989.676	-7.000
989.896	22.000
990.115	-20.000
990.334	-10.000
990.553	5.000
990.773	16.000
990.992	-14.000
991.211	-7.000
991.430	-9.000
991.650	12.000
991.869	-11.000
992.088	-1.000
992.307	-3.000
992.527	-25.000
992.746	-25.000
992.965	6.000
993.184	4.000
993.403	-2.000
993.623	-10.000
993.842	-43.000
994.061	1.000
994.280	32.000
994.500	16.000
994.719	-7.000
994.938	-40.000
995.157	-46.000
995.377	-30.000
995.596	-43.000
995.815	59.000
996.034	25.000
996.253	-34.000
996.473	28.000
996.692	7.000
996.911	-3.000
997.130	4.000
997.350	-16.000
997.569	-37.000
997.788	-15.000
998.007	12.000
998.227	18.000
998.446	74.000
998.665	24.000
998.884	12.000
999.104	6.000
999.323	-8.000
999.542	9.000
999.761	-23.000
999.980	-11.000
1000.200	5.000
1000.419	2.000
1000.638	-2.000
1000.857	-36.000
1001.077	-54.000
1001.296	-31.000
1001.515	12.000
1001.734	-20.000
1001.954	41.000
1002.173	79.000
1002.392	23.000
1002.611	-46.000
1002.830	15.000
1003.050	10.000
1003.269	-26.000
1003.488	-25.000
1003.707	-11.000
1003.927	20.000
1004.146	14.000
1004.365	18.000
1004.584	26.000
1004.804	25.000
1005.023	6.000
1005.242	57.000
1005.461	-1.000
1005.681	-10.000
1005.900	8.000
1006.119	-2.000
1006.338	-23.000
1006.557	-9.000
1006.777	45.000
1006.996	22.000
1007.215	-8.000
1007.434	-39.000
1007.654	-44.000
1007.873	-45.000
1008.092	25.000
1008.311	-44.000
1008.531	-8.000
1008.750	47.000
1008.969	-59.000
1009.188	-11.000
1009.407	-1.000
1009.627	-7.000
1009.846	-13.000
1010.065	-52.000
1010.284	-38.000
1010.504	-27.000
1010.723	-7.000
1010.942	-23.000
1011.161	3.000
1011.381	14.000
1011.600	-8.000
1011.819	21.000
1012.038	-14.000
1012.258	10.000
1012.477	-13.000
1012.696	1.000
1012.915	-4.000
1013.134	81.000
1013.354	25.000
1013.573	-2.000
1013.792	24.000
1014.011	24.000
1014.231	-71.000
1014.450	-24.000
1014.669	-21.000
1014.888	35.000
1015.108	41.000
1015.327	-1.000
1015.546	16.000
1015.765	10.000
1015.984	-23.000
1016.204	63.000
1016.423	-1.000
1016.642	3.000
1016.861	5.000
1017.081	47.000
1017.300	-6.000
1017.519	-10.000
