296.912	162.000
297.101	85.000
297.290	54.000
297.479	50.000
297.668	27.000
297.858	66.000
298.047	128.000
298.236	104.000
298.425	62.000
298.614	25.000
298.803	7.000
298.992	53.000
299.181	82.000
299.370	72.000
299.559	53.000
299.748	43.000
299.937	69.000
300.126	113.000
300.315	46.000
300.504	35.000
300.693	46.000
300.882	69.000
301.071	54.000
301.260	25.000
301.449	11.000
301.638	25.000
301.827	34.000
302.016	50.000
302.205	34.000
302.395	44.000
302.584	45.000
302.773	44.000
302.962	55.000
303.151	20.000
303.340	42.000
303.529	10.000
303.718	60.000
303.907	105.000
304.096	81.000
304.285	47.000
304.474	36.000
304.663	35.000
304.852	61.000
305.041	107.000
305.230	111.000
305.419	79.000
305.608	57.000
305.797	9.000
305.986	6.000
306.175	39.000
306.364	24.000
306.553	47.000
306.743	81.000
306.932	105.000
307.121	96.000
307.310	75.000
307.499	29.000
307.688	45.000
307.877	87.000
308.066	21.000
308.255	4.000
308.444	104.000
308.633	98.000
308.822	76.000
309.011	77.000
309.200	72.000
309.389	23.000
309.578	13.000
309.767	79.000
309.956	91.000
310.145	55.000
310.334	68.000
310.523	72.000
310.712	70.000
310.901	38.000
311.091	56.000
311.280	25.000
311.469	42.000
311.658	82.000
311.847	27.000
312.036	-9.000
312.225	-2.000
312.414	-7.000
312.603	17.000
312.792	65.000
312.981	51.000
313.170	38.000
313.349	38.000
313.527	41.000
313.706	49.000
313.884	82.000
314.063	78.000
314.241	95.000
314.420	125.000
314.598	107.000
314.777	71.000
314.955	67.000
315.134	35.000
315.312	22.000
315.491	88.000
315.669	115.000
315.848	83.000
316.027	73.000
316.205	76.000
316.384	43.000
316.562	82.000
316.741	56.000
316.919	43.000
317.098	40.000
317.276	39.000
317.455	102.000
317.633	127.000
317.812	110.000
317.990	72.000
318.169	74.000
318.347	90.000
318.526	118.000
318.705	59.000
318.883	34.000
319.062	97.000
319.240	103.000
319.419	78.000
319.597	99.000
319.776	119.000
319.954	67.000
320.133	-2.000
320.311	18.000
320.490	79.000
320.668	35.000
320.847	18.000
321.025	74.000
321.204	98.000
321.382	99.000
321.561	111.000
321.740	83.000
321.918	94.000
322.097	89.000
322.275	39.000
322.454	-23.000
322.632	44.000
322.811	70.000
322.989	13.000
323.168	53.000
323.346	35.000
323.525	14.000
323.703	50.000
323.882	44.000
324.060	42.000
324.239	71.000
324.418	68.000
324.596	104.000
324.775	103.000
324.953	49.000
325.132	33.000
325.310	100.000
325.489	48.000
325.667	52.000
325.846	59.000
326.024	68.000
326.203	110.000
326.381	96.000
326.560	98.000
326.738	54.000
326.917	8.000
327.096	33.000
327.274	97.000
327.453	115.000
327.631	52.000
327.810	104.000
327.988	97.000
328.167	54.000
328.345	46.000
328.524	54.000
328.702	46.000
328.881	28.000
329.059	41.000
329.238	65.000
329.416	89.000
329.595	49.000
329.774	48.000
329.952	91.000
330.131	124.000
330.309	78.000
330.488	80.000
330.666	69.000
330.845	59.000
331.023	101.000
331.202	62.000
331.380	44.000
331.559	79.000
331.737	89.000
331.916	49.000
332.094	71.000
332.273	113.000
332.452	66.000
332.630	51.000
332.809	104.000
332.987	101.000
333.166	92.000
333.344	92.000
333.523	76.000
333.701	57.000
333.880	51.000
334.058	57.000
334.237	93.000
334.415	85.000
334.594	76.000
334.772	61.000
334.951	77.000
335.129	51.000
335.308	95.000
335.487	103.000
335.665	42.000
335.844	88.000
336.022	111.000
336.201	20.000
336.379	29.000
336.558	94.000
336.736	101.000
336.915	81.000
337.093	90.000
337.272	45.000
337.450	56.000
337.629	62.000
337.807	46.000
337.986	113.000
338.165	134.000
338.343	115.000
338.522	98.000
338.700	69.000
338.879	-4.000
339.057	34.000
339.236	83.000
339.414	66.000
339.593	74.000
339.771	112.000
339.950	123.000
340.128	123.000
340.307	56.000
340.485	47.000
340.664	76.000
340.843	77.000
341.021	62.000
341.200	39.000
341.378	57.000
341.557	158.000
341.735	128.000
341.914	48.000
342.092	90.000
342.271	127.000
342.449	71.000
342.628	33.000
342.806	58.000
342.985	130.000
343.163	104.000
343.342	76.000
343.521	67.000
343.699	94.000
343.878	52.000
344.056	76.000
344.235	104.000
344.413	93.000
344.592	130.000
344.770	74.000
344.949	42.000
345.127	56.000
345.306	89.000
345.484	25.000
345.663	46.000
345.841	106.000
346.020	100.000
346.199	58.000
346.377	44.000
346.556	82.000
346.734	104.000
346.913	79.000
347.091	61.000
347.270	62.000
347.448	28.000
347.627	56.000
347.805	74.000
347.984	67.000
348.162	58.000
348.341	94.000
348.519	139.000
348.698	100.000
348.876	72.000
349.055	104.000
349.234	89.000
349.412	79.000
349.591	86.000
349.769	110.000
349.948	125.000
350.126	146.000
350.305	114.000
350.483	110.000
350.662	92.000
350.840	93.000
351.019	70.000
351.197	81.000
351.376	94.000
351.554	86.000
351.733	51.000
351.912	126.000
352.090	117.000
352.269	81.000
352.447	81.000
352.626	79.000
352.804	68.000
352.983	66.000
353.161	73.000
353.340	84.000
353.518	105.000
353.697	125.000
353.875	120.000
354.054	117.000
354.232	128.000
354.411	104.000
354.590	50.000
354.768	79.000
354.947	92.000
355.125	46.000
355.304	47.000
355.482	97.000
355.661	145.000
355.839	133.000
356.018	104.000
356.196	104.000
356.375	82.000
356.553	69.000
356.732	41.000
356.910	49.000
357.089	103.000
357.268	108.000
357.446	105.000
357.625	77.000
357.803	97.000
357.982	85.000
358.160	36.000
358.339	94.000
358.517	124.000
358.696	112.000
358.874	125.000
359.053	109.000
359.231	61.000
359.410	79.000
359.588	52.000
359.767	80.000
359.945	112.000
360.124	60.000
360.303	64.000
360.481	114.000
360.660	88.000
360.838	104.000
361.017	122.000
361.195	67.000
361.374	71.000
361.552	78.000
361.731	111.000
361.909	125.000
362.088	50.000
362.266	92.000
362.445	92.000
362.623	74.000
362.802	93.000
362.981	113.000
363.159	124.000
363.338	69.000
363.516	85.000
363.695	108.000
363.873	122.000
364.052	98.000
364.230	89.000
364.409	45.000
364.587	65.000
364.766	91.000
364.944	80.000
365.123	97.000
365.301	89.000
365.480	91.000
365.660	60.000
365.839	105.000
366.019	162.000
366.199	118.000
366.379	90.000
366.558	79.000
366.738	122.000
366.918	132.000
367.098	49.000
367.277	69.000
367.457	135.000
367.637	72.000
367.816	89.000
367.996	127.000
368.176	126.000
368.356	96.000
368.535	57.000
368.715	98.000
368.895	107.000
369.075	52.000
369.254	64.000
369.434	170.000
369.614	183.000
369.793	86.000
369.973	85.000
370.153	113.000
370.333	122.000
370.512	88.000
370.692	117.000
370.872	101.000
371.051	105.000
371.231	125.000
371.411	131.000
371.591	101.000
371.770	104.000
371.950	108.000
372.130	113.000
372.310	134.000
372.489	107.000
372.669	117.000
372.849	128.000
373.028	142.000
373.208	161.000
373.388	115.000
373.568	105.000
373.747	139.000
373.927	127.000
374.107	109.000
374.287	139.000
374.466	116.000
374.646	105.000
374.826	111.000
375.005	61.000
375.185	65.000
375.365	128.000
375.545	133.000
375.724	99.000
375.904	144.000
376.084	117.000
376.263	129.000
376.443	154.000
376.623	145.000
376.803	116.000
376.982	100.000
377.162	128.000
377.342	147.000
377.522	144.000
377.701	132.000
377.881	112.000
378.061	124.000
378.240	170.000
378.420	141.000
378.600	117.000
378.780	123.000
378.959	95.000
379.139	112.000
379.319	126.000
379.499	153.000
379.678	153.000
379.858	166.000
380.038	99.000
380.217	125.000
380.397	122.000
380.577	90.000
380.757	58.000
380.936	110.000
381.116	127.000
381.296	120.000
381.476	107.000
381.655	108.000
381.835	170.000
382.015	177.000
382.194	134.000
382.374	120.000
382.554	154.000
382.734	152.000
382.913	162.000
383.093	178.000
383.273	164.000
383.452	163.000
383.632	122.000
383.812	128.000
383.992	139.000
384.171	120.000
384.351	98.000
384.531	127.000
384.711	144.000
384.890	106.000
385.070	118.000
385.250	101.000
385.429	138.000
385.609	110.000
385.789	96.000
385.969	99.000
386.148	57.000
386.328	54.000
386.508	116.000
386.688	117.000
386.867	132.000
387.047	142.000
387.227	101.000
387.406	135.000
387.586	162.000
387.766	136.000
387.946	94.000
388.125	87.000
388.305	90.000
388.485	99.000
388.664	136.000
388.844	155.000
389.024	127.000
389.204	81.000
389.383	66.000
389.563	86.000
389.743	88.000
389.923	133.000
390.102	115.000
390.282	120.000
390.462	119.000
390.641	114.000
390.821	60.000
391.001	91.000
391.181	79.000
391.360	79.000
391.540	80.000
391.720	113.000
391.900	128.000
392.079	106.000
392.259	124.000
392.439	134.000
392.618	122.000
392.798	154.000
392.978	153.000
393.158	82.000
393.337	132.000
393.517	168.000
393.697	140.000
393.877	137.000
394.056	136.000
394.236	177.000
394.416	137.000
394.595	126.000
394.775	133.000
394.955	140.000
395.135	154.000
395.314	144.000
395.494	204.000
395.674	213.000
395.853	179.000
396.033	206.000
396.213	179.000
396.393	153.000
396.572	176.000
396.752	161.000
396.932	213.000
397.112	201.000
397.291	191.000
397.471	221.000
397.651	165.000
397.830	83.000
398.010	96.000
398.190	140.000
398.370	180.000
398.549	189.000
398.729	185.000
398.909	183.000
399.089	169.000
399.268	157.000
399.448	217.000
399.628	227.000
399.807	210.000
399.987	228.000
400.167	238.000
400.347	291.000
400.526	269.000
400.706	222.000
400.886	221.000
401.065	201.000
401.245	195.000
401.425	215.000
401.605	233.000
401.784	230.000
401.964	201.000
402.144	248.000
402.324	245.000
402.503	261.000
402.683	271.000
402.863	250.000
403.042	231.000
403.222	219.000
403.402	219.000
403.582	231.000
403.761	280.000
403.941	338.000
404.121	291.000
404.301	245.000
404.480	336.000
404.660	353.000
404.844	348.000
405.029	394.000
405.213	384.000
405.398	345.000
405.582	364.000
405.767	425.000
405.951	436.000
406.136	415.000
406.320	458.000
406.505	485.000
406.689	537.000
406.874	527.000
407.058	601.000
407.243	613.000
407.427	603.000
407.612	661.000
407.796	696.000
407.981	743.000
408.165	809.000
408.350	905.000
408.534	902.000
408.719	941.000
408.903	989.000
409.088	1036.000
409.272	1048.000
409.457	1164.000
409.641	1272.000
409.826	1309.000
410.010	1374.000
410.195	1483.000
410.379	1635.000
410.564	1777.000
410.748	1883.000
410.933	2032.000
411.117	2123.000
411.302	2324.000
411.486	2475.000
411.671	2612.000
411.855	2711.000
412.040	2779.000
412.224	2925.000
412.409	3037.000
412.593	3219.000
412.778	3475.000
412.962	3557.000
413.147	3625.000
413.331	3851.000
413.516	4028.000
413.700	4179.000
413.885	4293.000
414.069	4440.000
414.254	4607.000
414.438	4758.000
414.623	4949.000
414.807	5055.000
414.992	5195.000
415.176	5448.000
415.361	5631.000
415.545	5913.000
415.730	6092.000
415.914	6317.000
416.099	6475.000
416.283	6499.000
416.468	6630.000
416.652	6728.000
416.837	6893.000
417.021	7080.000
417.206	7166.000
417.390	7258.000
417.575	7353.000
417.759	7593.000
417.944	7684.000
418.128	7880.000
418.313	8141.000
418.497	8247.000
418.682	8361.000
418.866	8566.000
419.051	8558.000
419.235	8549.000
419.420	8868.000
419.604	9089.000
419.789	9152.000
419.973	9319.000
420.158	9590.000
420.342	9872.000
420.527	10013.000
420.711	10116.000
420.896	10373.000
421.080	10410.000
421.265	10533.000
421.449	10473.000
421.634	10500.000
421.818	10523.000
422.003	10500.000
422.187	10442.000
422.372	10464.000
422.556	10586.000
422.741	10767.000
422.925	11021.000
423.110	11143.000
423.294	11257.000
423.479	11271.000
423.663	11391.000
423.848	11404.000
424.032	11561.000
424.217	11694.000
424.401	11735.000
424.586	11775.000
424.770	11762.000
424.955	11672.000
425.139	11838.000
425.324	12212.000
425.508	12254.000
425.693	12092.000
425.877	12205.000
426.062	12179.000
426.246	12233.000
426.431	12132.000
426.615	11988.000
426.800	11999.000
426.984	12128.000
427.169	12241.000
427.353	12228.000
427.538	12298.000
427.722	12286.000
427.907	12225.000
428.091	12308.000
428.276	12270.000
428.460	12113.000
428.645	12075.000
428.829	11827.000
429.014	11801.000
429.198	11551.000
429.383	10987.000
429.567	10706.000
429.752	10387.000
429.936	10125.000
430.121	10034.000
430.305	10170.000
430.490	10344.000
430.674	10798.000
430.859	11391.000
431.043	11875.000
431.228	12326.000
431.412	12670.000
431.597	12889.000
431.781	13081.000
431.966	13137.000
432.150	13391.000
432.335	13438.000
432.519	13638.000
432.704	13769.000
432.888	13600.000
433.073	13488.000
433.257	13444.000
433.442	13333.000
433.626	13272.000
433.811	13254.000
433.995	13419.000
434.180	13592.000
434.364	13787.000
434.549	14020.000
434.733	14195.000
434.918	14160.000
435.102	14273.000
435.287	14483.000
435.471	14732.000
435.656	14866.000
435.840	15140.000
436.030	15177.000
436.219	15144.000
436.409	15407.000
436.599	15266.000
436.789	15021.000
436.978	15062.000
437.168	14942.000
437.358	14707.000
437.548	14326.000
437.737	14144.000
437.927	14135.000
438.117	14071.000
438.306	14227.000
438.496	14275.000
438.686	14477.000
438.876	14582.000
439.065	14777.000
439.255	14898.000
439.445	14838.000
439.634	15002.000
439.824	15028.000
440.014	15072.000
440.204	15251.000
440.393	15300.000
440.583	15459.000
440.773	15712.000
440.963	16012.000
441.152	16192.000
441.342	16361.000
441.532	16447.000
441.721	16520.000
441.911	16720.000
442.101	16783.000
442.291	16982.000
442.480	17000.000
442.670	17032.000
442.860	17093.000
443.050	17005.000
443.239	17006.000
443.429	17224.000
443.619	17425.000
443.808	17518.000
443.998	17527.000
444.188	17545.000
444.378	17607.000
444.567	17605.000
444.757	17559.000
444.947	17408.000
445.137	17139.000
445.326	16999.000
445.516	16985.000
445.706	17134.000
445.895	17345.000
446.085	17315.000
446.275	17548.000
446.465	17916.000
446.654	18078.000
446.844	18349.000
447.034	18408.000
447.223	18398.000
447.413	18573.000
447.603	18720.000
447.793	18839.000
447.982	18750.000
448.172	18861.000
448.362	19052.000
448.552	18997.000
448.741	19019.000
448.931	19009.000
449.121	18900.000
449.310	19102.000
449.500	19332.000
449.690	19412.000
449.880	19742.000
450.069	19940.000
450.259	19954.000
450.449	20193.000
450.639	20167.000
450.828	20134.000
451.018	20253.000
451.208	20190.000
451.397	20060.000
451.587	19983.000
451.777	19819.000
451.967	19571.000
452.156	19341.000
452.346	19220.000
452.536	18931.000
452.725	18598.000
452.915	18683.000
453.105	18625.000
453.295	18662.000
453.484	18869.000
453.674	18914.000
453.864	18978.000
454.054	18945.000
454.243	18987.000
454.433	18898.000
454.623	18856.000
454.812	18872.000
455.002	18908.000
455.192	19112.000
455.382	19133.000
455.571	18937.000
455.761	18899.000
455.951	19084.000
456.141	19378.000
456.330	19339.000
456.520	19416.000
456.710	19558.000
456.899	19512.000
457.089	19441.000
457.279	19310.000
457.469	19173.000
457.658	19241.000
457.848	19212.000
458.038	19088.000
458.228	18951.000
458.417	18949.000
458.607	19017.000
458.797	18919.000
458.986	18942.000
459.176	18813.000
459.366	18803.000
459.556	18722.000
459.745	18746.000
459.935	18789.000
460.125	18805.000
460.314	18896.000
460.504	18927.000
460.694	19093.000
460.884	18973.000
461.073	19217.000
461.263	19331.000
461.453	19289.000
461.643	19300.000
461.832	19293.000
462.022	19427.000
462.212	19287.000
462.401	19213.000
462.591	19239.000
462.781	19169.000
462.971	19273.000
463.160	19377.000
463.350	19303.000
463.540	19306.000
463.730	19111.000
463.919	18934.000
464.109	18843.000
464.299	18671.000
464.488	18739.000
464.678	18785.000
464.868	18779.000
465.058	18683.000
465.247	18855.000
465.437	18740.000
465.627	18790.000
465.816	18797.000
466.006	18801.000
466.196	18682.000
466.386	18532.000
466.575	18237.000
466.765	18299.000
466.955	18325.000
467.145	18240.000
467.334	18452.000
467.524	18601.000
467.714	18559.000
467.903	18449.000
468.093	18481.000
468.283	18561.000
468.473	18609.000
468.662	18729.000
468.852	18820.000
469.042	18700.000
469.232	18646.000
469.421	18772.000
469.611	18523.000
469.801	18623.000
469.990	18500.000
470.180	18345.000
470.370	18218.000
470.560	18153.000
470.749	18318.000
470.939	18421.000
471.129	18557.000
471.318	18731.000
471.508	18958.000
471.698	19106.000
471.888	19285.000
472.077	19279.000
472.267	19286.000
472.457	19328.000
472.647	19027.000
472.836	19055.000
473.026	19020.000
473.216	18917.000
473.405	18811.000
473.595	19039.000
473.785	19232.000
473.975	19218.000
474.164	19265.000
474.354	19442.000
474.544	19598.000
474.734	19493.000
474.923	19336.000
475.113	19276.000
475.303	19361.000
475.492	19282.000
475.682	19133.000
475.872	19031.000
476.062	19113.000
476.251	19028.000
476.441	18974.000
476.631	18883.000
476.821	18920.000
477.010	18983.000
477.200	19138.000
477.390	19250.000
477.579	19235.000
477.769	19366.000
477.959	19506.000
478.149	19538.000
478.338	19390.000
478.528	19157.000
478.718	19089.000
478.907	19234.000
479.097	19242.000
479.287	19218.000
479.477	19259.000
479.666	19401.000
479.856	19279.000
480.046	19335.000
480.236	19258.000
480.425	19217.000
480.615	19275.000
480.805	19269.000
480.994	19305.000
481.184	19271.000
481.374	19271.000
481.564	19298.000
481.753	19149.000
481.943	19271.000
482.133	19426.000
482.323	19187.000
482.512	19007.000
482.702	18943.000
482.892	18830.000
483.081	18779.000
483.271	18844.000
483.461	18765.000
483.651	18608.000
483.840	18394.000
484.030	18462.000
484.220	18355.000
484.409	18271.000
484.599	18240.000
484.789	18231.000
484.979	18084.000
485.168	17712.000
485.358	17282.000
485.548	16939.000
485.738	16765.000
485.927	16260.000
486.117	15812.000
486.307	15469.000
486.496	15498.000
486.686	15582.000
486.876	15696.000
487.066	16033.000
487.255	16241.000
487.445	16318.000
487.635	16409.000
487.825	16550.000
488.014	16757.000
488.204	16776.000
488.394	16853.000
488.583	16687.000
488.773	16703.000
488.963	16711.000
489.153	16730.000
489.342	17139.000
489.532	17374.000
489.722	17399.000
489.912	17470.000
490.101	17519.000
490.291	17601.000
490.481	17540.000
490.670	17559.000
490.860	17625.000
491.050	17690.000
491.240	17420.000
491.429	17276.000
491.619	16972.000
491.809	16782.000
491.998	16821.000
492.188	16710.000
492.378	16834.000
492.568	16790.000
492.757	16941.000
492.947	17046.000
493.137	17202.000
493.327	17225.000
493.516	17057.000
493.706	17173.000
493.896	17333.000
494.085	17280.000
494.275	17314.000
494.465	17446.000
494.655	17622.000
494.844	17770.000
495.034	17617.000
495.224	17497.000
495.414	17591.000
495.603	17619.000
495.793	17445.000
495.983	17227.000
496.172	17344.000
496.362	17494.000
496.552	17535.000
496.742	17532.000
496.931	17322.000
497.121	17586.000
497.311	17655.000
497.500	17633.000
497.690	17633.000
497.880	17311.000
498.070	17092.000
498.259	17022.000
498.449	16928.000
498.639	16908.000
498.829	16961.000
499.018	16916.000
499.208	17073.000
499.398	17179.000
499.587	17236.000
499.777	17149.000
499.967	17033.000
500.157	16823.000
500.346	16728.000
500.536	16610.000
500.726	16517.000
500.916	16540.000
501.105	16568.000
501.295	16515.000
501.485	16372.000
501.674	16050.000
501.864	16162.000
502.054	16326.000
502.244	16219.000
502.433	16149.000
502.623	16384.000
502.813	16499.000
503.003	16544.000
503.192	16668.000
503.382	16597.000
503.572	16349.000
503.761	16262.000
503.951	16099.000
504.141	16071.000
504.331	16171.000
504.520	16073.000
504.710	16194.000
504.900	16247.000
505.089	16196.000
505.279	16470.000
505.469	16465.000
505.659	16534.000
505.848	16712.000
506.038	16734.000
506.228	16659.000
506.418	16576.000
506.607	16449.000
506.797	16303.000
506.987	16152.000
507.176	16175.000
507.366	16223.000
507.556	16045.000
507.746	15978.000
507.935	15979.000
508.125	15886.000
508.315	15666.000
508.505	15760.000
508.694	15821.000
508.884	15948.000
509.074	15998.000
509.263	15987.000
509.453	15845.000
509.643	15911.000
509.833	15872.000
510.022	15766.000
510.212	15634.000
510.402	15689.000
510.592	15685.000
510.781	15825.000
510.971	15715.000
511.161	15629.000
511.350	15906.000
511.540	15832.000
511.730	15774.000
511.920	15635.000
512.109	15513.000
512.299	15486.000
512.489	15445.000
512.678	15356.000
512.868	15254.000
513.058	15088.000
513.248	15000.000
513.437	14876.000
513.627	14881.000
513.817	14892.000
514.007	14711.000
514.196	14600.000
514.386	14532.000
514.576	14658.000
514.765	14551.000
514.955	14506.000
515.145	14609.000
515.335	14623.000
515.524	14611.000
515.714	14596.000
515.904	14396.000
516.094	14267.000
516.283	14035.000
516.473	13720.000
516.663	13399.000
516.852	13182.000
517.042	13038.000
517.232	13077.000
517.422	13061.000
517.611	12994.000
517.801	13024.000
517.991	13175.000
518.180	13118.000
518.370	13072.000
518.560	13030.000
518.750	13041.000
518.939	13264.000
519.129	13407.000
519.319	13485.000
519.509	13659.000
519.698	13835.000
519.888	13947.000
520.078	13848.000
520.267	13882.000
520.457	13996.000
520.647	14037.000
520.837	14045.000
521.026	14024.000
521.216	14012.000
521.406	14122.000
521.596	14146.000
521.785	14086.000
521.975	14100.000
522.165	14031.000
522.354	13988.000
522.544	13814.000
522.734	13832.000
522.924	13912.000
523.113	13849.000
523.303	13864.000
523.493	13928.000
523.683	14053.000
523.872	14239.000
524.062	14271.000
524.252	14255.000
524.441	14159.000
524.631	14153.000
524.821	14287.000
525.011	14375.000
525.200	14313.000
525.390	14169.000
525.580	14108.000
525.769	13955.000
525.959	14019.000
526.149	13737.000
526.339	13562.000
526.528	13334.000
526.718	13091.000
526.908	13156.000
527.098	13248.000
527.287	13294.000
527.477	13231.000
527.667	13471.000
527.856	13640.000
528.046	13734.000
528.236	13906.000
528.426	13868.000
528.615	13950.000
528.805	14048.000
528.995	14041.000
529.185	14141.000
529.374	14139.000
529.564	14110.000
529.754	14066.000
529.943	13944.000
530.133	14086.000
530.323	14291.000
530.513	14200.000
530.702	14214.000
530.892	14139.000
531.082	13993.000
531.271	14047.000
531.461	13926.000
531.651	13825.000
531.841	13678.000
532.030	13499.000
532.220	13345.000
532.410	13257.000
532.600	13098.000
532.789	13029.000
532.979	12980.000
533.169	12932.000
533.358	12958.000
533.548	12981.000
533.738	12988.000
533.928	13002.000
534.117	12673.000
534.307	12772.000
534.497	12945.000
534.687	12907.000
534.876	13117.000
535.066	13290.000
535.256	13119.000
535.445	13062.000
535.635	12918.000
535.825	12893.000
536.015	12915.000
536.204	12569.000
536.394	12440.000
536.584	12257.000
536.773	12359.000
536.963	12420.000
537.153	12451.000
537.343	12361.000
537.532	12551.000
537.722	12617.000
537.912	12482.000
538.102	12437.000
538.291	12510.000
538.481	12393.000
538.671	12210.000
538.860	12140.000
539.050	12008.000
539.240	12011.000
539.430	11974.000
539.619	11873.000
539.809	11766.000
539.999	11806.000
540.189	11711.000
540.378	11769.000
540.568	11736.000
540.758	11787.000
540.947	11844.000
541.137	11834.000
541.327	11820.000
541.517	11779.000
541.706	11690.000
541.896	11631.000
542.086	11778.000
542.276	11825.000
542.465	11783.000
542.655	11825.000
542.845	11772.000
543.034	11829.000
543.224	11897.000
543.414	11780.000
543.604	11774.000
543.793	11659.000
543.983	11808.000
544.173	11846.000
544.362	11736.000
544.552	11799.000
544.742	11788.000
544.932	11707.000
545.121	11740.000
545.311	11713.000
545.501	11741.000
545.691	11645.000
545.880	11560.000
546.070	11547.000
546.264	11506.000
546.459	11537.000
546.653	11488.000
546.847	11471.000
547.041	11340.000
547.236	11398.000
547.430	11468.000
547.624	11379.000
547.818	11344.000
548.013	11452.000
548.207	11498.000
548.401	11203.000
548.596	11407.000
548.790	11365.000
548.984	11189.000
549.178	11252.000
549.373	11288.000
549.567	11322.000
549.761	11247.000
549.956	11135.000
550.150	11167.000
550.344	11155.000
550.538	11241.000
550.733	11163.000
550.927	10983.000
551.121	11192.000
551.315	11175.000
551.510	11154.000
551.704	11123.000
551.898	11077.000
552.093	11130.000
552.287	11049.000
552.481	10976.000
552.675	11002.000
552.870	11077.000
553.064	10986.000
553.258	11026.000
553.453	11170.000
553.647	11225.000
553.841	11052.000
554.035	11000.000
554.230	10969.000
554.424	10980.000
554.618	11023.000
554.812	11072.000
555.007	10952.000
555.201	10863.000
555.395	10955.000
555.590	10865.000
555.784	10829.000
555.978	10775.000
556.172	10720.000
556.367	10713.000
556.561	10753.000
556.755	10614.000
556.949	10568.000
557.144	10606.000
557.338	10569.000
557.532	10438.000
557.727	10360.000
557.921	10440.000
558.115	10446.000
558.309	10297.000
558.504	10241.000
558.698	10280.000
558.892	10290.000
559.087	10265.000
559.281	10381.000
559.475	10266.000
559.669	10278.000
559.864	10303.000
560.058	10319.000
560.252	10431.000
560.446	10469.000
560.641	10491.000
560.835	10564.000
561.029	10508.000
561.224	10305.000
561.418	10094.000
561.612	10362.000
561.806	10450.000
562.001	10432.000
562.195	10465.000
562.389	10441.000
562.584	10371.000
562.778	10303.000
562.972	10248.000
563.166	10181.000
563.361	10190.000
563.555	10260.000
563.749	10337.000
563.943	10281.000
564.138	10224.000
564.332	10119.000
564.526	10227.000
564.721	10192.000
564.915	10222.000
565.109	10164.000
565.303	9967.000
565.498	9934.000
565.692	9976.000
565.886	10000.000
566.081	10000.000
566.275	9946.000
566.469	9940.000
566.663	9901.000
566.858	9983.000
567.052	10023.000
567.246	10049.000
567.440	9934.000
567.635	9905.000
567.829	9866.000
568.023	9745.000
568.218	9821.000
568.412	9842.000
568.606	9747.000
568.800	9839.000
568.995	9678.000
569.189	9632.000
569.383	9683.000
569.577	9692.000
569.772	9570.000
569.966	9422.000
570.160	9487.000
570.355	9440.000
570.549	9476.000
570.743	9462.000
570.937	9583.000
571.132	9429.000
571.326	9456.000
571.520	9440.000
571.715	9446.000
571.909	9324.000
572.103	9380.000
572.297	9510.000
572.492	9401.000
572.686	9390.000
572.880	9388.000
573.074	9349.000
573.269	9321.000
573.463	9374.000
573.657	9356.000
573.852	9372.000
574.046	9348.000
574.240	9325.000
574.434	9230.000
574.629	9124.000
574.823	9085.000
575.017	9087.000
575.212	9100.000
575.406	9104.000
575.600	9116.000
575.794	9142.000
575.989	9072.000
576.183	9018.000
576.377	9000.000
576.571	9040.000
576.766	9064.000
576.960	9029.000
577.159	8897.000
577.357	8839.000
577.556	8840.000
577.755	8763.000
577.953	8726.000
578.152	8701.000
578.350	8776.000
578.549	8762.000
578.748	8740.000
578.946	8736.000
579.145	8845.000
579.344	8742.000
579.542	8800.000
579.741	8849.000
579.940	8897.000
580.138	8925.000
580.337	8758.000
580.535	8788.000
580.734	9006.000
580.933	8947.000
581.131	8931.000
581.330	9034.000
581.529	9084.000
581.727	9160.000
581.926	9245.000
582.125	9245.000
582.323	9302.000
582.522	9276.000
582.721	9287.000
582.919	9209.000
583.118	9267.000
583.316	9439.000
583.515	9432.000
583.714	9460.000
583.912	9368.000
584.111	9412.000
584.310	9410.000
584.508	9296.000
584.707	9401.000
584.906	9330.000
585.104	9342.000
585.303	9335.000
585.501	9398.000
585.700	9308.000
585.899	9334.000
586.097	9290.000
586.296	9391.000
586.495	9407.000
586.693	9369.000
586.892	9353.000
587.091	9347.000
587.289	9152.000
587.488	9031.000
587.686	8948.000
587.885	8870.000
588.084	8755.000
588.282	8572.000
588.481	8270.000
588.680	8174.000
588.878	8196.000
589.077	8126.000
589.276	8126.000
589.474	8246.000
589.673	8320.000
589.871	8295.000
590.070	8285.000
590.269	8338.000
590.467	8494.000
590.666	8469.000
590.865	8369.000
591.063	8387.000
591.262	8496.000
591.461	8520.000
591.659	8514.000
591.858	8640.000
592.056	8594.000
592.255	8546.000
592.454	8526.000
592.652	8485.000
592.851	8481.000
593.050	8541.000
593.248	8536.000
593.447	8484.000
593.646	8454.000
593.844	8526.000
594.043	8461.000
594.241	8357.000
594.440	8317.000
594.639	8357.000
594.837	8455.000
595.036	8369.000
595.235	8353.000
595.433	8411.000
595.632	8419.000
595.831	8383.000
596.029	8488.000
596.228	8462.000
596.427	8550.000
596.625	8576.000
596.824	8398.000
597.022	8417.000
597.221	8357.000
597.420	8411.000
597.618	8435.000
597.817	8401.000
598.016	8378.000
598.214	8321.000
598.413	8344.000
598.612	8345.000
598.810	8469.000
599.009	8480.000
599.207	8506.000
599.406	8483.000
599.605	8366.000
599.803	8359.000
600.002	8428.000
600.201	8375.000
600.399	8322.000
600.598	8417.000
600.797	8396.000
600.995	8462.000
601.194	8371.000
601.392	8293.000
601.591	8224.000
601.790	8273.000
601.988	8318.000
602.187	8292.000
602.386	8274.000
602.584	8315.000
602.783	8285.000
602.982	8407.000
603.180	8441.000
603.379	8473.000
603.577	8445.000
603.776	8310.000
603.975	8447.000
604.173	8428.000
604.372	8312.000
604.571	8308.000
604.769	8344.000
604.968	8497.000
605.167	8479.000
605.365	8342.000
605.564	8359.000
605.762	8371.000
605.961	8333.000
606.160	8274.000
606.358	8295.000
606.557	8318.000
606.756	8384.000
606.954	8424.000
607.153	8420.000
607.352	8363.000
607.550	8222.000
607.749	8171.000
607.948	8231.000
608.146	8236.000
608.345	8175.000
608.543	8238.000
608.742	8190.000
608.941	8037.000
609.139	8044.000
609.338	8005.000
609.537	8146.000
609.735	8171.000
609.934	8187.000
610.133	8040.000
610.331	8054.000
610.530	8066.000
610.728	8128.000
610.927	8229.000
611.126	8171.000
611.324	8026.000
611.523	8028.000
611.722	8065.000
611.920	8129.000
612.119	7973.000
612.318	7878.000
612.516	7822.000
612.715	7881.000
612.913	7877.000
613.112	7811.000
613.311	7887.000
613.509	7830.000
613.708	7742.000
613.907	7764.000
614.105	7777.000
614.304	7782.000
614.503	7750.000
614.701	7775.000
614.900	7782.000
615.098	7742.000
615.297	7798.000
615.496	7766.000
615.694	7669.000
615.893	7697.000
616.092	7577.000
616.290	7604.000
616.489	7665.000
616.688	7556.000
616.886	7555.000
617.085	7460.000
617.283	7569.000
617.482	7542.000
617.681	7519.000
617.879	7530.000
618.078	7513.000
618.277	7584.000
618.475	7605.000
618.674	7605.000
618.873	7564.000
619.071	7591.000
619.270	7663.000
619.468	7601.000
619.667	7702.000
619.866	7720.000
620.064	7680.000
620.263	7556.000
620.462	7522.000
620.660	7546.000
620.859	7538.000
621.058	7546.000
621.256	7567.000
621.455	7445.000
621.654	7465.000
621.852	7509.000
622.051	7525.000
622.249	7491.000
622.448	7403.000
622.647	7258.000
622.845	7327.000
623.044	7292.000
623.243	7348.000
623.441	7367.000
623.640	7264.000
623.839	7153.000
624.037	7148.000
624.236	7241.000
624.434	7244.000
624.633	7205.000
624.832	7240.000
625.030	7201.000
625.229	7099.000
625.428	7000.000
625.626	7001.000
625.825	7034.000
626.024	7170.000
626.222	7113.000
626.421	7090.000
626.619	7065.000
626.818	7033.000
627.017	6994.000
627.215	7004.000
627.414	6918.000
627.613	6931.000
627.811	7029.000
628.010	6913.000
628.209	6917.000
628.407	6979.000
628.606	7003.000
628.804	6929.000
629.003	6946.000
629.202	6911.000
629.400	6827.000
629.599	6701.000
629.798	6808.000
629.996	6800.000
630.195	6760.000
630.394	6773.000
630.592	6859.000
630.791	6863.000
630.990	6762.000
631.188	6696.000
631.387	6763.000
631.585	6817.000
631.784	6692.000
631.983	6647.000
632.181	6732.000
632.380	6830.000
632.579	6827.000
632.777	6718.000
632.976	6636.000
633.175	6658.000
633.373	6819.000
633.572	6885.000
633.770	6874.000
633.969	6827.000
634.168	6808.000
634.366	6750.000
634.565	6753.000
634.764	6770.000
634.962	6741.000
635.161	6778.000
635.360	6795.000
635.558	6828.000
635.757	6821.000
635.955	6839.000
636.154	6695.000
636.353	6725.000
636.551	6791.000
636.750	6862.000
636.949	6902.000
637.147	6810.000
637.346	6722.000
637.545	6719.000
637.743	6688.000
637.942	6696.000
638.140	6798.000
638.339	6842.000
638.538	6754.000
638.736	6677.000
638.935	6683.000
639.134	6753.000
639.332	6693.000
639.531	6746.000
639.730	6757.000
639.928	6736.000
640.127	6767.000
640.325	6677.000
640.524	6652.000
640.723	6694.000
640.921	6725.000
641.120	6622.000
641.319	6605.000
641.517	6623.000
641.716	6678.000
641.915	6699.000
642.113	6619.000
642.312	6570.000
642.510	6606.000
642.709	6552.000
642.908	6579.000
643.106	6661.000
643.305	6573.000
643.504	6617.000
643.702	6809.000
643.901	6728.000
644.100	6670.000
644.298	6613.000
644.497	6569.000
644.696	6532.000
644.894	6604.000
645.093	6584.000
645.291	6592.000
645.490	6600.000
645.689	6505.000
645.887	6443.000
646.086	6530.000
646.285	6454.000
646.483	6332.000
646.682	6330.000
646.881	6291.000
647.079	6341.000
647.278	6397.000
647.476	6361.000
647.675	6325.000
647.874	6341.000
648.072	6399.000
648.271	6370.000
648.470	6277.000
648.668	6304.000
648.867	6269.000
649.066	6082.000
649.264	6100.000
649.463	6186.000
649.661	6254.000
649.860	6296.000
650.059	6275.000
650.257	6221.000
650.456	6331.000
650.655	6345.000
650.853	6296.000
651.052	6426.000
651.251	6354.000
651.449	6289.000
651.648	6386.000
651.846	6359.000
652.045	6294.000
652.244	6320.000
652.442	6339.000
652.641	6312.000
652.840	6390.000
653.038	6434.000
653.237	6439.000
653.436	6455.000
653.634	6318.000
653.833	6262.000
654.032	6274.000
654.230	6291.000
654.429	6260.000
654.627	6344.000
654.826	6301.000
655.025	6207.000
655.223	6115.000
655.422	5877.000
655.621	5730.000
655.819	5694.000
656.018	5602.000
656.217	5558.000
656.415	5651.000
656.614	5776.000
656.812	5843.000
657.011	5917.000
657.210	5904.000
657.408	5800.000
657.607	5859.000
657.806	5923.000
658.004	5952.000
658.203	6082.000
658.402	6134.000
658.600	6193.000
658.799	6232.000
658.997	6191.000
659.196	6280.000
659.395	6247.000
659.593	6195.000
659.792	6181.000
659.991	6176.000
660.189	6259.000
660.388	6312.000
660.587	6282.000
660.785	6334.000
660.984	6432.000
661.182	6341.000
661.381	6357.000
661.580	6347.000
661.778	6242.000
661.977	6324.000
662.176	6428.000
662.374	6322.000
662.573	6308.000
662.772	6320.000
662.970	6236.000
663.169	6140.000
663.367	6193.000
663.566	6117.000
663.765	6219.000
663.963	6256.000
664.162	6302.000
664.361	6240.000
664.559	6231.000
664.758	6269.000
664.957	6216.000
665.155	6127.000
665.354	6098.000
665.552	6204.000
665.751	6221.000
665.950	6205.000
666.148	6272.000
666.347	6249.000
666.546	6115.000
666.744	6115.000
666.943	6118.000
667.142	6092.000
667.340	6095.000
667.539	6112.000
667.738	6139.000
667.936	6125.000
668.135	6101.000
668.333	6189.000
668.532	6198.000
668.731	6084.000
668.929	6101.000
669.128	6116.000
669.327	6117.000
669.525	6031.000
669.724	6068.000
669.923	6083.000
670.121	6019.000
670.320	6022.000
670.518	6013.000
670.717	5958.000
670.916	5915.000
671.114	5946.000
671.313	5977.000
671.512	5975.000
671.710	5924.000
671.909	5968.000
672.108	6034.000
672.306	6139.000
672.505	5996.000
672.703	5878.000
672.902	5892.000
673.101	5847.000
673.299	5904.000
673.498	5928.000
673.697	5883.000
673.895	5847.000
674.094	5909.000
674.293	5869.000
674.491	5799.000
674.690	5834.000
674.888	5908.000
675.087	5882.000
675.286	5803.000
675.484	5889.000
675.683	5847.000
675.882	5852.000
676.080	5869.000
676.279	5820.000
676.478	5771.000
676.676	5709.000
676.875	5708.000
677.073	5710.000
677.272	5682.000
677.471	5627.000
677.669	5806.000
677.868	5800.000
678.067	5760.000
678.265	5754.000
678.464	5741.000
678.663	5618.000
678.861	5677.000
679.060	5739.000
679.259	5672.000
679.457	5700.000
679.656	5665.000
679.854	5654.000
680.053	5606.000
680.252	5587.000
680.450	5566.000
680.649	5674.000
680.848	5575.000
681.046	5555.000
681.245	5523.000
681.444	5525.000
681.642	5586.000
681.841	5596.000
682.039	5587.000
682.238	5477.000
682.437	5435.000
682.635	5480.000
682.834	5384.000
683.033	5344.000
683.231	5401.000
683.430	5454.000
683.629	5475.000
683.827	5394.000
684.026	5477.000
684.224	5520.000
684.423	5413.000
684.622	5414.000
684.820	5378.000
685.019	5356.000
685.218	5307.000
685.416	5233.000
685.615	5131.000
685.814	5052.000
686.012	4924.000
686.211	4762.000
686.409	4570.000
686.608	4513.000
686.807	4512.000
687.005	4491.000
687.204	4543.000
687.403	4435.000
687.601	4471.000
687.800	4525.000
687.999	4495.000
688.197	4548.000
688.396	4504.000
688.594	4486.000
688.793	4405.000
688.992	4423.000
689.190	4477.000
689.389	4480.000
689.588	4432.000
689.786	4448.000
689.985	4558.000
690.184	4621.000
690.382	4669.000
690.581	4649.000
690.779	4708.000
690.978	4639.000
691.177	4687.000
691.375	4670.000
691.574	4818.000
691.773	4849.000
691.971	4750.000
692.170	4803.000
692.369	4780.000
692.567	4638.000
692.766	4718.000
692.965	4787.000
693.163	4798.000
693.362	4831.000
693.560	4720.000
693.759	4735.000
693.958	4745.000
694.156	4767.000
694.355	4791.000
694.554	4759.000
694.752	4759.000
694.951	4700.000
695.150	4681.000
695.348	4776.000
695.547	4776.000
695.745	4904.000
695.944	4934.000
696.143	4899.000
696.341	4901.000
696.540	4950.000
696.743	5027.000
696.946	4896.000
697.149	4859.000
697.352	4900.000
697.555	4966.000
697.757	4886.000
697.960	4798.000
698.163	4885.000
698.366	4899.000
698.569	4814.000
698.772	4835.000
698.975	4962.000
699.178	4826.000
699.381	4712.000
699.584	4849.000
699.787	4828.000
699.989	4767.000
700.192	4767.000
700.395	4776.000
700.598	4833.000
700.801	4723.000
701.004	4722.000
701.207	4819.000
701.410	4819.000
701.613	4757.000
701.816	4729.000
702.019	4698.000
702.221	4719.000
702.424	4759.000
702.627	4795.000
702.830	4733.000
703.033	4795.000
703.236	4771.000
703.439	4732.000
703.642	4764.000
703.845	4906.000
704.048	4910.000
704.251	4802.000
704.453	4775.000
704.656	4853.000
704.859	4933.000
705.062	4853.000
705.265	4817.000
705.468	4779.000
705.671	4837.000
705.874	4847.000
706.077	4776.000
706.280	4791.000
706.483	4827.000
706.685	4910.000
706.888	4952.000
707.091	4839.000
707.294	4815.000
707.497	4931.000
707.700	4930.000
707.903	5010.000
708.106	4950.000
708.309	4913.000
708.512	4988.000
708.715	4976.000
708.917	4939.000
709.120	4869.000
709.323	4850.000
709.526	4895.000
709.729	4867.000
709.932	4832.000
710.135	4892.000
710.338	4802.000
710.541	4795.000
710.744	4895.000
710.947	4946.000
711.149	4822.000
711.352	4784.000
711.555	4798.000
711.758	4792.000
711.961	4844.000
712.164	4862.000
712.367	4825.000
712.570	4802.000
712.773	4806.000
712.976	4835.000
713.179	4807.000
713.381	4684.000
713.584	4731.000
713.787	4739.000
713.990	4719.000
714.193	4802.000
714.396	4712.000
714.599	4714.000
714.802	4715.000
715.005	4673.000
715.208	4623.000
715.411	4539.000
715.613	4479.000
715.816	4388.000
716.019	4272.000
716.222	4172.000
716.425	4039.000
716.628	3893.000
716.831	3785.000
717.034	3828.000
717.237	3875.000
717.440	3765.000
717.643	3701.000
717.845	3705.000
718.048	3639.000
718.251	3609.000
718.454	3515.000
718.657	3444.000
718.860	3474.000
719.063	3461.000
719.266	3399.000
719.469	3346.000
719.672	3348.000
719.875	3460.000
720.077	3523.000
720.280	3577.000
720.483	3689.000
720.686	3771.000
720.889	3804.000
721.092	3790.000
721.295	3823.000
721.498	3795.000
721.701	3868.000
721.904	3913.000
722.107	3971.000
722.309	3913.000
722.512	3777.000
722.715	3740.000
722.918	3757.000
723.121	3667.000
723.324	3632.000
723.527	3655.000
723.730	3564.000
723.933	3558.000
724.136	3591.000
724.339	3588.000
724.541	3585.000
724.744	3573.000
724.947	3516.000
725.150	3504.000
725.353	3529.000
725.556	3517.000
725.759	3590.000
725.962	3566.000
726.165	3553.000
726.368	3573.000
726.571	3597.000
726.773	3540.000
726.976	3554.000
727.179	3579.000
727.382	3551.000
727.585	3540.000
727.788	3517.000
727.991	3492.000
728.194	3558.000
728.397	3475.000
728.600	3415.000
728.803	3460.000
729.005	3426.000
729.208	3521.000
729.411	3588.000
729.614	3434.000
729.817	3439.000
730.020	3457.000
730.223	3540.000
730.426	3547.000
730.629	3564.000
730.832	3602.000
731.035	3597.000
731.237	3667.000
731.440	3677.000
731.643	3701.000
731.846	3667.000
732.049	3736.000
732.252	3778.000
732.455	3840.000
732.658	3836.000
732.861	3808.000
733.064	3796.000
733.267	3961.000
733.469	4004.000
733.672	3946.000
733.875	3934.000
734.078	3939.000
734.281	3921.000
734.484	3851.000
734.687	3849.000
734.890	3905.000
735.093	3981.000
735.296	4030.000
735.499	3996.000
735.701	3944.000
735.904	3935.000
736.107	3953.000
736.310	3914.000
736.513	3938.000
736.716	3974.000
736.919	3877.000
737.122	3861.000
737.325	3923.000
737.528	3860.000
737.731	3859.000
737.933	3834.000
738.136	3807.000
738.339	3854.000
738.542	3857.000
738.745	3853.000
738.948	3925.000
739.151	3873.000
739.354	3803.000
739.557	3750.000
739.760	3851.000
739.963	3817.000
740.165	3938.000
740.368	3938.000
740.571	3833.000
740.774	3784.000
740.977	3782.000
741.180	3743.000
741.383	3754.000
741.586	3771.000
741.789	3831.000
741.992	3883.000
742.195	3904.000
742.397	3852.000
742.600	3820.000
742.803	3829.000
743.006	3877.000
743.209	3857.000
743.412	3770.000
743.615	3787.000
743.818	3861.000
744.021	3817.000
744.224	3821.000
744.427	3821.000
744.629	3800.000
744.832	3818.000
745.035	3784.000
745.238	3748.000
745.441	3715.000
745.644	3778.000
745.847	3842.000
746.050	3795.000
746.253	3817.000
746.456	3846.000
746.659	3773.000
746.861	3655.000
747.064	3670.000
747.267	3675.000
747.470	3671.000
747.673	3702.000
747.876	3792.000
748.079	3756.000
748.282	3760.000
748.485	3655.000
748.688	3725.000
748.891	3761.000
749.093	3701.000
749.296	3679.000
749.499	3642.000
749.702	3609.000
749.905	3643.000
750.108	3709.000
750.311	3602.000
750.514	3598.000
750.717	3573.000
750.920	3604.000
751.123	3613.000
751.325	3518.000
751.528	3481.000
751.731	3642.000
751.934	3651.000
752.137	3569.000
752.340	3500.000
752.543	3610.000
752.746	3551.000
752.949	3519.000
753.152	3575.000
753.355	3555.000
753.557	3507.000
753.760	3522.000
753.963	3524.000
754.166	3510.000
754.369	3513.000
754.572	3502.000
754.775	3490.000
754.978	3516.000
755.181	3429.000
755.384	3298.000
755.587	3343.000
755.789	3378.000
755.992	3448.000
756.195	3430.000
756.398	3376.000
756.601	3422.000
756.804	3495.000
757.007	3453.000
757.210	3351.000
757.413	3359.000
757.616	3256.000
757.819	3291.000
758.021	3222.000
758.224	2948.000
758.427	2770.000
758.630	2524.000
758.833	2364.000
759.036	2179.000
759.239	1934.000
759.442	1833.000
759.645	1652.000
759.848	1553.000
760.051	1502.000
760.253	1482.000
760.456	1518.000
760.659	1512.000
760.862	1515.000
761.065	1456.000
761.268	1464.000
761.471	1470.000
761.674	1446.000
761.877	1400.000
762.080	1400.000
762.283	1385.000
762.485	1377.000
762.688	1419.000
762.891	1498.000
763.094	1533.000
763.297	1543.000
763.500	1572.000
763.706	1699.000
763.912	1750.000
764.118	1742.000
764.325	1812.000
764.531	1797.000
764.737	1932.000
764.943	1979.000
765.149	2020.000
765.355	2112.000
765.561	2238.000
765.768	2212.000
765.974	2274.000
766.180	2388.000
766.386	2460.000
766.592	2516.000
766.798	2495.000
767.004	2509.000
767.210	2576.000
767.417	2647.000
767.623	2716.000
767.829	2752.000
768.035	2720.000
768.241	2679.000
768.447	2767.000
768.653	2818.000
768.860	2769.000
769.066	2786.000
769.272	2863.000
769.478	2924.000
769.684	2899.000
769.890	2964.000
770.096	2959.000
770.303	2891.000
770.509	2932.000
770.715	2844.000
770.921	2831.000
771.127	2896.000
771.333	3005.000
771.539	2936.000
771.745	2916.000
771.952	2897.000
772.158	2775.000
772.364	2738.000
772.570	2828.000
772.776	2910.000
772.982	2941.000
773.188	2829.000
773.395	2791.000
773.601	2768.000
773.807	2767.000
774.013	2750.000
774.219	2789.000
774.425	2808.000
774.631	2808.000
774.838	2771.000
775.044	2779.000
775.250	2819.000
775.456	2800.000
775.662	2764.000
775.868	2800.000
776.074	2830.000
776.281	2771.000
776.487	2723.000
776.693	2777.000
776.899	2795.000
777.105	2754.000
777.311	2774.000
777.517	2761.000
777.723	2755.000
777.930	2693.000
778.136	2753.000
778.342	2753.000
778.548	2726.000
778.754	2739.000
778.960	2713.000
779.166	2690.000
779.373	2703.000
779.579	2707.000
779.785	2688.000
779.991	2705.000
780.197	2688.000
780.403	2667.000
780.609	2684.000
780.816	2653.000
781.022	2627.000
781.228	2640.000
781.434	2692.000
781.640	2713.000
781.846	2654.000
782.052	2633.000
782.259	2574.000
782.465	2608.000
782.671	2621.000
782.877	2516.000
783.083	2493.000
783.289	2512.000
783.495	2540.000
783.701	2656.000
783.908	2645.000
784.114	2582.000
784.320	2604.000
784.526	2446.000
784.732	2388.000
784.938	2446.000
785.144	2413.000
785.351	2439.000
785.557	2531.000
785.763	2540.000
785.969	2512.000
786.175	2510.000
786.381	2534.000
786.587	2450.000
786.794	2425.000
787.000	2399.000
787.206	2397.000
787.412	2463.000
787.618	2458.000
787.824	2342.000
788.030	2346.000
788.236	2364.000
788.443	2310.000
788.649	2322.000
788.855	2336.000
789.061	2320.000
789.267	2332.000
789.473	2294.000
789.679	2310.000
789.886	2374.000
790.092	2330.000
790.298	2189.000
790.504	2170.000
790.710	2240.000
790.916	2293.000
791.122	2277.000
791.329	2236.000
791.535	2281.000
791.741	2245.000
791.947	2256.000
792.153	2263.000
792.359	2260.000
792.565	2235.000
792.771	2207.000
792.978	2180.000
793.184	2169.000
793.390	2178.000
793.596	2238.000
793.802	2169.000
794.008	2184.000
794.214	2210.000
794.421	2164.000
794.627	2163.000
794.833	2166.000
795.039	2131.000
795.245	2073.000
795.451	2098.000
795.657	2084.000
795.864	2028.000
796.070	2177.000
796.276	2198.000
796.482	2154.000
796.688	2169.000
796.894	2051.000
797.100	1989.000
797.307	2055.000
797.513	2117.000
797.719	2088.000
797.925	2126.000
798.131	2049.000
798.337	2000.000
798.543	1976.000
798.749	2023.000
798.956	2135.000
799.162	2136.000
799.368	2048.000
799.574	2012.000
799.780	1982.000
799.986	1967.000
800.192	1998.000
800.399	1990.000
800.605	1986.000
800.811	1992.000
801.017	1995.000
801.223	2000.000
801.429	1961.000
801.635	1900.000
801.842	1920.000
802.048	1927.000
802.254	1935.000
802.460	1856.000
802.666	1820.000
802.872	1917.000
803.078	1980.000
803.285	1966.000
803.491	1844.000
803.697	1936.000
803.903	1959.000
804.109	1871.000
804.315	1907.000
804.521	1909.000
804.727	1871.000
804.934	1885.000
805.140	1934.000
805.346	1963.000
805.552	1951.000
805.758	1944.000
805.964	1914.000
806.170	1939.000
806.377	1898.000
806.583	1796.000
806.789	1795.000
806.995	1784.000
807.201	1863.000
807.407	1886.000
807.613	1854.000
807.820	1830.000
808.026	1851.000
808.232	1852.000
808.438	1834.000
808.644	1811.000
808.850	1752.000
809.056	1788.000
809.262	1751.000
809.469	1723.000
809.675	1751.000
809.881	1769.000
810.087	1744.000
810.293	1708.000
810.499	1691.000
810.705	1745.000
810.912	1666.000
811.118	1673.000
811.324	1643.000
811.530	1651.000
811.739	1649.000
811.947	1631.000
812.156	1603.000
812.365	1595.000
812.573	1526.000
812.782	1477.000
812.990	1521.000
813.199	1548.000
813.408	1500.000
813.616	1473.000
813.825	1447.000
814.034	1455.000
814.242	1455.000
814.451	1408.000
814.659	1334.000
814.868	1356.000
815.077	1353.000
815.285	1341.000
815.494	1260.000
815.703	1319.000
815.911	1341.000
816.120	1252.000
816.329	1214.000
816.537	1216.000
816.746	1279.000
816.954	1233.000
817.163	1191.000
817.372	1185.000
817.580	1258.000
817.789	1241.000
817.998	1275.000
818.206	1275.000
818.415	1248.000
818.624	1258.000
818.832	1246.000
819.041	1240.000
819.249	1299.000
819.458	1310.000
819.667	1359.000
819.875	1374.000
820.084	1345.000
820.293	1285.000
820.501	1289.000
820.710	1312.000
820.919	1350.000
821.127	1302.000
821.336	1264.000
821.544	1218.000
821.753	1198.000
821.962	1176.000
822.170	1152.000
822.379	1132.000
822.588	1121.000
822.796	1164.000
823.005	1172.000
823.213	1220.000
823.422	1295.000
823.631	1315.000
823.839	1260.000
824.048	1261.000
824.257	1284.000
824.465	1254.000
824.674	1234.000
824.883	1266.000
825.091	1224.000
825.300	1254.000
825.508	1321.000
825.717	1314.000
825.926	1314.000
826.134	1327.000
826.343	1264.000
826.552	1244.000
826.760	1278.000
826.969	1257.000
827.178	1227.000
827.386	1284.000
827.595	1305.000
827.803	1272.000
828.012	1205.000
828.221	1165.000
828.429	1179.000
828.638	1230.000
828.847	1282.000
829.055	1229.000
829.264	1193.000
829.472	1243.000
829.681	1253.000
829.890	1189.000
830.098	1192.000
830.307	1165.000
830.516	1188.000
830.724	1172.000
830.933	1137.000
831.142	1144.000
831.350	1205.000
831.559	1236.000
831.767	1182.000
831.976	1240.000
832.185	1228.000
832.393	1186.000
832.602	1133.000
832.811	1116.000
833.019	1174.000
833.228	1145.000
833.437	1128.000
833.645	1174.000
833.854	1173.000
834.062	1185.000
834.271	1206.000
834.480	1204.000
834.688	1220.000
834.897	1192.000
835.106	1123.000
835.314	1132.000
835.523	1212.000
835.731	1293.000
835.940	1284.000
836.149	1215.000
836.357	1190.000
836.566	1200.000
836.775	1232.000
836.983	1212.000
837.192	1132.000
837.401	1170.000
837.609	1214.000
837.818	1240.000
838.026	1213.000
838.235	1200.000
838.444	1270.000
838.652	1287.000
838.861	1244.000
839.070	1235.000
839.278	1199.000
839.487	1223.000
839.696	1287.000
839.904	1257.000
840.113	1247.000
840.321	1234.000
840.530	1217.000
840.739	1173.000
840.947	1188.000
841.156	1163.000
841.365	1202.000
841.573	1238.000
841.782	1226.000
841.991	1180.000
842.199	1144.000
842.408	1172.000
842.616	1200.000
842.825	1152.000
843.034	1159.000
843.242	1118.000
843.451	1139.000
843.660	1187.000
843.868	1167.000
844.077	1154.000
844.285	1198.000
844.494	1240.000
844.703	1171.000
844.911	1075.000
845.120	1103.000
845.329	1200.000
845.537	1189.000
845.746	1164.000
845.955	1164.000
846.163	1210.000
846.372	1146.000
846.580	1133.000
846.789	1140.000
846.998	1134.000
847.206	1145.000
847.415	1142.000
847.624	1139.000
847.832	1190.000
848.041	1116.000
848.250	1081.000
848.458	1073.000
848.667	1074.000
848.875	1116.000
849.084	1072.000
849.293	1052.000
849.501	1032.000
849.710	1002.000
849.919	1015.000
850.127	1020.000
850.336	1028.000
850.544	992.000
850.753	1031.000
850.962	1001.000
851.170	986.000
851.379	1043.000
851.588	1049.000
851.796	1084.000
852.005	1063.000
852.214	1015.000
852.422	1024.000
852.631	1034.000
852.839	943.000
853.048	885.000
853.257	904.000
853.465	878.000
853.674	884.000
853.883	902.000
854.091	866.000
854.300	911.000
854.509	901.000
854.717	938.000
854.926	936.000
855.134	934.000
855.343	948.000
855.552	979.000
855.760	953.000
855.969	914.000
856.178	929.000
856.386	966.000
856.595	963.000
856.803	1003.000
857.012	1000.000
857.221	933.000
857.429	947.000
857.638	985.000
857.847	1008.000
858.055	977.000
858.264	924.000
858.473	907.000
858.681	946.000
858.890	897.000
859.098	936.000
859.307	972.000
859.516	937.000
859.724	963.000
859.933	972.000
860.142	927.000
860.350	926.000
860.559	863.000
860.768	890.000
860.976	919.000
861.185	871.000
861.393	864.000
861.602	891.000
861.811	887.000
862.019	902.000
862.228	924.000
862.437	931.000
862.645	900.000
862.854	916.000
863.062	919.000
863.271	914.000
863.480	942.000
863.688	952.000
863.897	899.000
864.106	853.000
864.314	826.000
864.523	827.000
864.732	846.000
864.940	835.000
865.149	796.000
865.357	818.000
865.566	815.000
865.775	810.000
865.983	867.000
866.192	812.000
866.401	804.000
866.609	813.000
866.818	846.000
867.027	838.000
867.235	797.000
867.444	780.000
867.652	807.000
867.861	861.000
868.070	839.000
868.278	808.000
868.487	807.000
868.696	785.000
868.904	799.000
869.113	781.000
869.321	800.000
869.530	821.000
869.739	804.000
869.947	852.000
870.156	788.000
870.365	687.000
870.573	739.000
870.782	763.000
870.991	742.000
871.199	703.000
871.408	709.000
871.616	760.000
871.825	757.000
872.034	776.000
872.242	819.000
872.451	801.000
872.660	779.000
872.868	769.000
873.077	736.000
873.286	708.000
873.494	745.000
873.703	784.000
873.911	789.000
874.120	693.000
874.329	688.000
874.537	753.000
874.746	705.000
874.955	738.000
875.163	703.000
875.372	693.000
875.581	708.000
875.789	696.000
875.998	672.000
876.206	720.000
876.415	726.000
876.624	687.000
876.832	680.000
877.041	709.000
877.250	722.000
877.458	656.000
877.667	728.000
877.875	714.000
878.084	684.000
878.293	709.000
878.501	735.000
878.710	721.000
878.919	707.000
879.127	626.000
879.336	584.000
879.545	624.000
879.753	648.000
879.962	638.000
880.170	645.000
880.379	652.000
880.588	667.000
880.796	651.000
881.005	638.000
881.214	657.000
881.422	567.000
881.631	579.000
881.840	672.000
882.048	711.000
882.257	740.000
882.465	628.000
882.674	595.000
882.883	632.000
883.091	599.000
883.300	591.000
883.509	610.000
883.717	619.000
883.926	693.000
884.134	673.000
884.343	601.000
884.552	595.000
884.760	609.000
884.969	638.000
885.178	598.000
885.386	614.000
885.595	599.000
885.804	586.000
886.012	579.000
886.221	592.000
886.429	564.000
886.638	579.000
886.847	556.000
887.055	584.000
887.264	588.000
887.473	569.000
887.681	579.000
887.890	609.000
888.099	590.000
888.307	556.000
888.516	535.000
888.724	554.000
888.933	578.000
889.142	577.000
889.350	529.000
889.559	550.000
889.768	586.000
889.976	592.000
890.185	558.000
890.393	579.000
890.602	565.000
890.811	531.000
891.019	543.000
891.228	611.000
891.437	570.000
891.645	469.000
891.854	509.000
892.063	556.000
892.271	532.000
892.480	488.000
892.688	524.000
892.897	540.000
893.106	524.000
893.314	548.000
893.523	490.000
893.732	505.000
893.940	530.000
894.149	497.000
894.358	516.000
894.566	512.000
894.775	462.000
894.983	458.000
895.192	475.000
895.401	481.000
895.609	419.000
895.818	420.000
896.027	415.000
896.235	430.000
896.444	442.000
896.652	448.000
896.861	450.000
897.070	478.000
897.278	507.000
897.487	465.000
897.696	428.000
897.904	364.000
898.113	387.000
898.322	407.000
898.530	376.000
898.739	388.000
898.947	373.000
899.156	369.000
899.365	374.000
899.573	381.000
899.782	385.000
899.991	379.000
900.199	381.000
900.408	365.000
900.617	358.000
900.825	423.000
901.034	432.000
901.242	392.000
901.451	348.000
901.660	364.000
901.868	403.000
902.077	398.000
902.286	350.000
902.494	370.000
902.703	417.000
902.911	393.000
903.120	417.000
903.329	415.000
903.537	410.000
903.746	409.000
903.955	403.000
904.163	395.000
904.372	409.000
904.581	425.000
904.789	449.000
904.998	360.000
905.206	373.000
905.415	433.000
905.624	458.000
905.832	416.000
906.041	371.000
906.250	410.000
906.458	427.000
906.667	404.000
906.876	311.000
907.084	348.000
907.293	340.000
907.501	350.000
907.710	363.000
907.919	376.000
908.127	401.000
908.336	365.000
908.545	400.000
908.753	371.000
908.962	341.000
909.170	346.000
909.379	333.000
909.588	383.000
909.796	374.000
910.005	379.000
910.214	319.000
910.422	325.000
910.631	307.000
910.840	354.000
911.048	359.000
911.257	292.000
911.465	337.000
911.674	308.000
911.883	341.000
912.091	359.000
912.300	351.000
912.508	328.000
912.716	320.000
912.924	273.000
913.132	287.000
913.340	317.000
913.549	310.000
913.757	291.000
913.965	319.000
914.173	313.000
914.381	302.000
914.589	331.000
914.797	340.000
915.005	331.000
915.213	330.000
915.421	322.000
915.629	295.000
915.838	261.000
916.046	270.000
916.254	301.000
916.462	315.000
916.670	274.000
916.878	284.000
917.086	316.000
917.294	340.000
917.502	316.000
917.710	314.000
917.919	337.000
918.127	306.000
918.335	290.000
918.543	252.000
918.751	302.000
918.959	342.000
919.167	285.000
919.375	292.000
919.583	390.000
919.791	344.000
919.999	323.000
920.208	367.000
920.416	310.000
920.624	321.000
920.832	332.000
921.040	315.000
921.248	292.000
921.456	275.000
921.664	279.000
921.872	260.000
922.080	320.000
922.288	358.000
922.497	327.000
922.705	300.000
922.913	332.000
923.121	330.000
923.329	294.000
923.537	283.000
923.745	299.000
923.953	302.000
924.161	277.000
924.369	301.000
924.578	301.000
924.786	323.000
924.994	356.000
925.202	328.000
925.410	271.000
925.618	266.000
925.826	266.000
926.034	302.000
926.242	323.000
926.450	280.000
926.658	280.000
926.867	332.000
927.075	272.000
927.283	256.000
927.491	228.000
927.699	235.000
927.907	266.000
928.115	290.000
928.323	226.000
928.531	235.000
928.739	199.000
928.947	155.000
929.156	197.000
929.364	222.000
929.572	177.000
929.780	159.000
929.988	167.000
930.196	157.000
930.404	152.000
930.612	128.000
930.820	115.000
931.028	121.000
931.236	142.000
931.445	137.000
931.653	130.000
931.861	113.000
932.069	70.000
932.277	166.000
932.485	193.000
932.693	136.000
932.901	105.000
933.109	112.000
933.317	94.000
933.526	108.000
933.734	105.000
933.942	66.000
934.150	99.000
934.358	128.000
934.566	105.000
934.774	58.000
934.982	74.000
935.190	66.000
935.398	103.000
935.606	102.000
935.815	78.000
936.023	119.000
936.231	151.000
936.439	137.000
936.647	126.000
936.855	101.000
937.063	68.000
937.271	93.000
937.479	122.000
937.687	94.000
937.895	81.000
938.104	119.000
938.312	139.000
938.520	145.000
938.728	121.000
938.936	104.000
939.144	82.000
939.352	66.000
939.560	116.000
939.768	94.000
939.976	98.000
940.185	118.000
940.393	104.000
940.601	78.000
940.809	76.000
941.017	126.000
941.225	84.000
941.433	85.000
941.641	70.000
941.849	-2.000
942.057	74.000
942.265	100.000
942.474	112.000
942.682	124.000
942.890	107.000
943.098	100.000
943.306	79.000
943.514	31.000
943.722	7.000
943.930	57.000
944.138	77.000
944.346	72.000
944.554	125.000
944.763	76.000
944.971	80.000
945.179	59.000
945.387	95.000
945.595	106.000
945.803	85.000
946.011	52.000
946.219	134.000
946.427	100.000
946.635	62.000
946.843	124.000
947.052	136.000
947.260	72.000
947.468	54.000
947.676	34.000
947.884	31.000
948.092	98.000
948.300	141.000
948.508	129.000
948.716	86.000
948.924	99.000
949.133	110.000
949.341	135.000
949.549	104.000
949.757	81.000
949.965	101.000
950.173	95.000
950.381	78.000
950.589	46.000
950.797	96.000
951.005	101.000
951.213	56.000
951.422	75.000
951.630	49.000
951.838	57.000
952.046	128.000
952.254	140.000
952.462	114.000
952.670	147.000
952.878	136.000
953.086	120.000
953.294	106.000
953.502	80.000
953.711	124.000
953.919	79.000
954.127	90.000
954.335	77.000
954.543	82.000
954.751	80.000
954.959	72.000
955.167	112.000
955.375	121.000
955.583	69.000
955.792	72.000
956.000	101.000
956.208	95.000
956.416	96.000
956.624	106.000
956.832	81.000
957.040	52.000
957.248	95.000
957.456	119.000
957.664	93.000
957.872	28.000
958.081	7.000
958.289	50.000
958.497	83.000
958.705	95.000
958.913	88.000
959.121	67.000
959.329	55.000
959.537	27.000
959.745	74.000
959.953	87.000
960.161	64.000
960.370	50.000
960.578	88.000
960.786	105.000
960.994	94.000
961.202	121.000
961.410	122.000
961.618	76.000
961.826	63.000
962.034	96.000
962.242	98.000
962.451	49.000
962.659	79.000
962.867	32.000
963.075	31.000
963.283	107.000
963.491	105.000
963.699	57.000
963.907	86.000
964.115	84.000
964.323	128.000
964.531	140.000
964.740	85.000
964.948	147.000
965.156	83.000
965.364	100.000
965.572	143.000
965.780	94.000
965.999	79.000
966.218	74.000
966.438	59.000
966.657	50.000
966.876	73.000
967.095	107.000
967.315	101.000
967.534	58.000
967.753	101.000
967.972	124.000
968.192	140.000
968.411	116.000
968.630	79.000
968.849	100.000
969.068	143.000
969.288	105.000
969.507	58.000
969.726	105.000
969.945	141.000
970.165	79.000
970.384	100.000
970.603	107.000
970.822	75.000
971.042	59.000
971.261	107.000
971.480	161.000
971.699	128.000
971.919	64.000
972.138	93.000
972.357	83.000
972.576	84.000
972.795	76.000
973.015	79.000
973.234	148.000
973.453	114.000
973.672	82.000
973.892	77.000
974.111	80.000
974.330	81.000
974.549	92.000
974.769	108.000
974.988	128.000
975.207	44.000
975.426	-8.000
975.646	70.000
975.865	114.000
976.084	84.000
976.303	93.000
976.522	83.000
976.742	78.000
976.961	81.000
977.180	99.000
977.399	104.000
977.619	100.000
977.838	112.000
978.057	67.000
978.276	96.000
978.496	82.000
978.715	70.000
978.934	110.000
979.153	35.000
979.372	58.000
979.592	58.000
979.811	92.000
980.030	114.000
980.249	91.000
980.469	90.000
980.688	99.000
980.907	73.000
981.126	113.000
981.346	161.000
981.565	144.000
981.784	66.000
982.003	77.000
982.223	92.000
982.442	149.000
982.661	60.000
982.880	83.000
983.099	147.000
983.319	147.000
983.538	145.000
983.757	128.000
983.976	120.000
984.196	152.000
984.415	133.000
984.634	99.000
984.853	116.000
985.073	119.000
985.292	118.000
985.511	126.000
985.730	99.000
985.949	111.000
986.169	168.000
986.388	126.000
986.607	35.000
986.826	43.000
987.046	19.000
987.265	9.000
987.484	58.000
987.703	92.000
987.923	56.000
988.142	44.000
988.361	88.000
988.580	116.000
988.800	47.000
989.019	49.000
989.238	39.000
989.457	44.000
989.676	73.000
989.896	73.000
990.115	59.000
990.334	103.000
990.553	39.000
990.773	18.000
990.992	30.000
991.211	32.000
991.430	67.000
991.650	84.000
991.869	74.000
992.088	26.000
992.307	42.000
992.527	63.000
992.746	23.000
992.965	17.000
993.184	19.000
993.403	77.000
993.623	95.000
993.842	90.000
994.061	48.000
994.280	66.000
994.500	83.000
994.719	8.000
994.938	17.000
995.157	10.000
995.377	-24.000
995.596	34.000
995.815	65.000
996.034	77.000
996.253	70.000
996.473	56.000
996.692	71.000
996.911	48.000
997.130	69.000
997.350	70.000
997.569	21.000
997.788	33.000
998.007	23.000
998.227	32.000
998.446	71.000
998.665	98.000
998.884	106.000
999.104	72.000
999.323	77.000
999.542	56.000
999.761	23.000
999.980	22.000
1000.200	80.000
1000.419	62.000
1000.638	94.000
1000.857	99.000
1001.077	88.000
1001.296	33.000
1001.515	-13.000
1001.734	28.000
1001.954	31.000
1002.173	72.000
1002.392	88.000
1002.611	123.000
1002.830	80.000
1003.050	39.000
1003.269	55.000
1003.488	54.000
1003.707	41.000
1003.927	51.000
1004.146	39.000
1004.365	41.000
1004.584	54.000
1004.804	60.000
1005.023	58.000
1005.242	28.000
1005.461	9.000
1005.681	41.000
1005.900	52.000
1006.119	27.000
1006.338	27.000
1006.557	44.000
1006.777	74.000
1006.996	101.000
1007.215	16.000
1007.434	38.000
1007.654	51.000
1007.873	42.000
1008.092	55.000
1008.311	27.000
1008.531	-3.000
1008.750	21.000
1008.969	60.000
1009.188	11.000
1009.407	22.000
1009.627	34.000
1009.846	24.000
1010.065	59.000
1010.284	48.000
1010.504	-11.000
1010.723	25.000
1010.942	48.000
1011.161	45.000
1011.381	51.000
1011.600	54.000
1011.819	34.000
1012.038	31.000
1012.258	25.000
1012.477	54.000
1012.696	91.000
1012.915	45.000
1013.134	31.000
1013.354	38.000
1013.573	47.000
1013.792	42.000
1014.011	15.000
1014.231	31.000
1014.450	69.000
1014.669	5.000
1014.888	12.000
1015.108	46.000
1015.327	35.000
1015.546	84.000
1015.765	112.000
1015.984	64.000
1016.204	46.000
1016.423	41.000
1016.642	46.000
1016.861	25.000
1017.081	25.000
1017.300	24.000
1017.519	-12.000
