296.912	142.500
297.101	49.500
297.290	-7.500
297.479	-16.500
297.668	-152.500
297.858	-15.500
298.047	192.500
298.236	109.500
298.425	-42.500
298.614	-105.500
298.803	-126.500
298.992	-0.500
299.181	41.500
299.370	-31.500
299.559	41.500
299.748	105.500
299.937	108.500
300.126	154.500
300.315	-24.500
300.504	-84.500
300.693	-8.500
300.882	-72.500
301.071	-87.500
301.260	-80.500
301.449	-32.500
301.638	62.500
301.827	-15.500
302.016	-22.500
302.205	-31.500
302.395	-116.500
302.584	-64.500
302.773	69.500
302.962	106.500
303.151	-10.500
303.340	-158.500
303.529	-195.500
303.718	-83.500
303.907	-0.500
304.096	12.500
304.285	13.500
304.474	62.500
304.663	24.500
304.852	-57.500
305.041	40.500
305.230	86.500
305.419	46.500
305.608	53.500
305.797	-16.500
305.986	-109.500
306.175	-179.500
306.364	-164.500
306.553	-93.500
306.743	16.500
306.932	54.500
307.121	65.500
307.310	14.500
307.499	1.500
307.688	-56.500
307.877	11.500
308.066	-52.500
308.255	7.500
308.444	155.500
308.633	65.500
308.822	-106.500
309.011	-167.500
309.200	50.500
309.389	112.500
309.578	-77.500
309.767	-31.500
309.956	91.500
310.145	23.500
310.334	-124.500
310.523	-10.500
310.712	-32.500
310.901	-139.500
311.091	-19.500
311.280	84.500
311.469	1.500
311.658	172.500
311.847	50.500
312.036	-108.500
312.225	-80.500
312.414	-126.500
312.603	-123.500
312.792	14.500
312.981	4.500
313.170	-35.500
313.349	-89.500
313.527	-24.500
313.706	-47.500
313.884	-59.500
314.063	8.500
314.241	91.500
314.420	240.500
314.598	92.500
314.777	-23.500
314.955	-104.500
315.134	-3.500
315.312	-42.500
315.491	-110.500
315.669	-7.500
315.848	8.500
316.027	-72.500
316.205	61.500
316.384	18.500
316.562	9.500
316.741	-94.500
316.919	-55.500
317.098	-11.500
317.276	-165.500
317.455	-106.500
317.633	48.500
317.812	182.500
317.990	12.500
318.169	41.500
318.347	81.500
318.526	192.500
318.705	-1.500
318.883	-91.500
319.062	-63.500
319.240	2.500
319.419	-80.500
319.597	91.500
319.776	201.500
319.954	-88.500
320.133	-188.500
320.311	-96.500
320.490	146.500
320.668	84.500
320.847	-39.500
321.025	8.500
321.204	119.500
321.382	85.500
321.561	-72.500
321.740	-65.500
321.918	2.500
322.097	33.500
322.275	-38.500
322.454	-32.500
322.632	-62.500
322.811	-46.500
322.989	-120.500
323.168	-62.500
323.346	-72.500
323.525	-84.500
323.703	-167.500
323.882	-207.500
324.060	-84.500
324.239	84.500
324.418	63.500
324.596	86.500
324.775	-51.500
324.953	-149.500
325.132	-49.500
325.310	72.500
325.489	-63.500
325.667	-16.500
325.846	-4.500
326.024	28.500
326.203	152.500
326.381	40.500
326.560	116.500
326.738	-17.500
326.917	-73.500
327.096	-29.500
327.274	80.500
327.453	57.500
327.631	-129.500
327.810	-77.500
327.988	-80.500
328.167	-35.500
328.345	-112.500
328.524	-101.500
328.702	-56.500
328.881	-68.500
329.059	-119.500
329.238	-183.500
329.416	-33.500
329.595	-58.500
329.774	-9.500
329.952	80.500
330.131	90.500
330.309	103.500
330.488	110.500
330.666	-51.500
330.845	-88.500
331.023	-19.500
331.202	-117.500
331.380	-127.500
331.559	-76.500
331.737	-52.500
331.916	-136.500
332.094	-12.500
332.273	98.500
332.452	-84.500
332.630	-68.500
332.809	-1.500
332.987	-42.500
333.166	12.500
333.344	55.500
333.523	6.500
333.701	-72.500
333.880	63.500
334.058	-2.500
334.237	56.500
334.415	181.500
334.594	93.500
334.772	-190.500
334.951	-182.500
335.129	-198.500
335.308	76.500
335.487	168.500
335.665	48.500
335.844	220.500
336.022	226.500
336.201	-67.500
336.379	-93.500
336.558	36.500
336.736	116.500
336.915	82.500
337.093	182.500
337.272	-27.500
337.450	-69.500
337.629	-59.500
337.807	-73.500
337.986	-15.500
338.165	-10.500
338.343	9.500
338.522	73.500
338.700	102.500
338.879	-28.500
339.057	8.500
339.236	136.500
339.414	23.500
339.593	-9.500
339.771	51.500
339.950	66.500
340.128	18.500
340.307	-19.500
340.485	3.500
340.664	74.500
340.843	0.500
341.021	-30.500
341.200	-29.500
341.378	40.500
341.557	123.500
341.735	17.500
341.914	-109.500
342.092	-13.500
342.271	122.500
342.449	-23.500
342.628	-170.500
342.806	-101.500
342.985	178.500
343.163	156.500
343.342	-5.500
343.521	-94.500
343.699	-127.500
343.878	-111.500
344.056	-5.500
344.235	-24.500
344.413	27.500
344.592	118.500
344.770	-47.500
344.949	79.500
345.127	91.500
345.306	129.500
345.484	-93.500
345.663	-58.500
345.841	81.500
346.020	119.500
346.199	49.500
346.377	-54.500
346.556	169.500
346.734	247.500
346.913	-67.500
347.091	-25.500
347.270	132.500
347.448	20.500
347.627	-52.500
347.805	-5.500
347.984	-21.500
348.162	-49.500
348.341	92.500
348.519	79.500
348.698	-77.500
348.876	-106.500
349.055	-94.500
349.234	92.500
349.412	120.500
349.591	-70.500
349.769	-53.500
349.948	114.500
350.126	149.500
350.305	161.500
350.483	86.500
350.662	-86.500
350.840	-29.500
351.019	-113.500
351.197	-27.500
351.376	15.500
351.554	17.500
351.733	14.500
351.912	86.500
352.090	84.500
352.269	6.500
352.447	-1.500
352.626	-11.500
352.804	93.500
352.983	-25.500
353.161	-27.500
353.340	-4.500
353.518	-96.500
353.697	52.500
353.875	112.500
354.054	156.500
354.232	173.500
354.411	104.500
354.590	-12.500
354.768	74.500
354.947	-26.500
355.125	-146.500
355.304	-158.500
355.482	-169.500
355.661	-44.500
355.839	-59.500
356.018	-34.500
356.196	-33.500
356.375	-145.500
356.553	-30.500
356.732	-83.500
356.910	-113.500
357.089	-0.500
357.268	31.500
357.446	113.500
357.625	49.500
357.803	34.500
357.982	17.500
358.160	-22.500
358.339	66.500
358.517	59.500
358.696	14.500
358.874	-57.500
359.053	-50.500
359.231	-97.500
359.410	-63.500
359.588	0.500
359.767	54.500
359.945	154.500
360.124	-0.500
360.303	-107.500
360.481	-151.500
360.660	-91.500
360.838	-0.500
361.017	-23.500
361.195	-67.500
361.374	-0.500
361.552	19.500
361.731	71.500
361.909	70.500
362.088	-53.500
362.266	-18.500
362.445	-66.500
362.623	-12.500
362.802	33.500
362.981	-6.500
363.159	142.500
363.338	76.500
363.516	119.500
363.695	94.500
363.873	62.500
364.052	-78.500
364.230	52.500
364.409	23.500
364.587	18.500
364.766	-28.500
364.944	50.500
365.123	121.500
365.301	40.500
365.480	47.500
365.660	-26.500
365.839	-5.500
366.019	130.500
366.199	92.500
366.379	29.500
366.558	-36.500
366.738	142.500
366.918	38.500
367.098	-167.500
367.277	-144.500
367.457	-23.500
367.637	-36.500
367.816	4.500
367.996	92.500
368.176	71.500
368.356	144.500
368.535	24.500
368.715	89.500
368.895	81.500
369.075	-85.500
369.254	-78.500
369.434	134.500
369.614	239.500
369.793	97.500
369.973	143.500
370.153	-1.500
370.333	-5.500
370.512	3.500
370.692	2.500
370.872	-25.500
371.051	-0.500
371.231	225.500
371.411	184.500
371.591	-54.500
371.770	37.500
371.950	78.500
372.130	-55.500
372.310	-149.500
372.489	-2.500
372.669	34.500
372.849	15.500
373.028	121.500
373.208	123.500
373.388	-20.500
373.568	-11.500
373.747	64.500
373.927	52.500
374.107	-64.500
374.287	27.500
374.466	-31.500
374.646	19.500
374.826	5.500
375.005	-65.500
375.185	102.500
375.365	335.500
375.545	190.500
375.724	83.500
375.904	90.500
376.084	36.500
376.263	2.500
376.443	32.500
376.623	92.500
376.803	113.500
376.982	87.500
377.162	-76.500
377.342	-34.500
377.522	170.500
377.701	72.500
377.881	3.500
378.061	150.500
378.240	28.500
378.420	-70.500
378.600	2.500
378.780	149.500
378.959	20.500
379.139	40.500
379.319	112.500
379.499	172.500
379.678	191.500
379.858	219.500
380.038	-23.500
380.217	51.500
380.397	18.500
380.577	19.500
380.757	-19.500
380.936	103.500
381.116	83.500
381.296	-47.500
381.476	66.500
381.655	15.500
381.835	28.500
382.015	-33.500
382.194	16.500
382.374	149.500
382.554	133.500
382.734	61.500
382.913	114.500
383.093	177.500
383.273	92.500
383.452	114.500
383.632	4.500
383.812	-6.500
383.992	16.500
384.171	108.500
384.351	43.500
384.531	31.500
384.711	20.500
384.890	-98.500
385.070	-72.500
385.250	-20.500
385.429	98.500
385.609	70.500
385.789	50.500
385.969	35.500
386.148	-58.500
386.328	-9.500
386.508	87.500
386.688	75.500
386.867	57.500
387.047	113.500
387.227	111.500
387.406	62.500
387.586	7.500
387.766	108.500
387.946	71.500
388.125	49.500
388.305	16.500
388.485	-27.500
388.664	96.500
388.844	84.500
389.024	47.500
389.204	101.500
389.383	104.500
389.563	0.500
389.743	-9.500
389.923	24.500
390.102	39.500
390.282	19.500
390.462	88.500
390.641	62.500
390.821	-43.500
391.001	24.500
391.181	68.500
391.360	152.500
391.540	205.500
391.720	197.500
391.900	105.500
392.079	-51.500
392.259	4.500
392.439	118.500
392.618	175.500
392.798	92.500
392.978	-6.500
393.158	-43.500
393.337	154.500
393.517	248.500
393.697	221.500
393.877	262.500
394.056	175.500
394.236	268.500
394.416	129.500
394.595	-34.500
394.775	96.500
394.955	120.500
395.135	36.500
395.314	56.500
395.494	298.500
395.674	169.500
395.853	2.500
396.033	201.500
396.213	174.500
396.393	49.500
396.572	129.500
396.752	100.500
396.932	206.500
397.112	239.500
397.291	167.500
397.471	94.500
397.651	10.500
397.830	-102.500
398.010	67.500
398.190	157.500
398.370	71.500
398.549	165.500
398.729	97.500
398.909	52.500
399.089	42.500
399.268	168.500
399.448	254.500
399.628	237.500
399.807	184.500
399.987	175.500
400.167	202.500
400.347	318.500
400.526	363.500
400.706	88.500
400.886	30.500
401.065	50.500
401.245	83.500
401.425	182.500
401.605	177.500
401.784	154.500
401.964	149.500
402.144	188.500
402.324	153.500
402.503	117.500
402.683	144.500
402.863	112.500
403.042	109.500
403.222	94.500
403.402	169.500
403.582	196.500
403.761	143.500
403.941	352.500
404.121	239.500
404.301	146.500
404.480	344.500
404.660	426.500
404.844	513.500
405.029	433.500
405.213	318.500
405.398	281.500
405.582	265.500
405.767	314.500
405.951	285.500
406.136	359.500
406.320	468.500
406.505	553.500
406.689	643.500
406.874	630.500
407.058	787.500
407.243	658.500
407.427	516.500
407.612	640.500
407.796	642.500
407.981	719.500
408.165	907.500
408.350	1008.500
408.534	779.500
408.719	759.500
408.903	925.500
409.088	1074.500
409.272	950.500
409.457	1101.500
409.641	1203.500
409.826	1337.500
410.010	1555.500
410.195	1566.500
410.379	1598.500
410.564	1829.500
410.748	1930.500
410.933	2045.500
411.117	2277.500
411.302	2436.500
411.486	2505.500
411.671	2711.500
411.855	2872.500
412.040	2906.500
412.224	2848.500
412.409	2912.500
412.593	3200.500
412.778	3356.500
412.962	3334.500
413.147	3742.500
413.331	4150.500
413.516	4176.500
413.700	4254.500
413.885	4427.500
414.069	4520.500
414.254	4768.500
414.438	4920.500
414.623	4904.500
414.807	5064.500
414.992	5265.500
415.176	5475.500
415.361	5649.500
415.545	5964.500
415.730	6124.500
415.914	6220.500
416.099	6658.500
416.283	6570.500
416.468	6490.500
416.652	6630.500
416.837	6856.500
417.021	7051.500
417.206	7034.500
417.390	6960.500
417.575	7109.500
417.759	7430.500
417.944	7607.500
418.128	7727.500
418.313	7958.500
418.497	8114.500
418.682	8138.500
418.866	8432.500
419.051	8293.500
419.235	8416.500
419.420	8792.500
419.604	8892.500
419.789	8951.500
419.973	9151.500
420.158	9267.500
420.342	9420.500
420.527	9780.500
420.711	9987.500
420.896	10341.500
421.080	10137.500
421.265	10123.500
421.449	10192.500
421.634	10324.500
421.818	10393.500
422.003	10135.500
422.187	10115.500
422.372	10302.500
422.556	10343.500
422.741	10485.500
422.925	10870.500
423.110	10736.500
423.294	10822.500
423.479	11013.500
423.663	11162.500
423.848	11187.500
424.032	11287.500
424.217	11313.500
424.401	11262.500
424.586	11368.500
424.770	11380.500
424.955	11428.500
425.139	11506.500
425.324	11594.500
425.508	11725.500
425.693	11663.500
425.877	11809.500
426.062	11877.500
426.246	11970.500
426.431	11711.500
426.615	11535.500
426.800	11791.500
426.984	11791.500
427.169	11723.500
427.353	11859.500
427.538	11865.500
427.722	11760.500
427.907	11753.500
428.091	11777.500
428.276	11859.500
428.460	11892.500
428.645	11830.500
428.829	11327.500
429.014	11097.500
429.198	10930.500
429.383	10792.500
429.567	10501.500
429.752	10009.500
429.936	9908.500
430.121	9784.500
430.305	10074.500
430.490	10287.500
430.674	10557.500
430.859	11164.500
431.043	11523.500
431.228	12089.500
431.412	12211.500
431.597	12167.500
431.781	12365.500
431.966	12796.500
432.150	12910.500
432.335	12914.500
432.519	13135.500
432.704	13277.500
432.888	13240.500
433.073	12967.500
433.257	13024.500
433.442	13095.500
433.626	12934.500
433.811	13013.500
433.995	13177.500
434.180	13296.500
434.364	13545.500
434.549	13704.500
434.733	13668.500
434.918	13754.500
435.102	13981.500
435.287	14081.500
435.471	14210.500
435.656	14582.500
435.840	14782.500
436.030	14623.500
436.219	14502.500
436.409	14786.500
436.599	14771.500
436.789	14603.500
436.978	14487.500
437.168	14404.500
437.358	14113.500
437.548	13848.500
437.737	13767.500
437.927	13875.500
438.117	13903.500
438.306	13785.500
438.496	13822.500
438.686	14049.500
438.876	14021.500
439.065	14221.500
439.255	14444.500
439.445	14579.500
439.634	14799.500
439.824	14806.500
440.014	14721.500
440.204	14726.500
440.393	15004.500
440.583	15404.500
440.773	15352.500
440.963	15491.500
441.152	15697.500
441.342	15639.500
441.532	15926.500
441.721	16043.500
441.911	16062.500
442.101	16125.500
442.291	16435.500
442.480	16482.500
442.670	16531.500
442.860	16593.500
443.050	16496.500
443.239	16599.500
443.429	16845.500
443.619	16644.500
443.808	16622.500
443.998	17033.500
444.188	17204.500
444.378	16987.500
444.567	16839.500
444.757	16935.500
444.947	16862.500
445.137	16777.500
445.326	16713.500
445.516	16682.500
445.706	16738.500
445.895	16912.500
446.085	17018.500
446.275	17074.500
446.465	17119.500
446.654	17367.500
446.844	17685.500
447.034	17835.500
447.223	18086.500
447.413	18223.500
447.603	18337.500
447.793	18368.500
447.982	18406.500
448.172	18068.500
448.362	18216.500
448.552	18400.500
448.741	18540.500
448.931	18326.500
449.121	18391.500
449.310	18532.500
449.500	18569.500
449.690	18830.500
449.880	19241.500
450.069	19495.500
450.259	19608.500
450.449	19390.500
450.639	19676.500
450.828	19591.500
451.018	19411.500
451.208	19342.500
451.397	19483.500
451.587	19496.500
451.777	19278.500
451.967	19078.500
452.156	18781.500
452.346	18453.500
452.536	18481.500
452.725	18115.500
452.915	18091.500
453.105	18225.500
453.295	18301.500
453.484	18401.500
453.674	18478.500
453.864	18546.500
454.054	18553.500
454.243	18638.500
454.433	18344.500
454.623	18283.500
454.812	18227.500
455.002	18430.500
455.192	18758.500
455.382	18630.500
455.571	18639.500
455.761	18699.500
455.951	18981.500
456.141	19106.500
456.330	19010.500
456.520	18876.500
456.710	19101.500
456.899	19067.500
457.089	19065.500
457.279	19215.500
457.469	19089.500
457.658	18870.500
457.848	18772.500
458.038	18778.500
458.228	18490.500
458.417	18569.500
458.607	18614.500
458.797	18496.500
458.986	18465.500
459.176	18449.500
459.366	18375.500
459.556	18227.500
459.745	18410.500
459.935	18499.500
460.125	18482.500
460.314	18280.500
460.504	18401.500
460.694	18593.500
460.884	18908.500
461.073	18765.500
461.263	18668.500
461.453	18982.500
461.643	19121.500
461.832	19024.500
462.022	18980.500
462.212	18720.500
462.401	18946.500
462.591	19016.500
462.781	19043.500
462.971	19240.500
463.160	18794.500
463.350	18633.500
463.540	18783.500
463.730	18733.500
463.919	18459.500
464.109	18312.500
464.299	18413.500
464.488	18141.500
464.678	18169.500
464.868	18393.500
465.058	18464.500
465.247	18541.500
465.437	18194.500
465.627	18217.500
465.816	18308.500
466.006	18139.500
466.196	18104.500
466.386	18230.500
466.575	18326.500
466.765	18117.500
466.955	18049.500
467.145	17964.500
467.334	18013.500
467.524	18231.500
467.714	18215.500
467.903	18263.500
468.093	18203.500
468.283	18192.500
468.473	18379.500
468.662	18303.500
468.852	18410.500
469.042	18498.500
469.232	18383.500
469.421	18473.500
469.611	18353.500
469.801	18318.500
469.990	18325.500
470.180	18250.500
470.370	18191.500
470.560	18046.500
470.749	17957.500
470.939	18246.500
471.129	18547.500
471.318	18566.500
471.508	18637.500
471.698	18768.500
471.888	18728.500
472.077	18837.500
472.267	19006.500
472.457	18986.500
472.647	18820.500
472.836	18550.500
473.026	18754.500
473.216	18728.500
473.405	18696.500
473.595	18690.500
473.785	18793.500
473.975	19049.500
474.164	19093.500
474.354	19183.500
474.544	18897.500
474.734	18969.500
474.923	18992.500
475.113	19100.500
475.303	18867.500
475.492	18923.500
475.682	18849.500
475.872	18864.500
476.062	18829.500
476.251	18641.500
476.441	18557.500
476.631	18588.500
476.821	18622.500
477.010	18482.500
477.200	18567.500
477.390	18721.500
477.579	18824.500
477.769	19028.500
477.959	18962.500
478.149	18957.500
478.338	19128.500
478.528	19016.500
478.718	19061.500
478.907	18960.500
479.097	18879.500
479.287	18691.500
479.477	19034.500
479.666	19109.500
479.856	18994.500
480.046	18884.500
480.236	18945.500
480.425	18971.500
480.615	18886.500
480.805	18848.500
480.994	19071.500
481.184	19182.500
481.374	19104.500
481.564	19032.500
481.753	18871.500
481.943	18676.500
482.133	19016.500
482.323	18901.500
482.512	18683.500
482.702	18649.500
482.892	18605.500
483.081	18439.500
483.271	18588.500
483.461	18502.500
483.651	18419.500
483.840	18184.500
484.030	18049.500
484.220	18034.500
484.409	18246.500
484.599	18072.500
484.789	17759.500
484.979	17671.500
485.168	17555.500
485.358	17043.500
485.548	16555.500
485.738	16384.500
485.927	16039.500
486.117	15704.500
486.307	15305.500
486.496	15318.500
486.686	15481.500
486.876	15647.500
487.066	15844.500
487.255	15813.500
487.445	15994.500
487.635	16205.500
487.825	16425.500
488.014	16500.500
488.204	16710.500
488.394	16852.500
488.583	16831.500
488.773	16716.500
488.963	16623.500
489.153	16845.500
489.342	16903.500
489.532	17112.500
489.722	17280.500
489.912	17514.500
490.101	17522.500
490.291	17521.500
490.481	17555.500
490.670	17510.500
490.860	17444.500
491.050	17434.500
491.240	17189.500
491.429	16896.500
491.619	16836.500
491.809	16744.500
491.998	16582.500
492.188	16614.500
492.378	16727.500
492.568	16657.500
492.757	16801.500
492.947	16756.500
493.137	16865.500
493.327	16990.500
493.516	16920.500
493.706	17102.500
493.896	16963.500
494.085	17105.500
494.275	17079.500
494.465	17111.500
494.655	17280.500
494.844	17591.500
495.034	17546.500
495.224	17554.500
495.414	17501.500
495.603	17695.500
495.793	17440.500
495.983	17220.500
496.172	17193.500
496.362	17300.500
496.552	17412.500
496.742	17347.500
496.931	17335.500
497.121	17575.500
497.311	17499.500
497.500	17461.500
497.690	17466.500
497.880	17029.500
498.070	16901.500
498.259	16823.500
498.449	16847.500
498.639	16720.500
498.829	16672.500
499.018	16883.500
499.208	16928.500
499.398	16706.500
499.587	17052.500
499.777	17083.500
499.967	16809.500
500.157	16861.500
500.346	16632.500
500.536	16331.500
500.726	16284.500
500.916	16311.500
501.105	16036.500
501.295	15975.500
501.485	16277.500
501.674	15859.500
501.864	15893.500
502.054	16015.500
502.244	16144.500
502.433	16114.500
502.623	16261.500
502.813	16301.500
503.003	16280.500
503.192	16387.500
503.382	16345.500
503.572	16255.500
503.761	16007.500
503.951	15977.500
504.141	15878.500
504.331	15572.500
504.520	15630.500
504.710	16026.500
504.900	15962.500
505.089	16092.500
505.279	16269.500
505.469	16431.500
505.659	16337.500
505.848	16437.500
506.038	16471.500
506.228	16418.500
506.418	16175.500
506.607	16005.500
506.797	16278.500
506.987	16187.500
507.176	15962.500
507.366	15897.500
507.556	15747.500
507.746	15707.500
507.935	15905.500
508.125	15756.500
508.315	15421.500
508.505	15714.500
508.694	15910.500
508.884	16098.500
509.074	15920.500
509.263	15780.500
509.453	15819.500
509.643	15764.500
509.833	15633.500
510.022	15308.500
510.212	15342.500
510.402	15427.500
510.592	15629.500
510.781	15654.500
510.971	15526.500
511.161	15566.500
511.350	15625.500
511.540	15669.500
511.730	15748.500
511.920	15444.500
512.109	15211.500
512.299	15448.500
512.489	15318.500
512.678	15322.500
512.868	15110.500
513.058	15115.500
513.248	14939.500
513.437	14706.500
513.627	14744.500
513.817	14643.500
514.007	14528.500
514.196	14605.500
514.386	14483.500
514.576	14525.500
514.765	14478.500
514.955	14535.500
515.145	14537.500
515.335	14482.500
515.524	14525.500
515.714	14501.500
515.904	14323.500
516.094	14186.500
516.283	13800.500
516.473	13695.500
516.663	13458.500
516.852	13169.500
517.042	13161.500
517.232	12808.500
517.422	12806.500
517.611	12944.500
517.801	13289.500
517.991	13327.500
518.180	13043.500
518.370	12962.500
518.560	13038.500
518.750	13176.500
518.939	13116.500
519.129	13430.500
519.319	13817.500
519.509	13730.500
519.698	13837.500
519.888	13950.500
520.078	13828.500
520.267	13770.500
520.457	13664.500
520.647	13658.500
520.837	13862.500
521.026	14015.500
521.216	14150.500
521.406	14162.500
521.596	14212.500
521.785	14110.500
521.975	14084.500
522.165	13862.500
522.354	13983.500
522.544	13832.500
522.734	13652.500
522.924	13749.500
523.113	13783.500
523.303	13746.500
523.493	13937.500
523.683	13875.500
523.872	13898.500
524.062	13924.500
524.252	14156.500
524.441	14236.500
524.631	14168.500
524.821	14157.500
525.011	14005.500
525.200	14161.500
525.390	14119.500
525.580	13846.500
525.769	13885.500
525.959	13846.500
526.149	13521.500
526.339	13403.500
526.528	13372.500
526.718	13023.500
526.908	12758.500
527.098	12947.500
527.287	13273.500
527.477	13250.500
527.667	13543.500
527.856	13718.500
528.046	13470.500
528.236	13628.500
528.426	13876.500
528.615	13862.500
528.805	13732.500
528.995	13949.500
529.185	13952.500
529.374	14165.500
529.564	14069.500
529.754	13719.500
529.943	13934.500
530.133	14205.500
530.323	14258.500
530.513	13969.500
530.702	13922.500
530.892	14064.500
531.082	13882.500
531.271	13839.500
531.461	13726.500
531.651	13537.500
531.841	13394.500
532.030	13459.500
532.220	13117.500
532.410	12932.500
532.600	12827.500
532.789	12820.500
532.979	12918.500
533.169	13108.500
533.358	13024.500
533.548	12958.500
533.738	12943.500
533.928	12840.500
534.117	12710.500
534.307	12659.500
534.497	12719.500
534.687	13030.500
534.876	13260.500
535.066	13141.500
535.256	12850.500
535.445	12934.500
535.635	12845.500
535.825	12713.500
536.015	12737.500
536.204	12583.500
536.394	12493.500
536.584	12364.500
536.773	12334.500
536.963	12278.500
537.153	12275.500
537.343	12378.500
537.532	12485.500
537.722	12541.500
537.912	12659.500
538.102	12306.500
538.291	12332.500
538.481	12385.500
538.671	12214.500
538.860	12196.500
539.050	11995.500
539.240	11814.500
539.430	11765.500
539.619	11827.500
539.809	11812.500
539.999	11654.500
540.189	11432.500
540.378	11431.500
540.568	11679.500
540.758	11861.500
540.947	12002.500
541.137	11936.500
541.327	11893.500
541.517	11724.500
541.706	11594.500
541.896	11580.500
542.086	11774.500
542.276	11786.500
542.465	11610.500
542.655	11612.500
542.845	11521.500
543.034	11697.500
543.224	11904.500
543.414	11730.500
543.604	11633.500
543.793	11580.500
543.983	11491.500
544.173	11507.500
544.362	11589.500
544.552	11820.500
544.742	11779.500
544.932	11468.500
545.121	11340.500
545.311	11457.500
545.501	11698.500
545.691	11500.500
545.880	11380.500
546.070	11470.500
546.264	11304.500
546.459	11163.500
546.653	11281.500
546.847	11302.500
547.041	11276.500
547.236	11408.500
547.430	11555.500
547.624	11349.500
547.818	11274.500
548.013	11407.500
548.207	11515.500
548.401	11210.500
548.596	11209.500
548.790	11218.500
548.984	11249.500
549.178	11185.500
549.373	11223.500
549.567	11357.500
549.761	11232.500
549.956	10971.500
550.150	10916.500
550.344	11085.500
550.538	11065.500
550.733	10934.500
550.927	11120.500
551.121	11203.500
551.315	10954.500
551.510	10960.500
551.704	11031.500
551.898	11189.500
552.093	11321.500
552.287	10969.500
552.481	10979.500
552.675	11058.500
552.870	10903.500
553.064	10732.500
553.258	10923.500
553.453	10937.500
553.647	10857.500
553.841	10755.500
554.035	10770.500
554.230	10860.500
554.424	10954.500
554.618	10969.500
554.812	10915.500
555.007	10777.500
555.201	10831.500
555.395	10690.500
555.590	10833.500
555.784	10726.500
555.978	10625.500
556.172	10836.500
556.367	10737.500
556.561	10407.500
556.755	10436.500
556.949	10408.500
557.144	10403.500
557.338	10431.500
557.532	10346.500
557.727	10411.500
557.921	10513.500
558.115	10365.500
558.309	10286.500
558.504	10290.500
558.698	10241.500
558.892	10298.500
559.087	9999.500
559.281	9949.500
559.475	10035.500
559.669	10046.500
559.864	9976.500
560.058	10197.500
560.252	10242.500
560.446	10242.500
560.641	10270.500
560.835	10469.500
561.029	10242.500
561.224	10082.500
561.418	10022.500
561.612	10104.500
561.806	10322.500
562.001	10318.500
562.195	10245.500
562.389	9955.500
562.584	9988.500
562.778	9969.500
562.972	9874.500
563.166	10035.500
563.361	10148.500
563.555	9980.500
563.749	10010.500
563.943	10138.500
564.138	10104.500
564.332	10061.500
564.526	9956.500
564.721	10040.500
564.915	10068.500
565.109	10114.500
565.303	10024.500
565.498	9919.500
565.692	9805.500
565.886	9680.500
566.081	9728.500
566.275	9883.500
566.469	9865.500
566.663	9755.500
566.858	9807.500
567.052	9877.500
567.246	9807.500
567.440	9594.500
567.635	9700.500
567.829	9837.500
568.023	9745.500
568.218	9494.500
568.412	9471.500
568.606	9556.500
568.800	9385.500
568.995	9374.500
569.189	9560.500
569.383	9616.500
569.577	9650.500
569.772	9460.500
569.966	9099.500
570.160	9413.500
570.355	9290.500
570.549	9221.500
570.743	9125.500
570.937	9118.500
571.132	9180.500
571.326	9208.500
571.520	9022.500
571.715	8898.500
571.909	9015.500
572.103	9343.500
572.297	9519.500
572.492	9257.500
572.686	9155.500
572.880	9270.500
573.074	9342.500
573.269	9166.500
573.463	9319.500
573.657	9275.500
573.852	9068.500
574.046	8778.500
574.240	8821.500
574.434	8866.500
574.629	8825.500
574.823	8886.500
575.017	9023.500
575.212	8877.500
575.406	8748.500
575.600	8577.500
575.794	8609.500
575.989	8667.500
576.183	8814.500
576.377	8947.500
576.571	8941.500
576.766	8855.500
576.960	8759.500
577.159	8786.500
577.357	8691.500
577.556	8484.500
577.755	8447.500
577.953	8582.500
578.152	8518.500
578.350	8407.500
578.549	8510.500
578.748	8423.500
578.946	8375.500
579.145	8440.500
579.344	8535.500
579.542	8810.500
579.741	8739.500
579.940	8599.500
580.138	8583.500
580.337	8480.500
580.535	8481.500
580.734	8700.500
580.933	8836.500
581.131	8731.500
581.330	8662.500
581.529	8866.500
581.727	9003.500
581.926	9276.500
582.125	9193.500
582.323	9045.500
582.522	8955.500
582.721	8999.500
582.919	8986.500
583.118	8919.500
583.316	9031.500
583.515	9131.500
583.714	9401.500
583.912	9340.500
584.111	9250.500
584.310	9225.500
584.508	8971.500
584.707	9027.500
584.906	9071.500
585.104	9065.500
585.303	9020.500
585.501	9049.500
585.700	9005.500
585.899	8998.500
586.097	8980.500
586.296	9011.500
586.495	9012.500
586.693	9162.500
586.892	9089.500
587.091	8980.500
587.289	8971.500
587.488	8978.500
587.686	8561.500
587.885	8509.500
588.084	8360.500
588.282	8097.500
588.481	8069.500
588.680	8026.500
588.878	7866.500
589.077	7572.500
589.276	7653.500
589.474	7907.500
589.673	7937.500
589.871	7893.500
590.070	7963.500
590.269	7823.500
590.467	8022.500
590.666	8175.500
590.865	7908.500
591.063	8108.500
591.262	8254.500
591.461	8149.500
591.659	8123.500
591.858	8162.500
592.056	8232.500
592.255	8167.500
592.454	8104.500
592.652	8208.500
592.851	8270.500
593.050	8260.500
593.248	8115.500
593.447	8080.500
593.646	7945.500
593.844	8066.500
594.043	8164.500
594.241	8102.500
594.440	8049.500
594.639	7974.500
594.837	7933.500
595.036	8225.500
595.235	8035.500
595.433	7870.500
595.632	8032.500
595.831	8108.500
596.029	8097.500
596.228	8041.500
596.427	8103.500
596.625	8271.500
596.824	8150.500
597.022	8217.500
597.221	8105.500
597.420	8203.500
597.618	8298.500
597.817	8142.500
598.016	8041.500
598.214	7998.500
598.413	8030.500
598.612	7837.500
598.810	7995.500
599.009	8045.500
599.207	8312.500
599.406	8188.500
599.605	7958.500
599.803	8055.500
600.002	8217.500
600.201	8048.500
600.399	8142.500
600.598	8059.500
600.797	7952.500
600.995	7902.500
601.194	7907.500
601.392	7903.500
601.591	7873.500
601.790	7904.500
601.988	7868.500
602.187	8024.500
602.386	8021.500
602.584	8060.500
602.783	8047.500
602.982	8109.500
603.180	7998.500
603.379	8247.500
603.577	8145.500
603.776	7973.500
603.975	8099.500
604.173	8087.500
604.372	8061.500
604.571	7912.500
604.769	7894.500
604.968	7900.500
605.167	7832.500
605.365	7816.500
605.564	8001.500
605.762	7992.500
605.961	7911.500
606.160	7978.500
606.358	8130.500
606.557	8060.500
606.756	8014.500
606.954	8065.500
607.153	8101.500
607.352	8048.500
607.550	7971.500
607.749	7822.500
607.948	7865.500
608.146	7800.500
608.345	7807.500
608.543	7761.500
608.742	7779.500
608.941	7776.500
609.139	7648.500
609.338	7621.500
609.537	7752.500
609.735	7805.500
609.934	7669.500
610.133	7582.500
610.331	7881.500
610.530	7988.500
610.728	7777.500
610.927	7683.500
611.126	7675.500
611.324	7713.500
611.523	7718.500
611.722	7608.500
611.920	7604.500
612.119	7399.500
612.318	7368.500
612.516	7382.500
612.715	7432.500
612.913	7484.500
613.112	7488.500
613.311	7497.500
613.509	7312.500
613.708	7445.500
613.907	7561.500
614.105	7610.500
614.304	7355.500
614.503	7386.500
614.701	7372.500
614.900	7309.500
615.098	7305.500
615.297	7162.500
615.496	7122.500
615.694	7095.500
615.893	7253.500
616.092	7199.500
616.290	7274.500
616.489	7491.500
616.688	7297.500
616.886	7233.500
617.085	7167.500
617.283	7113.500
617.482	7060.500
617.681	6988.500
617.879	7024.500
618.078	7118.500
618.277	7292.500
618.475	6998.500
618.674	7006.500
618.873	7238.500
619.071	7283.500
619.270	7235.500
619.468	7224.500
619.667	7211.500
619.866	7323.500
620.064	7356.500
620.263	7175.500
620.462	7058.500
620.660	7146.500
620.859	7153.500
621.058	7181.500
621.256	7118.500
621.455	6923.500
621.654	6936.500
621.852	7053.500
622.051	7132.500
622.249	6959.500
622.448	6960.500
622.647	6849.500
622.845	7099.500
623.044	6959.500
623.243	6956.500
623.441	7067.500
623.640	6858.500
623.839	6636.500
624.037	6624.500
624.236	6674.500
624.434	6666.500
624.633	6718.500
624.832	6772.500
625.030	6536.500
625.229	6590.500
625.428	6568.500
625.626	6690.500
625.825	6760.500
626.024	6879.500
626.222	6954.500
626.421	6888.500
626.619	6871.500
626.818	6456.500
627.017	6589.500
627.215	6588.500
627.414	6271.500
627.613	6258.500
627.811	6338.500
628.010	6372.500
628.209	6515.500
628.407	6639.500
628.606	6702.500
628.804	6536.500
629.003	6772.500
629.202	6626.500
629.400	6486.500
629.599	6457.500
629.798	6324.500
629.996	6345.500
630.195	6262.500
630.394	6262.500
630.592	6495.500
630.791	6354.500
630.990	6392.500
631.188	6341.500
631.387	6337.500
631.585	6431.500
631.784	6407.500
631.983	6297.500
632.181	6427.500
632.380	6407.500
632.579	6503.500
632.777	6531.500
632.976	6432.500
633.175	6274.500
633.373	6563.500
633.572	6633.500
633.770	6431.500
633.969	6598.500
634.168	6493.500
634.366	6391.500
634.565	6359.500
634.764	6455.500
634.962	6530.500
635.161	6564.500
635.360	6406.500
635.558	6516.500
635.757	6633.500
635.955	6397.500
636.154	6220.500
636.353	6265.500
636.551	6167.500
636.750	6202.500
636.949	6337.500
637.147	6362.500
637.346	6242.500
637.545	6263.500
637.743	6254.500
637.942	6300.500
638.140	6361.500
638.339	6444.500
638.538	6587.500
638.736	6404.500
638.935	6394.500
639.134	6169.500
639.332	6254.500
639.531	6245.500
639.730	6241.500
639.928	6528.500
640.127	6446.500
640.325	6375.500
640.524	6477.500
640.723	6361.500
640.921	6421.500
641.120	6326.500
641.319	6293.500
641.517	6229.500
641.716	6270.500
641.915	6419.500
642.113	6255.500
642.312	6075.500
642.510	6101.500
642.709	6224.500
642.908	6297.500
643.106	6212.500
643.305	6173.500
643.504	6078.500
643.702	6205.500
643.901	6351.500
644.100	6210.500
644.298	6128.500
644.497	6093.500
644.696	6214.500
644.894	6136.500
645.093	6303.500
645.291	6248.500
645.490	6331.500
645.689	6140.500
645.887	6161.500
646.086	6273.500
646.285	6192.500
646.483	5971.500
646.682	5893.500
646.881	5885.500
647.079	5847.500
647.278	5880.500
647.476	5852.500
647.675	6039.500
647.874	6144.500
648.072	5959.500
648.271	5668.500
648.470	5665.500
648.668	5958.500
648.867	5894.500
649.066	5699.500
649.264	5759.500
649.463	5838.500
649.661	5718.500
649.860	5840.500
650.059	5784.500
650.257	5739.500
650.456	5910.500
650.655	6078.500
650.853	5941.500
651.052	5750.500
651.251	5716.500
651.449	5658.500
651.648	5742.500
651.846	5798.500
652.045	5754.500
652.244	5822.500
652.442	5962.500
652.641	5985.500
652.840	5939.500
653.038	5944.500
653.237	6096.500
653.436	6070.500
653.634	5842.500
653.833	5962.500
654.032	5935.500
654.230	5774.500
654.429	5563.500
654.627	5685.500
654.826	5850.500
655.025	5672.500
655.223	5551.500
655.422	5386.500
655.621	5404.500
655.819	5390.500
656.018	5294.500
656.217	5248.500
656.415	5274.500
656.614	5354.500
656.812	5597.500
657.011	5653.500
657.210	5506.500
657.408	5542.500
657.607	5720.500
657.806	5706.500
658.004	5687.500
658.203	5665.500
658.402	5652.500
658.600	5674.500
658.799	5737.500
658.997	5792.500
659.196	5756.500
659.395	5848.500
659.593	5840.500
659.792	6014.500
659.991	6037.500
660.189	5839.500
660.388	5948.500
660.587	5928.500
660.785	5848.500
660.984	5801.500
661.182	5751.500
661.381	5918.500
661.580	5839.500
661.778	5941.500
661.977	6188.500
662.176	6069.500
662.374	5946.500
662.573	5964.500
662.772	6105.500
662.970	5833.500
663.169	5798.500
663.367	5832.500
663.566	5868.500
663.765	6032.500
663.963	5977.500
664.162	6046.500
664.361	5951.500
664.559	5984.500
664.758	6201.500
664.957	6050.500
665.155	6001.500
665.354	5987.500
665.552	6057.500
665.751	5983.500
665.950	5841.500
666.148	5734.500
666.347	5874.500
666.546	5763.500
666.744	5835.500
666.943	5911.500
667.142	5708.500
667.340	5786.500
667.539	5991.500
667.738	5861.500
667.936	5882.500
668.135	5834.500
668.333	5706.500
668.532	5722.500
668.731	5659.500
668.929	5747.500
669.128	5747.500
669.327	5780.500
669.525	5945.500
669.724	5842.500
669.923	5588.500
670.121	5511.500
670.320	5646.500
670.518	5656.500
670.717	5396.500
670.916	5526.500
671.114	5619.500
671.313	5569.500
671.512	5454.500
671.710	5394.500
671.909	5624.500
672.108	5857.500
672.306	5945.500
672.505	5593.500
672.703	5559.500
672.902	5662.500
673.101	5688.500
673.299	5916.500
673.498	5891.500
673.697	5753.500
673.895	5491.500
674.094	5408.500
674.293	5472.500
674.491	5467.500
674.690	5591.500
674.888	5392.500
675.087	5524.500
675.286	5659.500
675.484	5441.500
675.683	5359.500
675.882	5396.500
676.080	5533.500
676.279	5444.500
676.478	5483.500
676.676	5630.500
676.875	5422.500
677.073	5400.500
677.272	5368.500
677.471	5299.500
677.669	5415.500
677.868	5456.500
678.067	5376.500
678.265	5484.500
678.464	5483.500
678.663	5257.500
678.861	5368.500
679.060	5396.500
679.259	5302.500
679.457	5415.500
679.656	5339.500
679.854	5114.500
680.053	5156.500
680.252	5208.500
680.450	5184.500
680.649	5288.500
680.848	5321.500
681.046	5260.500
681.245	5095.500
681.444	5053.500
681.642	5172.500
681.841	5267.500
682.039	5371.500
682.238	5351.500
682.437	5063.500
682.635	5068.500
682.834	5180.500
683.033	5225.500
683.231	5108.500
683.430	4909.500
683.629	4856.500
683.827	5123.500
684.026	5218.500
684.224	5222.500
684.423	5067.500
684.622	5013.500
684.820	5000.500
685.019	5076.500
685.218	5164.500
685.416	5000.500
685.615	4767.500
685.814	4634.500
686.012	4649.500
686.211	4426.500
686.409	4241.500
686.608	4080.500
686.807	3963.500
687.005	4122.500
687.204	4166.500
687.403	3986.500
687.601	4186.500
687.800	4207.500
687.999	4057.500
688.197	4087.500
688.396	3889.500
688.594	3868.500
688.793	3849.500
688.992	4083.500
689.190	4244.500
689.389	4125.500
689.588	4074.500
689.786	4109.500
689.985	4176.500
690.184	4238.500
690.382	4379.500
690.581	4292.500
690.779	4381.500
690.978	4275.500
691.177	4334.500
691.375	4378.500
691.574	4649.500
691.773	4609.500
691.971	4408.500
692.170	4422.500
692.369	4364.500
692.567	4291.500
692.766	4380.500
692.965	4375.500
693.163	4357.500
693.362	4428.500
693.560	4495.500
693.759	4467.500
693.958	4403.500
694.156	4391.500
694.355	4257.500
694.554	4390.500
694.752	4355.500
694.951	4238.500
695.150	4145.500
695.348	4280.500
695.547	4330.500
695.745	4318.500
695.944	4386.500
696.143	4425.500
696.341	4493.500
696.540	4542.500
696.743	4450.500
696.946	4489.500
697.149	4471.500
697.352	4444.500
697.555	4514.500
697.757	4376.500
697.960	4363.500
698.163	4316.500
698.366	4342.500
698.569	4258.500
698.772	4342.500
698.975	4507.500
699.178	4348.500
699.381	4217.500
699.584	4425.500
699.787	4334.500
699.989	4285.500
700.192	4435.500
700.395	4322.500
700.598	4398.500
700.801	4400.500
701.004	4243.500
701.207	4394.500
701.410	4350.500
701.613	4260.500
701.816	4399.500
702.019	4249.500
702.221	4397.500
702.424	4374.500
702.627	4300.500
702.830	4249.500
703.033	4335.500
703.236	4353.500
703.439	4377.500
703.642	4414.500
703.845	4419.500
704.048	4436.500
704.251	4339.500
704.453	4298.500
704.656	4450.500
704.859	4538.500
705.062	4396.500
705.265	4482.500
705.468	4323.500
705.671	4362.500
705.874	4398.500
706.077	4267.500
706.280	4230.500
706.483	4296.500
706.685	4321.500
706.888	4416.500
707.091	4508.500
707.294	4515.500
707.497	4395.500
707.700	4548.500
707.903	4511.500
708.106	4328.500
708.309	4405.500
708.512	4476.500
708.715	4558.500
708.917	4509.500
709.120	4499.500
709.323	4396.500
709.526	4358.500
709.729	4323.500
709.932	4320.500
710.135	4319.500
710.338	4356.500
710.541	4405.500
710.744	4379.500
710.947	4442.500
711.149	4497.500
711.352	4400.500
711.555	4429.500
711.758	4417.500
711.961	4365.500
712.164	4442.500
712.367	4438.500
712.570	4218.500
712.773	4188.500
712.976	4206.500
713.179	4100.500
713.381	4215.500
713.584	4350.500
713.787	4233.500
713.990	4180.500
714.193	4174.500
714.396	4337.500
714.599	4616.500
714.802	4288.500
715.005	4121.500
715.208	4075.500
715.411	4010.500
715.613	3964.500
715.816	3813.500
716.019	3715.500
716.222	3720.500
716.425	3585.500
716.628	3475.500
716.831	3422.500
717.034	3244.500
717.237	3240.500
717.440	3184.500
717.643	3204.500
717.845	3156.500
718.048	3045.500
718.251	2911.500
718.454	3014.500
718.657	3028.500
718.860	2986.500
719.063	2944.500
719.266	2754.500
719.469	2815.500
719.672	2931.500
719.875	3034.500
720.077	3143.500
720.280	3148.500
720.483	3392.500
720.686	3439.500
720.889	3526.500
721.092	3416.500
721.295	3355.500
721.498	3316.500
721.701	3439.500
721.904	3404.500
722.107	3449.500
722.309	3410.500
722.512	3123.500
722.715	3184.500
722.918	3136.500
723.121	3235.500
723.324	3249.500
723.527	3082.500
723.730	3143.500
723.933	3289.500
724.136	3206.500
724.339	3039.500
724.541	2912.500
724.744	3032.500
724.947	3049.500
725.150	3092.500
725.353	3094.500
725.556	3034.500
725.759	3144.500
725.962	3115.500
726.165	2932.500
726.368	3033.500
726.571	3085.500
726.773	3265.500
726.976	3229.500
727.179	3201.500
727.382	3153.500
727.585	3306.500
727.788	3110.500
727.991	2868.500
728.194	2912.500
728.397	2832.500
728.600	2883.500
728.803	2987.500
729.005	3079.500
729.208	3149.500
729.411	3101.500
729.614	3124.500
729.817	3198.500
730.020	3048.500
730.223	2965.500
730.426	2894.500
730.629	2974.500
730.832	2977.500
731.035	3102.500
731.237	3169.500
731.440	3056.500
731.643	3281.500
731.846	3217.500
732.049	3203.500
732.252	3598.500
732.455	3585.500
732.658	3344.500
732.861	3293.500
733.064	3286.500
733.267	3385.500
733.469	3469.500
733.672	3468.500
733.875	3378.500
734.078	3511.500
734.281	3511.500
734.484	3600.500
734.687	3346.500
734.890	3315.500
735.093	3536.500
735.296	3640.500
735.499	3517.500
735.701	3415.500
735.904	3683.500
736.107	3557.500
736.310	3373.500
736.513	3361.500
736.716	3392.500
736.919	3237.500
737.122	3303.500
737.325	3377.500
737.528	3385.500
737.731	3419.500
737.933	3481.500
738.136	3524.500
738.339	3465.500
738.542	3562.500
738.745	3522.500
738.948	3441.500
739.151	3451.500
739.354	3252.500
739.557	3240.500
739.760	3288.500
739.963	3339.500
740.165	3498.500
740.368	3421.500
740.571	3243.500
740.774	3301.500
740.977	3390.500
741.180	3387.500
741.383	3457.500
741.586	3517.500
741.789	3563.500
741.992	3520.500
742.195	3355.500
742.397	3374.500
742.600	3510.500
742.803	3377.500
743.006	3551.500
743.209	3628.500
743.412	3356.500
743.615	3212.500
743.818	3304.500
744.021	3253.500
744.224	3258.500
744.427	3370.500
744.629	3399.500
744.832	3233.500
745.035	3194.500
745.238	3347.500
745.441	3468.500
745.644	3406.500
745.847	3408.500
746.050	3437.500
746.253	3418.500
746.456	3367.500
746.659	3336.500
746.861	3112.500
747.064	3316.500
747.267	3416.500
747.470	3206.500
747.673	3294.500
747.876	3400.500
748.079	3319.500
748.282	3244.500
748.485	3192.500
748.688	3164.500
748.891	3231.500
749.093	3246.500
749.296	3294.500
749.499	3246.500
749.702	3182.500
749.905	3171.500
750.108	3136.500
750.311	3173.500
750.514	3088.500
750.717	3119.500
750.920	3260.500
751.123	3209.500
751.325	3044.500
751.528	2938.500
751.731	2952.500
751.934	3111.500
752.137	3235.500
752.340	3003.500
752.543	3219.500
752.746	3334.500
752.949	3015.500
753.152	3089.500
753.355	3103.500
753.557	3080.500
753.760	3011.500
753.963	3131.500
754.166	3151.500
754.369	2918.500
754.572	3046.500
754.775	3050.500
754.978	3173.500
755.181	3095.500
755.384	3033.500
755.587	3120.500
755.789	2829.500
755.992	3053.500
756.195	3100.500
756.398	3050.500
756.601	3124.500
756.804	3121.500
757.007	3014.500
757.210	2904.500
757.413	2812.500
757.616	2809.500
757.819	3027.500
758.021	3018.500
758.224	2595.500
758.427	2418.500
758.630	2013.500
758.833	1948.500
759.036	1723.500
759.239	1588.500
759.442	1414.500
759.645	1144.500
759.848	1067.500
760.051	1223.500
760.253	1279.500
760.456	1346.500
760.659	1260.500
760.862	1303.500
761.065	1093.500
761.268	1015.500
761.471	1155.500
761.674	1218.500
761.877	997.500
762.080	986.500
762.283	1004.500
762.485	905.500
762.688	1016.500
762.891	1087.500
763.094	1109.500
763.297	1261.500
763.500	1284.500
763.706	1307.500
763.912	1300.500
764.118	1293.500
764.325	1408.500
764.531	1463.500
764.737	1419.500
764.943	1508.500
765.149	1592.500
765.355	1625.500
765.561	1913.500
765.768	1795.500
765.974	1706.500
766.180	1805.500
766.386	2104.500
766.592	2243.500
766.798	2169.500
767.004	2137.500
767.210	2299.500
767.417	2417.500
767.623	2319.500
767.829	2329.500
768.035	2240.500
768.241	2426.500
768.447	2652.500
768.653	2468.500
768.860	2389.500
769.066	2296.500
769.272	2356.500
769.478	2450.500
769.684	2566.500
769.890	2582.500
770.096	2551.500
770.303	2550.500
770.509	2391.500
770.715	2460.500
770.921	2621.500
771.127	2661.500
771.333	2715.500
771.539	2680.500
771.745	2504.500
771.952	2589.500
772.158	2491.500
772.364	2296.500
772.570	2485.500
772.776	2576.500
772.982	2293.500
773.188	2370.500
773.395	2457.500
773.601	2484.500
773.807	2446.500
774.013	2429.500
774.219	2384.500
774.425	2388.500
774.631	2534.500
774.838	2232.500
775.044	2237.500
775.250	2346.500
775.456	2323.500
775.662	2355.500
775.868	2494.500
776.074	2436.500
776.281	2380.500
776.487	2230.500
776.693	2247.500
776.899	2304.500
777.105	2491.500
777.311	2559.500
777.517	2432.500
777.723	2508.500
777.930	2331.500
778.136	2306.500
778.342	2379.500
778.548	2464.500
778.754	2282.500
778.960	2408.500
779.166	2453.500
779.373	2430.500
779.579	2288.500
779.785	2132.500
779.991	2222.500
780.197	2199.500
780.403	2151.500
780.609	2301.500
780.816	2268.500
781.022	2331.500
781.228	2542.500
781.434	2355.500
781.640	2365.500
781.846	2399.500
782.052	2305.500
782.259	2207.500
782.465	2095.500
782.671	2204.500
782.877	2121.500
783.083	2136.500
783.289	2338.500
783.495	2206.500
783.701	2205.500
783.908	2219.500
784.114	2205.500
784.320	2196.500
784.526	2057.500
784.732	2071.500
784.938	2185.500
785.144	2124.500
785.351	2084.500
785.557	2337.500
785.763	2259.500
785.969	2125.500
786.175	2124.500
786.381	2071.500
786.587	2040.500
786.794	2094.500
787.000	2224.500
787.206	2154.500
787.412	2167.500
787.618	2032.500
787.824	1890.500
788.030	1984.500
788.236	1922.500
788.443	1928.500
788.649	1973.500
788.855	1939.500
789.061	1896.500
789.267	2068.500
789.473	1954.500
789.679	1982.500
789.886	1837.500
790.092	1700.500
790.298	1759.500
790.504	1844.500
790.710	1838.500
790.916	1793.500
791.122	1748.500
791.329	1767.500
791.535	1945.500
791.741	2006.500
791.947	1841.500
792.153	1741.500
792.359	1794.500
792.565	2040.500
792.771	2052.500
792.978	1752.500
793.184	1833.500
793.390	1836.500
793.596	1729.500
793.802	1787.500
794.008	1953.500
794.214	2020.500
794.421	1919.500
794.627	1760.500
794.833	1682.500
795.039	1718.500
795.245	1699.500
795.451	1713.500
795.657	1808.500
795.864	1771.500
796.070	1842.500
796.276	2103.500
796.482	2044.500
796.688	1786.500
796.894	1724.500
797.100	1612.500
797.307	1714.500
797.513	1759.500
797.719	1724.500
797.925	1794.500
798.131	1653.500
798.337	1496.500
798.543	1608.500
798.749	1800.500
798.956	1954.500
799.162	1886.500
799.368	1637.500
799.574	1732.500
799.780	1810.500
799.986	1658.500
800.192	1591.500
800.399	1563.500
800.605	1615.500
800.811	1681.500
801.017	1732.500
801.223	1625.500
801.429	1555.500
801.635	1625.500
801.842	1598.500
802.048	1640.500
802.254	1624.500
802.460	1660.500
802.666	1560.500
802.872	1646.500
803.078	1777.500
803.285	1606.500
803.491	1437.500
803.697	1583.500
803.903	1576.500
804.109	1556.500
804.315	1709.500
804.521	1646.500
804.727	1637.500
804.934	1579.500
805.140	1664.500
805.346	1741.500
805.552	1789.500
805.758	1638.500
805.964	1508.500
806.170	1644.500
806.377	1705.500
806.583	1507.500
806.789	1450.500
806.995	1339.500
807.201	1410.500
807.407	1521.500
807.613	1596.500
807.820	1440.500
808.026	1443.500
808.232	1595.500
808.438	1555.500
808.644	1443.500
808.850	1343.500
809.056	1449.500
809.262	1314.500
809.469	1295.500
809.675	1268.500
809.881	1282.500
810.087	1343.500
810.293	1468.500
810.499	1563.500
810.705	1470.500
810.912	1321.500
811.118	1389.500
811.324	1328.500
811.530	1241.500
811.739	1155.500
811.947	1184.500
812.156	1234.500
812.365	1161.500
812.573	1279.500
812.782	1151.500
812.990	1182.500
813.199	1143.500
813.408	1231.500
813.616	1179.500
813.825	967.500
814.034	985.500
814.242	1094.500
814.451	1107.500
814.659	993.500
814.868	1104.500
815.077	1081.500
815.285	1022.500
815.494	916.500
815.703	845.500
815.911	963.500
816.120	970.500
816.329	967.500
816.537	1073.500
816.746	1031.500
816.954	911.500
817.163	772.500
817.372	816.500
817.580	820.500
817.789	972.500
817.998	1002.500
818.206	903.500
818.415	1016.500
818.624	901.500
818.832	706.500
819.041	812.500
819.249	1088.500
819.458	1222.500
819.667	1090.500
819.875	1035.500
820.084	990.500
820.293	1016.500
820.501	869.500
820.710	971.500
820.919	1115.500
821.127	1058.500
821.336	1071.500
821.544	906.500
821.753	925.500
821.962	961.500
822.170	810.500
822.379	794.500
822.588	782.500
822.796	680.500
823.005	731.500
823.213	819.500
823.422	967.500
823.631	1055.500
823.839	978.500
824.048	898.500
824.257	1015.500
824.465	1147.500
824.674	1034.500
824.883	988.500
825.091	991.500
825.300	900.500
825.508	1043.500
825.717	1024.500
825.926	901.500
826.134	838.500
826.343	953.500
826.552	933.500
826.760	907.500
826.969	901.500
827.178	825.500
827.386	894.500
827.595	1019.500
827.803	851.500
828.012	822.500
828.221	741.500
828.429	979.500
828.638	1178.500
828.847	1159.500
829.055	910.500
829.264	841.500
829.472	1054.500
829.681	940.500
829.890	876.500
830.098	847.500
830.307	881.500
830.516	806.500
830.724	728.500
830.933	830.500
831.142	894.500
831.350	964.500
831.559	1024.500
831.767	768.500
831.976	868.500
832.185	976.500
832.393	976.500
832.602	837.500
832.811	838.500
833.019	850.500
833.228	901.500
833.437	971.500
833.645	1002.500
833.854	811.500
834.062	892.500
834.271	939.500
834.480	872.500
834.688	937.500
834.897	856.500
835.106	833.500
835.314	914.500
835.523	903.500
835.731	974.500
835.940	1030.500
836.149	880.500
836.357	825.500
836.566	932.500
836.775	1013.500
836.983	1004.500
837.192	950.500
837.401	807.500
837.609	894.500
837.818	1044.500
838.026	887.500
838.235	920.500
838.444	1020.500
838.652	1044.500
838.861	1103.500
839.070	1044.500
839.278	1094.500
839.487	967.500
839.696	1068.500
839.904	936.500
840.113	865.500
840.321	984.500
840.530	932.500
840.739	938.500
840.947	973.500
841.156	829.500
841.365	814.500
841.573	1057.500
841.782	1131.500
841.991	926.500
842.199	920.500
842.408	925.500
842.616	969.500
842.825	932.500
843.034	968.500
843.242	843.500
843.451	921.500
843.660	927.500
843.868	831.500
844.077	750.500
844.285	1093.500
844.494	1264.500
844.703	920.500
844.911	760.500
845.120	724.500
845.329	782.500
845.537	851.500
845.746	854.500
845.955	918.500
846.163	902.500
846.372	888.500
846.580	779.500
846.789	749.500
846.998	912.500
847.206	905.500
847.415	956.500
847.624	889.500
847.832	968.500
848.041	924.500
848.250	843.500
848.458	838.500
848.667	907.500
848.875	956.500
849.084	738.500
849.293	792.500
849.501	832.500
849.710	717.500
849.919	791.500
850.127	771.500
850.336	792.500
850.544	668.500
850.753	785.500
850.962	785.500
851.170	841.500
851.379	1100.500
851.588	945.500
851.796	879.500
852.005	762.500
852.214	822.500
852.422	885.500
852.631	875.500
852.839	648.500
853.048	693.500
853.257	801.500
853.465	525.500
853.674	561.500
853.883	718.500
854.091	552.500
854.300	629.500
854.509	720.500
854.717	883.500
854.926	806.500
855.134	723.500
855.343	709.500
855.552	766.500
855.760	839.500
855.969	772.500
856.178	588.500
856.386	656.500
856.595	882.500
856.803	847.500
857.012	749.500
857.221	710.500
857.429	824.500
857.638	755.500
857.847	722.500
858.055	689.500
858.264	741.500
858.473	846.500
858.681	858.500
858.890	667.500
859.098	749.500
859.307	776.500
859.516	629.500
859.724	742.500
859.933	714.500
860.142	678.500
860.350	719.500
860.559	551.500
860.768	541.500
860.976	579.500
861.185	569.500
861.393	486.500
861.602	657.500
861.811	730.500
862.019	695.500
862.228	659.500
862.437	598.500
862.645	530.500
862.854	729.500
863.062	810.500
863.271	720.500
863.480	868.500
863.688	851.500
863.897	629.500
864.106	467.500
864.314	603.500
864.523	595.500
864.732	525.500
864.940	520.500
865.149	606.500
865.357	572.500
865.566	512.500
865.775	648.500
865.983	688.500
866.192	489.500
866.401	443.500
866.609	470.500
866.818	538.500
867.027	604.500
867.235	559.500
867.444	527.500
867.652	443.500
867.861	589.500
868.070	561.500
868.278	499.500
868.487	540.500
868.696	606.500
868.904	564.500
869.113	522.500
869.321	585.500
869.530	585.500
869.739	585.500
869.947	690.500
870.156	554.500
870.365	406.500
870.573	459.500
870.782	608.500
870.991	635.500
871.199	492.500
871.408	301.500
871.616	349.500
871.825	459.500
872.034	671.500
872.242	734.500
872.451	686.500
872.660	558.500
872.868	727.500
873.077	693.500
873.286	471.500
873.494	596.500
873.703	597.500
873.911	568.500
874.120	322.500
874.329	460.500
874.537	668.500
874.746	571.500
874.955	627.500
875.163	387.500
875.372	352.500
875.581	423.500
875.789	478.500
875.998	550.500
876.206	543.500
876.415	489.500
876.624	427.500
876.832	346.500
877.041	509.500
877.250	639.500
877.458	461.500
877.667	638.500
877.875	689.500
878.084	484.500
878.293	426.500
878.501	440.500
878.710	460.500
878.919	441.500
879.127	281.500
879.336	313.500
879.545	398.500
879.753	331.500
879.962	362.500
880.170	427.500
880.379	444.500
880.588	500.500
880.796	587.500
881.005	662.500
881.214	660.500
881.422	458.500
881.631	529.500
881.840	654.500
882.048	572.500
882.257	621.500
882.465	459.500
882.674	448.500
882.883	567.500
883.091	525.500
883.300	454.500
883.509	361.500
883.717	489.500
883.926	611.500
884.134	545.500
884.343	363.500
884.552	402.500
884.760	440.500
884.969	605.500
885.178	346.500
885.386	317.500
885.595	313.500
885.804	359.500
886.012	341.500
886.221	402.500
886.429	421.500
886.638	324.500
886.847	251.500
887.055	311.500
887.264	372.500
887.473	486.500
887.681	515.500
887.890	328.500
888.099	335.500
888.307	317.500
888.516	302.500
888.724	417.500
888.933	424.500
889.142	410.500
889.350	385.500
889.559	464.500
889.768	312.500
889.976	327.500
890.185	392.500
890.393	327.500
890.602	353.500
890.811	412.500
891.019	496.500
891.228	630.500
891.437	497.500
891.645	381.500
891.854	410.500
892.063	430.500
892.271	408.500
892.480	260.500
892.688	330.500
892.897	432.500
893.106	420.500
893.314	428.500
893.523	152.500
893.732	228.500
893.940	378.500
894.149	205.500
894.358	308.500
894.566	436.500
894.775	516.500
894.983	435.500
895.192	288.500
895.401	458.500
895.609	351.500
895.818	199.500
896.027	154.500
896.235	158.500
896.444	255.500
896.652	284.500
896.861	204.500
897.070	451.500
897.278	475.500
897.487	410.500
897.696	421.500
897.904	230.500
898.113	319.500
898.322	250.500
898.530	151.500
898.739	158.500
898.947	106.500
899.156	87.500
899.365	243.500
899.573	333.500
899.782	168.500
899.991	157.500
900.199	152.500
900.408	352.500
900.617	331.500
900.825	265.500
901.034	350.500
901.242	161.500
901.451	81.500
901.660	138.500
901.868	298.500
902.077	266.500
902.286	166.500
902.494	126.500
902.703	270.500
902.911	304.500
903.120	341.500
903.329	231.500
903.537	150.500
903.746	137.500
903.955	219.500
904.163	160.500
904.372	138.500
904.581	196.500
904.789	263.500
904.998	255.500
905.206	166.500
905.415	299.500
905.624	298.500
905.832	171.500
906.041	126.500
906.250	152.500
906.458	158.500
906.667	192.500
906.876	67.500
907.084	124.500
907.293	105.500
907.501	211.500
907.710	161.500
907.919	215.500
908.127	370.500
908.336	195.500
908.545	269.500
908.753	353.500
908.962	336.500
909.170	223.500
909.379	96.500
909.588	292.500
909.796	289.500
910.005	163.500
910.214	53.500
910.422	118.500
910.631	23.500
910.840	270.500
911.048	343.500
911.257	135.500
911.465	170.500
911.674	271.500
911.883	312.500
912.091	295.500
912.300	300.500
912.508	195.500
912.716	217.500
912.924	240.500
913.132	242.500
913.340	266.500
913.549	241.500
913.757	183.500
913.965	133.500
914.173	172.500
914.381	207.500
914.589	190.500
914.797	157.500
915.005	186.500
915.213	217.500
915.421	267.500
915.629	105.500
915.838	2.500
916.046	50.500
916.254	178.500
916.462	189.500
916.670	182.500
916.878	208.500
917.086	295.500
917.294	249.500
917.502	221.500
917.710	213.500
917.919	188.500
918.127	146.500
918.335	170.500
918.543	105.500
918.751	249.500
918.959	336.500
919.167	170.500
919.375	145.500
919.583	405.500
919.791	214.500
919.999	143.500
920.208	259.500
920.416	103.500
920.624	136.500
920.832	225.500
921.040	191.500
921.248	125.500
921.456	20.500
921.664	-41.500
921.872	-5.500
922.080	37.500
922.288	64.500
922.497	188.500
922.705	224.500
922.913	193.500
923.121	197.500
923.329	75.500
923.537	-14.500
923.745	118.500
923.953	62.500
924.161	87.500
924.369	171.500
924.578	136.500
924.786	155.500
924.994	203.500
925.202	227.500
925.410	154.500
925.618	139.500
925.826	138.500
926.034	216.500
926.242	219.500
926.450	107.500
926.658	92.500
926.867	210.500
927.075	111.500
927.283	107.500
927.491	102.500
927.699	156.500
927.907	315.500
928.115	345.500
928.323	28.500
928.531	12.500
928.739	65.500
928.947	72.500
929.156	53.500
929.364	107.500
929.572	162.500
929.780	-19.500
929.988	-96.500
930.196	45.500
930.404	112.500
930.612	23.500
930.820	30.500
931.028	43.500
931.236	125.500
931.445	60.500
931.653	-8.500
931.861	98.500
932.069	-62.500
932.277	99.500
932.485	365.500
932.693	125.500
932.901	-19.500
933.109	-9.500
933.317	4.500
933.526	57.500
933.734	-9.500
933.942	13.500
934.150	17.500
934.358	58.500
934.566	23.500
934.774	-15.500
934.982	0.500
935.190	70.500
935.398	108.500
935.606	66.500
935.815	-18.500
936.023	123.500
936.231	109.500
936.439	58.500
936.647	46.500
936.855	43.500
937.063	38.500
937.271	128.500
937.479	202.500
937.687	-25.500
937.895	15.500
938.104	222.500
938.312	68.500
938.520	-48.500
938.728	-57.500
938.936	11.500
939.144	65.500
939.352	55.500
939.560	151.500
939.768	84.500
939.976	-51.500
940.185	-11.500
940.393	41.500
940.601	16.500
940.809	-94.500
941.017	20.500
941.225	-6.500
941.433	-11.500
941.641	-35.500
941.849	-235.500
942.057	-28.500
942.265	3.500
942.474	-1.500
942.682	19.500
942.890	-167.500
943.098	-83.500
943.306	-18.500
943.514	-78.500
943.722	-93.500
943.930	9.500
944.138	123.500
944.346	84.500
944.554	125.500
944.763	15.500
944.971	-47.500
945.179	-64.500
945.387	20.500
945.595	42.500
945.803	140.500
946.011	28.500
946.219	26.500
946.427	16.500
946.635	-61.500
946.843	149.500
947.052	251.500
947.260	31.500
947.468	2.500
947.676	-15.500
947.884	28.500
948.092	164.500
948.300	162.500
948.508	50.500
948.716	53.500
948.924	90.500
949.133	235.500
949.341	233.500
949.549	-36.500
949.757	173.500
949.965	53.500
950.173	-163.500
950.381	44.500
950.589	181.500
950.797	114.500
951.005	-29.500
951.213	-147.500
951.422	-73.500
951.630	-22.500
951.838	-38.500
952.046	223.500
952.254	202.500
952.462	54.500
952.670	178.500
952.878	173.500
953.086	121.500
953.294	120.500
953.502	60.500
953.711	109.500
953.919	92.500
954.127	-71.500
954.335	-80.500
954.543	64.500
954.751	79.500
954.959	53.500
955.167	197.500
955.375	126.500
955.583	-55.500
955.792	68.500
956.000	141.500
956.208	146.500
956.416	80.500
956.624	72.500
956.832	92.500
957.040	8.500
957.248	-75.500
957.456	30.500
957.664	-1.500
957.872	-183.500
958.081	-147.500
958.289	34.500
958.497	84.500
958.705	51.500
958.913	-77.500
959.121	-148.500
959.329	-29.500
959.537	-134.500
959.745	-95.500
959.953	-72.500
960.161	-52.500
960.370	-97.500
960.578	-10.500
960.786	118.500
960.994	43.500
961.202	125.500
961.410	161.500
961.618	-23.500
961.826	-71.500
962.034	69.500
962.242	-13.500
962.451	-130.500
962.659	-129.500
962.867	-62.500
963.075	24.500
963.283	78.500
963.491	46.500
963.699	34.500
963.907	40.500
964.115	155.500
964.323	300.500
964.531	227.500
964.740	18.500
964.948	183.500
965.156	2.500
965.364	92.500
965.572	317.500
965.780	176.500
965.999	38.500
966.218	-92.500
966.438	-140.500
966.657	-154.500
966.876	-38.500
967.095	35.500
967.315	-23.500
967.534	-100.500
967.753	135.500
967.972	164.500
968.192	130.500
968.411	52.500
968.630	-33.500
968.849	-37.500
969.068	193.500
969.288	108.500
969.507	85.500
969.726	207.500
969.945	195.500
970.165	-15.500
970.384	95.500
970.603	-44.500
970.822	-119.500
971.042	-131.500
971.261	-23.500
971.480	166.500
971.699	48.500
971.919	-80.500
972.138	59.500
972.357	90.500
972.576	-29.500
972.795	75.500
973.015	68.500
973.234	105.500
973.453	64.500
973.672	-80.500
973.892	-109.500
974.111	-61.500
974.330	22.500
974.549	33.500
974.769	-14.500
974.988	207.500
975.207	-10.500
975.426	-132.500
975.646	-26.500
975.865	-35.500
976.084	-2.500
976.303	35.500
976.522	80.500
976.742	-19.500
976.961	-102.500
977.180	33.500
977.399	9.500
977.619	0.500
977.838	76.500
978.057	60.500
978.276	136.500
978.496	56.500
978.715	64.500
978.934	6.500
979.153	-164.500
979.372	-118.500
979.592	26.500
979.811	84.500
980.030	42.500
980.249	-55.500
980.469	38.500
980.688	41.500
980.907	-99.500
981.126	-69.500
981.346	169.500
981.565	114.500
981.784	-84.500
982.003	57.500
982.223	211.500
982.442	282.500
982.661	-3.500
982.880	-3.500
983.099	38.500
983.319	70.500
983.538	103.500
983.757	65.500
983.976	212.500
984.196	190.500
984.415	209.500
984.634	120.500
984.853	137.500
985.073	234.500
985.292	84.500
985.511	20.500
985.730	13.500
985.949	49.500
986.169	199.500
986.388	308.500
986.607	-148.500
986.826	-121.500
987.046	-211.500
987.265	-152.500
987.484	12.500
987.703	101.500
987.923	-1.500
988.142	87.500
988.361	195.500
988.580	232.500
988.800	-48.500
989.019	40.500
989.238	58.500
989.457	-47.500
989.676	114.500
989.896	76.500
990.115	-73.500
990.334	-92.500
990.553	-111.500
990.773	-102.500
990.992	-47.500
991.211	-56.500
991.430	59.500
991.650	-0.500
991.869	-1.500
992.088	-100.500
992.307	0.500
992.527	56.500
992.746	-31.500
992.965	36.500
993.184	62.500
993.403	91.500
993.623	121.500
993.842	-40.500
994.061	-68.500
994.280	15.500
994.500	-28.500
994.719	-82.500
994.938	-43.500
995.157	-113.500
995.377	-62.500
995.596	-31.500
995.815	36.500
996.034	-46.500
996.253	-97.500
996.473	-50.500
996.692	105.500
996.911	20.500
997.130	2.500
997.350	13.500
997.569	102.500
997.788	38.500
998.007	-147.500
998.227	-100.500
998.446	62.500
998.665	71.500
998.884	83.500
999.104	38.500
999.323	98.500
999.542	-12.500
999.761	-57.500
999.980	-90.500
1000.200	45.500
1000.419	124.500
1000.638	186.500
1000.857	169.500
1001.077	87.500
1001.296	66.500
1001.515	-72.500
1001.734	-13.500
1001.954	36.500
1002.173	108.500
1002.392	169.500
1002.611	138.500
1002.830	13.500
1003.050	-131.500
1003.269	-11.500
1003.488	31.500
1003.707	-25.500
1003.927	-1.500
1004.146	102.500
1004.365	76.500
1004.584	85.500
1004.804	92.500
1005.023	32.500
1005.242	-7.500
1005.461	58.500
1005.681	139.500
1005.900	62.500
1006.119	-18.500
1006.338	-88.500
1006.557	-75.500
1006.777	168.500
1006.996	228.500
1007.215	-39.500
1007.434	-41.500
1007.654	94.500
1007.873	58.500
1008.092	-38.500
1008.311	-63.500
1008.531	-164.500
1008.750	-6.500
1008.969	147.500
1009.188	-108.500
1009.407	-95.500
1009.627	-41.500
1009.846	-56.500
1010.065	80.500
1010.284	-0.500
1010.504	-174.500
1010.723	-118.500
1010.942	-100.500
1011.161	-61.500
1011.381	-80.500
1011.600	-71.500
1011.819	95.500
1012.038	22.500
1012.258	15.500
1012.477	115.500
1012.696	91.500
1012.915	56.500
1013.134	26.500
1013.354	-6.500
1013.573	68.500
1013.792	57.500
1014.011	-44.500
1014.231	-20.500
1014.450	115.500
1014.669	22.500
1014.888	-140.500
1015.108	51.500
1015.327	135.500
1015.546	89.500
1015.765	129.500
1015.984	88.500
1016.204	196.500
1016.423	122.500
1016.642	217.500
1016.861	101.500
1017.081	-96.500
1017.300	-39.500
1017.519	-14.500
