296.912	-11.000
297.101	25.000
297.290	24.000
297.479	0.000
297.668	-18.000
297.858	-15.000
298.047	-18.000
298.236	11.000
298.425	23.000
298.614	14.000
298.803	20.000
298.992	36.000
299.181	52.000
299.370	55.000
299.559	12.000
299.748	-17.000
299.937	-6.000
300.126	5.000
300.315	-44.000
300.504	-12.000
300.693	19.000
300.882	31.000
301.071	15.000
301.260	3.000
301.449	15.000
301.638	14.000
301.827	20.000
302.016	28.000
302.205	-23.000
302.395	58.000
302.584	8.000
302.773	-6.000
302.962	60.000
303.151	53.000
303.340	5.000
303.529	25.000
303.718	45.000
303.907	1.000
304.096	11.000
304.285	44.000
304.474	52.000
304.663	38.000
304.852	-2.000
305.041	50.000
305.230	36.000
305.419	-25.000
305.608	53.000
305.797	-18.000
305.986	12.000
306.175	3.000
306.364	-4.000
306.553	-20.000
306.743	48.000
306.932	36.000
307.121	61.000
307.310	-6.000
307.499	4.000
307.688	-43.000
307.877	0.000
308.066	-3.000
308.255	-8.000
308.444	4.000
308.633	33.000
308.822	50.000
309.011	-58.000
309.200	0.000
309.389	11.000
309.578	-9.000
309.767	26.000
309.956	80.000
310.145	-1.000
310.334	-29.000
310.523	4.000
310.712	13.000
310.901	11.000
311.091	-28.000
311.280	-19.000
311.469	15.000
311.658	30.000
311.847	42.000
312.036	42.000
312.225	30.000
312.414	27.000
312.603	-13.000
312.792	8.000
312.981	-39.000
313.170	-6.000
313.349	16.000
313.527	77.000
313.706	66.000
313.884	46.000
314.063	39.000
314.241	-5.000
314.420	-34.000
314.598	15.000
314.777	17.000
314.955	1.000
315.134	24.000
315.312	0.000
315.491	10.000
315.669	27.000
315.848	71.000
316.027	64.000
316.205	32.000
316.384	3.000
316.562	-1.000
316.741	40.000
316.919	29.000
317.098	16.000
317.276	-69.000
317.455	25.000
317.633	-8.000
317.812	-42.000
317.990	2.000
318.169	-8.000
318.347	-44.000
318.526	4.000
318.705	-60.000
318.883	-19.000
319.062	-7.000
319.240	-15.000
319.419	41.000
319.597	36.000
319.776	50.000
319.954	9.000
320.133	20.000
320.311	105.000
320.490	40.000
320.668	-14.000
320.847	39.000
321.025	20.000
321.204	-18.000
321.382	12.000
321.561	-35.000
321.740	-10.000
321.918	-10.000
322.097	-1.000
322.275	21.000
322.454	-9.000
322.632	-7.000
322.811	-12.000
322.989	-16.000
323.168	5.000
323.346	-3.000
323.525	-12.000
323.703	44.000
323.882	4.000
324.060	36.000
324.239	66.000
324.418	23.000
324.596	18.000
324.775	-32.000
324.953	-17.000
325.132	2.000
325.310	-25.000
325.489	24.000
325.667	7.000
325.846	62.000
326.024	84.000
326.203	32.000
326.381	17.000
326.560	-9.000
326.738	-6.000
326.917	21.000
327.096	19.000
327.274	-27.000
327.453	23.000
327.631	-11.000
327.810	5.000
327.988	25.000
328.167	28.000
328.345	80.000
328.524	-42.000
328.702	-16.000
328.881	-22.000
329.059	19.000
329.238	43.000
329.416	-20.000
329.595	-20.000
329.774	-13.000
329.952	-11.000
330.131	-34.000
330.309	51.000
330.488	-56.000
330.666	59.000
330.845	41.000
331.023	9.000
331.202	-15.000
331.380	-7.000
331.559	-26.000
331.737	24.000
331.916	17.000
332.094	-52.000
332.273	24.000
332.452	20.000
332.630	-12.000
332.809	37.000
332.987	16.000
333.166	86.000
333.344	-5.000
333.523	29.000
333.701	29.000
333.880	51.000
334.058	68.000
334.237	3.000
334.415	51.000
334.594	21.000
334.772	29.000
334.951	-18.000
335.129	14.000
335.308	20.000
335.487	7.000
335.665	19.000
335.844	40.000
336.022	71.000
336.201	82.000
336.379	-21.000
336.558	-33.000
336.736	47.000
336.915	-21.000
337.093	7.000
337.272	-24.000
337.450	-1.000
337.629	-2.000
337.807	3.000
337.986	-3.000
338.165	5.000
338.343	70.000
338.522	1.000
338.700	11.000
338.879	2.000
339.057	18.000
339.236	5.000
339.414	22.000
339.593	-7.000
339.771	-12.000
339.950	73.000
340.128	15.000
340.307	21.000
340.485	-23.000
340.664	-20.000
340.843	-25.000
341.021	7.000
341.200	21.000
341.378	34.000
341.557	20.000
341.735	55.000
341.914	60.000
342.092	-3.000
342.271	-3.000
342.449	7.000
342.628	41.000
342.806	25.000
342.985	40.000
343.163	48.000
343.342	40.000
343.521	73.000
343.699	36.000
343.878	10.000
344.056	8.000
344.235	11.000
344.413	22.000
344.592	26.000
344.770	41.000
344.949	65.000
345.127	95.000
345.306	24.000
345.484	22.000
345.663	-3.000
345.841	6.000
346.020	51.000
346.199	12.000
346.377	32.000
346.556	24.000
346.734	31.000
346.913	31.000
347.091	65.000
347.270	71.000
347.448	22.000
347.627	28.000
347.805	-29.000
347.984	94.000
348.162	30.000
348.341	71.000
348.519	35.000
348.698	40.000
348.876	-5.000
349.055	63.000
349.234	74.000
349.412	70.000
349.591	23.000
349.769	26.000
349.948	5.000
350.126	60.000
350.305	1.000
350.483	63.000
350.662	42.000
350.840	26.000
351.019	1.000
351.197	-11.000
351.376	-4.000
351.554	12.000
351.733	29.000
351.912	-24.000
352.090	4.000
352.269	8.000
352.447	2.000
352.626	82.000
352.804	48.000
352.983	35.000
353.161	-4.000
353.340	39.000
353.518	53.000
353.697	76.000
353.875	67.000
354.054	42.000
354.232	37.000
354.411	47.000
354.590	-6.000
354.768	36.000
354.947	37.000
355.125	71.000
355.304	30.000
355.482	44.000
355.661	48.000
355.839	56.000
356.018	20.000
356.196	-3.000
356.375	52.000
356.553	33.000
356.732	31.000
356.910	29.000
357.089	70.000
357.268	58.000
357.446	27.000
357.625	64.000
357.803	115.000
357.982	27.000
358.160	52.000
358.339	76.000
358.517	51.000
358.696	120.000
358.874	5.000
359.053	50.000
359.231	39.000
359.410	8.000
359.588	36.000
359.767	8.000
359.945	52.000
360.124	39.000
360.303	73.000
360.481	57.000
360.660	8.000
360.838	68.000
361.017	50.000
361.195	50.000
361.374	18.000
361.552	0.000
361.731	58.000
361.909	33.000
362.088	48.000
362.266	73.000
362.445	52.000
362.623	51.000
362.802	42.000
362.981	43.000
363.159	17.000
363.338	48.000
363.516	53.000
363.695	35.000
363.873	70.000
364.052	49.000
364.230	20.000
364.409	35.000
364.587	24.000
364.766	31.000
364.944	16.000
365.123	36.000
365.301	37.000
365.480	2.000
365.660	41.000
365.839	80.000
366.019	19.000
366.199	45.000
366.379	23.000
366.558	26.000
366.738	16.000
366.918	9.000
367.098	6.000
367.277	42.000
367.457	111.000
367.637	36.000
367.816	0.000
367.996	26.000
368.176	89.000
368.356	18.000
368.535	40.000
368.715	5.000
368.895	58.000
369.075	43.000
369.254	58.000
369.434	78.000
369.614	59.000
369.793	55.000
369.973	49.000
370.153	50.000
370.333	95.000
370.512	46.000
370.692	38.000
370.872	5.000
371.051	52.000
371.231	63.000
371.411	67.000
371.591	46.000
371.770	10.000
371.950	-42.000
372.130	36.000
372.310	52.000
372.489	76.000
372.669	58.000
372.849	46.000
373.028	48.000
373.208	28.000
373.388	20.000
373.568	43.000
373.747	16.000
373.927	55.000
374.107	42.000
374.287	94.000
374.466	46.000
374.646	40.000
374.826	96.000
375.005	-1.000
375.185	7.000
375.365	78.000
375.545	72.000
375.724	91.000
375.904	87.000
376.084	65.000
376.263	114.000
376.443	18.000
376.623	15.000
376.803	37.000
376.982	49.000
377.162	38.000
377.342	96.000
377.522	71.000
377.701	76.000
377.881	86.000
378.061	39.000
378.240	84.000
378.420	67.000
378.600	80.000
378.780	65.000
378.959	50.000
379.139	55.000
379.319	4.000
379.499	66.000
379.678	57.000
379.858	10.000
380.038	4.000
380.217	25.000
380.397	-28.000
380.577	-11.000
380.757	-5.000
380.936	76.000
381.116	98.000
381.296	57.000
381.476	52.000
381.655	50.000
381.835	51.000
382.015	13.000
382.194	71.000
382.374	68.000
382.554	54.000
382.734	93.000
382.913	40.000
383.093	47.000
383.273	62.000
383.452	69.000
383.632	48.000
383.812	51.000
383.992	50.000
384.171	2.000
384.351	50.000
384.531	22.000
384.711	96.000
384.890	74.000
385.070	46.000
385.250	77.000
385.429	67.000
385.609	19.000
385.789	1.000
385.969	44.000
386.148	30.000
386.328	75.000
386.508	107.000
386.688	27.000
386.867	25.000
387.047	13.000
387.227	27.000
387.406	25.000
387.586	23.000
387.766	57.000
387.946	53.000
388.125	38.000
388.305	101.000
388.485	37.000
388.664	54.000
388.844	48.000
389.024	59.000
389.204	36.000
389.383	16.000
389.563	-9.000
389.743	33.000
389.923	20.000
390.102	-36.000
390.282	-6.000
390.462	24.000
390.641	-3.000
390.821	3.000
391.001	8.000
391.181	9.000
391.360	40.000
391.540	52.000
391.720	87.000
391.900	72.000
392.079	62.000
392.259	10.000
392.439	46.000
392.618	108.000
392.798	13.000
392.978	77.000
393.158	59.000
393.337	59.000
393.517	63.000
393.697	52.000
393.877	51.000
394.056	131.000
394.236	80.000
394.416	55.000
394.595	59.000
394.775	76.000
394.955	40.000
395.135	91.000
395.314	32.000
395.494	80.000
395.674	125.000
395.853	93.000
396.033	84.000
396.213	40.000
396.393	60.000
396.572	37.000
396.752	65.000
396.932	102.000
397.112	102.000
397.291	79.000
397.471	39.000
397.651	76.000
397.830	116.000
398.010	75.000
398.190	69.000
398.370	44.000
398.549	108.000
398.729	19.000
398.909	52.000
399.089	29.000
399.268	34.000
399.448	90.000
399.628	95.000
399.807	80.000
399.987	70.000
400.167	47.000
400.347	74.000
400.526	70.000
400.706	86.000
400.886	-8.000
401.065	76.000
401.245	103.000
401.425	114.000
401.605	33.000
401.784	66.000
401.964	67.000
402.144	44.000
402.324	83.000
402.503	85.000
402.683	45.000
402.863	102.000
403.042	79.000
403.222	70.000
403.402	79.000
403.582	105.000
403.761	100.000
403.941	40.000
404.121	34.000
404.301	44.000
404.480	84.000
404.660	71.000
404.844	76.000
405.029	97.000
405.213	74.000
405.398	41.000
405.582	65.000
405.767	65.000
405.951	113.000
406.136	118.000
406.320	84.000
406.505	54.000
406.689	30.000
406.874	13.000
407.058	74.000
407.243	16.000
407.427	75.000
407.612	62.000
407.796	58.000
407.981	65.000
408.165	44.000
408.350	89.000
408.534	64.000
408.719	66.000
408.903	87.000
409.088	78.000
409.272	78.000
409.457	37.000
409.641	46.000
409.826	66.000
410.010	58.000
410.195	25.000
410.379	73.000
410.564	87.000
410.748	95.000
410.933	85.000
411.117	26.000
411.302	119.000
411.486	109.000
411.671	101.000
411.855	71.000
412.040	82.000
412.224	64.000
412.409	97.000
412.593	142.000
412.778	117.000
412.962	124.000
413.147	120.000
413.331	104.000
413.516	90.000
413.700	106.000
413.885	124.000
414.069	89.000
414.254	144.000
414.438	108.000
414.623	91.000
414.807	125.000
414.992	176.000
415.176	118.000
415.361	184.000
415.545	159.000
415.730	111.000
415.914	154.000
416.099	171.000
416.283	122.000
416.468	101.000
416.652	168.000
416.837	172.000
417.021	221.000
417.206	226.000
417.390	169.000
417.575	239.000
417.759	195.000
417.944	240.000
418.128	252.000
418.313	235.000
418.497	247.000
418.682	239.000
418.866	296.000
419.051	270.000
419.235	230.000
419.420	292.000
419.604	321.000
419.789	350.000
419.973	361.000
420.158	289.000
420.342	343.000
420.527	350.000
420.711	375.000
420.896	419.000
421.080	397.000
421.265	490.000
421.449	483.000
421.634	479.000
421.818	480.000
422.003	500.000
422.187	490.000
422.372	536.000
422.556	469.000
422.741	548.000
422.925	598.000
423.110	639.000
423.294	589.000
423.479	666.000
423.663	674.000
423.848	680.000
424.032	697.000
424.217	738.000
424.401	727.000
424.586	774.000
424.770	806.000
424.955	912.000
425.139	870.000
425.324	852.000
425.508	913.000
425.693	967.000
425.877	974.000
426.062	1012.000
426.246	1051.000
426.431	1105.000
426.615	1158.000
426.800	1241.000
426.984	1268.000
427.169	1217.000
427.353	1254.000
427.538	1238.000
427.722	1318.000
427.907	1374.000
428.091	1375.000
428.276	1422.000
428.460	1460.000
428.645	1573.000
428.829	1614.000
429.014	1633.000
429.198	1696.000
429.383	1720.000
429.567	1777.000
429.752	1749.000
429.936	1767.000
430.121	1876.000
430.305	1927.000
430.490	2112.000
430.674	2061.000
430.859	2066.000
431.043	2091.000
431.228	2209.000
431.412	2238.000
431.597	2296.000
431.781	2370.000
431.966	2329.000
432.150	2474.000
432.335	2530.000
432.519	2540.000
432.704	2764.000
432.888	2714.000
433.073	2757.000
433.257	2849.000
433.442	2936.000
433.626	2961.000
433.811	3072.000
433.995	3120.000
434.180	3186.000
434.364	3283.000
434.549	3336.000
434.733	3310.000
434.918	3415.000
435.102	3582.000
435.287	3566.000
435.471	3651.000
435.656	3792.000
435.840	3846.000
436.030	3753.000
436.219	3898.000
436.409	4033.000
436.599	4253.000
436.789	4261.000
436.978	4350.000
437.168	4388.000
437.358	4529.000
437.548	4647.000
437.737	4727.000
437.927	4904.000
438.117	4939.000
438.306	5121.000
438.496	5294.000
438.686	5308.000
438.876	5474.000
439.065	5565.000
439.255	5853.000
439.445	5910.000
439.634	6134.000
439.824	6299.000
440.014	6434.000
440.204	6485.000
440.393	6618.000
440.583	6643.000
440.773	7013.000
440.963	7206.000
441.152	7421.000
441.342	7670.000
441.532	7975.000
441.721	8137.000
441.911	8405.000
442.101	8464.000
442.291	8875.000
442.480	9127.000
442.670	9344.000
442.860	9753.000
443.050	10056.000
443.239	10140.000
443.429	10259.000
443.619	10712.000
443.808	11083.000
443.998	11432.000
444.188	11790.000
444.378	11914.000
444.567	12276.000
444.757	12661.000
444.947	12974.000
445.137	13380.000
445.326	13476.000
445.516	13940.000
445.706	14215.000
445.895	14493.000
446.085	14957.000
446.275	15308.000
446.465	15693.000
446.654	15926.000
446.844	16228.000
447.034	16674.000
447.223	16675.000
447.413	17016.000
447.603	17262.000
447.793	17578.000
447.982	17930.000
448.172	18390.000
448.362	18536.000
448.552	18840.000
448.741	18966.000
448.931	19134.000
449.121	19432.000
449.310	19446.000
449.500	19374.000
449.690	19443.000
449.880	19700.000
450.069	19815.000
450.259	19872.000
450.449	19847.000
450.639	20057.000
450.828	19826.000
451.018	20000.000
451.208	19761.000
451.397	19507.000
451.587	19694.000
451.777	19421.000
451.967	19351.000
452.156	19151.000
452.346	19088.000
452.536	18689.000
452.725	18745.000
452.915	18405.000
453.105	18043.000
453.295	17818.000
453.484	17299.000
453.674	17105.000
453.864	16797.000
454.054	16552.000
454.243	16379.000
454.433	15989.000
454.623	15745.000
454.812	15180.000
455.002	14891.000
455.192	14633.000
455.382	14072.000
455.571	13814.000
455.761	13573.000
455.951	13350.000
456.141	12993.000
456.330	12700.000
456.520	12165.000
456.710	12008.000
456.899	11743.000
457.089	11321.000
457.279	11124.000
457.469	10851.000
457.658	10523.000
457.848	10338.000
458.038	10037.000
458.228	9821.000
458.417	9580.000
458.607	9407.000
458.797	9092.000
458.986	8856.000
459.176	8771.000
459.366	8648.000
459.556	8483.000
459.745	8252.000
459.935	8288.000
460.125	8123.000
460.314	7923.000
460.504	7684.000
460.694	7556.000
460.884	7568.000
461.073	7306.000
461.263	7116.000
461.453	7192.000
461.643	7038.000
461.832	6987.000
462.022	6878.000
462.212	6930.000
462.401	6702.000
462.591	6744.000
462.781	6663.000
462.971	6583.000
463.160	6441.000
463.350	6496.000
463.540	6528.000
463.730	6336.000
463.919	6318.000
464.109	6211.000
464.299	6078.000
464.488	6125.000
464.678	6006.000
464.868	6029.000
465.058	5993.000
465.247	5796.000
465.437	5758.000
465.627	5696.000
465.816	5815.000
466.006	5658.000
466.196	5581.000
466.386	5427.000
466.575	5481.000
466.765	5346.000
466.955	5325.000
467.145	5276.000
467.334	5100.000
467.524	5109.000
467.714	5069.000
467.903	5036.000
468.093	4886.000
468.283	4815.000
468.473	4856.000
468.662	4686.000
468.852	4692.000
469.042	4524.000
469.232	4452.000
469.421	4413.000
469.611	4368.000
469.801	4196.000
469.990	4126.000
470.180	4018.000
470.370	3990.000
470.560	3941.000
470.749	3869.000
470.939	3781.000
471.129	3819.000
471.318	3662.000
471.508	3664.000
471.698	3499.000
471.888	3390.000
472.077	3397.000
472.267	3373.000
472.457	3298.000
472.647	3258.000
472.836	3114.000
473.026	3116.000
473.216	3043.000
473.405	3032.000
473.595	2877.000
473.785	2827.000
473.975	2744.000
474.164	2856.000
474.354	2773.000
474.544	2684.000
474.734	2578.000
474.923	2461.000
475.113	2485.000
475.303	2463.000
475.492	2500.000
475.682	2480.000
475.872	2400.000
476.062	2433.000
476.251	2431.000
476.441	2320.000
476.631	2298.000
476.821	2308.000
477.010	2212.000
477.200	2222.000
477.390	2194.000
477.579	2123.000
477.769	2161.000
477.959	2163.000
478.149	2162.000
478.338	2185.000
478.528	2158.000
478.718	2072.000
478.907	2032.000
479.097	2058.000
479.287	2138.000
479.477	2121.000
479.666	2094.000
479.856	2013.000
480.046	2007.000
480.236	2060.000
480.425	1963.000
480.615	1936.000
480.805	1951.000
480.994	1959.000
481.184	1923.000
481.374	1928.000
481.564	1986.000
481.753	1914.000
481.943	1971.000
482.133	1935.000
482.323	1906.000
482.512	1805.000
482.702	1843.000
482.892	1858.000
483.081	1909.000
483.271	1877.000
483.461	1895.000
483.651	1930.000
483.840	1931.000
484.030	1854.000
484.220	1846.000
484.409	1825.000
484.599	1763.000
484.789	1815.000
484.979	1758.000
485.168	1828.000
485.358	1825.000
485.548	1817.000
485.738	1766.000
485.927	1724.000
486.117	1774.000
486.307	1697.000
486.496	1756.000
486.686	1786.000
486.876	1701.000
487.066	1730.000
487.255	1692.000
487.445	1716.000
487.635	1629.000
487.825	1738.000
488.014	1731.000
488.204	1721.000
488.394	1736.000
488.583	1723.000
488.773	1775.000
488.963	1794.000
489.153	1799.000
489.342	1768.000
489.532	1808.000
489.722	1822.000
489.912	1799.000
490.101	1737.000
490.291	1742.000
490.481	1807.000
490.670	1917.000
490.860	1829.000
491.050	1821.000
491.240	1797.000
491.429	1875.000
491.619	1914.000
491.809	1964.000
491.998	1866.000
492.188	1946.000
492.378	2040.000
492.568	1991.000
492.757	1983.000
492.947	2105.000
493.137	2051.000
493.327	2079.000
493.516	2048.000
493.706	2073.000
493.896	2214.000
494.085	2187.000
494.275	2213.000
494.465	2194.000
494.655	2243.000
494.844	2289.000
495.034	2348.000
495.224	2330.000
495.414	2302.000
495.603	2413.000
495.793	2438.000
495.983	2508.000
496.172	2525.000
496.362	2558.000
496.552	2563.000
496.742	2606.000
496.931	2654.000
497.121	2734.000
497.311	2673.000
497.500	2766.000
497.690	2875.000
497.880	2865.000
498.070	2860.000
498.259	2915.000
498.449	3068.000
498.639	3082.000
498.829	3094.000
499.018	3081.000
499.208	3231.000
499.398	3220.000
499.587	3286.000
499.777	3390.000
499.967	3347.000
500.157	3330.000
500.346	3412.000
500.536	3454.000
500.726	3618.000
500.916	3673.000
501.105	3727.000
501.295	3682.000
501.485	3698.000
501.674	3803.000
501.864	4041.000
502.054	3872.000
502.244	3969.000
502.433	3998.000
502.623	4085.000
502.813	4133.000
503.003	4103.000
503.192	4197.000
503.382	4309.000
503.572	4301.000
503.761	4399.000
503.951	4507.000
504.141	4427.000
504.331	4553.000
504.520	4600.000
504.710	4661.000
504.900	4729.000
505.089	4781.000
505.279	4772.000
505.469	4887.000
505.659	4999.000
505.848	5031.000
506.038	5104.000
506.228	4984.000
506.418	5068.000
506.607	5192.000
506.797	5216.000
506.987	5227.000
507.176	5428.000
507.366	5378.000
507.556	5449.000
507.746	5558.000
507.935	5576.000
508.125	5708.000
508.315	5734.000
508.505	5650.000
508.694	5807.000
508.884	5851.000
509.074	5894.000
509.263	6034.000
509.453	6124.000
509.643	6115.000
509.833	6064.000
510.022	6224.000
510.212	6391.000
510.402	6308.000
510.592	6353.000
510.781	6366.000
510.971	6346.000
511.161	6534.000
511.350	6525.000
511.540	6505.000
511.730	6679.000
511.920	6603.000
512.109	6732.000
512.299	6763.000
512.489	6770.000
512.678	6929.000
512.868	7039.000
513.058	6919.000
513.248	6964.000
513.437	7045.000
513.627	6986.000
513.817	7181.000
514.007	6986.000
514.196	7027.000
514.386	7161.000
514.576	7188.000
514.765	7263.000
514.955	7329.000
515.145	7358.000
515.335	7571.000
515.524	7536.000
515.714	7439.000
515.904	7440.000
516.094	7501.000
516.283	7465.000
516.473	7775.000
516.663	7616.000
516.852	7771.000
517.042	7783.000
517.232	7715.000
517.422	7792.000
517.611	7954.000
517.801	8028.000
517.991	8013.000
518.180	8017.000
518.370	8041.000
518.560	8193.000
518.750	8173.000
518.939	8358.000
519.129	8314.000
519.319	8198.000
519.509	8277.000
519.698	8355.000
519.888	8370.000
520.078	8497.000
520.267	8332.000
520.457	8540.000
520.647	8629.000
520.837	8640.000
521.026	8642.000
521.216	8604.000
521.406	8637.000
521.596	8714.000
521.785	8646.000
521.975	8752.000
522.165	8654.000
522.354	8731.000
522.544	8808.000
522.734	8839.000
522.924	8911.000
523.113	8863.000
523.303	8980.000
523.493	8885.000
523.683	9052.000
523.872	8968.000
524.062	8935.000
524.252	9138.000
524.441	9203.000
524.631	9174.000
524.821	9058.000
525.011	9201.000
525.200	9131.000
525.390	9487.000
525.580	9313.000
525.769	9232.000
525.959	9342.000
526.149	9336.000
526.339	9273.000
526.528	9346.000
526.718	9386.000
526.908	9502.000
527.098	9467.000
527.287	9600.000
527.477	9576.000
527.667	9679.000
527.856	9681.000
528.046	9568.000
528.236	9712.000
528.426	9736.000
528.615	9574.000
528.805	9579.000
528.995	9751.000
529.185	9823.000
529.374	9769.000
529.564	9720.000
529.754	9664.000
529.943	9695.000
530.133	9682.000
530.323	9776.000
530.513	9724.000
530.702	9923.000
530.892	9929.000
531.082	9886.000
531.271	9744.000
531.461	9733.000
531.651	9706.000
531.841	9775.000
532.030	9757.000
532.220	9656.000
532.410	9758.000
532.600	9650.000
532.789	9554.000
532.979	9679.000
533.169	9504.000
533.358	9619.000
533.548	9572.000
533.738	9515.000
533.928	9609.000
534.117	9507.000
534.307	9540.000
534.497	9514.000
534.687	9621.000
534.876	9528.000
535.066	9487.000
535.256	9476.000
535.445	9507.000
535.635	9419.000
535.825	9339.000
536.015	9436.000
536.204	9489.000
536.394	9381.000
536.584	9335.000
536.773	9405.000
536.963	9556.000
537.153	9454.000
537.343	9343.000
537.532	9509.000
537.722	9416.000
537.912	9356.000
538.102	9418.000
538.291	9434.000
538.481	9448.000
538.671	9305.000
538.860	9288.000
539.050	9359.000
539.240	9334.000
539.430	9300.000
539.619	9525.000
539.809	9261.000
539.999	9383.000
540.189	9292.000
540.378	9588.000
540.568	9340.000
540.758	9358.000
540.947	9441.000
541.137	9258.000
541.327	9319.000
541.517	9493.000
541.706	9313.000
541.896	9332.000
542.086	9421.000
542.276	9342.000
542.465	9348.000
542.655	9412.000
542.845	9393.000
543.034	9492.000
543.224	9400.000
543.414	9308.000
543.604	9264.000
543.793	9312.000
543.983	9212.000
544.173	9237.000
544.362	9224.000
544.552	9362.000
544.742	9383.000
544.932	9180.000
545.121	9221.000
545.311	9172.000
545.501	9175.000
545.691	9162.000
545.880	9112.000
546.070	9284.000
546.264	9293.000
546.459	9072.000
546.653	9103.000
546.847	9405.000
547.041	9280.000
547.236	9265.000
547.430	9125.000
547.624	9258.000
547.818	9212.000
548.013	9273.000
548.207	9174.000
548.401	9104.000
548.596	9133.000
548.790	9275.000
548.984	9155.000
549.178	9219.000
549.373	9096.000
549.567	9180.000
549.761	9054.000
549.956	9080.000
550.150	9023.000
550.344	9108.000
550.538	8962.000
550.733	9106.000
550.927	9060.000
551.121	9113.000
551.315	9201.000
551.510	9184.000
551.704	9072.000
551.898	9056.000
552.093	9001.000
552.287	9059.000
552.481	9076.000
552.675	9034.000
552.870	8990.000
553.064	8862.000
553.258	8963.000
553.453	9073.000
553.647	9037.000
553.841	8855.000
554.035	9056.000
554.230	9139.000
554.424	9170.000
554.618	8951.000
554.812	9013.000
555.007	8910.000
555.201	8833.000
555.395	8942.000
555.590	8929.000
555.784	8995.000
555.978	8947.000
556.172	9021.000
556.367	8974.000
556.561	8800.000
556.755	8963.000
556.949	8896.000
557.144	9074.000
557.338	9160.000
557.532	8846.000
557.727	9046.000
557.921	9009.000
558.115	8979.000
558.309	8877.000
558.504	9027.000
558.698	8926.000
558.892	8903.000
559.087	8971.000
559.281	9105.000
559.475	8993.000
559.669	8998.000
559.864	8966.000
560.058	8988.000
560.252	8813.000
560.446	8935.000
560.641	8909.000
560.835	9000.000
561.029	8806.000
561.224	8951.000
561.418	8906.000
561.612	8988.000
561.806	8925.000
562.001	8914.000
562.195	8810.000
562.389	8972.000
562.584	8806.000
562.778	8909.000
562.972	8958.000
563.166	8962.000
563.361	8916.000
563.555	8961.000
563.749	8798.000
563.943	8789.000
564.138	8864.000
564.332	8773.000
564.526	8862.000
564.721	8820.000
564.915	8785.000
565.109	8966.000
565.303	8728.000
565.498	8768.000
565.692	8644.000
565.886	8645.000
566.081	8677.000
566.275	8684.000
566.469	8767.000
566.663	8764.000
566.858	8718.000
567.052	8818.000
567.246	8768.000
567.440	8752.000
567.635	8786.000
567.829	8941.000
568.023	8846.000
568.218	8741.000
568.412	8691.000
568.606	8728.000
568.800	8603.000
568.995	8677.000
569.189	8668.000
569.383	8645.000
569.577	8628.000
569.772	8630.000
569.966	8554.000
570.160	8408.000
570.355	8568.000
570.549	8533.000
570.743	8602.000
570.937	8490.000
571.132	8470.000
571.326	8380.000
571.520	8498.000
571.715	8401.000
571.909	8532.000
572.103	8440.000
572.297	8551.000
572.492	8436.000
572.686	8335.000
572.880	8503.000
573.074	8333.000
573.269	8415.000
573.463	8381.000
573.657	8442.000
573.852	8354.000
574.046	8306.000
574.240	8285.000
574.434	8388.000
574.629	8208.000
574.823	8294.000
575.017	8265.000
575.212	8186.000
575.406	8254.000
575.600	8137.000
575.794	8095.000
575.989	8175.000
576.183	8150.000
576.377	8245.000
576.571	8052.000
576.766	8023.000
576.960	7969.000
577.159	8103.000
577.357	7960.000
577.556	8003.000
577.755	8097.000
577.953	7874.000
578.152	7922.000
578.350	7771.000
578.549	7813.000
578.748	7821.000
578.946	7749.000
579.145	7759.000
579.344	7760.000
579.542	7901.000
579.741	7819.000
579.940	7832.000
580.138	7748.000
580.337	7843.000
580.535	7854.000
580.734	7893.000
580.933	7914.000
581.131	7990.000
581.330	7978.000
581.529	8019.000
581.727	8095.000
581.926	8045.000
582.125	8114.000
582.323	8026.000
582.522	8021.000
582.721	7989.000
582.919	8076.000
583.118	8238.000
583.316	8144.000
583.515	8044.000
583.714	8243.000
583.912	8223.000
584.111	8125.000
584.310	8109.000
584.508	8208.000
584.707	8164.000
584.906	8295.000
585.104	8179.000
585.303	8226.000
585.501	8142.000
585.700	8196.000
585.899	8135.000
586.097	8228.000
586.296	8188.000
586.495	8019.000
586.693	8195.000
586.892	8237.000
587.091	8150.000
587.289	8008.000
587.488	8139.000
587.686	8004.000
587.885	8020.000
588.084	8050.000
588.282	7798.000
588.481	8059.000
588.680	8092.000
588.878	8022.000
589.077	8053.000
589.276	7951.000
589.474	7873.000
589.673	7889.000
589.871	7910.000
590.070	7909.000
590.269	7828.000
590.467	7861.000
590.666	7906.000
590.865	7763.000
591.063	7785.000
591.262	7933.000
591.461	7937.000
591.659	7914.000
591.858	7768.000
592.056	7795.000
592.255	7691.000
592.454	7766.000
592.652	7574.000
592.851	7670.000
593.050	7581.000
593.248	7619.000
593.447	7535.000
593.646	7630.000
593.844	7646.000
594.043	7523.000
594.241	7552.000
594.440	7573.000
594.639	7505.000
594.837	7405.000
595.036	7444.000
595.235	7526.000
595.433	7547.000
595.632	7398.000
595.831	7298.000
596.029	7427.000
596.228	7421.000
596.427	7381.000
596.625	7384.000
596.824	7455.000
597.022	7368.000
597.221	7370.000
597.420	7287.000
597.618	7508.000
597.817	7311.000
598.016	7161.000
598.214	7194.000
598.413	7097.000
598.612	7244.000
598.810	7197.000
599.009	7205.000
599.207	7161.000
599.406	7176.000
599.605	7074.000
599.803	7149.000
600.002	7139.000
600.201	7118.000
600.399	7114.000
600.598	7060.000
600.797	7067.000
600.995	6996.000
601.194	7051.000
601.392	7029.000
601.591	6975.000
601.790	7019.000
601.988	6921.000
602.187	7049.000
602.386	6879.000
602.584	6923.000
602.783	6874.000
602.982	6906.000
603.180	6964.000
603.379	6865.000
603.577	6713.000
603.776	6763.000
603.975	6777.000
604.173	6749.000
604.372	6796.000
604.571	6665.000
604.769	6851.000
604.968	6677.000
605.167	6649.000
605.365	6647.000
605.564	6675.000
605.762	6642.000
605.961	6609.000
606.160	6567.000
606.358	6574.000
606.557	6492.000
606.756	6583.000
606.954	6608.000
607.153	6487.000
607.352	6560.000
607.550	6399.000
607.749	6393.000
607.948	6418.000
608.146	6416.000
608.345	6444.000
608.543	6456.000
608.742	6422.000
608.941	6388.000
609.139	6293.000
609.338	6207.000
609.537	6317.000
609.735	6259.000
609.934	6180.000
610.133	6142.000
610.331	6156.000
610.530	6288.000
610.728	6271.000
610.927	6226.000
611.126	6251.000
611.324	6093.000
611.523	6115.000
611.722	6243.000
611.920	6107.000
612.119	6060.000
612.318	6063.000
612.516	5997.000
612.715	5890.000
612.913	5959.000
613.112	5946.000
613.311	5795.000
613.509	5780.000
613.708	5684.000
613.907	5928.000
614.105	5842.000
614.304	5835.000
614.503	5729.000
614.701	5658.000
614.900	5556.000
615.098	5735.000
615.297	5669.000
615.496	5719.000
615.694	5662.000
615.893	5594.000
616.092	5593.000
616.290	5682.000
616.489	5552.000
616.688	5529.000
616.886	5573.000
617.085	5447.000
617.283	5460.000
617.482	5437.000
617.681	5337.000
617.879	5336.000
618.078	5330.000
618.277	5241.000
618.475	5250.000
618.674	5230.000
618.873	5255.000
619.071	5239.000
619.270	5254.000
619.468	5195.000
619.667	5172.000
619.866	5154.000
620.064	5121.000
620.263	5009.000
620.462	5106.000
620.660	5067.000
620.859	5021.000
621.058	4968.000
621.256	4948.000
621.455	5021.000
621.654	5034.000
621.852	4883.000
622.051	4902.000
622.249	4956.000
622.448	4926.000
622.647	4862.000
622.845	4852.000
623.044	4788.000
623.243	4791.000
623.441	4735.000
623.640	4687.000
623.839	4739.000
624.037	4710.000
624.236	4624.000
624.434	4661.000
624.633	4628.000
624.832	4619.000
625.030	4502.000
625.229	4610.000
625.428	4547.000
625.626	4532.000
625.825	4470.000
626.024	4460.000
626.222	4357.000
626.421	4365.000
626.619	4280.000
626.818	4321.000
627.017	4304.000
627.215	4271.000
627.414	4292.000
627.613	4255.000
627.811	4238.000
628.010	4074.000
628.209	4136.000
628.407	4149.000
628.606	4047.000
628.804	4059.000
629.003	4035.000
629.202	3930.000
629.400	3967.000
629.599	3909.000
629.798	3902.000
629.996	3900.000
630.195	3724.000
630.394	3854.000
630.592	3766.000
630.791	3773.000
630.990	3857.000
631.188	3686.000
631.387	3786.000
631.585	3672.000
631.784	3788.000
631.983	3749.000
632.181	3717.000
632.380	3712.000
632.579	3496.000
632.777	3538.000
632.976	3556.000
633.175	3520.000
633.373	3447.000
633.572	3394.000
633.770	3462.000
633.969	3459.000
634.168	3416.000
634.366	3384.000
634.565	3209.000
634.764	3290.000
634.962	3250.000
635.161	3338.000
635.360	3239.000
635.558	3290.000
635.757	3346.000
635.955	3167.000
636.154	3271.000
636.353	3194.000
636.551	3220.000
636.750	3106.000
636.949	3088.000
637.147	3099.000
637.346	2994.000
637.545	3122.000
637.743	3004.000
637.942	3010.000
638.140	3048.000
638.339	2958.000
638.538	2904.000
638.736	2790.000
638.935	2893.000
639.134	2827.000
639.332	2892.000
639.531	2829.000
639.730	2879.000
639.928	2952.000
640.127	2767.000
640.325	2778.000
640.524	2722.000
640.723	2707.000
640.921	2700.000
641.120	2593.000
641.319	2621.000
641.517	2612.000
641.716	2649.000
641.915	2536.000
642.113	2589.000
642.312	2506.000
642.510	2495.000
642.709	2475.000
642.908	2429.000
643.106	2435.000
643.305	2484.000
643.504	2393.000
643.702	2454.000
643.901	2411.000
644.100	2332.000
644.298	2269.000
644.497	2267.000
644.696	2277.000
644.894	2194.000
645.093	2173.000
645.291	2212.000
645.490	2205.000
645.689	2162.000
645.887	2176.000
646.086	2050.000
646.285	1985.000
646.483	2014.000
646.682	1866.000
646.881	1797.000
647.079	1890.000
647.278	1866.000
647.476	1741.000
647.675	1661.000
647.874	1674.000
648.072	1564.000
648.271	1592.000
648.470	1513.000
648.668	1413.000
648.867	1408.000
649.066	1333.000
649.264	1290.000
649.463	1308.000
649.661	1212.000
649.860	1229.000
650.059	1065.000
650.257	1084.000
650.456	1010.000
650.655	961.000
650.853	981.000
651.052	959.000
651.251	831.000
651.449	787.000
651.648	714.000
651.846	747.000
652.045	653.000
652.244	628.000
652.442	521.000
652.641	508.000
652.840	504.000
653.038	507.000
653.237	500.000
653.436	450.000
653.634	417.000
653.833	404.000
654.032	354.000
654.230	290.000
654.429	274.000
654.627	294.000
654.826	259.000
655.025	248.000
655.223	249.000
655.422	242.000
655.621	188.000
655.819	204.000
656.018	157.000
656.217	203.000
656.415	179.000
656.614	133.000
656.812	220.000
657.011	189.000
657.210	196.000
657.408	112.000
657.607	160.000
657.806	90.000
658.004	37.000
658.203	88.000
658.402	35.000
658.600	101.000
658.799	89.000
658.997	105.000
659.196	110.000
659.395	182.000
659.593	75.000
659.792	54.000
659.991	59.000
660.189	81.000
660.388	107.000
660.587	76.000
660.785	55.000
660.984	146.000
661.182	90.000
661.381	40.000
661.580	29.000
661.778	84.000
661.977	37.000
662.176	47.000
662.374	92.000
662.573	90.000
662.772	108.000
662.970	55.000
663.169	12.000
663.367	30.000
663.566	73.000
663.765	129.000
663.963	73.000
664.162	-2.000
664.361	66.000
664.559	96.000
664.758	59.000
664.957	33.000
665.155	86.000
665.354	67.000
665.552	76.000
665.751	-11.000
665.950	-8.000
666.148	-1.000
666.347	70.000
666.546	69.000
666.744	44.000
666.943	54.000
667.142	34.000
667.340	51.000
667.539	42.000
667.738	28.000
667.936	94.000
668.135	86.000
668.333	45.000
668.532	24.000
668.731	10.000
668.929	11.000
669.128	27.000
669.327	56.000
669.525	30.000
669.724	38.000
669.923	67.000
670.121	49.000
670.320	23.000
670.518	53.000
670.717	28.000
670.916	70.000
671.114	26.000
671.313	30.000
671.512	51.000
671.710	39.000
671.909	39.000
672.108	107.000
672.306	45.000
672.505	69.000
672.703	-6.000
672.902	57.000
673.101	28.000
673.299	61.000
673.498	27.000
673.697	-11.000
673.895	53.000
674.094	78.000
674.293	24.000
674.491	31.000
674.690	43.000
674.888	13.000
675.087	6.000
675.286	3.000
675.484	44.000
675.683	18.000
675.882	21.000
676.080	49.000
676.279	74.000
676.478	90.000
676.676	39.000
676.875	-3.000
677.073	-24.000
677.272	-10.000
677.471	37.000
677.669	-19.000
677.868	23.000
678.067	6.000
678.265	12.000
678.464	5.000
678.663	2.000
678.861	25.000
679.060	32.000
679.259	-6.000
679.457	18.000
679.656	-19.000
679.854	50.000
680.053	32.000
680.252	18.000
680.450	39.000
680.649	39.000
680.848	-4.000
681.046	21.000
681.245	48.000
681.444	28.000
681.642	29.000
681.841	-3.000
682.039	57.000
682.238	19.000
682.437	33.000
682.635	23.000
682.834	20.000
683.033	69.000
683.231	59.000
683.430	23.000
683.629	61.000
683.827	-5.000
684.026	41.000
684.224	66.000
684.423	14.000
684.622	24.000
684.820	34.000
685.019	52.000
685.218	-2.000
685.416	3.000
685.615	6.000
685.814	79.000
686.012	31.000
686.211	34.000
686.409	92.000
686.608	85.000
686.807	92.000
687.005	41.000
687.204	35.000
687.403	36.000
687.601	-4.000
687.800	13.000
687.999	-31.000
688.197	-2.000
688.396	25.000
688.594	39.000
688.793	-1.000
688.992	-37.000
689.190	12.000
689.389	108.000
689.588	66.000
689.786	50.000
689.985	9.000
690.184	32.000
690.382	50.000
690.581	12.000
690.779	44.000
690.978	36.000
691.177	41.000
691.375	36.000
691.574	21.000
691.773	25.000
691.971	16.000
692.170	-14.000
692.369	-19.000
692.567	35.000
692.766	16.000
692.965	44.000
693.163	0.000
693.362	15.000
693.560	62.000
693.759	29.000
693.958	12.000
694.156	-5.000
694.355	47.000
694.554	14.000
694.752	81.000
694.951	44.000
695.150	14.000
695.348	0.000
695.547	27.000
695.745	20.000
695.944	13.000
696.143	61.000
696.341	39.000
696.540	-13.000
696.743	4.000
696.946	35.000
697.149	30.000
697.352	37.000
697.555	34.000
697.757	32.000
697.960	-27.000
698.163	16.000
698.366	8.000
698.569	16.000
698.772	32.000
698.975	47.000
699.178	3.000
699.381	12.000
699.584	87.000
699.787	55.000
699.989	43.000
700.192	-22.000
700.395	-4.000
700.598	-23.000
700.801	-9.000
701.004	45.000
701.207	-7.000
701.410	51.000
701.613	34.000
701.816	34.000
702.019	50.000
702.221	6.000
702.424	-29.000
702.627	-34.000
702.830	-48.000
703.033	5.000
703.236	27.000
703.439	25.000
703.642	1.000
703.845	17.000
704.048	39.000
704.251	-16.000
704.453	-34.000
704.656	-45.000
704.859	18.000
705.062	-1.000
705.265	-4.000
705.468	53.000
705.671	63.000
705.874	21.000
706.077	12.000
706.280	-39.000
706.483	-21.000
706.685	-5.000
706.888	15.000
707.091	46.000
707.294	82.000
707.497	14.000
707.700	17.000
707.903	31.000
708.106	-4.000
708.309	-30.000
708.512	-12.000
708.715	6.000
708.917	78.000
709.120	52.000
709.323	57.000
709.526	44.000
709.729	11.000
709.932	-4.000
710.135	-20.000
710.338	44.000
710.541	7.000
710.744	7.000
710.947	-36.000
711.149	23.000
711.352	22.000
711.555	18.000
711.758	14.000
711.961	32.000
712.164	36.000
712.367	-6.000
712.570	-38.000
712.773	30.000
712.976	37.000
713.179	116.000
713.381	26.000
713.584	-29.000
713.787	19.000
713.990	46.000
714.193	52.000
714.396	49.000
714.599	18.000
714.802	-4.000
715.005	35.000
715.208	7.000
715.411	17.000
715.613	16.000
715.816	1.000
716.019	8.000
716.222	1.000
716.425	30.000
716.628	-23.000
716.831	32.000
717.034	26.000
717.237	35.000
717.440	21.000
717.643	31.000
717.845	15.000
718.048	25.000
718.251	25.000
718.454	48.000
718.657	82.000
718.860	-2.000
719.063	-1.000
719.266	-5.000
719.469	-2.000
719.672	27.000
719.875	-17.000
720.077	-42.000
720.280	-31.000
720.483	13.000
720.686	39.000
720.889	-14.000
721.092	38.000
721.295	29.000
721.498	26.000
721.701	-20.000
721.904	29.000
722.107	16.000
722.309	-7.000
722.512	-23.000
722.715	-31.000
722.918	14.000
723.121	54.000
723.324	40.000
723.527	33.000
723.730	23.000
723.933	5.000
724.136	10.000
724.339	10.000
724.541	60.000
724.744	76.000
724.947	70.000
725.150	47.000
725.353	8.000
725.556	48.000
725.759	17.000
725.962	60.000
726.165	29.000
726.368	-24.000
726.571	26.000
726.773	39.000
726.976	16.000
727.179	-7.000
727.382	13.000
727.585	7.000
727.788	16.000
727.991	2.000
728.194	-11.000
728.397	-20.000
728.600	48.000
728.803	-29.000
729.005	52.000
729.208	17.000
729.411	17.000
729.614	5.000
729.817	30.000
730.020	15.000
730.223	6.000
730.426	48.000
730.629	32.000
730.832	28.000
731.035	10.000
731.237	25.000
731.440	0.000
731.643	-27.000
731.846	36.000
732.049	73.000
732.252	55.000
732.455	12.000
732.658	6.000
732.861	23.000
733.064	54.000
733.267	59.000
733.469	27.000
733.672	2.000
733.875	-24.000
734.078	3.000
734.281	33.000
734.484	92.000
734.687	37.000
734.890	42.000
735.093	35.000
735.296	18.000
735.499	41.000
735.701	-33.000
735.904	22.000
736.107	3.000
736.310	-4.000
736.513	-20.000
736.716	41.000
736.919	-15.000
737.122	33.000
737.325	16.000
737.528	-6.000
737.731	-22.000
737.933	36.000
738.136	-2.000
738.339	27.000
738.542	14.000
738.745	35.000
738.948	29.000
739.151	35.000
739.354	-2.000
739.557	-4.000
739.760	8.000
739.963	18.000
740.165	24.000
740.368	48.000
740.571	25.000
740.774	-36.000
740.977	1.000
741.180	-50.000
741.383	-30.000
741.586	21.000
741.789	15.000
741.992	44.000
742.195	37.000
742.397	-11.000
742.600	43.000
742.803	22.000
743.006	64.000
743.209	68.000
743.412	-24.000
743.615	-10.000
743.818	-7.000
744.021	30.000
744.224	33.000
744.427	56.000
744.629	80.000
744.832	19.000
745.035	43.000
745.238	34.000
745.441	-4.000
745.644	-10.000
745.847	27.000
746.050	31.000
746.253	44.000
746.456	27.000
746.659	-9.000
746.861	-21.000
747.064	56.000
747.267	28.000
747.470	30.000
747.673	-16.000
747.876	1.000
748.079	-40.000
748.282	-50.000
748.485	-2.000
748.688	55.000
748.891	31.000
749.093	0.000
749.296	-5.000
749.499	-32.000
749.702	-40.000
749.905	-22.000
750.108	-9.000
750.311	37.000
750.514	25.000
750.717	32.000
750.920	-15.000
751.123	3.000
751.325	5.000
751.528	-11.000
751.731	15.000
751.934	-44.000
752.137	21.000
752.340	50.000
752.543	32.000
752.746	45.000
752.949	3.000
753.152	-53.000
753.355	-16.000
753.557	-33.000
753.760	12.000
753.963	40.000
754.166	-14.000
754.369	3.000
754.572	31.000
754.775	32.000
754.978	28.000
755.181	-33.000
755.384	-13.000
755.587	-19.000
755.789	20.000
755.992	55.000
756.195	34.000
756.398	8.000
756.601	18.000
756.804	-17.000
757.007	-6.000
757.210	35.000
757.413	28.000
757.616	8.000
757.819	34.000
758.021	30.000
758.224	80.000
758.427	43.000
758.630	51.000
758.833	68.000
759.036	19.000
759.239	24.000
759.442	9.000
759.645	-11.000
759.848	32.000
760.051	-5.000
760.253	46.000
760.456	26.000
760.659	23.000
760.862	-12.000
761.065	1.000
761.268	20.000
761.471	47.000
761.674	13.000
761.877	21.000
762.080	12.000
762.283	34.000
762.485	81.000
762.688	24.000
762.891	42.000
763.094	-42.000
763.297	40.000
763.500	0.000
763.706	22.000
763.912	3.000
764.118	10.000
764.325	29.000
764.531	-5.000
764.737	52.000
764.943	36.000
765.149	57.000
765.355	-1.000
765.561	27.000
765.768	41.000
765.974	52.000
766.180	14.000
766.386	18.000
766.592	25.000
766.798	17.000
767.004	19.000
767.210	26.000
767.417	24.000
767.623	-11.000
767.829	60.000
768.035	48.000
768.241	93.000
768.447	72.000
768.653	-12.000
768.860	9.000
769.066	3.000
769.272	22.000
769.478	20.000
769.684	48.000
769.890	61.000
770.096	45.000
770.303	23.000
770.509	46.000
770.715	16.000
770.921	-4.000
771.127	2.000
771.333	22.000
771.539	37.000
771.745	23.000
771.952	19.000
772.158	55.000
772.364	14.000
772.570	40.000
772.776	23.000
772.982	-12.000
773.188	-17.000
773.395	-20.000
773.601	-21.000
773.807	-11.000
774.013	24.000
774.219	24.000
774.425	6.000
774.631	-18.000
774.838	14.000
775.044	20.000
775.250	27.000
775.456	22.000
775.662	39.000
775.868	64.000
776.074	32.000
776.281	44.000
776.487	28.000
776.693	6.000
776.899	-30.000
777.105	-11.000
777.311	-10.000
777.517	10.000
777.723	9.000
777.930	-29.000
778.136	32.000
778.342	20.000
778.548	-2.000
778.754	20.000
778.960	16.000
779.166	26.000
779.373	29.000
779.579	-43.000
779.785	21.000
779.991	30.000
780.197	-17.000
780.403	-23.000
780.609	55.000
780.816	14.000
781.022	51.000
781.228	-8.000
781.434	-41.000
781.640	28.000
781.846	-12.000
782.052	34.000
782.259	23.000
782.465	-10.000
782.671	26.000
782.877	4.000
783.083	37.000
783.289	9.000
783.495	2.000
783.701	-10.000
783.908	92.000
784.114	35.000
784.320	5.000
784.526	-35.000
784.732	43.000
784.938	9.000
785.144	-2.000
785.351	-2.000
785.557	-7.000
785.763	10.000
785.969	32.000
786.175	3.000
786.381	60.000
786.587	39.000
786.794	18.000
787.000	36.000
787.206	29.000
787.412	5.000
787.618	33.000
787.824	-21.000
788.030	-17.000
788.236	12.000
788.443	49.000
788.649	28.000
788.855	36.000
789.061	67.000
789.267	-22.000
789.473	38.000
789.679	-18.000
789.886	7.000
790.092	60.000
790.298	5.000
790.504	-11.000
790.710	-15.000
790.916	-26.000
791.122	30.000
791.329	18.000
791.535	-11.000
791.741	-4.000
791.947	50.000
792.153	10.000
792.359	-17.000
792.565	20.000
792.771	30.000
792.978	-44.000
793.184	7.000
793.390	67.000
793.596	4.000
793.802	32.000
794.008	64.000
794.214	-16.000
794.421	-8.000
794.627	21.000
794.833	-12.000
795.039	-21.000
795.245	-69.000
795.451	3.000
795.657	30.000
795.864	58.000
796.070	57.000
796.276	30.000
796.482	50.000
796.688	73.000
796.894	0.000
797.100	-15.000
797.307	-11.000
797.513	-23.000
797.719	21.000
797.925	12.000
798.131	73.000
798.337	24.000
798.543	32.000
798.749	-16.000
798.956	-27.000
799.162	-17.000
799.368	46.000
799.574	13.000
799.780	50.000
799.986	-7.000
800.192	40.000
800.399	58.000
800.605	31.000
800.811	-30.000
801.017	-35.000
801.223	10.000
801.429	3.000
801.635	-5.000
801.842	-49.000
802.048	-26.000
802.254	-22.000
802.460	-1.000
802.666	42.000
802.872	-31.000
803.078	-2.000
803.285	-26.000
803.491	3.000
803.697	-49.000
803.903	39.000
804.109	45.000
804.315	34.000
804.521	56.000
804.727	-33.000
804.934	-49.000
805.140	38.000
805.346	72.000
805.552	-15.000
805.758	32.000
805.964	13.000
806.170	12.000
806.377	67.000
806.583	-10.000
806.789	25.000
806.995	46.000
807.201	-24.000
807.407	-6.000
807.613	2.000
807.820	31.000
808.026	55.000
808.232	59.000
808.438	-6.000
808.644	17.000
808.850	28.000
809.056	21.000
809.262	31.000
809.469	-2.000
809.675	-35.000
809.881	50.000
810.087	48.000
810.293	17.000
810.499	33.000
810.705	40.000
810.912	25.000
811.118	28.000
811.324	40.000
811.530	12.000
811.739	37.000
811.947	31.000
812.156	-26.000
812.365	-42.000
812.573	-32.000
812.782	28.000
812.990	8.000
813.199	36.000
813.408	-35.000
813.616	-29.000
813.825	26.000
814.034	-9.000
814.242	17.000
814.451	18.000
814.659	10.000
814.868	20.000
815.077	16.000
815.285	32.000
815.494	-1.000
815.703	-20.000
815.911	69.000
816.120	21.000
816.329	-3.000
816.537	21.000
816.746	23.000
816.954	-4.000
817.163	-20.000
817.372	-31.000
817.580	-12.000
817.789	26.000
817.998	3.000
818.206	3.000
818.415	-2.000
818.624	65.000
818.832	41.000
819.041	26.000
819.249	52.000
819.458	51.000
819.667	12.000
819.875	0.000
820.084	22.000
820.293	-15.000
820.501	-13.000
820.710	9.000
820.919	59.000
821.127	4.000
821.336	32.000
821.544	-18.000
821.753	37.000
821.962	12.000
822.170	32.000
822.379	35.000
822.588	-21.000
822.796	6.000
823.005	24.000
823.213	-26.000
823.422	-39.000
823.631	-40.000
823.839	-12.000
824.048	19.000
824.257	45.000
824.465	-67.000
824.674	-8.000
824.883	28.000
825.091	18.000
825.300	35.000
825.508	-22.000
825.717	-41.000
825.926	28.000
826.134	51.000
826.343	-4.000
826.552	45.000
826.760	3.000
826.969	-16.000
827.178	87.000
827.386	-6.000
827.595	-23.000
827.803	-40.000
828.012	-25.000
828.221	-7.000
828.429	0.000
828.638	39.000
828.847	38.000
829.055	5.000
829.264	-33.000
829.472	-18.000
829.681	23.000
829.890	27.000
830.098	-14.000
830.307	-8.000
830.516	51.000
830.724	39.000
830.933	37.000
831.142	0.000
831.350	17.000
831.559	-2.000
831.767	-19.000
831.976	-35.000
832.185	25.000
832.393	50.000
832.602	19.000
832.811	-14.000
833.019	-16.000
833.228	-33.000
833.437	24.000
833.645	43.000
833.854	11.000
834.062	-6.000
834.271	18.000
834.480	-32.000
834.688	48.000
834.897	18.000
835.106	13.000
835.314	26.000
835.523	-42.000
835.731	-20.000
835.940	24.000
836.149	7.000
836.357	78.000
836.566	22.000
836.775	53.000
836.983	14.000
837.192	32.000
837.401	2.000
837.609	12.000
837.818	24.000
838.026	16.000
838.235	9.000
838.444	40.000
838.652	0.000
838.861	40.000
839.070	-11.000
839.278	-30.000
839.487	-22.000
839.696	-25.000
839.904	29.000
840.113	42.000
840.321	32.000
840.530	-40.000
840.739	-31.000
840.947	-6.000
841.156	-7.000
841.365	-58.000
841.573	-29.000
841.782	7.000
841.991	43.000
842.199	19.000
842.408	37.000
842.616	52.000
842.825	45.000
843.034	-24.000
843.242	17.000
843.451	-12.000
843.660	-22.000
843.868	14.000
844.077	26.000
844.285	28.000
844.494	37.000
844.703	7.000
844.911	5.000
845.120	-6.000
845.329	-40.000
845.537	26.000
845.746	9.000
845.955	-10.000
846.163	10.000
846.372	-13.000
846.580	-4.000
846.789	8.000
846.998	-19.000
847.206	1.000
847.415	-2.000
847.624	10.000
847.832	26.000
848.041	2.000
848.250	-1.000
848.458	55.000
848.667	56.000
848.875	23.000
849.084	-29.000
849.293	25.000
849.501	-29.000
849.710	-11.000
849.919	-2.000
850.127	-34.000
850.336	12.000
850.544	-9.000
850.753	52.000
850.962	-3.000
851.170	10.000
851.379	24.000
851.588	56.000
851.796	39.000
852.005	41.000
852.214	18.000
852.422	-9.000
852.631	19.000
852.839	43.000
853.048	24.000
853.257	-33.000
853.465	-9.000
853.674	42.000
853.883	2.000
854.091	-40.000
854.300	33.000
854.509	5.000
854.717	15.000
854.926	-13.000
855.134	-9.000
855.343	-20.000
855.552	-23.000
855.760	-16.000
855.969	21.000
856.178	17.000
856.386	-27.000
856.595	-34.000
856.803	31.000
857.012	-13.000
857.221	30.000
857.429	-3.000
857.638	-30.000
857.847	-30.000
858.055	-6.000
858.264	24.000
858.473	19.000
858.681	33.000
858.890	-2.000
859.098	4.000
859.307	-10.000
859.516	-5.000
859.724	3.000
859.933	-22.000
860.142	-9.000
860.350	-3.000
860.559	18.000
860.768	-16.000
860.976	12.000
861.185	32.000
861.393	-43.000
861.602	28.000
861.811	37.000
862.019	-30.000
862.228	-2.000
862.437	-11.000
862.645	-1.000
862.854	-6.000
863.062	-18.000
863.271	28.000
863.480	8.000
863.688	13.000
863.897	-10.000
864.106	-51.000
864.314	5.000
864.523	1.000
864.732	44.000
864.940	9.000
865.149	0.000
865.357	13.000
865.566	22.000
865.775	-23.000
865.983	-35.000
866.192	27.000
866.401	7.000
866.609	-11.000
866.818	11.000
867.027	36.000
867.235	-19.000
867.444	17.000
867.652	-21.000
867.861	45.000
868.070	0.000
868.278	-4.000
868.487	48.000
868.696	-4.000
868.904	6.000
869.113	7.000
869.321	-7.000
869.530	36.000
869.739	-22.000
869.947	-10.000
870.156	26.000
870.365	-44.000
870.573	32.000
870.782	-5.000
870.991	-11.000
871.199	-1.000
871.408	-48.000
871.616	-23.000
871.825	-28.000
872.034	-67.000
872.242	-40.000
872.451	28.000
872.660	-25.000
872.868	2.000
873.077	44.000
873.286	1.000
873.494	-11.000
873.703	-34.000
873.911	-3.000
874.120	-5.000
874.329	11.000
874.537	-42.000
874.746	-29.000
874.955	29.000
875.163	-9.000
875.372	-4.000
875.581	29.000
875.789	-18.000
875.998	-22.000
876.206	-22.000
876.415	6.000
876.624	71.000
876.832	69.000
877.041	-6.000
877.250	32.000
877.458	1.000
877.667	8.000
877.875	-36.000
878.084	-30.000
878.293	-9.000
878.501	23.000
878.710	-1.000
878.919	37.000
879.127	4.000
879.336	-4.000
879.545	19.000
879.753	38.000
879.962	20.000
880.170	-15.000
880.379	7.000
880.588	16.000
880.796	13.000
881.005	-18.000
881.214	-11.000
881.422	-28.000
881.631	-3.000
881.840	-47.000
882.048	-16.000
882.257	-8.000
882.465	-32.000
882.674	-51.000
882.883	16.000
883.091	8.000
883.300	1.000
883.509	-12.000
883.717	34.000
883.926	-27.000
884.134	-15.000
884.343	5.000
884.552	32.000
884.760	1.000
884.969	21.000
885.178	11.000
885.386	2.000
885.595	31.000
885.804	-3.000
886.012	7.000
886.221	28.000
886.429	-7.000
886.638	0.000
886.847	-32.000
887.055	28.000
887.264	-18.000
887.473	-24.000
887.681	-29.000
887.890	-1.000
888.099	0.000
888.307	-27.000
888.516	29.000
888.724	19.000
888.933	8.000
889.142	-18.000
889.350	3.000
889.559	35.000
889.768	11.000
889.976	-16.000
890.185	-35.000
890.393	-27.000
890.602	-31.000
890.811	-2.000
891.019	58.000
891.228	25.000
891.437	-17.000
891.645	46.000
891.854	24.000
892.063	10.000
892.271	9.000
892.480	-8.000
892.688	25.000
892.897	45.000
893.106	24.000
893.314	43.000
893.523	-3.000
893.732	2.000
893.940	17.000
894.149	-20.000
894.358	-23.000
894.566	1.000
894.775	75.000
894.983	37.000
895.192	4.000
895.401	2.000
895.609	17.000
895.818	-17.000
896.027	-26.000
896.235	4.000
896.444	-47.000
896.652	33.000
896.861	43.000
897.070	-11.000
897.278	76.000
897.487	35.000
897.696	48.000
897.904	20.000
898.113	2.000
898.322	-27.000
898.530	-78.000
898.739	-34.000
898.947	-53.000
899.156	64.000
899.365	4.000
899.573	-7.000
899.782	9.000
899.991	-30.000
900.199	-8.000
900.408	-47.000
900.617	9.000
900.825	-13.000
901.034	3.000
901.242	37.000
901.451	17.000
901.660	-12.000
901.868	7.000
902.077	-36.000
902.286	0.000
902.494	-5.000
902.703	26.000
902.911	76.000
903.120	18.000
903.329	40.000
903.537	-4.000
903.746	-52.000
903.955	-26.000
904.163	-16.000
904.372	15.000
904.581	-2.000
904.789	-6.000
904.998	3.000
905.206	54.000
905.415	40.000
905.624	73.000
905.832	29.000
906.041	-2.000
906.250	23.000
906.458	16.000
906.667	35.000
906.876	-40.000
907.084	39.000
907.293	64.000
907.501	7.000
907.710	41.000
907.919	-12.000
908.127	26.000
908.336	-16.000
908.545	-7.000
908.753	15.000
908.962	-17.000
909.170	46.000
909.379	-12.000
909.588	-11.000
909.796	55.000
910.005	65.000
910.214	13.000
910.422	7.000
910.631	-32.000
910.840	-10.000
911.048	33.000
911.257	30.000
911.465	13.000
911.674	-2.000
911.883	34.000
912.091	-7.000
912.300	20.000
912.508	22.000
912.716	-12.000
912.924	81.000
913.132	8.000
913.340	10.000
913.549	-33.000
913.757	9.000
913.965	-53.000
914.173	-17.000
914.381	-52.000
914.589	-48.000
914.797	32.000
915.005	17.000
915.213	-9.000
915.421	-8.000
915.629	35.000
915.838	-6.000
916.046	38.000
916.254	11.000
916.462	18.000
916.670	20.000
916.878	-15.000
917.086	21.000
917.294	-21.000
917.502	-13.000
917.710	27.000
917.919	11.000
918.127	34.000
918.335	-41.000
918.543	-7.000
918.751	-5.000
918.959	22.000
919.167	0.000
919.375	4.000
919.583	-7.000
919.791	1.000
919.999	-4.000
920.208	-23.000
920.416	-30.000
920.624	15.000
920.832	29.000
921.040	32.000
921.248	-8.000
921.456	-4.000
921.664	-26.000
921.872	-4.000
922.080	-8.000
922.288	-11.000
922.497	-8.000
922.705	-22.000
922.913	-20.000
923.121	23.000
923.329	0.000
923.537	-32.000
923.745	8.000
923.953	-18.000
924.161	-10.000
924.369	-4.000
924.578	13.000
924.786	-8.000
924.994	51.000
925.202	-17.000
925.410	-14.000
925.618	-32.000
925.826	6.000
926.034	11.000
926.242	-18.000
926.450	-40.000
926.658	6.000
926.867	-30.000
927.075	-2.000
927.283	-34.000
927.491	0.000
927.699	46.000
927.907	17.000
928.115	16.000
928.323	26.000
928.531	-11.000
928.739	-40.000
928.947	32.000
929.156	-15.000
929.364	39.000
929.572	26.000
929.780	6.000
929.988	43.000
930.196	-22.000
930.404	40.000
930.612	24.000
930.820	-35.000
931.028	5.000
931.236	8.000
931.445	-11.000
931.653	-27.000
931.861	-12.000
932.069	-10.000
932.277	-12.000
932.485	12.000
932.693	-5.000
932.901	-16.000
933.109	-7.000
933.317	-46.000
933.526	4.000
933.734	-13.000
933.942	26.000
934.150	-12.000
934.358	-29.000
934.566	23.000
934.774	20.000
934.982	1.000
935.190	73.000
935.398	8.000
935.606	44.000
935.815	-29.000
936.023	-20.000
936.231	45.000
936.439	13.000
936.647	18.000
936.855	-6.000
937.063	39.000
937.271	34.000
937.479	60.000
937.687	14.000
937.895	11.000
938.104	11.000
938.312	10.000
938.520	-4.000
938.728	-22.000
938.936	-36.000
939.144	-27.000
939.352	-8.000
939.560	2.000
939.768	-52.000
939.976	8.000
940.185	-16.000
940.393	20.000
940.601	24.000
940.809	-60.000
941.017	10.000
941.225	-16.000
941.433	0.000
941.641	34.000
941.849	0.000
942.057	25.000
942.265	3.000
942.474	23.000
942.682	16.000
942.890	12.000
943.098	30.000
943.306	9.000
943.514	3.000
943.722	-56.000
943.930	8.000
944.138	21.000
944.346	11.000
944.554	45.000
944.763	12.000
944.971	-29.000
945.179	-5.000
945.387	11.000
945.595	-12.000
945.803	-10.000
946.011	-36.000
946.219	-25.000
946.427	-63.000
946.635	-32.000
946.843	-4.000
947.052	86.000
947.260	48.000
947.468	46.000
947.676	-13.000
947.884	-23.000
948.092	-8.000
948.300	-20.000
948.508	-2.000
948.716	6.000
948.924	-69.000
949.133	8.000
949.341	39.000
949.549	-37.000
949.757	-4.000
949.965	42.000
950.173	20.000
950.381	-8.000
950.589	-16.000
950.797	-20.000
951.005	16.000
951.213	-5.000
951.422	-10.000
951.630	-4.000
951.838	-14.000
952.046	42.000
952.254	-1.000
952.462	-23.000
952.670	17.000
952.878	-19.000
953.086	30.000
953.294	12.000
953.502	58.000
953.711	17.000
953.919	16.000
954.127	-15.000
954.335	-17.000
954.543	1.000
954.751	-32.000
954.959	5.000
955.167	-13.000
955.375	4.000
955.583	47.000
955.792	27.000
956.000	1.000
956.208	-4.000
956.416	-1.000
956.624	15.000
956.832	0.000
957.040	-10.000
957.248	-49.000
957.456	-9.000
957.664	54.000
957.872	36.000
958.081	36.000
958.289	-10.000
958.497	-13.000
958.705	-4.000
958.913	-45.000
959.121	-22.000
959.329	18.000
959.537	20.000
959.745	-3.000
959.953	30.000
960.161	-5.000
960.370	-14.000
960.578	38.000
960.786	23.000
960.994	-50.000
961.202	15.000
961.410	-50.000
961.618	10.000
961.826	28.000
962.034	42.000
962.242	-20.000
962.451	-23.000
962.659	29.000
962.867	-40.000
963.075	-43.000
963.283	-2.000
963.491	84.000
963.699	3.000
963.907	45.000
964.115	-24.000
964.323	1.000
964.531	39.000
964.740	-35.000
964.948	-41.000
965.156	-3.000
965.364	-10.000
965.572	-8.000
965.780	23.000
965.999	58.000
966.218	3.000
966.438	-14.000
966.657	-55.000
966.876	-22.000
967.095	-16.000
967.315	21.000
967.534	8.000
967.753	-1.000
967.972	11.000
968.192	-11.000
968.411	6.000
968.630	13.000
968.849	-60.000
969.068	-37.000
969.288	8.000
969.507	42.000
969.726	34.000
969.945	13.000
970.165	-13.000
970.384	13.000
970.603	-8.000
970.822	-37.000
971.042	0.000
971.261	-58.000
971.480	-23.000
971.699	16.000
971.919	61.000
972.138	12.000
972.357	-11.000
972.576	1.000
972.795	9.000
973.015	-9.000
973.234	-14.000
973.453	-3.000
973.672	-22.000
973.892	-9.000
974.111	28.000
974.330	16.000
974.549	13.000
974.769	41.000
974.988	9.000
975.207	-4.000
975.426	-59.000
975.646	3.000
975.865	19.000
976.084	-8.000
976.303	-44.000
976.522	-39.000
976.742	29.000
976.961	-6.000
977.180	-64.000
977.399	-61.000
977.619	28.000
977.838	49.000
978.057	14.000
978.276	43.000
978.496	67.000
978.715	24.000
978.934	40.000
979.153	42.000
979.372	48.000
979.592	22.000
979.811	-5.000
980.030	-46.000
980.249	9.000
980.469	-2.000
980.688	-21.000
980.907	21.000
981.126	-4.000
981.346	25.000
981.565	-9.000
981.784	-4.000
982.003	-14.000
982.223	-13.000
982.442	-31.000
982.661	13.000
982.880	44.000
983.099	-16.000
983.319	-14.000
983.538	22.000
983.757	11.000
983.976	15.000
984.196	20.000
984.415	20.000
984.634	9.000
984.853	32.000
985.073	0.000
985.292	-41.000
985.511	32.000
985.730	-2.000
985.949	-6.000
986.169	8.000
986.388	18.000
986.607	1.000
986.826	17.000
987.046	-4.000
987.265	-32.000
987.484	10.000
987.703	-20.000
987.923	-43.000
988.142	18.000
988.361	7.000
988.580	8.000
988.800	17.000
989.019	25.000
989.238	-3.000
989.457	-6.000
989.676	-25.000
989.896	-40.000
990.115	20.000
990.334	-17.000
990.553	-1.000
990.773	9.000
990.992	5.000
991.211	22.000
991.430	24.000
991.650	-38.000
991.869	-65.000
992.088	-6.000
992.307	-9.000
992.527	6.000
992.746	0.000
992.965	26.000
993.184	8.000
993.403	4.000
993.623	10.000
993.842	-18.000
994.061	-13.000
994.280	-3.000
994.500	16.000
994.719	-23.000
994.938	4.000
995.157	-27.000
995.377	10.000
995.596	9.000
995.815	0.000
996.034	13.000
996.253	44.000
996.473	-34.000
996.692	20.000
996.911	52.000
997.130	46.000
997.350	26.000
997.569	49.000
997.788	-1.000
998.007	7.000
998.227	-12.000
998.446	30.000
998.665	31.000
998.884	-8.000
999.104	9.000
999.323	-4.000
999.542	11.000
999.761	21.000
999.980	53.000
1000.200	25.000
1000.419	9.000
1000.638	-15.000
1000.857	-19.000
1001.077	-24.000
1001.296	12.000
1001.515	0.000
1001.734	57.000
1001.954	2.000
1002.173	-3.000
1002.392	-15.000
1002.611	-24.000
1002.830	-26.000
1003.050	-24.000
1003.269	1.000
1003.488	10.000
1003.707	-51.000
1003.927	-47.000
1004.146	-15.000
1004.365	-19.000
1004.584	-38.000
1004.804	28.000
1005.023	-15.000
1005.242	9.000
1005.461	-23.000
1005.681	26.000
1005.900	33.000
1006.119	60.000
1006.338	-6.000
1006.557	18.000
1006.777	18.000
1006.996	-42.000
1007.215	18.000
1007.434	-4.000
1007.654	38.000
1007.873	60.000
1008.092	48.000
1008.311	35.000
1008.531	39.000
1008.750	20.000
1008.969	20.000
1009.188	-16.000
1009.407	-32.000
1009.627	16.000
1009.846	45.000
1010.065	29.000
1010.284	-12.000
1010.504	-37.000
1010.723	-36.000
1010.942	15.000
1011.161	19.000
1011.381	69.000
1011.600	3.000
1011.819	1.000
1012.038	19.000
1012.258	13.000
1012.477	-12.000
1012.696	-13.000
1012.915	12.000
1013.134	-24.000
1013.354	9.000
1013.573	22.000
1013.792	18.000
1014.011	11.000
1014.231	-4.000
1014.450	-10.000
1014.669	-12.000
1014.888	17.000
1015.108	0.000
1015.327	-16.000
1015.546	-14.000
1015.765	-1.000
1015.984	-21.000
1016.204	17.000
1016.423	9.000
1016.642	2.000
1016.861	32.000
1017.081	28.000
1017.300	28.000
1017.519	-49.000
