296.912	195.000
297.101	136.000
297.290	129.000
297.479	152.000
297.668	75.000
297.858	126.000
298.047	260.000
298.236	229.000
298.425	130.000
298.614	83.000
298.803	60.000
298.992	126.000
299.181	156.000
299.370	68.000
299.559	70.000
299.748	132.000
299.937	172.000
300.126	250.000
300.315	138.000
300.504	61.000
300.693	126.000
300.882	99.000
301.071	125.000
301.260	106.000
301.449	64.000
301.638	107.000
301.827	92.000
302.016	83.000
302.205	107.000
302.395	96.000
302.584	65.000
302.773	79.000
302.962	147.000
303.151	105.000
303.340	29.000
303.529	11.000
303.718	71.000
303.907	125.000
304.096	118.000
304.285	60.000
304.474	59.000
304.663	133.000
304.852	95.000
305.041	68.000
305.230	139.000
305.419	160.000
305.608	138.000
305.797	141.000
305.986	91.000
306.175	16.000
306.364	64.000
306.553	88.000
306.743	73.000
306.932	72.000
307.121	82.000
307.310	84.000
307.499	102.000
307.688	62.000
307.877	96.000
308.066	124.000
308.255	154.000
308.444	184.000
308.633	152.000
308.822	73.000
309.011	46.000
309.200	144.000
309.389	171.000
309.578	68.000
309.767	88.000
309.956	110.000
310.145	80.000
310.334	43.000
310.523	93.000
310.712	72.000
310.901	13.000
311.091	109.000
311.280	196.000
311.469	160.000
311.658	255.000
311.847	153.000
312.036	33.000
312.225	95.000
312.414	29.000
312.603	16.000
312.792	140.000
312.981	169.000
313.170	114.000
313.349	37.000
313.527	69.000
313.706	88.000
313.884	142.000
314.063	172.000
314.241	148.000
314.420	174.000
314.598	162.000
314.777	132.000
314.955	98.000
315.134	122.000
315.312	100.000
315.491	79.000
315.669	80.000
315.848	52.000
316.027	60.000
316.205	105.000
316.384	92.000
316.562	108.000
316.741	54.000
316.919	76.000
317.098	105.000
317.276	59.000
317.455	82.000
317.633	147.000
317.812	207.000
317.990	125.000
318.169	137.000
318.347	163.000
318.526	164.000
318.705	70.000
318.883	58.000
319.062	67.000
319.240	104.000
319.419	37.000
319.597	110.000
319.776	186.000
319.954	76.000
320.133	52.000
320.311	69.000
320.490	167.000
320.668	120.000
320.847	55.000
321.025	81.000
321.204	146.000
321.382	111.000
321.561	82.000
321.740	81.000
321.918	122.000
322.097	149.000
322.275	141.000
322.454	120.000
322.632	93.000
322.811	62.000
322.989	27.000
323.168	79.000
323.346	97.000
323.525	69.000
323.703	51.000
323.882	71.000
324.060	127.000
324.239	121.000
324.418	128.000
324.596	140.000
324.775	96.000
324.953	70.000
325.132	57.000
325.310	112.000
325.489	105.000
325.667	139.000
325.846	121.000
326.024	118.000
326.203	112.000
326.381	111.000
326.560	178.000
326.738	115.000
326.917	102.000
327.096	150.000
327.274	185.000
327.453	154.000
327.631	69.000
327.810	66.000
327.988	54.000
328.167	88.000
328.345	39.000
328.524	57.000
328.702	113.000
328.881	84.000
329.059	94.000
329.238	105.000
329.416	94.000
329.595	88.000
329.774	94.000
329.952	89.000
330.131	163.000
330.309	213.000
330.488	206.000
330.666	107.000
330.845	87.000
331.023	75.000
331.202	65.000
331.380	64.000
331.559	76.000
331.737	69.000
331.916	20.000
332.094	95.000
332.273	190.000
332.452	68.000
332.630	75.000
332.809	125.000
332.987	149.000
333.166	130.000
333.344	128.000
333.523	139.000
333.701	119.000
333.880	144.000
334.058	117.000
334.237	154.000
334.415	202.000
334.594	137.000
334.772	25.000
334.951	47.000
335.129	43.000
335.308	151.000
335.487	192.000
335.665	149.000
335.844	219.000
336.022	245.000
336.201	128.000
336.379	93.000
336.558	103.000
336.736	109.000
336.915	93.000
337.093	162.000
337.272	119.000
337.450	77.000
337.629	68.000
337.807	42.000
337.986	113.000
338.165	129.000
338.343	81.000
338.522	138.000
338.700	162.000
338.879	92.000
339.057	112.000
339.236	189.000
339.414	170.000
339.593	122.000
339.771	171.000
339.950	173.000
340.128	128.000
340.307	125.000
340.485	114.000
340.664	160.000
340.843	93.000
341.021	82.000
341.200	123.000
341.378	160.000
341.557	195.000
341.735	128.000
341.914	52.000
342.092	106.000
342.271	157.000
342.449	69.000
342.628	71.000
342.806	108.000
342.985	225.000
343.163	197.000
343.342	90.000
343.521	63.000
343.699	93.000
343.878	121.000
344.056	174.000
344.235	144.000
344.413	159.000
344.592	177.000
344.770	103.000
344.949	161.000
345.127	152.000
345.306	142.000
345.484	54.000
345.663	113.000
345.841	161.000
346.020	106.000
346.199	77.000
346.377	100.000
346.556	202.000
346.734	236.000
346.913	70.000
347.091	99.000
347.270	148.000
347.448	137.000
347.627	98.000
347.805	109.000
347.984	87.000
348.162	84.000
348.341	170.000
348.519	179.000
348.698	90.000
348.876	62.000
349.055	36.000
349.234	120.000
349.412	153.000
349.591	48.000
349.769	78.000
349.948	202.000
350.126	172.000
350.305	152.000
350.483	93.000
350.662	18.000
350.840	125.000
351.019	155.000
351.197	148.000
351.376	149.000
351.554	151.000
351.733	136.000
351.912	147.000
352.090	183.000
352.269	140.000
352.447	129.000
352.626	139.000
352.804	181.000
352.983	121.000
353.161	124.000
353.340	142.000
353.518	78.000
353.697	152.000
353.875	177.000
354.054	167.000
354.232	169.000
354.411	128.000
354.590	117.000
354.768	192.000
354.947	137.000
355.125	86.000
355.304	83.000
355.482	82.000
355.661	96.000
355.839	87.000
356.018	87.000
356.196	137.000
356.375	117.000
356.553	161.000
356.732	124.000
356.910	82.000
357.089	97.000
357.268	117.000
357.446	152.000
357.625	120.000
357.803	104.000
357.982	93.000
358.160	108.000
358.339	151.000
358.517	206.000
358.696	184.000
358.874	140.000
359.053	147.000
359.231	74.000
359.410	86.000
359.588	162.000
359.767	171.000
359.945	210.000
360.124	176.000
360.303	109.000
360.481	63.000
360.660	102.000
360.838	91.000
361.017	84.000
361.195	107.000
361.374	132.000
361.552	107.000
361.731	113.000
361.909	184.000
362.088	136.000
362.266	122.000
362.445	77.000
362.623	95.000
362.802	80.000
362.981	110.000
363.159	187.000
363.338	136.000
363.516	158.000
363.695	130.000
363.873	132.000
364.052	114.000
364.230	181.000
364.409	141.000
364.587	97.000
364.766	142.000
364.944	194.000
365.123	192.000
365.301	97.000
365.480	110.000
365.660	96.000
365.839	154.000
366.019	232.000
366.199	130.000
366.379	102.000
366.558	129.000
366.738	186.000
366.918	129.000
367.098	35.000
367.277	68.000
367.457	115.000
367.637	97.000
367.816	163.000
367.996	229.000
368.176	181.000
368.356	248.000
368.535	194.000
368.715	200.000
368.895	232.000
369.075	120.000
369.254	64.000
369.434	168.000
369.614	208.000
369.793	148.000
369.973	213.000
370.153	166.000
370.333	185.000
370.512	169.000
370.692	196.000
370.872	227.000
371.051	173.000
371.231	216.000
371.411	179.000
371.591	77.000
371.770	132.000
371.950	183.000
372.130	89.000
372.310	72.000
372.489	100.000
372.669	48.000
372.849	68.000
373.028	158.000
373.208	199.000
373.388	164.000
373.568	142.000
373.747	173.000
373.927	156.000
374.107	131.000
374.287	188.000
374.466	143.000
374.646	96.000
374.826	110.000
375.005	120.000
375.185	229.000
375.365	313.000
375.545	229.000
375.724	120.000
375.904	175.000
376.084	171.000
376.263	148.000
376.443	202.000
376.623	235.000
376.803	179.000
376.982	135.000
377.162	118.000
377.342	146.000
377.522	201.000
377.701	165.000
377.881	126.000
378.061	247.000
378.240	116.000
378.420	69.000
378.600	121.000
378.780	203.000
378.959	157.000
379.139	164.000
379.319	173.000
379.499	217.000
379.678	209.000
379.858	210.000
380.038	97.000
380.217	140.000
380.397	187.000
380.577	197.000
380.757	136.000
380.936	183.000
381.116	200.000
381.296	164.000
381.476	177.000
381.655	143.000
381.835	141.000
382.015	103.000
382.194	171.000
382.374	238.000
382.554	251.000
382.734	177.000
382.913	171.000
383.093	217.000
383.273	210.000
383.452	239.000
383.632	173.000
383.812	152.000
383.992	183.000
384.171	211.000
384.351	179.000
384.531	158.000
384.711	145.000
384.890	103.000
385.070	127.000
385.250	143.000
385.429	169.000
385.609	158.000
385.789	162.000
385.969	149.000
386.148	93.000
386.328	186.000
386.508	222.000
386.688	189.000
386.867	184.000
387.047	168.000
387.227	129.000
387.406	152.000
387.586	119.000
387.766	161.000
387.946	171.000
388.125	154.000
388.305	155.000
388.485	160.000
388.664	183.000
388.844	153.000
389.024	137.000
389.204	171.000
389.383	187.000
389.563	97.000
389.743	45.000
389.923	122.000
390.102	130.000
390.282	134.000
390.462	142.000
390.641	102.000
390.821	42.000
391.001	109.000
391.181	167.000
391.360	193.000
391.540	183.000
391.720	227.000
391.900	169.000
392.079	41.000
392.259	102.000
392.439	162.000
392.618	207.000
392.798	190.000
392.978	200.000
393.158	152.000
393.337	191.000
393.517	238.000
393.697	202.000
393.877	224.000
394.056	185.000
394.236	230.000
394.416	213.000
394.595	157.000
394.775	150.000
394.955	195.000
395.135	172.000
395.314	181.000
395.494	286.000
395.674	192.000
395.853	134.000
396.033	229.000
396.213	217.000
396.393	193.000
396.572	209.000
396.752	141.000
396.932	225.000
397.112	263.000
397.291	244.000
397.471	224.000
397.651	166.000
397.830	139.000
398.010	227.000
398.190	239.000
398.370	185.000
398.549	244.000
398.729	221.000
398.909	215.000
399.089	248.000
399.268	266.000
399.448	295.000
399.628	343.000
399.807	325.000
399.987	306.000
400.167	329.000
400.347	356.000
400.526	390.000
400.706	318.000
400.886	302.000
401.065	294.000
401.245	283.000
401.425	338.000
401.605	305.000
401.784	336.000
401.964	365.000
402.144	392.000
402.324	380.000
402.503	365.000
402.683	340.000
402.863	321.000
403.042	289.000
403.222	286.000
403.402	376.000
403.582	420.000
403.761	373.000
403.941	462.000
404.121	369.000
404.301	318.000
404.480	432.000
404.660	464.000
404.844	561.000
405.029	508.000
405.213	517.000
405.398	538.000
405.582	483.000
405.767	520.000
405.951	517.000
406.136	522.000
406.320	621.000
406.505	674.000
406.689	722.000
406.874	764.000
407.058	832.000
407.243	806.000
407.427	840.000
407.612	861.000
407.796	901.000
407.981	992.000
408.165	1055.000
408.350	1080.000
408.534	1072.000
408.719	1078.000
408.903	1240.000
409.088	1332.000
409.272	1285.000
409.457	1409.000
409.641	1521.000
409.826	1636.000
410.010	1753.000
410.195	1796.000
410.379	1923.000
410.564	2142.000
410.748	2206.000
410.933	2289.000
411.117	2501.000
411.302	2764.000
411.486	2860.000
411.671	2895.000
411.855	2941.000
412.040	3171.000
412.224	3250.000
412.409	3369.000
412.593	3525.000
412.778	3707.000
412.962	3789.000
413.147	4035.000
413.331	4306.000
413.516	4478.000
413.700	4524.000
413.885	4715.000
414.069	4849.000
414.254	5031.000
414.438	5180.000
414.623	5278.000
414.807	5540.000
414.992	5686.000
415.176	5815.000
415.361	6103.000
415.545	6426.000
415.730	6476.000
415.914	6612.000
416.099	6895.000
416.283	6960.000
416.468	6962.000
416.652	7120.000
416.837	7211.000
417.021	7292.000
417.206	7376.000
417.390	7469.000
417.575	7654.000
417.759	7798.000
417.944	7926.000
418.128	8078.000
418.313	8435.000
418.497	8427.000
418.682	8525.000
418.866	8703.000
419.051	8718.000
419.235	8900.000
419.420	9019.000
419.604	9006.000
419.789	9147.000
419.973	9521.000
420.158	9747.000
420.342	9907.000
420.527	10104.000
420.711	10318.000
420.896	10558.000
421.080	10566.000
421.265	10715.000
421.449	10643.000
421.634	10660.000
421.818	10578.000
422.003	10450.000
422.187	10504.000
422.372	10556.000
422.556	10530.000
422.741	10704.000
422.925	10951.000
423.110	11072.000
423.294	11383.000
423.479	11382.000
423.663	11524.000
423.848	11635.000
424.032	11885.000
424.217	11878.000
424.401	11760.000
424.586	11864.000
424.770	11661.000
424.955	11729.000
425.139	11932.000
425.324	11997.000
425.508	12014.000
425.693	12187.000
425.877	12317.000
426.062	12230.000
426.246	12110.000
426.431	11997.000
426.615	12013.000
426.800	12100.000
426.984	12015.000
427.169	12130.000
427.353	12341.000
427.538	12250.000
427.722	12203.000
427.907	12150.000
428.091	12195.000
428.276	12053.000
428.460	12138.000
428.645	12271.000
428.829	11826.000
429.014	11437.000
429.198	11276.000
429.383	10997.000
429.567	10622.000
429.752	10322.000
429.936	10250.000
430.121	10025.000
430.305	10073.000
430.490	10199.000
430.674	10657.000
430.859	11429.000
431.043	11740.000
431.228	12224.000
431.412	12463.000
431.597	12700.000
431.781	12953.000
431.966	13209.000
432.150	13347.000
432.335	13359.000
432.519	13631.000
432.704	13660.000
432.888	13548.000
433.073	13351.000
433.257	13343.000
433.442	13264.000
433.626	13020.000
433.811	13192.000
433.995	13388.000
434.180	13586.000
434.364	13884.000
434.549	14031.000
434.733	14048.000
434.918	14176.000
435.102	14339.000
435.287	14594.000
435.471	14677.000
435.656	14826.000
435.840	14918.000
436.030	15000.000
436.219	15073.000
436.409	15169.000
436.599	15180.000
436.789	15057.000
436.978	14777.000
437.168	14848.000
437.358	14558.000
437.548	14250.000
437.737	14102.000
437.927	14155.000
438.117	14151.000
438.306	14108.000
438.496	14125.000
438.686	14229.000
438.876	14323.000
439.065	14704.000
439.255	14911.000
439.445	14800.000
439.634	14744.000
439.824	14826.000
440.014	14879.000
440.204	15050.000
440.393	15330.000
440.583	15591.000
440.773	15629.000
440.963	15828.000
441.152	16165.000
441.342	16382.000
441.532	16514.000
441.721	16542.000
441.911	16698.000
442.101	16749.000
442.291	16791.000
442.480	16762.000
442.670	16901.000
442.860	16960.000
443.050	16907.000
443.239	17028.000
443.429	17074.000
443.619	17204.000
443.808	17461.000
443.998	17323.000
444.188	17445.000
444.378	17527.000
444.567	17454.000
444.757	17325.000
444.947	17104.000
445.137	17052.000
445.326	17134.000
445.516	16993.000
445.706	17054.000
445.895	17209.000
446.085	17398.000
446.275	17599.000
446.465	17729.000
446.654	17969.000
446.844	18098.000
447.034	18259.000
447.223	18474.000
447.413	18583.000
447.603	18636.000
447.793	18576.000
447.982	18593.000
448.172	18544.000
448.362	18615.000
448.552	18873.000
448.741	18941.000
448.931	18803.000
449.121	18893.000
449.310	19014.000
449.500	19297.000
449.690	19413.000
449.880	19492.000
450.069	19805.000
450.259	20069.000
450.449	19914.000
450.639	19939.000
450.828	19994.000
451.018	20051.000
451.208	20137.000
451.397	20041.000
451.587	19888.000
451.777	19668.000
451.967	19435.000
452.156	19310.000
452.346	19001.000
452.536	18794.000
452.725	18723.000
452.915	18555.000
453.105	18513.000
453.295	18676.000
453.484	18798.000
453.674	18829.000
453.864	18928.000
454.054	18995.000
454.243	18789.000
454.433	18793.000
454.623	18879.000
454.812	18762.000
455.002	18801.000
455.192	19054.000
455.382	19033.000
455.571	19026.000
455.761	19120.000
455.951	19393.000
456.141	19433.000
456.330	19330.000
456.520	19345.000
456.710	19498.000
456.899	19550.000
457.089	19424.000
457.279	19334.000
457.469	19261.000
457.658	19204.000
457.848	19090.000
458.038	18956.000
458.228	18861.000
458.417	18930.000
458.607	18822.000
458.797	18707.000
458.986	18897.000
459.176	18863.000
459.366	18685.000
459.556	18578.000
459.745	18759.000
459.935	18827.000
460.125	18785.000
460.314	18636.000
460.504	18811.000
460.694	19038.000
460.884	18996.000
461.073	19071.000
461.263	19102.000
461.453	19171.000
461.643	19277.000
461.832	19352.000
462.022	19405.000
462.212	19230.000
462.401	19258.000
462.591	19326.000
462.781	19231.000
462.971	19289.000
463.160	19188.000
463.350	19023.000
463.540	18891.000
463.730	19097.000
463.919	18936.000
464.109	18727.000
464.299	18749.000
464.488	18674.000
464.678	18571.000
464.868	18529.000
465.058	18649.000
465.247	18814.000
465.437	18701.000
465.627	18711.000
465.816	18753.000
466.006	18651.000
466.196	18597.000
466.386	18508.000
466.575	18576.000
466.765	18547.000
466.955	18377.000
467.145	18321.000
467.334	18352.000
467.524	18418.000
467.714	18412.000
467.903	18461.000
468.093	18539.000
468.283	18573.000
468.473	18839.000
468.662	18866.000
468.852	18944.000
469.042	18866.000
469.232	18945.000
469.421	18751.000
469.611	18711.000
469.801	18655.000
469.990	18347.000
470.180	18279.000
470.370	18246.000
470.560	18236.000
470.749	18270.000
470.939	18351.000
471.129	18537.000
471.318	18766.000
471.508	19016.000
471.698	19036.000
471.888	19116.000
472.077	19176.000
472.267	19286.000
472.457	19197.000
472.647	19134.000
472.836	19262.000
473.026	19073.000
473.216	19018.000
473.405	19139.000
473.595	19122.000
473.785	19048.000
473.975	19200.000
474.164	19269.000
474.354	19355.000
474.544	19380.000
474.734	19467.000
474.923	19437.000
475.113	19513.000
475.303	19489.000
475.492	19262.000
475.682	19102.000
475.872	19106.000
476.062	19155.000
476.251	18851.000
476.441	18820.000
476.631	18780.000
476.821	18877.000
477.010	18836.000
477.200	19073.000
477.390	19170.000
477.579	19271.000
477.769	19416.000
477.959	19461.000
478.149	19363.000
478.338	19302.000
478.528	19211.000
478.718	19366.000
478.907	19252.000
479.097	19253.000
479.287	19401.000
479.477	19315.000
479.666	19317.000
479.856	19276.000
480.046	19088.000
480.236	19101.000
480.425	19160.000
480.615	19079.000
480.805	19144.000
480.994	19256.000
481.184	19281.000
481.374	19364.000
481.564	19303.000
481.753	19174.000
481.943	19222.000
482.133	19327.000
482.323	19114.000
482.512	18952.000
482.702	18985.000
482.892	18737.000
483.081	18708.000
483.271	18911.000
483.461	18687.000
483.651	18692.000
483.840	18693.000
484.030	18455.000
484.220	18236.000
484.409	18497.000
484.599	18379.000
484.789	18054.000
484.979	17959.000
485.168	17740.000
485.358	17280.000
485.548	16872.000
485.738	16458.000
485.927	16198.000
486.117	15830.000
486.307	15527.000
486.496	15623.000
486.686	15721.000
486.876	15743.000
487.066	15958.000
487.255	16106.000
487.445	16470.000
487.635	16538.000
487.825	16646.000
488.014	16814.000
488.204	17004.000
488.394	16882.000
488.583	16955.000
488.773	17184.000
488.963	17076.000
489.153	17079.000
489.342	17187.000
489.532	17443.000
489.722	17660.000
489.912	17667.000
490.101	17891.000
490.291	17923.000
490.481	17724.000
490.670	17647.000
490.860	17511.000
491.050	17562.000
491.240	17488.000
491.429	17375.000
491.619	17289.000
491.809	17188.000
491.998	17007.000
492.188	16927.000
492.378	17005.000
492.568	17060.000
492.757	17115.000
492.947	17341.000
493.137	17282.000
493.327	17160.000
493.516	17294.000
493.706	17396.000
493.896	17232.000
494.085	17346.000
494.275	17551.000
494.465	17559.000
494.655	17653.000
494.844	17763.000
495.034	17864.000
495.224	17759.000
495.414	17663.000
495.603	17745.000
495.793	17599.000
495.983	17511.000
496.172	17572.000
496.362	17681.000
496.552	17941.000
496.742	17741.000
496.931	17818.000
497.121	17783.000
497.311	17734.000
497.500	17699.000
497.690	17750.000
497.880	17467.000
498.070	17342.000
498.259	17192.000
498.449	16957.000
498.639	16979.000
498.829	17125.000
499.018	17201.000
499.208	17359.000
499.398	17407.000
499.587	17367.000
499.777	17195.000
499.967	17153.000
500.157	17136.000
500.346	16981.000
500.536	16693.000
500.726	16596.000
500.916	16508.000
501.105	16482.000
501.295	16438.000
501.485	16436.000
501.674	16333.000
501.864	16355.000
502.054	16446.000
502.244	16648.000
502.433	16682.000
502.623	16627.000
502.813	16705.000
503.003	16789.000
503.192	16776.000
503.382	16727.000
503.572	16487.000
503.761	16433.000
503.951	16439.000
504.141	16326.000
504.331	16240.000
504.520	16274.000
504.710	16489.000
504.900	16650.000
505.089	16769.000
505.279	16798.000
505.469	16896.000
505.659	17014.000
505.848	17058.000
506.038	17121.000
506.228	16977.000
506.418	16833.000
506.607	16950.000
506.797	16734.000
506.987	16637.000
507.176	16492.000
507.366	16389.000
507.556	16364.000
507.746	16169.000
507.935	16214.000
508.125	16183.000
508.315	16044.000
508.505	16016.000
508.694	16241.000
508.884	16381.000
509.074	16415.000
509.263	16530.000
509.453	16563.000
509.643	16430.000
509.833	16308.000
510.022	16168.000
510.212	15961.000
510.402	15959.000
510.592	16111.000
510.781	16226.000
510.971	16052.000
511.161	16179.000
511.350	16285.000
511.540	16361.000
511.730	16342.000
511.920	16251.000
512.109	16034.000
512.299	16064.000
512.489	15985.000
512.678	15747.000
512.868	15553.000
513.058	15511.000
513.248	15312.000
513.437	15361.000
513.627	15335.000
513.817	15193.000
514.007	15263.000
514.196	15225.000
514.386	15094.000
514.576	15157.000
514.765	15260.000
514.955	15352.000
515.145	15323.000
515.335	15129.000
515.524	15101.000
515.714	15138.000
515.904	15139.000
516.094	14908.000
516.283	14545.000
516.473	14318.000
516.663	13900.000
516.852	13709.000
517.042	13685.000
517.232	13658.000
517.422	13740.000
517.611	13635.000
517.801	13811.000
517.991	13915.000
518.180	13790.000
518.370	13745.000
518.560	13613.000
518.750	13773.000
518.939	13903.000
519.129	14220.000
519.319	14321.000
519.509	14380.000
519.698	14462.000
519.888	14608.000
520.078	14505.000
520.267	14665.000
520.457	14578.000
520.647	14528.000
520.837	14788.000
521.026	14892.000
521.216	15003.000
521.406	15061.000
521.596	15061.000
521.785	15018.000
521.975	15007.000
522.165	14859.000
522.354	14982.000
522.544	14933.000
522.734	14708.000
522.924	14847.000
523.113	14904.000
523.303	14813.000
523.493	14827.000
523.683	14997.000
523.872	15120.000
524.062	15228.000
524.252	15198.000
524.441	15185.000
524.631	15337.000
524.821	15280.000
525.011	15269.000
525.200	15402.000
525.390	15278.000
525.580	15174.000
525.769	14953.000
525.959	14734.000
526.149	14518.000
526.339	14439.000
526.528	14392.000
526.718	14225.000
526.908	14211.000
527.098	14391.000
527.287	14562.000
527.477	14379.000
527.667	14515.000
527.856	14642.000
528.046	14697.000
528.236	14882.000
528.426	15173.000
528.615	15299.000
528.805	15163.000
528.995	15348.000
529.185	15236.000
529.374	15358.000
529.564	15352.000
529.754	15187.000
529.943	15250.000
530.133	15318.000
530.323	15391.000
530.513	15273.000
530.702	15326.000
530.892	15451.000
531.082	15366.000
531.271	15078.000
531.461	15009.000
531.651	15010.000
531.841	14831.000
532.030	14719.000
532.220	14596.000
532.410	14318.000
532.600	14130.000
532.789	14154.000
532.979	14238.000
533.169	14350.000
533.358	14186.000
533.548	14232.000
533.738	14309.000
533.928	14195.000
534.117	14172.000
534.307	14279.000
534.497	14361.000
534.687	14283.000
534.876	14320.000
535.066	14315.000
535.256	14196.000
535.445	14280.000
535.635	14309.000
535.825	14187.000
536.015	14029.000
536.204	13953.000
536.394	13778.000
536.584	13610.000
536.773	13636.000
536.963	13718.000
537.153	13688.000
537.343	13698.000
537.532	13761.000
537.722	13775.000
537.912	13896.000
538.102	13703.000
538.291	13674.000
538.481	13699.000
538.671	13632.000
538.860	13639.000
539.050	13399.000
539.240	13267.000
539.430	13043.000
539.619	13006.000
539.809	13015.000
539.999	12937.000
540.189	12914.000
540.378	12871.000
540.568	12855.000
540.758	12899.000
540.947	13116.000
541.137	13168.000
541.327	13191.000
541.517	13180.000
541.706	12960.000
541.896	12949.000
542.086	12972.000
542.276	13065.000
542.465	12979.000
542.655	13093.000
542.845	12942.000
543.034	12810.000
543.224	12988.000
543.414	13046.000
543.604	13017.000
543.793	13076.000
543.983	13073.000
544.173	13041.000
544.362	13016.000
544.552	12950.000
544.742	12854.000
544.932	12931.000
545.121	12913.000
545.311	12819.000
545.501	12868.000
545.691	12855.000
545.880	12864.000
546.070	12827.000
546.264	12837.000
546.459	12901.000
546.653	12668.000
546.847	12627.000
547.041	12749.000
547.236	12909.000
547.430	12596.000
547.624	12548.000
547.818	12630.000
548.013	12837.000
548.207	12747.000
548.401	12621.000
548.596	12588.000
548.790	12566.000
548.984	12551.000
549.178	12515.000
549.373	12734.000
549.567	12735.000
549.761	12507.000
549.956	12430.000
550.150	12520.000
550.344	12609.000
550.538	12531.000
550.733	12365.000
550.927	12518.000
551.121	12559.000
551.315	12606.000
551.510	12559.000
551.704	12537.000
551.898	12417.000
552.093	12544.000
552.287	12527.000
552.481	12490.000
552.675	12345.000
552.870	12220.000
553.064	12060.000
553.258	12356.000
553.453	12498.000
553.647	12364.000
553.841	12289.000
554.035	12298.000
554.230	12401.000
554.424	12506.000
554.618	12504.000
554.812	12414.000
555.007	12316.000
555.201	12361.000
555.395	12210.000
555.590	12060.000
555.784	12137.000
555.978	12149.000
556.172	11982.000
556.367	11878.000
556.561	11855.000
556.755	11935.000
556.949	11964.000
557.144	11852.000
557.338	11807.000
557.532	11776.000
557.727	11730.000
557.921	11641.000
558.115	11703.000
558.309	11707.000
558.504	11516.000
558.698	11467.000
558.892	11544.000
559.087	11416.000
559.281	11378.000
559.475	11405.000
559.669	11437.000
559.864	11393.000
560.058	11529.000
560.252	11644.000
560.446	11568.000
560.641	11613.000
560.835	11758.000
561.029	11604.000
561.224	11534.000
561.418	11409.000
561.612	11464.000
561.806	11665.000
562.001	11674.000
562.195	11491.000
562.389	11444.000
562.584	11542.000
562.778	11548.000
562.972	11546.000
563.166	11490.000
563.361	11465.000
563.555	11479.000
563.749	11475.000
563.943	11482.000
564.138	11493.000
564.332	11501.000
564.526	11368.000
564.721	11295.000
564.915	11309.000
565.109	11441.000
565.303	11308.000
565.498	10954.000
565.692	10961.000
565.886	11004.000
566.081	11108.000
566.275	11176.000
566.469	11181.000
566.663	11030.000
566.858	10945.000
567.052	11052.000
567.246	11069.000
567.440	10926.000
567.635	10957.000
567.829	10981.000
568.023	10848.000
568.218	10817.000
568.412	10774.000
568.606	10773.000
568.800	10672.000
568.995	10651.000
569.189	10612.000
569.383	10555.000
569.577	10593.000
569.772	10552.000
569.966	10362.000
570.160	10470.000
570.355	10324.000
570.549	10284.000
570.743	10163.000
570.937	10193.000
571.132	10268.000
571.326	10302.000
571.520	10307.000
571.715	10259.000
571.909	10349.000
572.103	10428.000
572.297	10379.000
572.492	10217.000
572.686	10262.000
572.880	10372.000
573.074	10306.000
573.269	10180.000
573.463	10404.000
573.657	10308.000
573.852	10040.000
574.046	10019.000
574.240	10057.000
574.434	9917.000
574.629	9980.000
574.823	10117.000
575.017	10092.000
575.212	9869.000
575.406	9805.000
575.600	9870.000
575.794	9877.000
575.989	9893.000
576.183	9770.000
576.377	9793.000
576.571	9866.000
576.766	9797.000
576.960	9873.000
577.159	9721.000
577.357	9655.000
577.556	9509.000
577.755	9527.000
577.953	9581.000
578.152	9420.000
578.350	9330.000
578.549	9522.000
578.748	9485.000
578.946	9330.000
579.145	9441.000
579.344	9497.000
579.542	9618.000
579.741	9649.000
579.940	9498.000
580.138	9511.000
580.337	9563.000
580.535	9526.000
580.734	9622.000
580.933	9762.000
581.131	9775.000
581.330	9680.000
581.529	9747.000
581.727	9930.000
581.926	10194.000
582.125	10111.000
582.323	10027.000
582.522	10080.000
582.721	10152.000
582.919	10147.000
583.118	10086.000
583.316	10112.000
583.515	10177.000
583.714	10220.000
583.912	10297.000
584.111	10371.000
584.310	10361.000
584.508	10121.000
584.707	10188.000
584.906	10133.000
585.104	9972.000
585.303	10198.000
585.501	10191.000
585.700	10013.000
585.899	10084.000
586.097	10274.000
586.296	10124.000
586.495	10043.000
586.693	10098.000
586.892	10106.000
587.091	9855.000
587.289	9788.000
587.488	9857.000
587.686	9698.000
587.885	9612.000
588.084	9336.000
588.282	9071.000
588.481	8955.000
588.680	8795.000
588.878	8564.000
589.077	8441.000
589.276	8615.000
589.474	8739.000
589.673	8833.000
589.871	8746.000
590.070	8804.000
590.269	8898.000
590.467	9057.000
590.666	9124.000
590.865	8890.000
591.063	8940.000
591.262	9000.000
591.461	8959.000
591.659	8933.000
591.858	8996.000
592.056	9041.000
592.255	8966.000
592.454	9005.000
592.652	9103.000
592.851	9094.000
593.050	9046.000
593.248	9116.000
593.447	9183.000
593.646	9125.000
593.844	9006.000
594.043	9031.000
594.241	8986.000
594.440	8991.000
594.639	8952.000
594.837	8904.000
595.036	9042.000
595.235	8980.000
595.433	8922.000
595.632	8914.000
595.831	8997.000
596.029	9043.000
596.228	9021.000
596.427	9118.000
596.625	9110.000
596.824	8979.000
597.022	9094.000
597.221	9033.000
597.420	8991.000
597.618	9062.000
597.817	9087.000
598.016	9063.000
598.214	9007.000
598.413	9008.000
598.612	8849.000
598.810	8968.000
599.009	9015.000
599.207	9205.000
599.406	9123.000
599.605	9029.000
599.803	9047.000
600.002	9158.000
600.201	9007.000
600.399	8947.000
600.598	8941.000
600.797	8914.000
600.995	8850.000
601.194	8813.000
601.392	8903.000
601.591	8954.000
601.790	8963.000
601.988	8841.000
602.187	8877.000
602.386	8892.000
602.584	8974.000
602.783	8944.000
602.982	9047.000
603.180	9073.000
603.379	9058.000
603.577	9057.000
603.776	8958.000
603.975	9008.000
604.173	8989.000
604.372	8992.000
604.571	9054.000
604.769	9014.000
604.968	8926.000
605.167	8872.000
605.365	8952.000
605.564	8990.000
605.762	8958.000
605.961	8959.000
606.160	8921.000
606.358	8868.000
606.557	8917.000
606.756	8856.000
606.954	8731.000
607.153	8882.000
607.352	8805.000
607.550	8781.000
607.749	8671.000
607.948	8689.000
608.146	8781.000
608.345	8723.000
608.543	8708.000
608.742	8656.000
608.941	8687.000
609.139	8628.000
609.338	8671.000
609.537	8759.000
609.735	8645.000
609.934	8544.000
610.133	8465.000
610.331	8533.000
610.530	8553.000
610.728	8561.000
610.927	8543.000
611.126	8577.000
611.324	8649.000
611.523	8605.000
611.722	8562.000
611.920	8496.000
612.119	8438.000
612.318	8411.000
612.516	8437.000
612.715	8387.000
612.913	8380.000
613.112	8315.000
613.311	8296.000
613.509	8232.000
613.708	8255.000
613.907	8234.000
614.105	8231.000
614.304	8176.000
614.503	8253.000
614.701	8164.000
614.900	8182.000
615.098	8259.000
615.297	8146.000
615.496	8106.000
615.694	8037.000
615.893	8049.000
616.092	7911.000
616.290	7966.000
616.489	8109.000
616.688	8024.000
616.886	7832.000
617.085	7947.000
617.283	7937.000
617.482	7905.000
617.681	7905.000
617.879	7855.000
618.078	8064.000
618.277	8194.000
618.475	8146.000
618.674	8134.000
618.873	8015.000
619.071	7932.000
619.270	7948.000
619.468	7945.000
619.667	7999.000
619.866	8032.000
620.064	8128.000
620.263	8028.000
620.462	8029.000
620.660	8026.000
620.859	7929.000
621.058	7963.000
621.256	7949.000
621.455	7850.000
621.654	7760.000
621.852	7844.000
622.051	8037.000
622.249	7925.000
622.448	7734.000
622.647	7657.000
622.845	7769.000
623.044	7757.000
623.243	7657.000
623.441	7710.000
623.640	7595.000
623.839	7519.000
624.037	7592.000
624.236	7586.000
624.434	7589.000
624.633	7626.000
624.832	7637.000
625.030	7474.000
625.229	7438.000
625.428	7450.000
625.626	7432.000
625.825	7417.000
626.024	7469.000
626.222	7453.000
626.421	7449.000
626.619	7426.000
626.818	7315.000
627.017	7337.000
627.215	7279.000
627.414	7159.000
627.613	7140.000
627.811	7167.000
628.010	7129.000
628.209	7167.000
628.407	7245.000
628.606	7213.000
628.804	7154.000
629.003	7148.000
629.202	7059.000
629.400	6989.000
629.599	7028.000
629.798	6955.000
629.996	7046.000
630.195	6924.000
630.394	6942.000
630.592	7030.000
630.791	7083.000
630.990	7165.000
631.188	7027.000
631.387	6971.000
631.585	7090.000
631.784	7204.000
631.983	7044.000
632.181	7002.000
632.380	7132.000
632.579	7153.000
632.777	7152.000
632.976	7060.000
633.175	7017.000
633.373	7128.000
633.572	7116.000
633.770	7028.000
633.969	7057.000
634.168	7057.000
634.366	7033.000
634.565	7002.000
634.764	7047.000
634.962	7077.000
635.161	7137.000
635.360	7090.000
635.558	7056.000
635.757	7046.000
635.955	7094.000
636.154	7068.000
636.353	7047.000
636.551	7032.000
636.750	7019.000
636.949	6995.000
637.147	7078.000
637.346	7049.000
637.545	7101.000
637.743	6942.000
637.942	7021.000
638.140	7080.000
638.339	7083.000
638.538	7156.000
638.736	7106.000
638.935	6928.000
639.134	6851.000
639.332	6949.000
639.531	6919.000
639.730	6889.000
639.928	7064.000
640.127	7036.000
640.325	6829.000
640.524	6879.000
640.723	6861.000
640.921	6892.000
641.120	6886.000
641.319	6835.000
641.517	6955.000
641.716	6895.000
641.915	6952.000
642.113	6907.000
642.312	6785.000
642.510	6838.000
642.709	6835.000
642.908	6883.000
643.106	6761.000
643.305	6779.000
643.504	6903.000
643.702	6879.000
643.901	6796.000
644.100	6726.000
644.298	6777.000
644.497	6859.000
644.696	6857.000
644.894	6719.000
645.093	6814.000
645.291	6762.000
645.490	6750.000
645.689	6644.000
645.887	6635.000
646.086	6658.000
646.285	6454.000
646.483	6365.000
646.682	6396.000
646.881	6234.000
647.079	6310.000
647.278	6475.000
647.476	6446.000
647.675	6369.000
647.874	6476.000
648.072	6401.000
648.271	6279.000
648.470	6276.000
648.668	6340.000
648.867	6280.000
649.066	6234.000
649.264	6276.000
649.463	6238.000
649.661	6137.000
649.860	6213.000
650.059	6280.000
650.257	6286.000
650.456	6381.000
650.655	6445.000
650.853	6398.000
651.052	6360.000
651.251	6251.000
651.449	6143.000
651.648	6205.000
651.846	6272.000
652.045	6335.000
652.244	6397.000
652.442	6445.000
652.641	6326.000
652.840	6375.000
653.038	6425.000
653.237	6450.000
653.436	6436.000
653.634	6365.000
653.833	6338.000
654.032	6327.000
654.230	6326.000
654.429	6284.000
654.627	6309.000
654.826	6290.000
655.025	6163.000
655.223	6150.000
655.422	5924.000
655.621	5735.000
655.819	5683.000
656.018	5676.000
656.217	5631.000
656.415	5579.000
656.614	5706.000
656.812	5879.000
657.011	5933.000
657.210	5938.000
657.408	5912.000
657.607	6072.000
657.806	6061.000
658.004	5959.000
658.203	5988.000
658.402	6013.000
658.600	6176.000
658.799	6165.000
658.997	6187.000
659.196	6129.000
659.395	6241.000
659.593	6188.000
659.792	6230.000
659.991	6293.000
660.189	6240.000
660.388	6299.000
660.587	6266.000
660.785	6269.000
660.984	6257.000
661.182	6246.000
661.381	6204.000
661.580	6236.000
661.778	6312.000
661.977	6355.000
662.176	6382.000
662.374	6383.000
662.573	6401.000
662.772	6333.000
662.970	6154.000
663.169	6125.000
663.367	6208.000
663.566	6218.000
663.765	6240.000
663.963	6169.000
664.162	6160.000
664.361	6169.000
664.559	6223.000
664.758	6360.000
664.957	6312.000
665.155	6191.000
665.354	6228.000
665.552	6219.000
665.751	6202.000
665.950	6094.000
666.148	6156.000
666.347	6154.000
666.546	5951.000
666.744	6025.000
666.943	6128.000
667.142	6052.000
667.340	6040.000
667.539	6154.000
667.738	6127.000
667.936	6081.000
668.135	6102.000
668.333	6130.000
668.532	6101.000
668.731	6093.000
668.929	6001.000
669.128	5992.000
669.327	6175.000
669.525	6172.000
669.724	6122.000
669.923	5983.000
670.121	5928.000
670.320	5868.000
670.518	5995.000
670.717	5967.000
670.916	5919.000
671.114	5952.000
671.313	5925.000
671.512	5890.000
671.710	5805.000
671.909	5860.000
672.108	6012.000
672.306	6009.000
672.505	5855.000
672.703	5892.000
672.902	5874.000
673.101	5823.000
673.299	5838.000
673.498	5883.000
673.697	5872.000
673.895	5762.000
674.094	5707.000
674.293	5711.000
674.491	5681.000
674.690	5741.000
674.888	5652.000
675.087	5704.000
675.286	5784.000
675.484	5701.000
675.683	5643.000
675.882	5612.000
676.080	5657.000
676.279	5702.000
676.478	5649.000
676.676	5567.000
676.875	5558.000
677.073	5597.000
677.272	5662.000
677.471	5598.000
677.669	5599.000
677.868	5565.000
678.067	5568.000
678.265	5576.000
678.464	5603.000
678.663	5595.000
678.861	5553.000
679.060	5488.000
679.259	5412.000
679.457	5448.000
679.656	5473.000
679.854	5470.000
680.053	5404.000
680.252	5469.000
680.450	5441.000
680.649	5508.000
680.848	5554.000
681.046	5495.000
681.245	5545.000
681.444	5448.000
681.642	5436.000
681.841	5509.000
682.039	5354.000
682.238	5390.000
682.437	5391.000
682.635	5442.000
682.834	5340.000
683.033	5354.000
683.231	5304.000
683.430	5200.000
683.629	5209.000
683.827	5264.000
684.026	5329.000
684.224	5365.000
684.423	5315.000
684.622	5191.000
684.820	5129.000
685.019	5201.000
685.218	5291.000
685.416	5113.000
685.615	5038.000
685.814	4954.000
686.012	4775.000
686.211	4615.000
686.409	4432.000
686.608	4297.000
686.807	4185.000
687.005	4313.000
687.204	4447.000
687.403	4329.000
687.601	4281.000
687.800	4243.000
687.999	4250.000
688.197	4257.000
688.396	4069.000
688.594	4133.000
688.793	4128.000
688.992	4274.000
689.190	4337.000
689.389	4345.000
689.588	4364.000
689.786	4394.000
689.985	4476.000
690.184	4619.000
690.382	4659.000
690.581	4528.000
690.779	4648.000
690.978	4674.000
691.177	4642.000
691.375	4669.000
691.574	4823.000
691.773	4877.000
691.971	4725.000
692.170	4702.000
692.369	4791.000
692.567	4720.000
692.766	4685.000
692.965	4696.000
693.163	4757.000
693.362	4834.000
693.560	4812.000
693.759	4811.000
693.958	4849.000
694.156	4857.000
694.355	4789.000
694.554	4864.000
694.752	4917.000
694.951	4871.000
695.150	4832.000
695.348	4910.000
695.547	4937.000
695.745	5019.000
695.944	5022.000
696.143	5101.000
696.341	5236.000
696.540	5186.000
696.743	5146.000
696.946	5148.000
697.149	5230.000
697.352	5265.000
697.555	5330.000
697.757	5299.000
697.960	5235.000
698.163	5240.000
698.366	5177.000
698.569	5211.000
698.772	5236.000
698.975	5282.000
699.178	5179.000
699.381	5180.000
699.584	5254.000
699.787	5360.000
699.989	5254.000
700.192	5123.000
700.395	5215.000
700.598	5323.000
700.801	5383.000
701.004	5395.000
701.207	5358.000
701.410	5301.000
701.613	5329.000
701.816	5333.000
702.019	5366.000
702.221	5520.000
702.424	5393.000
702.627	5417.000
702.830	5461.000
703.033	5482.000
703.236	5548.000
703.439	5645.000
703.642	5649.000
703.845	5649.000
704.048	5788.000
704.251	5679.000
704.453	5565.000
704.656	5768.000
704.859	5817.000
705.062	5760.000
705.265	5874.000
705.468	5786.000
705.671	5808.000
705.874	5813.000
706.077	5849.000
706.280	5845.000
706.483	5853.000
706.685	5917.000
706.888	5874.000
707.091	6012.000
707.294	6084.000
707.497	6003.000
707.700	6016.000
707.903	6065.000
708.106	6082.000
708.309	6038.000
708.512	6167.000
708.715	6206.000
708.917	6218.000
709.120	6259.000
709.323	6243.000
709.526	6212.000
709.729	6146.000
709.932	6239.000
710.135	6205.000
710.338	6161.000
710.541	6159.000
710.744	6167.000
710.947	6290.000
711.149	6336.000
711.352	6237.000
711.555	6290.000
711.758	6389.000
711.961	6359.000
712.164	6342.000
712.367	6429.000
712.570	6443.000
712.773	6517.000
712.976	6515.000
713.179	6457.000
713.381	6399.000
713.584	6396.000
713.787	6363.000
713.990	6381.000
714.193	6466.000
714.396	6341.000
714.599	6490.000
714.802	6475.000
715.005	6410.000
715.208	6420.000
715.411	6305.000
715.613	6276.000
715.816	6248.000
716.019	6014.000
716.222	5855.000
716.425	5739.000
716.628	5736.000
716.831	5708.000
717.034	5502.000
717.237	5303.000
717.440	5253.000
717.643	5211.000
717.845	5180.000
718.048	5119.000
718.251	5041.000
718.454	5030.000
718.657	4978.000
718.860	4921.000
719.063	4887.000
719.266	4833.000
719.469	4944.000
719.672	5023.000
719.875	5081.000
720.077	5228.000
720.280	5410.000
720.483	5587.000
720.686	5642.000
720.889	5779.000
721.092	5851.000
721.295	5885.000
721.498	5924.000
721.701	6032.000
721.904	6108.000
722.107	6067.000
722.309	6016.000
722.512	5937.000
722.715	5867.000
722.918	5845.000
723.121	5845.000
723.324	5843.000
723.527	5775.000
723.730	5812.000
723.933	5788.000
724.136	5714.000
724.339	5817.000
724.541	5833.000
724.744	5757.000
724.947	5689.000
725.150	5720.000
725.353	5769.000
725.556	5834.000
725.759	5832.000
725.962	5850.000
726.165	5841.000
726.368	5981.000
726.571	5924.000
726.773	6004.000
726.976	5994.000
727.179	6054.000
727.382	6067.000
727.585	6151.000
727.788	6055.000
727.991	6024.000
728.194	5981.000
728.397	5966.000
728.600	6082.000
728.803	6150.000
729.005	6187.000
729.208	6293.000
729.411	6341.000
729.614	6309.000
729.817	6364.000
730.020	6330.000
730.223	6256.000
730.426	6282.000
730.629	6391.000
730.832	6441.000
731.035	6548.000
731.237	6602.000
731.440	6592.000
731.643	6836.000
731.846	6873.000
732.049	6898.000
732.252	6989.000
732.455	7059.000
732.658	7178.000
732.861	7263.000
733.064	7314.000
733.267	7403.000
733.469	7569.000
733.672	7626.000
733.875	7505.000
734.078	7687.000
734.281	7658.000
734.484	7755.000
734.687	7663.000
734.890	7510.000
735.093	7643.000
735.296	7797.000
735.499	7677.000
735.701	7753.000
735.904	7935.000
736.107	7910.000
736.310	7929.000
736.513	7840.000
736.716	7807.000
736.919	7744.000
737.122	7799.000
737.325	7914.000
737.528	7845.000
737.731	7763.000
737.933	7945.000
738.136	8132.000
738.339	8009.000
738.542	7959.000
738.745	7985.000
738.948	8032.000
739.151	8014.000
739.354	8038.000
739.557	8058.000
739.760	8047.000
739.963	8082.000
740.165	8190.000
740.368	8133.000
740.571	8079.000
740.774	8026.000
740.977	8083.000
741.180	8215.000
741.383	8274.000
741.586	8283.000
741.789	8198.000
741.992	8327.000
742.195	8337.000
742.397	8360.000
742.600	8367.000
742.803	8334.000
743.006	8414.000
743.209	8493.000
743.412	8421.000
743.615	8430.000
743.818	8392.000
744.021	8421.000
744.224	8461.000
744.427	8396.000
744.629	8384.000
744.832	8443.000
745.035	8474.000
745.238	8441.000
745.441	8368.000
745.644	8382.000
745.847	8417.000
746.050	8496.000
746.253	8561.000
746.456	8686.000
746.659	8740.000
746.861	8417.000
747.064	8515.000
747.267	8712.000
747.470	8634.000
747.673	8627.000
747.876	8510.000
748.079	8513.000
748.282	8519.000
748.485	8369.000
748.688	8469.000
748.891	8459.000
749.093	8473.000
749.296	8496.000
749.499	8396.000
749.702	8421.000
749.905	8327.000
750.108	8291.000
750.311	8337.000
750.514	8403.000
750.717	8425.000
750.920	8395.000
751.123	8342.000
751.325	8296.000
751.528	8262.000
751.731	8206.000
751.934	8282.000
752.137	8408.000
752.340	8369.000
752.543	8350.000
752.746	8397.000
752.949	8238.000
753.152	8306.000
753.355	8321.000
753.557	8290.000
753.760	8314.000
753.963	8258.000
754.166	8214.000
754.369	8254.000
754.572	8353.000
754.775	8422.000
754.978	8488.000
755.181	8294.000
755.384	8221.000
755.587	8316.000
755.789	8104.000
755.992	8219.000
756.195	8196.000
756.398	8121.000
756.601	8333.000
756.804	8251.000
757.007	8142.000
757.210	8034.000
757.413	7948.000
757.616	7863.000
757.819	7903.000
758.021	7630.000
758.224	7213.000
758.427	6787.000
758.630	6113.000
758.833	5641.000
759.036	5139.000
759.239	4718.000
759.442	4274.000
759.645	3866.000
759.848	3706.000
760.051	3585.000
760.253	3578.000
760.456	3719.000
760.659	3730.000
760.862	3648.000
761.065	3498.000
761.268	3500.000
761.471	3391.000
761.674	3363.000
761.877	3210.000
762.080	3168.000
762.283	3212.000
762.485	3221.000
762.688	3381.000
762.891	3460.000
763.094	3525.000
763.297	3656.000
763.500	3769.000
763.706	3868.000
763.912	4001.000
764.118	4078.000
764.325	4212.000
764.531	4424.000
764.737	4550.000
764.943	4625.000
765.149	4820.000
765.355	5009.000
765.561	5370.000
765.768	5442.000
765.974	5472.000
766.180	5736.000
766.386	6031.000
766.592	6172.000
766.798	6307.000
767.004	6389.000
767.210	6519.000
767.417	6666.000
767.623	6747.000
767.829	6729.000
768.035	6813.000
768.241	6910.000
768.447	6891.000
768.653	6973.000
768.860	7068.000
769.066	6927.000
769.272	6966.000
769.478	7151.000
769.684	7239.000
769.890	7229.000
770.096	7266.000
770.303	7249.000
770.509	7155.000
770.715	7234.000
770.921	7269.000
771.127	7338.000
771.333	7349.000
771.539	7313.000
771.745	7162.000
771.952	7229.000
772.158	7270.000
772.364	7052.000
772.570	7141.000
772.776	7281.000
772.982	7262.000
773.188	7219.000
773.395	7150.000
773.601	7191.000
773.807	7190.000
774.013	7161.000
774.219	7097.000
774.425	7148.000
774.631	7236.000
774.838	7118.000
775.044	7146.000
775.250	7210.000
775.456	7184.000
775.662	7212.000
775.868	7180.000
776.074	6972.000
776.281	7037.000
776.487	6956.000
776.693	6895.000
776.899	6998.000
777.105	7070.000
777.311	7080.000
777.517	7068.000
777.723	7007.000
777.930	6878.000
778.136	6936.000
778.342	6899.000
778.548	7047.000
778.754	6923.000
778.960	6881.000
779.166	6866.000
779.373	6810.000
779.579	6785.000
779.785	6765.000
779.991	6732.000
780.197	6786.000
780.403	6738.000
780.609	6734.000
780.816	6739.000
781.022	6853.000
781.228	7040.000
781.434	6987.000
781.640	6913.000
781.846	6814.000
782.052	6792.000
782.259	6643.000
782.465	6531.000
782.671	6501.000
782.877	6460.000
783.083	6512.000
783.289	6628.000
783.495	6650.000
783.701	6659.000
783.908	6598.000
784.114	6510.000
784.320	6544.000
784.526	6519.000
784.732	6426.000
784.938	6461.000
785.144	6362.000
785.351	6380.000
785.557	6460.000
785.763	6465.000
785.969	6421.000
786.175	6339.000
786.381	6310.000
786.587	6358.000
786.794	6367.000
787.000	6342.000
787.206	6262.000
787.412	6300.000
787.618	6212.000
787.824	6100.000
788.030	6090.000
788.236	6004.000
788.443	5980.000
788.649	5942.000
788.855	5922.000
789.061	5934.000
789.267	6035.000
789.473	5937.000
789.679	5920.000
789.886	5879.000
790.092	5867.000
790.298	5857.000
790.504	5818.000
790.710	5752.000
790.916	5694.000
791.122	5669.000
791.329	5646.000
791.535	5689.000
791.741	5685.000
791.947	5681.000
792.153	5718.000
792.359	5690.000
792.565	5802.000
792.771	5759.000
792.978	5654.000
793.184	5649.000
793.390	5592.000
793.596	5553.000
793.802	5643.000
794.008	5600.000
794.214	5707.000
794.421	5655.000
794.627	5521.000
794.833	5528.000
795.039	5458.000
795.245	5377.000
795.451	5396.000
795.657	5401.000
795.864	5300.000
796.070	5470.000
796.276	5659.000
796.482	5637.000
796.688	5496.000
796.894	5495.000
797.100	5458.000
797.307	5486.000
797.513	5408.000
797.719	5355.000
797.925	5391.000
798.131	5301.000
798.337	5197.000
798.543	5212.000
798.749	5244.000
798.956	5366.000
799.162	5293.000
799.368	5306.000
799.574	5350.000
799.780	5279.000
799.986	5147.000
800.192	5156.000
800.399	5234.000
800.605	5176.000
800.811	5180.000
801.017	5213.000
801.223	5097.000
801.429	5054.000
801.635	5044.000
801.842	5027.000
802.048	5062.000
802.254	5084.000
802.460	5203.000
802.666	5022.000
802.872	4962.000
803.078	5013.000
803.285	4989.000
803.491	4961.000
803.697	4996.000
803.903	4935.000
804.109	4991.000
804.315	5084.000
804.521	4996.000
804.727	5031.000
804.934	5120.000
805.140	5027.000
805.346	5003.000
805.552	5032.000
805.758	4963.000
805.964	4878.000
806.170	4944.000
806.377	5120.000
806.583	5022.000
806.789	4966.000
806.995	4821.000
807.201	4756.000
807.407	4879.000
807.613	4897.000
807.820	4843.000
808.026	4807.000
808.232	4850.000
808.438	4726.000
808.644	4658.000
808.850	4645.000
809.056	4729.000
809.262	4654.000
809.469	4532.000
809.675	4595.000
809.881	4597.000
810.087	4656.000
810.293	4693.000
810.499	4610.000
810.705	4545.000
810.912	4441.000
811.118	4489.000
811.324	4422.000
811.530	4320.000
811.739	4251.000
811.947	4216.000
812.156	4214.000
812.365	4036.000
812.573	4047.000
812.782	3994.000
812.990	3936.000
813.199	3909.000
813.408	3875.000
813.616	3831.000
813.825	3692.000
814.034	3595.000
814.242	3647.000
814.451	3709.000
814.659	3591.000
814.868	3554.000
815.077	3466.000
815.285	3396.000
815.494	3422.000
815.703	3391.000
815.911	3293.000
816.120	3421.000
816.329	3371.000
816.537	3346.000
816.746	3368.000
816.954	3271.000
817.163	3193.000
817.372	3224.000
817.580	3239.000
817.789	3330.000
817.998	3270.000
818.206	3257.000
818.415	3316.000
818.624	3312.000
818.832	3216.000
819.041	3353.000
819.249	3403.000
819.458	3467.000
819.667	3443.000
819.875	3496.000
820.084	3459.000
820.293	3512.000
820.501	3468.000
820.710	3538.000
820.919	3568.000
821.127	3427.000
821.336	3435.000
821.544	3267.000
821.753	3181.000
821.962	3095.000
822.170	3074.000
822.379	3118.000
822.588	3095.000
822.796	3070.000
823.005	3113.000
823.213	3186.000
823.422	3225.000
823.631	3276.000
823.839	3304.000
824.048	3345.000
824.257	3415.000
824.465	3476.000
824.674	3424.000
824.883	3351.000
825.091	3448.000
825.300	3458.000
825.508	3579.000
825.717	3589.000
825.926	3509.000
826.134	3449.000
826.343	3369.000
826.552	3296.000
826.760	3331.000
826.969	3392.000
827.178	3388.000
827.386	3361.000
827.595	3358.000
827.803	3304.000
828.012	3241.000
828.221	3230.000
828.429	3308.000
828.638	3397.000
828.847	3372.000
829.055	3170.000
829.264	3208.000
829.472	3343.000
829.681	3150.000
829.890	3047.000
830.098	3078.000
830.307	3211.000
830.516	3192.000
830.724	3053.000
830.933	3066.000
831.142	3220.000
831.350	3242.000
831.559	3218.000
831.767	3151.000
831.976	3126.000
832.185	3223.000
832.393	3260.000
832.602	3179.000
832.811	3189.000
833.019	3138.000
833.228	3143.000
833.437	3318.000
833.645	3370.000
833.854	3231.000
834.062	3306.000
834.271	3336.000
834.480	3317.000
834.688	3246.000
834.897	3210.000
835.106	3211.000
835.314	3196.000
835.523	3217.000
835.731	3251.000
835.940	3271.000
836.149	3190.000
836.357	3188.000
836.566	3282.000
836.775	3318.000
836.983	3328.000
837.192	3274.000
837.401	3129.000
837.609	3209.000
837.818	3375.000
838.026	3309.000
838.235	3348.000
838.444	3357.000
838.652	3297.000
838.861	3382.000
839.070	3412.000
839.278	3357.000
839.487	3255.000
839.696	3407.000
839.904	3396.000
840.113	3239.000
840.321	3254.000
840.530	3276.000
840.739	3243.000
840.947	3238.000
841.156	3201.000
841.365	3281.000
841.573	3338.000
841.782	3282.000
841.991	3240.000
842.199	3236.000
842.408	3219.000
842.616	3268.000
842.825	3333.000
843.034	3286.000
843.242	3275.000
843.451	3300.000
843.660	3284.000
843.868	3148.000
844.077	3146.000
844.285	3238.000
844.494	3330.000
844.703	3218.000
844.911	3126.000
845.120	3156.000
845.329	3198.000
845.537	3213.000
845.746	3138.000
845.955	3133.000
846.163	3084.000
846.372	3139.000
846.580	3127.000
846.789	3097.000
846.998	3157.000
847.206	3109.000
847.415	3140.000
847.624	3057.000
847.832	3096.000
848.041	3080.000
848.250	2958.000
848.458	2960.000
848.667	2979.000
848.875	2992.000
849.084	2887.000
849.293	2913.000
849.501	2965.000
849.710	2886.000
849.919	2801.000
850.127	2821.000
850.336	2829.000
850.544	2821.000
850.753	2923.000
850.962	2936.000
851.170	2872.000
851.379	2916.000
851.588	2850.000
851.796	2815.000
852.005	2785.000
852.214	2811.000
852.422	2780.000
852.631	2819.000
852.839	2691.000
853.048	2638.000
853.257	2613.000
853.465	2542.000
853.674	2514.000
853.883	2574.000
854.091	2435.000
854.300	2499.000
854.509	2539.000
854.717	2628.000
854.926	2729.000
855.134	2715.000
855.343	2721.000
855.552	2659.000
855.760	2669.000
855.969	2689.000
856.178	2620.000
856.386	2589.000
856.595	2726.000
856.803	2812.000
857.012	2739.000
857.221	2599.000
857.429	2664.000
857.638	2766.000
857.847	2744.000
858.055	2714.000
858.264	2705.000
858.473	2664.000
858.681	2717.000
858.890	2642.000
859.098	2674.000
859.307	2674.000
859.516	2612.000
859.724	2647.000
859.933	2619.000
860.142	2623.000
860.350	2569.000
860.559	2512.000
860.768	2553.000
860.976	2568.000
861.185	2520.000
861.393	2482.000
861.602	2521.000
861.811	2574.000
862.019	2529.000
862.228	2496.000
862.437	2493.000
862.645	2472.000
862.854	2510.000
863.062	2597.000
863.271	2566.000
863.480	2630.000
863.688	2554.000
863.897	2438.000
864.106	2392.000
864.314	2441.000
864.523	2379.000
864.732	2332.000
864.940	2283.000
865.149	2292.000
865.357	2245.000
865.566	2139.000
865.775	2203.000
865.983	2228.000
866.192	2159.000
866.401	2193.000
866.609	2198.000
866.818	2244.000
867.027	2297.000
867.235	2227.000
867.444	2194.000
867.652	2187.000
867.861	2201.000
868.070	2180.000
868.278	2214.000
868.487	2182.000
868.696	2205.000
868.904	2181.000
869.113	2219.000
869.321	2218.000
869.530	2198.000
869.739	2147.000
869.947	2181.000
870.156	2162.000
870.365	2076.000
870.573	2105.000
870.782	2195.000
870.991	2220.000
871.199	2138.000
871.408	2118.000
871.616	2109.000
871.825	2122.000
872.034	2120.000
872.242	2137.000
872.451	2176.000
872.660	2108.000
872.868	2172.000
873.077	2122.000
873.286	2024.000
873.494	2123.000
873.703	2082.000
873.911	2074.000
874.120	1952.000
874.329	1975.000
874.537	2107.000
874.746	2044.000
874.955	1974.000
875.163	1917.000
875.372	1932.000
875.581	1974.000
875.789	2000.000
875.998	1928.000
876.206	1953.000
876.415	1882.000
876.624	1833.000
876.832	1909.000
877.041	1951.000
877.250	1989.000
877.458	1940.000
877.667	2073.000
877.875	1998.000
878.084	1890.000
878.293	1911.000
878.501	1873.000
878.710	1868.000
878.919	1870.000
879.127	1847.000
879.336	1771.000
879.545	1711.000
879.753	1759.000
879.962	1785.000
880.170	1771.000
880.379	1796.000
880.588	1791.000
880.796	1789.000
881.005	1817.000
881.214	1824.000
881.422	1735.000
881.631	1778.000
881.840	1833.000
882.048	1854.000
882.257	1838.000
882.465	1742.000
882.674	1705.000
882.883	1811.000
883.091	1834.000
883.300	1782.000
883.509	1712.000
883.717	1740.000
883.926	1770.000
884.134	1752.000
884.343	1635.000
884.552	1672.000
884.760	1707.000
884.969	1793.000
885.178	1697.000
885.386	1664.000
885.595	1669.000
885.804	1746.000
886.012	1737.000
886.221	1706.000
886.429	1624.000
886.638	1600.000
886.847	1575.000
887.055	1619.000
887.264	1628.000
887.473	1683.000
887.681	1687.000
887.890	1577.000
888.099	1542.000
888.307	1526.000
888.516	1561.000
888.724	1543.000
888.933	1554.000
889.142	1645.000
889.350	1676.000
889.559	1674.000
889.768	1506.000
889.976	1500.000
890.185	1571.000
890.393	1570.000
890.602	1611.000
890.811	1615.000
891.019	1585.000
891.228	1666.000
891.437	1504.000
891.645	1397.000
891.854	1451.000
892.063	1487.000
892.271	1497.000
892.480	1446.000
892.688	1485.000
892.897	1459.000
893.106	1442.000
893.314	1422.000
893.523	1344.000
893.732	1411.000
893.940	1440.000
894.149	1328.000
894.358	1268.000
894.566	1316.000
894.775	1416.000
894.983	1348.000
895.192	1270.000
895.401	1331.000
895.609	1279.000
895.818	1147.000
896.027	1101.000
896.235	1085.000
896.444	1180.000
896.652	1221.000
896.861	1116.000
897.070	1301.000
897.278	1345.000
897.487	1254.000
897.696	1190.000
897.904	1074.000
898.113	1058.000
898.322	1005.000
898.530	1014.000
898.739	1000.000
898.947	1003.000
899.156	1027.000
899.365	1047.000
899.573	1067.000
899.782	1014.000
899.991	955.000
900.199	942.000
900.408	1045.000
900.617	1033.000
900.825	949.000
901.034	1093.000
901.242	1018.000
901.451	962.000
901.660	1009.000
901.868	1114.000
902.077	1135.000
902.286	1040.000
902.494	1070.000
902.703	1176.000
902.911	1165.000
903.120	1179.000
903.329	1117.000
903.537	1128.000
903.746	1150.000
903.955	1140.000
904.163	1162.000
904.372	1115.000
904.581	1138.000
904.789	1203.000
904.998	1221.000
905.206	1221.000
905.415	1188.000
905.624	1138.000
905.832	1059.000
906.041	1103.000
906.250	1040.000
906.458	999.000
906.667	1049.000
906.876	926.000
907.084	974.000
907.293	960.000
907.501	961.000
907.710	1023.000
907.919	1052.000
908.127	1045.000
908.336	950.000
908.545	991.000
908.753	986.000
908.962	948.000
909.170	956.000
909.379	928.000
909.588	1008.000
909.796	931.000
910.005	858.000
910.214	803.000
910.422	845.000
910.631	871.000
910.840	975.000
911.048	993.000
911.257	891.000
911.465	872.000
911.674	963.000
911.883	987.000
912.091	922.000
912.300	899.000
912.508	844.000
912.716	838.000
912.924	872.000
913.132	930.000
913.340	913.000
913.549	910.000
913.757	892.000
913.965	854.000
914.173	872.000
914.381	805.000
914.589	794.000
914.797	812.000
915.005	774.000
915.213	826.000
915.421	820.000
915.629	785.000
915.838	740.000
916.046	763.000
916.254	752.000
916.462	792.000
916.670	766.000
916.878	777.000
917.086	823.000
917.294	843.000
917.502	839.000
917.710	855.000
917.919	874.000
918.127	827.000
918.335	788.000
918.543	780.000
918.751	902.000
918.959	936.000
919.167	873.000
919.375	876.000
919.583	1057.000
919.791	976.000
919.999	883.000
920.208	933.000
920.416	874.000
920.624	866.000
920.832	916.000
921.040	865.000
921.248	877.000
921.456	822.000
921.664	801.000
921.872	805.000
922.080	794.000
922.288	800.000
922.497	841.000
922.705	842.000
922.913	833.000
923.121	801.000
923.329	771.000
923.537	768.000
923.745	811.000
923.953	774.000
924.161	738.000
924.369	812.000
924.578	803.000
924.786	819.000
924.994	839.000
925.202	817.000
925.410	792.000
925.618	735.000
925.826	770.000
926.034	847.000
926.242	826.000
926.450	729.000
926.658	699.000
926.867	674.000
927.075	627.000
927.283	621.000
927.491	659.000
927.699	670.000
927.907	696.000
928.115	700.000
928.323	554.000
928.531	492.000
928.739	526.000
928.947	568.000
929.156	472.000
929.364	506.000
929.572	499.000
929.780	427.000
929.988	401.000
930.196	394.000
930.404	418.000
930.612	362.000
930.820	376.000
931.028	357.000
931.236	329.000
931.445	308.000
931.653	320.000
931.861	353.000
932.069	286.000
932.277	367.000
932.485	414.000
932.693	281.000
932.901	193.000
933.109	224.000
933.317	216.000
933.526	215.000
933.734	189.000
933.942	250.000
934.150	278.000
934.358	264.000
934.566	260.000
934.774	195.000
934.982	162.000
935.190	184.000
935.398	233.000
935.606	223.000
935.815	198.000
936.023	276.000
936.231	290.000
936.439	238.000
936.647	210.000
936.855	217.000
937.063	236.000
937.271	258.000
937.479	254.000
937.687	191.000
937.895	240.000
938.104	338.000
938.312	242.000
938.520	184.000
938.728	242.000
938.936	264.000
939.144	246.000
939.352	241.000
939.560	291.000
939.768	280.000
939.976	237.000
940.185	225.000
940.393	254.000
940.601	270.000
940.809	209.000
941.017	286.000
941.225	261.000
941.433	251.000
941.641	259.000
941.849	195.000
942.057	265.000
942.265	246.000
942.474	203.000
942.682	174.000
942.890	127.000
943.098	176.000
943.306	151.000
943.514	138.000
943.722	156.000
943.930	148.000
944.138	217.000
944.346	264.000
944.554	268.000
944.763	205.000
944.971	147.000
945.179	135.000
945.387	186.000
945.595	236.000
945.803	316.000
946.011	269.000
946.219	227.000
946.427	203.000
946.635	121.000
946.843	221.000
947.052	269.000
947.260	172.000
947.468	195.000
947.676	191.000
947.884	219.000
948.092	216.000
948.300	195.000
948.508	191.000
948.716	239.000
948.924	250.000
949.133	295.000
949.341	290.000
949.549	190.000
949.757	289.000
949.965	245.000
950.173	155.000
950.381	261.000
950.589	302.000
950.797	245.000
951.005	189.000
951.213	170.000
951.422	184.000
951.630	172.000
951.838	166.000
952.046	308.000
952.254	277.000
952.462	202.000
952.670	278.000
952.878	266.000
953.086	244.000
953.294	218.000
953.502	181.000
953.711	245.000
953.919	248.000
954.127	158.000
954.335	160.000
954.543	181.000
954.751	211.000
954.959	229.000
955.167	305.000
955.375	225.000
955.583	170.000
955.792	201.000
956.000	242.000
956.208	273.000
956.416	244.000
956.624	215.000
956.832	241.000
957.040	199.000
957.248	196.000
957.456	170.000
957.664	187.000
957.872	108.000
958.081	121.000
958.289	218.000
958.497	222.000
958.705	213.000
958.913	146.000
959.121	131.000
959.329	204.000
959.537	88.000
959.745	173.000
959.953	214.000
960.161	210.000
960.370	131.000
960.578	194.000
960.786	272.000
960.994	236.000
961.202	227.000
961.410	228.000
961.618	188.000
961.826	178.000
962.034	232.000
962.242	219.000
962.451	150.000
962.659	128.000
962.867	176.000
963.075	219.000
963.283	231.000
963.491	284.000
963.699	280.000
963.907	217.000
964.115	232.000
964.323	317.000
964.531	325.000
964.740	222.000
964.948	257.000
965.156	178.000
965.364	248.000
965.572	345.000
965.780	330.000
965.999	253.000
966.218	201.000
966.438	181.000
966.657	189.000
966.876	178.000
967.095	248.000
967.315	233.000
967.534	149.000
967.753	239.000
967.972	292.000
968.192	282.000
968.411	279.000
968.630	244.000
968.849	228.000
969.068	289.000
969.288	298.000
969.507	354.000
969.726	352.000
969.945	340.000
970.165	248.000
970.384	258.000
970.603	217.000
970.822	230.000
971.042	236.000
971.261	260.000
971.480	341.000
971.699	269.000
971.919	135.000
972.138	234.000
972.357	261.000
972.576	227.000
972.795	264.000
973.015	301.000
973.234	312.000
973.453	216.000
973.672	213.000
973.892	177.000
974.111	202.000
974.330	249.000
974.549	241.000
974.769	213.000
974.988	309.000
975.207	205.000
975.426	153.000
975.646	152.000
975.865	161.000
976.084	210.000
976.303	230.000
976.522	219.000
976.742	218.000
976.961	173.000
977.180	229.000
977.399	243.000
977.619	228.000
977.838	246.000
978.057	272.000
978.276	279.000
978.496	250.000
978.715	229.000
978.934	225.000
979.153	120.000
979.372	132.000
979.592	207.000
979.811	235.000
980.030	209.000
980.249	207.000
980.469	209.000
980.688	241.000
980.907	219.000
981.126	200.000
981.346	257.000
981.565	229.000
981.784	168.000
982.003	241.000
982.223	279.000
982.442	301.000
982.661	224.000
982.880	234.000
983.099	236.000
983.319	268.000
983.538	261.000
983.757	201.000
983.976	244.000
984.196	285.000
984.415	293.000
984.634	199.000
984.853	226.000
985.073	337.000
985.292	294.000
985.511	224.000
985.730	181.000
985.949	176.000
986.169	242.000
986.388	306.000
986.607	131.000
986.826	102.000
987.046	126.000
987.265	185.000
987.484	167.000
987.703	188.000
987.923	186.000
988.142	212.000
988.361	261.000
988.580	284.000
988.800	151.000
989.019	205.000
989.238	167.000
989.457	128.000
989.676	228.000
989.896	214.000
990.115	112.000
990.334	132.000
990.553	133.000
990.773	119.000
990.992	113.000
991.211	133.000
991.430	205.000
991.650	160.000
991.869	180.000
992.088	131.000
992.307	173.000
992.527	211.000
992.746	162.000
992.965	186.000
993.184	203.000
993.403	209.000
993.623	197.000
993.842	125.000
994.061	94.000
994.280	142.000
994.500	154.000
994.719	139.000
994.938	136.000
995.157	95.000
995.377	121.000
995.596	135.000
995.815	166.000
996.034	115.000
996.253	123.000
996.473	147.000
996.692	199.000
996.911	142.000
997.130	140.000
997.350	117.000
997.569	188.000
997.788	161.000
998.007	111.000
998.227	124.000
998.446	201.000
998.665	194.000
998.884	200.000
999.104	188.000
999.323	205.000
999.542	108.000
999.761	105.000
999.980	104.000
1000.200	152.000
1000.419	205.000
1000.638	235.000
1000.857	206.000
1001.077	184.000
1001.296	148.000
1001.515	59.000
1001.734	95.000
1001.954	153.000
1002.173	217.000
1002.392	222.000
1002.611	143.000
1002.830	103.000
1003.050	46.000
1003.269	84.000
1003.488	105.000
1003.707	88.000
1003.927	139.000
1004.146	183.000
1004.365	91.000
1004.584	111.000
1004.804	178.000
1005.023	200.000
1005.242	130.000
1005.461	126.000
1005.681	126.000
1005.900	113.000
1006.119	140.000
1006.338	124.000
1006.557	112.000
1006.777	188.000
1006.996	205.000
1007.215	58.000
1007.434	96.000
1007.654	201.000
1007.873	165.000
1008.092	135.000
1008.311	134.000
1008.531	73.000
1008.750	134.000
1008.969	151.000
1009.188	16.000
1009.407	51.000
1009.627	75.000
1009.846	35.000
1010.065	95.000
1010.284	41.000
1010.504	-4.000
1010.723	66.000
1010.942	69.000
1011.161	47.000
1011.381	87.000
1011.600	90.000
1011.819	189.000
1012.038	145.000
1012.258	102.000
1012.477	136.000
1012.696	127.000
1012.915	123.000
1013.134	96.000
1013.354	94.000
1013.573	182.000
1013.792	167.000
1014.011	83.000
1014.231	66.000
1014.450	123.000
1014.669	83.000
1014.888	12.000
1015.108	94.000
1015.327	131.000
1015.546	161.000
1015.765	152.000
1015.984	156.000
1016.204	179.000
1016.423	99.000
1016.642	156.000
1016.861	122.000
1017.081	89.000
1017.300	99.000
1017.519	44.000
