296.912	204.500
297.101	147.500
297.290	110.500
297.479	142.500
297.668	73.500
297.858	130.500
298.047	221.500
298.236	157.500
298.425	100.500
298.614	80.500
298.803	77.500
298.992	77.500
299.181	125.500
299.370	127.500
299.559	115.500
299.748	176.500
299.937	196.500
300.126	184.500
300.315	70.500
300.504	65.500
300.693	179.500
300.882	154.500
301.071	124.500
301.260	92.500
301.449	94.500
301.638	101.500
301.827	111.500
302.016	93.500
302.205	97.500
302.395	97.500
302.584	104.500
302.773	107.500
302.962	165.500
303.151	173.500
303.340	103.500
303.529	80.500
303.718	123.500
303.907	160.500
304.096	116.500
304.285	97.500
304.474	134.500
304.663	153.500
304.852	89.500
305.041	108.500
305.230	107.500
305.419	126.500
305.608	170.500
305.797	89.500
305.986	59.500
306.175	83.500
306.364	66.500
306.553	101.500
306.743	179.500
306.932	174.500
307.121	165.500
307.310	140.500
307.499	106.500
307.688	84.500
307.877	107.500
308.066	136.500
308.255	139.500
308.444	202.500
308.633	154.500
308.822	73.500
309.011	78.500
309.200	122.500
309.389	173.500
309.578	115.500
309.767	121.500
309.956	160.500
310.145	161.500
310.334	122.500
310.523	129.500
310.712	111.500
310.901	64.500
311.091	119.500
311.280	109.500
311.469	107.500
311.658	252.500
311.847	164.500
312.036	92.500
312.225	138.500
312.414	100.500
312.603	107.500
312.792	144.500
312.981	131.500
313.170	130.500
313.349	93.500
313.527	94.500
313.706	82.500
313.884	89.500
314.063	83.500
314.241	144.500
314.420	205.500
314.598	191.500
314.777	178.500
314.955	96.500
315.134	106.500
315.312	106.500
315.491	67.500
315.669	124.500
315.848	117.500
316.027	79.500
316.205	81.500
316.384	21.500
316.562	135.500
316.741	162.500
316.919	157.500
317.098	132.500
317.276	117.500
317.455	146.500
317.633	185.500
317.812	188.500
317.990	123.500
318.169	159.500
318.347	145.500
318.526	140.500
318.705	103.500
318.883	122.500
319.062	162.500
319.240	233.500
319.419	157.500
319.597	163.500
319.776	194.500
319.954	78.500
320.133	50.500
320.311	158.500
320.490	214.500
320.668	138.500
320.847	78.500
321.025	113.500
321.204	178.500
321.382	171.500
321.561	166.500
321.740	141.500
321.918	142.500
322.097	201.500
322.275	136.500
322.454	115.500
322.632	149.500
322.811	130.500
322.989	76.500
323.168	87.500
323.346	124.500
323.525	93.500
323.703	48.500
323.882	19.500
324.060	90.500
324.239	189.500
324.418	184.500
324.596	138.500
324.775	76.500
324.953	34.500
325.132	68.500
325.310	118.500
325.489	97.500
325.667	126.500
325.846	122.500
326.024	144.500
326.203	166.500
326.381	158.500
326.560	185.500
326.738	115.500
326.917	68.500
327.096	138.500
327.274	192.500
327.453	132.500
327.631	109.500
327.810	145.500
327.988	137.500
328.167	109.500
328.345	101.500
328.524	132.500
328.702	85.500
328.881	73.500
329.059	102.500
329.238	165.500
329.416	168.500
329.595	130.500
329.774	172.500
329.952	170.500
330.131	168.500
330.309	167.500
330.488	151.500
330.666	129.500
330.845	163.500
331.023	123.500
331.202	109.500
331.380	77.500
331.559	122.500
331.737	161.500
331.916	49.500
332.094	56.500
332.273	106.500
332.452	60.500
332.630	102.500
332.809	163.500
332.987	159.500
333.166	180.500
333.344	195.500
333.523	120.500
333.701	62.500
333.880	104.500
334.058	137.500
334.237	198.500
334.415	251.500
334.594	175.500
334.772	67.500
334.951	93.500
335.129	69.500
335.308	168.500
335.487	233.500
335.665	171.500
335.844	220.500
336.022	239.500
336.201	167.500
336.379	126.500
336.558	154.500
336.736	219.500
336.915	226.500
337.093	188.500
337.272	106.500
337.450	79.500
337.629	102.500
337.807	111.500
337.986	145.500
338.165	173.500
338.343	172.500
338.522	148.500
338.700	170.500
338.879	83.500
339.057	95.500
339.236	185.500
339.414	172.500
339.593	143.500
339.771	159.500
339.950	190.500
340.128	183.500
340.307	120.500
340.485	95.500
340.664	121.500
340.843	117.500
341.021	129.500
341.200	163.500
341.378	174.500
341.557	193.500
341.735	163.500
341.914	79.500
342.092	122.500
342.271	201.500
342.449	131.500
342.628	22.500
342.806	84.500
342.985	210.500
343.163	179.500
343.342	113.500
343.521	70.500
343.699	76.500
343.878	103.500
344.056	133.500
344.235	145.500
344.413	130.500
344.592	211.500
344.770	138.500
344.949	133.500
345.127	141.500
345.306	164.500
345.484	86.500
345.663	108.500
345.841	185.500
346.020	150.500
346.199	80.500
346.377	85.500
346.556	191.500
346.734	212.500
346.913	107.500
347.091	90.500
347.270	116.500
347.448	124.500
347.627	92.500
347.805	138.500
347.984	116.500
348.162	80.500
348.341	188.500
348.519	188.500
348.698	91.500
348.876	61.500
349.055	44.500
349.234	113.500
349.412	113.500
349.591	52.500
349.769	95.500
349.948	184.500
350.126	177.500
350.305	218.500
350.483	191.500
350.662	113.500
350.840	113.500
351.019	91.500
351.197	124.500
351.376	154.500
351.554	148.500
351.733	73.500
351.912	134.500
352.090	180.500
352.269	119.500
352.447	164.500
352.626	154.500
352.804	141.500
352.983	94.500
353.161	111.500
353.340	130.500
353.518	150.500
353.697	201.500
353.875	177.500
354.054	200.500
354.232	194.500
354.411	148.500
354.590	111.500
354.768	156.500
354.947	173.500
355.125	167.500
355.304	132.500
355.482	138.500
355.661	162.500
355.839	136.500
356.018	93.500
356.196	81.500
356.375	117.500
356.553	168.500
356.732	115.500
356.910	79.500
357.089	109.500
357.268	216.500
357.446	236.500
357.625	157.500
357.803	116.500
357.982	111.500
358.160	148.500
358.339	206.500
358.517	218.500
358.696	157.500
358.874	73.500
359.053	95.500
359.231	83.500
359.410	124.500
359.588	129.500
359.767	119.500
359.945	151.500
360.124	128.500
360.303	111.500
360.481	98.500
360.660	111.500
360.838	92.500
361.017	91.500
361.195	110.500
361.374	121.500
361.552	101.500
361.731	96.500
361.909	172.500
362.088	129.500
362.266	109.500
362.445	116.500
362.623	158.500
362.802	177.500
362.981	133.500
363.159	188.500
363.338	142.500
363.516	179.500
363.695	196.500
363.873	182.500
364.052	123.500
364.230	160.500
364.409	128.500
364.587	156.500
364.766	126.500
364.944	145.500
365.123	156.500
365.301	137.500
365.480	193.500
365.660	172.500
365.839	189.500
366.019	188.500
366.199	151.500
366.379	159.500
366.558	165.500
366.738	197.500
366.918	136.500
367.098	72.500
367.277	60.500
367.457	102.500
367.637	82.500
367.816	100.500
367.996	124.500
368.176	131.500
368.356	179.500
368.535	109.500
368.715	176.500
368.895	159.500
369.075	84.500
369.254	116.500
369.434	176.500
369.614	205.500
369.793	171.500
369.973	223.500
370.153	163.500
370.333	136.500
370.512	120.500
370.692	134.500
370.872	157.500
371.051	219.500
371.231	264.500
371.411	214.500
371.591	129.500
371.770	166.500
371.950	200.500
372.130	124.500
372.310	91.500
372.489	157.500
372.669	132.500
372.849	141.500
373.028	226.500
373.208	210.500
373.388	105.500
373.568	136.500
373.747	165.500
373.927	142.500
374.107	119.500
374.287	187.500
374.466	204.500
374.646	152.500
374.826	142.500
375.005	147.500
375.185	182.500
375.365	304.500
375.545	244.500
375.724	155.500
375.904	158.500
376.084	140.500
376.263	140.500
376.443	149.500
376.623	167.500
376.803	210.500
376.982	144.500
377.162	104.500
377.342	86.500
377.522	187.500
377.701	182.500
377.881	147.500
378.061	260.500
378.240	197.500
378.420	85.500
378.600	131.500
378.780	191.500
378.959	130.500
379.139	163.500
379.319	173.500
379.499	231.500
379.678	279.500
379.858	290.500
380.038	168.500
380.217	151.500
380.397	194.500
380.577	192.500
380.757	130.500
380.936	147.500
381.116	219.500
381.296	176.500
381.476	136.500
381.655	120.500
381.835	176.500
382.015	174.500
382.194	194.500
382.374	204.500
382.554	215.500
382.734	181.500
382.913	185.500
383.093	242.500
383.273	197.500
383.452	176.500
383.632	148.500
383.812	145.500
383.992	191.500
384.171	210.500
384.351	176.500
384.531	177.500
384.711	154.500
384.890	105.500
385.070	114.500
385.250	163.500
385.429	188.500
385.609	143.500
385.789	99.500
385.969	96.500
386.148	62.500
386.328	169.500
386.508	172.500
386.688	149.500
386.867	170.500
387.047	209.500
387.227	146.500
387.406	135.500
387.586	160.500
387.766	187.500
387.946	160.500
388.125	152.500
388.305	172.500
388.485	192.500
388.664	217.500
388.844	207.500
389.024	186.500
389.204	176.500
389.383	162.500
389.563	93.500
389.743	145.500
389.923	191.500
390.102	161.500
390.282	140.500
390.462	124.500
390.641	121.500
390.821	98.500
391.001	132.500
391.181	141.500
391.360	167.500
391.540	226.500
391.720	219.500
391.900	198.500
392.079	130.500
392.259	163.500
392.439	172.500
392.618	163.500
392.798	168.500
392.978	154.500
393.158	113.500
393.337	195.500
393.517	246.500
393.697	222.500
393.877	267.500
394.056	257.500
394.236	261.500
394.416	189.500
394.595	164.500
394.775	191.500
394.955	250.500
395.135	160.500
395.314	156.500
395.494	244.500
395.674	242.500
395.853	128.500
396.033	202.500
396.213	184.500
396.393	139.500
396.572	198.500
396.752	145.500
396.932	204.500
397.112	243.500
397.291	273.500
397.471	256.500
397.651	165.500
397.830	117.500
398.010	184.500
398.190	244.500
398.370	219.500
398.549	273.500
398.729	217.500
398.909	225.500
399.089	216.500
399.268	229.500
399.448	323.500
399.628	343.500
399.807	273.500
399.987	242.500
400.167	307.500
400.347	320.500
400.526	359.500
400.706	295.500
400.886	275.500
401.065	247.500
401.245	266.500
401.425	366.500
401.605	304.500
401.784	321.500
401.964	358.500
402.144	320.500
402.324	331.500
402.503	331.500
402.683	319.500
402.863	327.500
403.042	312.500
403.222	284.500
403.402	339.500
403.582	330.500
403.761	337.500
403.941	415.500
404.121	343.500
404.301	308.500
404.480	401.500
404.660	453.500
404.844	451.500
405.029	434.500
405.213	450.500
405.398	485.500
405.582	450.500
405.767	462.500
405.951	453.500
406.136	496.500
406.320	568.500
406.505	592.500
406.689	670.500
406.874	705.500
407.058	671.500
407.243	672.500
407.427	702.500
407.612	792.500
407.796	784.500
407.981	870.500
408.165	931.500
408.350	991.500
408.534	975.500
408.719	975.500
408.903	1083.500
409.088	1225.500
409.272	1200.500
409.457	1228.500
409.641	1311.500
409.826	1402.500
410.010	1532.500
410.195	1606.500
410.379	1751.500
410.564	1945.500
410.748	2080.500
410.933	2240.500
411.117	2432.500
411.302	2638.500
411.486	2728.500
411.671	2836.500
411.855	2929.500
412.040	3062.500
412.224	3198.500
412.409	3237.500
412.593	3468.500
412.778	3532.500
412.962	3648.500
413.147	3983.500
413.331	4186.500
413.516	4206.500
413.700	4329.500
413.885	4554.500
414.069	4691.500
414.254	4872.500
414.438	5046.500
414.623	5166.500
414.807	5325.500
414.992	5467.500
415.176	5696.500
415.361	6002.500
415.545	6143.500
415.730	6410.500
415.914	6592.500
416.099	6732.500
416.283	6771.500
416.468	6769.500
416.652	6871.500
416.837	7085.500
417.021	7274.500
417.206	7384.500
417.390	7346.500
417.575	7461.500
417.759	7630.500
417.944	7797.500
418.128	7935.500
418.313	8123.500
418.497	8288.500
418.682	8364.500
418.866	8490.500
419.051	8524.500
419.235	8682.500
419.420	8852.500
419.604	8967.500
419.789	9063.500
419.973	9344.500
420.158	9521.500
420.342	9638.500
420.527	9985.500
420.711	10116.500
420.896	10286.500
421.080	10349.500
421.265	10444.500
421.449	10460.500
421.634	10465.500
421.818	10439.500
422.003	10348.500
422.187	10433.500
422.372	10389.500
422.556	10390.500
422.741	10677.500
422.925	10897.500
423.110	10922.500
423.294	11014.500
423.479	11057.500
423.663	11198.500
423.848	11348.500
424.032	11462.500
424.217	11528.500
424.401	11602.500
424.586	11432.500
424.770	11394.500
424.955	11599.500
425.139	11698.500
425.324	11884.500
425.508	11797.500
425.693	11823.500
425.877	12128.500
426.062	12052.500
426.246	12132.500
426.431	11997.500
426.615	11862.500
426.800	11718.500
426.984	11754.500
427.169	11951.500
427.353	12066.500
427.538	12160.500
427.722	12053.500
427.907	11936.500
428.091	11955.500
428.276	11946.500
428.460	11990.500
428.645	11780.500
428.829	11462.500
429.014	11341.500
429.198	11086.500
429.383	10906.500
429.567	10554.500
429.752	10094.500
429.936	9888.500
430.121	9836.500
430.305	9900.500
430.490	10155.500
430.674	10535.500
430.859	11221.500
431.043	11741.500
431.228	12233.500
431.412	12566.500
431.597	12535.500
431.781	12568.500
431.966	12789.500
432.150	12893.500
432.335	13149.500
432.519	13408.500
432.704	13450.500
432.888	13409.500
433.073	13310.500
433.257	13092.500
433.442	13115.500
433.626	13012.500
433.811	12969.500
433.995	13196.500
434.180	13414.500
434.364	13697.500
434.549	13797.500
434.733	13862.500
434.918	13786.500
435.102	13939.500
435.287	14303.500
435.471	14507.500
435.656	14766.500
435.840	14908.500
436.030	14844.500
436.219	14873.500
436.409	14934.500
436.599	14866.500
436.789	14771.500
436.978	14724.500
437.168	14488.500
437.358	14310.500
437.548	14063.500
437.737	13947.500
437.927	13900.500
438.117	13983.500
438.306	13923.500
438.496	13968.500
438.686	14135.500
438.876	14390.500
439.065	14558.500
439.255	14617.500
439.445	14637.500
439.634	14550.500
439.824	14596.500
440.014	14736.500
440.204	14915.500
440.393	15138.500
440.583	15466.500
440.773	15494.500
440.963	15717.500
441.152	15969.500
441.342	16057.500
441.532	16332.500
441.721	16413.500
441.911	16431.500
442.101	16512.500
442.291	16547.500
442.480	16576.500
442.670	16706.500
442.860	16826.500
443.050	16763.500
443.239	16838.500
443.429	16859.500
443.619	16904.500
443.808	17025.500
443.998	17244.500
444.188	17343.500
444.378	17448.500
444.567	17311.500
444.757	17277.500
444.947	17078.500
445.137	17026.500
445.326	16978.500
445.516	16787.500
445.706	16792.500
445.895	16950.500
446.085	17153.500
446.275	17565.500
446.465	17589.500
446.654	17631.500
446.844	18063.500
447.034	18199.500
447.223	18327.500
447.413	18482.500
447.603	18524.500
447.793	18560.500
447.982	18687.500
448.172	18533.500
448.362	18828.500
448.552	18844.500
448.741	18851.500
448.931	18781.500
449.121	18700.500
449.310	18919.500
449.500	19099.500
449.690	19333.500
449.880	19499.500
450.069	19707.500
450.259	19791.500
450.449	19907.500
450.639	19989.500
450.828	19899.500
451.018	19820.500
451.208	19823.500
451.397	19977.500
451.587	19909.500
451.777	19511.500
451.967	19293.500
452.156	19190.500
452.346	19182.500
452.536	19043.500
452.725	18591.500
452.915	18472.500
453.105	18594.500
453.295	18702.500
453.484	18669.500
453.674	18808.500
453.864	18881.500
454.054	18896.500
454.243	18830.500
454.433	18604.500
454.623	18805.500
454.812	18677.500
455.002	18699.500
455.192	18947.500
455.382	19161.500
455.571	19040.500
455.761	19122.500
455.951	19329.500
456.141	19542.500
456.330	19472.500
456.520	19343.500
456.710	19350.500
456.899	19482.500
457.089	19416.500
457.279	19373.500
457.469	19336.500
457.658	19358.500
457.848	19162.500
458.038	19105.500
458.228	18959.500
458.417	18813.500
458.607	18840.500
458.797	18952.500
458.986	18929.500
459.176	18858.500
459.366	18645.500
459.556	18483.500
459.745	18582.500
459.935	18870.500
460.125	18963.500
460.314	18814.500
460.504	18910.500
460.694	19026.500
460.884	19159.500
461.073	19112.500
461.263	19262.500
461.453	19429.500
461.643	19449.500
461.832	19449.500
462.022	19409.500
462.212	19317.500
462.401	19400.500
462.591	19356.500
462.781	19460.500
462.971	19340.500
463.160	19152.500
463.350	19153.500
463.540	19175.500
463.730	18937.500
463.919	18855.500
464.109	18975.500
464.299	18974.500
464.488	18842.500
464.678	18643.500
464.868	18589.500
465.058	18768.500
465.247	18996.500
465.437	18773.500
465.627	18751.500
465.816	18826.500
466.006	18602.500
466.196	18471.500
466.386	18504.500
466.575	18403.500
466.765	18429.500
466.955	18516.500
467.145	18484.500
467.334	18593.500
467.524	18818.500
467.714	18491.500
467.903	18468.500
468.093	18559.500
468.283	18828.500
468.473	18838.500
468.662	18720.500
468.852	18703.500
469.042	18719.500
469.232	18788.500
469.421	18875.500
469.611	18790.500
469.801	18683.500
469.990	18552.500
470.180	18566.500
470.370	18353.500
470.560	18340.500
470.749	18323.500
470.939	18473.500
471.129	18693.500
471.318	18868.500
471.508	19073.500
471.698	18908.500
471.888	19021.500
472.077	19361.500
472.267	19548.500
472.457	19559.500
472.647	19298.500
472.836	19231.500
473.026	19111.500
473.216	19189.500
473.405	19299.500
473.595	19284.500
473.785	19243.500
473.975	19322.500
474.164	19407.500
474.354	19563.500
474.544	19607.500
474.734	19757.500
474.923	19680.500
475.113	19676.500
475.303	19313.500
475.492	19381.500
475.682	19461.500
475.872	19284.500
476.062	19315.500
476.251	19206.500
476.441	19087.500
476.631	19063.500
476.821	19182.500
477.010	19231.500
477.200	19259.500
477.390	19366.500
477.579	19327.500
477.769	19590.500
477.959	19583.500
478.149	19442.500
478.338	19542.500
478.528	19400.500
478.718	19436.500
478.907	19288.500
479.097	19370.500
479.287	19488.500
479.477	19471.500
479.666	19488.500
479.856	19520.500
480.046	19613.500
480.236	19478.500
480.425	19405.500
480.615	19392.500
480.805	19405.500
480.994	19475.500
481.184	19427.500
481.374	19544.500
481.564	19535.500
481.753	19518.500
481.943	19436.500
482.133	19413.500
482.323	19356.500
482.512	19307.500
482.702	19287.500
482.892	19114.500
483.081	19016.500
483.271	19038.500
483.461	18976.500
483.651	18868.500
483.840	18799.500
484.030	18703.500
484.220	18457.500
484.409	18587.500
484.599	18423.500
484.789	18291.500
484.979	18226.500
485.168	17941.500
485.358	17489.500
485.548	16934.500
485.738	16816.500
485.927	16454.500
486.117	16029.500
486.307	15822.500
486.496	15796.500
486.686	15878.500
486.876	15887.500
487.066	16152.500
487.255	16397.500
487.445	16533.500
487.635	16859.500
487.825	17089.500
488.014	17248.500
488.204	17246.500
488.394	17175.500
488.583	17116.500
488.773	17121.500
488.963	17281.500
489.153	17450.500
489.342	17554.500
489.532	17559.500
489.722	17709.500
489.912	17807.500
490.101	17989.500
490.291	18154.500
490.481	17974.500
490.670	17944.500
490.860	17912.500
491.050	17896.500
491.240	17759.500
491.429	17634.500
491.619	17516.500
491.809	17396.500
491.998	17155.500
492.188	17031.500
492.378	17178.500
492.568	17360.500
492.757	17416.500
492.947	17518.500
493.137	17599.500
493.327	17637.500
493.516	17389.500
493.706	17474.500
493.896	17556.500
494.085	17597.500
494.275	17761.500
494.465	17888.500
494.655	18005.500
494.844	18072.500
495.034	18115.500
495.224	18085.500
495.414	18039.500
495.603	18060.500
495.793	17941.500
495.983	17870.500
496.172	17926.500
496.362	17965.500
496.552	18012.500
496.742	17977.500
496.931	17939.500
497.121	17943.500
497.311	17925.500
497.500	17976.500
497.690	17853.500
497.880	17666.500
498.070	17505.500
498.259	17465.500
498.449	17504.500
498.639	17527.500
498.829	17482.500
499.018	17678.500
499.208	17604.500
499.398	17601.500
499.587	17616.500
499.777	17443.500
499.967	17282.500
500.157	17376.500
500.346	17162.500
500.536	17135.500
500.726	17015.500
500.916	17005.500
501.105	16893.500
501.295	16920.500
501.485	16988.500
501.674	16720.500
501.864	16782.500
502.054	17004.500
502.244	16908.500
502.433	16821.500
502.623	16845.500
502.813	16992.500
503.003	17053.500
503.192	16951.500
503.382	16937.500
503.572	16863.500
503.761	16634.500
503.951	16578.500
504.141	16658.500
504.331	16561.500
504.520	16714.500
504.710	16768.500
504.900	16736.500
505.089	16818.500
505.279	16941.500
505.469	17042.500
505.659	17030.500
505.848	17245.500
506.038	17184.500
506.228	17084.500
506.418	17112.500
506.607	17329.500
506.797	17126.500
506.987	16948.500
507.176	16868.500
507.366	16709.500
507.556	16556.500
507.746	16412.500
507.935	16463.500
508.125	16489.500
508.315	16348.500
508.505	16558.500
508.694	16629.500
508.884	16660.500
509.074	16815.500
509.263	16680.500
509.453	16721.500
509.643	16744.500
509.833	16690.500
510.022	16596.500
510.212	16624.500
510.402	16636.500
510.592	16593.500
510.781	16474.500
510.971	16506.500
511.161	16519.500
511.350	16455.500
511.540	16652.500
511.730	16724.500
511.920	16543.500
512.109	16486.500
512.299	16405.500
512.489	16455.500
512.678	16362.500
512.868	16087.500
513.058	15975.500
513.248	15919.500
513.437	15844.500
513.627	15769.500
513.817	15729.500
514.007	15672.500
514.196	15691.500
514.386	15522.500
514.576	15572.500
514.765	15496.500
514.955	15429.500
515.145	15544.500
515.335	15667.500
515.524	15555.500
515.714	15484.500
515.904	15362.500
516.094	15116.500
516.283	14926.500
516.473	14676.500
516.663	14375.500
516.852	14135.500
517.042	13974.500
517.232	13889.500
517.422	14001.500
517.611	14078.500
517.801	14160.500
517.991	14262.500
518.180	14192.500
518.370	13992.500
518.560	14040.500
518.750	14297.500
518.939	14430.500
519.129	14606.500
519.319	14907.500
519.509	14932.500
519.698	14830.500
519.888	14904.500
520.078	14946.500
520.267	15080.500
520.457	15251.500
520.647	15235.500
520.837	15318.500
521.026	15442.500
521.216	15474.500
521.406	15444.500
521.596	15466.500
521.785	15450.500
521.975	15485.500
522.165	15310.500
522.354	15393.500
522.544	15280.500
522.734	15109.500
522.924	15240.500
523.113	15246.500
523.303	15244.500
523.493	15460.500
523.683	15480.500
523.872	15476.500
524.062	15650.500
524.252	15702.500
524.441	15637.500
524.631	15781.500
524.821	15878.500
525.011	15823.500
525.200	15877.500
525.390	15825.500
525.580	15680.500
525.769	15640.500
525.959	15406.500
526.149	15139.500
526.339	15069.500
526.528	14828.500
526.718	14645.500
526.908	14570.500
527.098	14653.500
527.287	14697.500
527.477	14844.500
527.667	14968.500
527.856	15144.500
528.046	15311.500
528.236	15406.500
528.426	15542.500
528.615	15648.500
528.805	15808.500
528.995	15786.500
529.185	15571.500
529.374	15620.500
529.564	15721.500
529.754	15712.500
529.943	15816.500
530.133	15764.500
530.323	15955.500
530.513	15961.500
530.702	15819.500
530.892	15832.500
531.082	15679.500
531.271	15543.500
531.461	15490.500
531.651	15472.500
531.841	15354.500
532.030	15250.500
532.220	14977.500
532.410	14879.500
532.600	14651.500
532.789	14508.500
532.979	14662.500
533.169	14975.500
533.358	15101.500
533.548	14835.500
533.738	14644.500
533.928	14620.500
534.117	14639.500
534.307	14614.500
534.497	14727.500
534.687	14810.500
534.876	14790.500
535.066	14778.500
535.256	14851.500
535.445	14919.500
535.635	14797.500
535.825	14680.500
536.015	14603.500
536.204	14406.500
536.394	14336.500
536.584	14123.500
536.773	14041.500
536.963	14198.500
537.153	14231.500
537.343	14065.500
537.532	14163.500
537.722	14193.500
537.912	14269.500
538.102	14144.500
538.291	14183.500
538.481	14282.500
538.671	13975.500
538.860	13980.500
539.050	13839.500
539.240	13682.500
539.430	13604.500
539.619	13496.500
539.809	13431.500
539.999	13396.500
540.189	13437.500
540.378	13282.500
540.568	13359.500
540.758	13515.500
540.947	13607.500
541.137	13636.500
541.327	13665.500
541.517	13440.500
541.706	13343.500
541.896	13296.500
542.086	13437.500
542.276	13476.500
542.465	13380.500
542.655	13451.500
542.845	13423.500
543.034	13552.500
543.224	13654.500
543.414	13632.500
543.604	13623.500
543.793	13576.500
543.983	13619.500
544.173	13601.500
544.362	13497.500
544.552	13530.500
544.742	13640.500
544.932	13422.500
545.121	13363.500
545.311	13295.500
545.501	13390.500
545.691	13299.500
545.880	13242.500
546.070	13300.500
546.264	13305.500
546.459	13194.500
546.653	13138.500
546.847	13144.500
547.041	13141.500
547.236	13270.500
547.430	13291.500
547.624	13203.500
547.818	13265.500
548.013	13332.500
548.207	13199.500
548.401	12957.500
548.596	13111.500
548.790	13185.500
548.984	13121.500
549.178	13091.500
549.373	13073.500
549.567	13034.500
549.761	13063.500
549.956	12959.500
550.150	12948.500
550.344	12912.500
550.538	12916.500
550.733	13053.500
550.927	13114.500
551.121	13039.500
551.315	12920.500
551.510	12847.500
551.704	12911.500
551.898	12948.500
552.093	13020.500
552.287	12899.500
552.481	12875.500
552.675	12877.500
552.870	12831.500
553.064	12823.500
553.258	12754.500
553.453	12849.500
553.647	12904.500
553.841	12859.500
554.035	12856.500
554.230	12821.500
554.424	12916.500
554.618	12977.500
554.812	12833.500
555.007	12610.500
555.201	12674.500
555.395	12657.500
555.590	12618.500
555.784	12640.500
555.978	12444.500
556.172	12471.500
556.367	12566.500
556.561	12404.500
556.755	12304.500
556.949	12176.500
557.144	12250.500
557.338	12406.500
557.532	12177.500
557.727	12131.500
557.921	12077.500
558.115	12125.500
558.309	12022.500
558.504	11929.500
558.698	11840.500
558.892	11869.500
559.087	11800.500
559.281	11842.500
559.475	12009.500
559.669	11875.500
559.864	11738.500
560.058	12022.500
560.252	12005.500
560.446	11998.500
560.641	12042.500
560.835	12154.500
561.029	12033.500
561.224	11991.500
561.418	11842.500
561.612	11904.500
561.806	11987.500
562.001	11872.500
562.195	11834.500
562.389	12039.500
562.584	12042.500
562.778	11834.500
562.972	11786.500
563.166	11901.500
563.361	11860.500
563.555	11765.500
563.749	11928.500
563.943	11880.500
564.138	11832.500
564.332	11782.500
564.526	11679.500
564.721	11542.500
564.915	11464.500
565.109	11598.500
565.303	11587.500
565.498	11461.500
565.692	11430.500
565.886	11468.500
566.081	11557.500
566.275	11607.500
566.469	11617.500
566.663	11664.500
566.858	11522.500
567.052	11646.500
567.246	11482.500
567.440	11321.500
567.635	11327.500
567.829	11337.500
568.023	11328.500
568.218	11187.500
568.412	11038.500
568.606	11106.500
568.800	11033.500
568.995	11026.500
569.189	10975.500
569.383	10920.500
569.577	10934.500
569.772	10870.500
569.966	10786.500
570.160	10766.500
570.355	10619.500
570.549	10703.500
570.743	10682.500
570.937	10576.500
571.132	10672.500
571.326	10672.500
571.520	10709.500
571.715	10699.500
571.909	10679.500
572.103	10778.500
572.297	10811.500
572.492	10766.500
572.686	10745.500
572.880	10650.500
573.074	10590.500
573.269	10636.500
573.463	10614.500
573.657	10548.500
573.852	10605.500
574.046	10490.500
574.240	10352.500
574.434	10377.500
574.629	10268.500
574.823	10335.500
575.017	10462.500
575.212	10305.500
575.406	10158.500
575.600	10035.500
575.794	10077.500
575.989	10090.500
576.183	10045.500
576.377	10273.500
576.571	10301.500
576.766	10056.500
576.960	9998.500
577.159	9992.500
577.357	9953.500
577.556	9950.500
577.755	9733.500
577.953	9888.500
578.152	9798.500
578.350	9690.500
578.549	9643.500
578.748	9665.500
578.946	9761.500
579.145	9699.500
579.344	9731.500
579.542	9926.500
579.741	9929.500
579.940	9919.500
580.138	9972.500
580.337	9848.500
580.535	9840.500
580.734	10025.500
580.933	10086.500
581.131	10085.500
581.330	10067.500
581.529	10020.500
581.727	10274.500
581.926	10397.500
582.125	10402.500
582.323	10374.500
582.522	10210.500
582.721	10354.500
582.919	10481.500
583.118	10493.500
583.316	10500.500
583.515	10494.500
583.714	10637.500
583.912	10617.500
584.111	10578.500
584.310	10582.500
584.508	10541.500
584.707	10531.500
584.906	10523.500
585.104	10504.500
585.303	10431.500
585.501	10320.500
585.700	10234.500
585.899	10291.500
586.097	10339.500
586.296	10374.500
586.495	10288.500
586.693	10286.500
586.892	10293.500
587.091	10319.500
587.289	10303.500
587.488	10264.500
587.686	9905.500
587.885	9778.500
588.084	9668.500
588.282	9349.500
588.481	9108.500
588.680	8948.500
588.878	8925.500
589.077	8900.500
589.276	8916.500
589.474	8916.500
589.673	8959.500
589.871	9057.500
590.070	9163.500
590.269	9234.500
590.467	9286.500
590.666	9300.500
590.865	9074.500
591.063	9109.500
591.262	9217.500
591.461	9260.500
591.659	9215.500
591.858	9305.500
592.056	9322.500
592.255	9361.500
592.454	9257.500
592.652	9299.500
592.851	9464.500
593.050	9480.500
593.248	9451.500
593.447	9434.500
593.646	9410.500
593.844	9288.500
594.043	9241.500
594.241	9235.500
594.440	9196.500
594.639	9148.500
594.837	9271.500
595.036	9290.500
595.235	9210.500
595.433	9247.500
595.632	9248.500
595.831	9379.500
596.029	9341.500
596.228	9236.500
596.427	9223.500
596.625	9404.500
596.824	9321.500
597.022	9132.500
597.221	9199.500
597.420	9336.500
597.618	9317.500
597.817	9182.500
598.016	9270.500
598.214	9161.500
598.413	9106.500
598.612	9103.500
598.810	9249.500
599.009	9292.500
599.207	9328.500
599.406	9243.500
599.605	9183.500
599.803	9236.500
600.002	9400.500
600.201	9356.500
600.399	9160.500
600.598	9147.500
600.797	9227.500
600.995	9146.500
601.194	9197.500
601.392	9231.500
601.591	9085.500
601.790	9129.500
601.988	9221.500
602.187	9344.500
602.386	9204.500
602.584	9304.500
602.783	9327.500
602.982	9258.500
603.180	9274.500
603.379	9298.500
603.577	9326.500
603.776	9329.500
603.975	9398.500
604.173	9339.500
604.372	9279.500
604.571	9210.500
604.769	9179.500
604.968	9294.500
605.167	9195.500
605.365	9058.500
605.564	9204.500
605.762	9209.500
605.961	9169.500
606.160	9224.500
606.358	9382.500
606.557	9366.500
606.756	9250.500
606.954	9160.500
607.153	9214.500
607.352	9186.500
607.550	9067.500
607.749	9104.500
607.948	9090.500
608.146	9030.500
608.345	9026.500
608.543	9058.500
608.742	9022.500
608.941	8948.500
609.139	8929.500
609.338	8953.500
609.537	8960.500
609.735	8952.500
609.934	8813.500
610.133	8805.500
610.331	8887.500
610.530	8948.500
610.728	8923.500
610.927	8901.500
611.126	8836.500
611.324	8867.500
611.523	8856.500
611.722	8809.500
611.920	8914.500
612.119	8731.500
612.318	8711.500
612.516	8736.500
612.715	8635.500
612.913	8612.500
613.112	8587.500
613.311	8520.500
613.509	8379.500
613.708	8396.500
613.907	8479.500
614.105	8526.500
614.304	8529.500
614.503	8443.500
614.701	8342.500
614.900	8412.500
615.098	8389.500
615.297	8375.500
615.496	8258.500
615.694	8167.500
615.893	8339.500
616.092	8397.500
616.290	8282.500
616.489	8329.500
616.688	8237.500
616.886	8168.500
617.085	8179.500
617.283	8209.500
617.482	8123.500
617.681	8144.500
617.879	8140.500
618.078	8240.500
618.277	8331.500
618.475	8187.500
618.674	8141.500
618.873	8214.500
619.071	8160.500
619.270	8131.500
619.468	8171.500
619.667	8173.500
619.866	8288.500
620.064	8236.500
620.263	8128.500
620.462	8188.500
620.660	8164.500
620.859	8184.500
621.058	8226.500
621.256	8202.500
621.455	8180.500
621.654	8058.500
621.852	8050.500
622.051	8065.500
622.249	7993.500
622.448	8040.500
622.647	7908.500
622.845	7914.500
623.044	7929.500
623.243	7860.500
623.441	7804.500
623.640	7862.500
623.839	7814.500
624.037	7712.500
624.236	7741.500
624.434	7723.500
624.633	7767.500
624.832	7717.500
625.030	7623.500
625.229	7624.500
625.428	7593.500
625.626	7680.500
625.825	7664.500
626.024	7622.500
626.222	7619.500
626.421	7630.500
626.619	7699.500
626.818	7456.500
627.017	7571.500
627.215	7561.500
627.414	7432.500
627.613	7478.500
627.811	7368.500
628.010	7240.500
628.209	7275.500
628.407	7485.500
628.606	7409.500
628.804	7332.500
629.003	7445.500
629.202	7364.500
629.400	7227.500
629.599	7240.500
629.798	7291.500
629.996	7350.500
630.195	7229.500
630.394	7322.500
630.592	7331.500
630.791	7193.500
630.990	7190.500
631.188	7183.500
631.387	7156.500
631.585	7278.500
631.784	7216.500
631.983	7212.500
632.181	7321.500
632.380	7295.500
632.579	7250.500
632.777	7387.500
632.976	7330.500
633.175	7141.500
633.373	7255.500
633.572	7426.500
633.770	7337.500
633.969	7327.500
634.168	7290.500
634.366	7280.500
634.565	7287.500
634.764	7307.500
634.962	7308.500
635.161	7424.500
635.360	7410.500
635.558	7326.500
635.757	7392.500
635.955	7232.500
636.154	7295.500
636.353	7289.500
636.551	7220.500
636.750	7238.500
636.949	7234.500
637.147	7288.500
637.346	7228.500
637.545	7292.500
637.743	7311.500
637.942	7348.500
638.140	7331.500
638.339	7270.500
638.538	7367.500
638.736	7242.500
638.935	7200.500
639.134	7156.500
639.332	7213.500
639.531	7109.500
639.730	7143.500
639.928	7094.500
640.127	7087.500
640.325	7094.500
640.524	7193.500
640.723	7098.500
640.921	7114.500
641.120	7099.500
641.319	7019.500
641.517	6973.500
641.716	7032.500
641.915	7109.500
642.113	7121.500
642.312	7010.500
642.510	6932.500
642.709	7027.500
642.908	7033.500
643.106	6985.500
643.305	6914.500
643.504	6973.500
643.702	7084.500
643.901	7088.500
644.100	6985.500
644.298	6976.500
644.497	7032.500
644.696	7089.500
644.894	7019.500
645.093	6921.500
645.291	6883.500
645.490	6998.500
645.689	6946.500
645.887	6906.500
646.086	6982.500
646.285	6723.500
646.483	6587.500
646.682	6627.500
646.881	6559.500
647.079	6532.500
647.278	6528.500
647.476	6565.500
647.675	6570.500
647.874	6566.500
648.072	6666.500
648.271	6489.500
648.470	6502.500
648.668	6488.500
648.867	6418.500
649.066	6392.500
649.264	6428.500
649.463	6397.500
649.661	6419.500
649.860	6396.500
650.059	6513.500
650.257	6586.500
650.456	6652.500
650.655	6579.500
650.853	6587.500
651.052	6529.500
651.251	6358.500
651.449	6377.500
651.648	6464.500
651.846	6550.500
652.045	6535.500
652.244	6590.500
652.442	6624.500
652.641	6628.500
652.840	6610.500
653.038	6571.500
653.237	6607.500
653.436	6699.500
653.634	6462.500
653.833	6542.500
654.032	6620.500
654.230	6550.500
654.429	6458.500
654.627	6397.500
654.826	6410.500
655.025	6425.500
655.223	6303.500
655.422	6066.500
655.621	5986.500
655.819	5860.500
656.018	5857.500
656.217	5845.500
656.415	5863.500
656.614	5901.500
656.812	5909.500
657.011	5919.500
657.210	5936.500
657.408	6049.500
657.607	6166.500
657.806	6231.500
658.004	6264.500
658.203	6215.500
658.402	6229.500
658.600	6297.500
658.799	6285.500
658.997	6372.500
659.196	6418.500
659.395	6529.500
659.593	6523.500
659.792	6477.500
659.991	6463.500
660.189	6501.500
660.388	6629.500
660.587	6608.500
660.785	6452.500
660.984	6431.500
661.182	6487.500
661.381	6494.500
661.580	6443.500
661.778	6491.500
661.977	6620.500
662.176	6506.500
662.374	6371.500
662.573	6538.500
662.772	6675.500
662.970	6549.500
663.169	6466.500
663.367	6420.500
663.566	6397.500
663.765	6520.500
663.963	6452.500
664.162	6478.500
664.361	6452.500
664.559	6462.500
664.758	6521.500
664.957	6471.500
665.155	6416.500
665.354	6462.500
665.552	6325.500
665.751	6361.500
665.950	6335.500
666.148	6313.500
666.347	6336.500
666.546	6307.500
666.744	6295.500
666.943	6315.500
667.142	6266.500
667.340	6356.500
667.539	6408.500
667.738	6228.500
667.936	6252.500
668.135	6291.500
668.333	6206.500
668.532	6178.500
668.731	6223.500
668.929	6306.500
669.128	6267.500
669.327	6187.500
669.525	6203.500
669.724	6189.500
669.923	6070.500
670.121	6061.500
670.320	6122.500
670.518	6061.500
670.717	5974.500
670.916	6039.500
671.114	5994.500
671.313	5982.500
671.512	5998.500
671.710	5900.500
671.909	5918.500
672.108	6030.500
672.306	6245.500
672.505	6099.500
672.703	5937.500
672.902	5950.500
673.101	6055.500
673.299	6071.500
673.498	6138.500
673.697	6093.500
673.895	5998.500
674.094	5931.500
674.293	5844.500
674.491	5910.500
674.690	6005.500
674.888	5921.500
675.087	5983.500
675.286	6017.500
675.484	5955.500
675.683	5843.500
675.882	5836.500
676.080	5933.500
676.279	5827.500
676.478	5845.500
676.676	5918.500
676.875	5787.500
677.073	5728.500
677.272	5692.500
677.471	5738.500
677.669	5842.500
677.868	5859.500
678.067	5694.500
678.265	5746.500
678.464	5837.500
678.663	5796.500
678.861	5795.500
679.060	5699.500
679.259	5600.500
679.457	5690.500
679.656	5741.500
679.854	5640.500
680.053	5613.500
680.252	5629.500
680.450	5619.500
680.649	5626.500
680.848	5694.500
681.046	5686.500
681.245	5636.500
681.444	5565.500
681.642	5595.500
681.841	5651.500
682.039	5586.500
682.238	5613.500
682.437	5515.500
682.635	5574.500
682.834	5624.500
683.033	5567.500
683.231	5578.500
683.430	5489.500
683.629	5433.500
683.827	5506.500
684.026	5546.500
684.224	5489.500
684.423	5291.500
684.622	5279.500
684.820	5337.500
685.019	5299.500
685.218	5444.500
685.416	5344.500
685.615	5220.500
685.814	5102.500
686.012	4956.500
686.211	4724.500
686.409	4481.500
686.608	4421.500
686.807	4396.500
687.005	4433.500
687.204	4527.500
687.403	4366.500
687.601	4419.500
687.800	4410.500
687.999	4365.500
688.197	4403.500
688.396	4381.500
688.594	4410.500
688.793	4345.500
688.992	4401.500
689.190	4402.500
689.389	4411.500
689.588	4491.500
689.786	4672.500
689.985	4765.500
690.184	4715.500
690.382	4763.500
690.581	4725.500
690.779	4824.500
690.978	4915.500
691.177	4978.500
691.375	4857.500
691.574	4971.500
691.773	5006.500
691.971	4977.500
692.170	4857.500
692.369	4918.500
692.567	4854.500
692.766	4857.500
692.965	4990.500
693.163	4958.500
693.362	4931.500
693.560	4912.500
693.759	4942.500
693.958	5068.500
694.156	5016.500
694.355	4870.500
694.554	4941.500
694.752	5055.500
694.951	5108.500
695.150	5072.500
695.348	5056.500
695.547	5141.500
695.745	5268.500
695.944	5248.500
696.143	5381.500
696.341	5516.500
696.540	5519.500
696.743	5513.500
696.946	5453.500
697.149	5505.500
697.352	5567.500
697.555	5615.500
697.757	5555.500
697.960	5454.500
698.163	5413.500
698.366	5418.500
698.569	5474.500
698.772	5511.500
698.975	5520.500
699.178	5434.500
699.381	5516.500
699.584	5652.500
699.787	5676.500
699.989	5634.500
700.192	5643.500
700.395	5619.500
700.598	5607.500
700.801	5594.500
701.004	5506.500
701.207	5568.500
701.410	5590.500
701.613	5659.500
701.816	5673.500
702.019	5652.500
702.221	5833.500
702.424	5818.500
702.627	5745.500
702.830	5793.500
703.033	5841.500
703.236	5891.500
703.439	5973.500
703.642	5975.500
703.845	6029.500
704.048	6095.500
704.251	6143.500
704.453	6110.500
704.656	6087.500
704.859	6154.500
705.062	6205.500
705.265	6303.500
705.468	6137.500
705.671	6190.500
705.874	6275.500
706.077	6275.500
706.280	6301.500
706.483	6402.500
706.685	6459.500
706.888	6533.500
707.091	6507.500
707.294	6450.500
707.497	6421.500
707.700	6531.500
707.903	6638.500
708.106	6595.500
708.309	6493.500
708.512	6540.500
708.715	6680.500
708.917	6760.500
709.120	6795.500
709.323	6763.500
709.526	6752.500
709.729	6722.500
709.932	6667.500
710.135	6794.500
710.338	6819.500
710.541	6844.500
710.744	6864.500
710.947	6821.500
711.149	6858.500
711.352	6892.500
711.555	6926.500
711.758	6916.500
711.961	6987.500
712.164	6980.500
712.367	7026.500
712.570	6899.500
712.773	6956.500
712.976	7020.500
713.179	6944.500
713.381	7026.500
713.584	7138.500
713.787	7068.500
713.990	7006.500
714.193	6976.500
714.396	7077.500
714.599	7247.500
714.802	7142.500
715.005	6937.500
715.208	6901.500
715.411	6892.500
715.613	6768.500
715.816	6695.500
716.019	6576.500
716.222	6407.500
716.425	6263.500
716.628	6160.500
716.831	6108.500
717.034	6017.500
717.237	5826.500
717.440	5789.500
717.643	5630.500
717.845	5541.500
718.048	5423.500
718.251	5375.500
718.454	5492.500
718.657	5447.500
718.860	5414.500
719.063	5357.500
719.266	5336.500
719.469	5399.500
719.672	5378.500
719.875	5640.500
720.077	5897.500
720.280	5919.500
720.483	6083.500
720.686	6319.500
720.889	6370.500
721.092	6443.500
721.295	6438.500
721.498	6583.500
721.701	6735.500
721.904	6738.500
722.107	6684.500
722.309	6708.500
722.512	6510.500
722.715	6503.500
722.918	6532.500
723.121	6522.500
723.324	6540.500
723.527	6454.500
723.730	6443.500
723.933	6557.500
724.136	6480.500
724.339	6359.500
724.541	6394.500
724.744	6502.500
724.947	6472.500
725.150	6434.500
725.353	6445.500
725.556	6508.500
725.759	6586.500
725.962	6638.500
726.165	6609.500
726.368	6601.500
726.571	6607.500
726.773	6569.500
726.976	6497.500
727.179	6711.500
727.382	6872.500
727.585	6967.500
727.788	6922.500
727.991	6779.500
728.194	6609.500
728.397	6608.500
728.600	6754.500
728.803	6785.500
729.005	6744.500
729.208	6817.500
729.411	6958.500
729.614	7087.500
729.817	7008.500
730.020	7046.500
730.223	7117.500
730.426	7168.500
730.629	7250.500
730.832	7200.500
731.035	7211.500
731.237	7283.500
731.440	7252.500
731.643	7603.500
731.846	7724.500
732.049	7774.500
732.252	7845.500
732.455	7821.500
732.658	7905.500
732.861	8196.500
733.064	8194.500
733.267	8262.500
733.469	8341.500
733.672	8313.500
733.875	8296.500
734.078	8520.500
734.281	8528.500
734.484	8591.500
734.687	8396.500
734.890	8381.500
735.093	8632.500
735.296	8743.500
735.499	8674.500
735.701	8622.500
735.904	8669.500
736.107	8570.500
736.310	8567.500
736.513	8706.500
736.716	8824.500
736.919	8816.500
737.122	8844.500
737.325	8756.500
737.528	8813.500
737.731	8748.500
737.933	8712.500
738.136	8836.500
738.339	8911.500
738.542	9061.500
738.745	8879.500
738.948	8852.500
739.151	8967.500
739.354	8922.500
739.557	8930.500
739.760	8946.500
739.963	8978.500
740.165	9038.500
740.368	9035.500
740.571	8979.500
740.774	8985.500
740.977	9076.500
741.180	9174.500
741.383	9140.500
741.586	9161.500
741.789	9283.500
741.992	9302.500
742.195	9323.500
742.397	9380.500
742.600	9458.500
742.803	9436.500
743.006	9377.500
743.209	9360.500
743.412	9264.500
743.615	9295.500
743.818	9317.500
744.021	9267.500
744.224	9232.500
744.427	9321.500
744.629	9359.500
744.832	9470.500
745.035	9442.500
745.238	9285.500
745.441	9405.500
745.644	9410.500
745.847	9390.500
746.050	9523.500
746.253	9510.500
746.456	9543.500
746.659	9386.500
746.861	9405.500
747.064	9622.500
747.267	9505.500
747.470	9365.500
747.673	9390.500
747.876	9434.500
748.079	9447.500
748.282	9455.500
748.485	9389.500
748.688	9294.500
748.891	9380.500
749.093	9490.500
749.296	9468.500
749.499	9368.500
749.702	9345.500
749.905	9311.500
750.108	9405.500
750.311	9418.500
750.514	9294.500
750.717	9285.500
750.920	9211.500
751.123	9224.500
751.325	9344.500
751.528	9353.500
751.731	9250.500
751.934	9224.500
752.137	9151.500
752.340	9189.500
752.543	9305.500
752.746	9375.500
752.949	9414.500
753.152	9312.500
753.355	9212.500
753.557	9162.500
753.760	9236.500
753.963	9330.500
754.166	9323.500
754.369	9199.500
754.572	9266.500
754.775	9230.500
754.978	9156.500
755.181	9242.500
755.384	9372.500
755.587	9306.500
755.789	9181.500
755.992	9164.500
756.195	9154.500
756.398	9120.500
756.601	9104.500
756.804	9143.500
757.007	9066.500
757.210	9062.500
757.413	8891.500
757.616	8902.500
757.819	8952.500
758.021	8678.500
758.224	8179.500
758.427	7538.500
758.630	6878.500
758.833	6251.500
759.036	5653.500
759.239	5195.500
759.442	4774.500
759.645	4336.500
759.848	4045.500
760.051	3954.500
760.253	3920.500
760.456	4005.500
760.659	4032.500
760.862	4046.500
761.065	3898.500
761.268	3837.500
761.471	3856.500
761.674	3740.500
761.877	3586.500
762.080	3516.500
762.283	3549.500
762.485	3577.500
762.688	3717.500
762.891	3829.500
763.094	4015.500
763.297	4136.500
763.500	4180.500
763.706	4346.500
763.912	4407.500
764.118	4605.500
764.325	4709.500
764.531	4797.500
764.737	4970.500
764.943	5224.500
765.149	5431.500
765.355	5546.500
765.561	5942.500
765.768	6037.500
765.974	6095.500
766.180	6435.500
766.386	6728.500
766.592	6905.500
766.798	6984.500
767.004	7027.500
767.210	7247.500
767.417	7397.500
767.623	7351.500
767.829	7432.500
768.035	7524.500
768.241	7672.500
768.447	7717.500
768.653	7726.500
768.860	7816.500
769.066	7877.500
769.272	7960.500
769.478	7927.500
769.684	8009.500
769.890	8136.500
770.096	8025.500
770.303	8065.500
770.509	7968.500
770.715	8039.500
770.921	8095.500
771.127	8095.500
771.333	8125.500
771.539	8069.500
771.745	7963.500
771.952	8050.500
772.158	8128.500
772.364	7940.500
772.570	8082.500
772.776	8121.500
772.982	7903.500
773.188	7889.500
773.395	7880.500
773.601	7895.500
773.807	7858.500
774.013	7965.500
774.219	7908.500
774.425	7803.500
774.631	7926.500
774.838	7888.500
775.044	7878.500
775.250	7859.500
775.456	7810.500
775.662	7844.500
775.868	7942.500
776.074	7880.500
776.281	7886.500
776.487	7851.500
776.693	7849.500
776.899	7688.500
777.105	7653.500
777.311	7818.500
777.517	7795.500
777.723	7817.500
777.930	7803.500
778.136	7739.500
778.342	7710.500
778.548	7774.500
778.754	7646.500
778.960	7699.500
779.166	7641.500
779.373	7613.500
779.579	7518.500
779.785	7511.500
779.991	7566.500
780.197	7468.500
780.403	7497.500
780.609	7632.500
780.816	7558.500
781.022	7629.500
781.228	7636.500
781.434	7459.500
781.640	7431.500
781.846	7557.500
782.052	7597.500
782.259	7522.500
782.465	7365.500
782.671	7327.500
782.877	7332.500
783.083	7261.500
783.289	7271.500
783.495	7291.500
783.701	7316.500
783.908	7251.500
784.114	7294.500
784.320	7283.500
784.526	7132.500
784.732	7127.500
784.938	7103.500
785.144	7100.500
785.351	7123.500
785.557	7252.500
785.763	7201.500
785.969	7052.500
786.175	6979.500
786.381	6997.500
786.587	7035.500
786.794	6999.500
787.000	7007.500
787.206	7030.500
787.412	6958.500
787.618	6789.500
787.824	6782.500
788.030	6721.500
788.236	6716.500
788.443	6674.500
788.649	6664.500
788.855	6661.500
789.061	6618.500
789.267	6549.500
789.473	6527.500
789.679	6548.500
789.886	6499.500
790.092	6356.500
790.298	6311.500
790.504	6375.500
790.710	6508.500
790.916	6443.500
791.122	6396.500
791.329	6502.500
791.535	6403.500
791.741	6308.500
791.947	6270.500
792.153	6302.500
792.359	6226.500
792.565	6310.500
792.771	6353.500
792.978	6335.500
793.184	6343.500
793.390	6338.500
793.596	6248.500
793.802	6302.500
794.008	6376.500
794.214	6439.500
794.421	6319.500
794.627	6232.500
794.833	6193.500
795.039	6200.500
795.245	6112.500
795.451	6122.500
795.657	6084.500
795.864	6007.500
796.070	6112.500
796.276	6296.500
796.482	6164.500
796.688	6067.500
796.894	6089.500
797.100	5973.500
797.307	5961.500
797.513	5971.500
797.719	5893.500
797.925	6021.500
798.131	5994.500
798.337	5958.500
798.543	5910.500
798.749	5929.500
798.956	6045.500
799.162	5988.500
799.368	5888.500
799.574	5909.500
799.780	5885.500
799.986	5785.500
800.192	5746.500
800.399	5779.500
800.605	5824.500
800.811	5775.500
801.017	5809.500
801.223	5707.500
801.429	5680.500
801.635	5646.500
801.842	5596.500
802.048	5597.500
802.254	5705.500
802.460	5764.500
802.666	5579.500
802.872	5561.500
803.078	5702.500
803.285	5625.500
803.491	5522.500
803.697	5615.500
803.903	5571.500
804.109	5571.500
804.315	5599.500
804.521	5565.500
804.727	5659.500
804.934	5606.500
805.140	5626.500
805.346	5666.500
805.552	5641.500
805.758	5577.500
805.964	5500.500
806.170	5483.500
806.377	5467.500
806.583	5376.500
806.789	5326.500
806.995	5370.500
807.201	5410.500
807.407	5353.500
807.613	5338.500
807.820	5303.500
808.026	5328.500
808.232	5405.500
808.438	5385.500
808.644	5335.500
808.850	5233.500
809.056	5201.500
809.262	5119.500
809.469	5028.500
809.675	4989.500
809.881	5054.500
810.087	5068.500
810.293	5076.500
810.499	4972.500
810.705	4957.500
810.912	5012.500
811.118	4984.500
811.324	4822.500
811.530	4832.500
811.739	4724.500
811.947	4673.500
812.156	4637.500
812.365	4556.500
812.573	4465.500
812.782	4369.500
812.990	4289.500
813.199	4251.500
813.408	4316.500
813.616	4241.500
813.825	4007.500
814.034	4025.500
814.242	4076.500
814.451	3965.500
814.659	3784.500
814.868	3847.500
815.077	3841.500
815.285	3761.500
815.494	3690.500
815.703	3646.500
815.911	3559.500
816.120	3585.500
816.329	3600.500
816.537	3627.500
816.746	3708.500
816.954	3588.500
817.163	3497.500
817.372	3567.500
817.580	3612.500
817.789	3662.500
817.998	3636.500
818.206	3636.500
818.415	3609.500
818.624	3579.500
818.832	3471.500
819.041	3501.500
819.249	3759.500
819.458	3962.500
819.667	3926.500
819.875	3852.500
820.084	3857.500
820.293	3915.500
820.501	3866.500
820.710	3897.500
820.919	3923.500
821.127	3759.500
821.336	3680.500
821.544	3626.500
821.753	3480.500
821.962	3381.500
822.170	3296.500
822.379	3353.500
822.588	3378.500
822.796	3450.500
823.005	3472.500
823.213	3543.500
823.422	3610.500
823.631	3672.500
823.839	3597.500
824.048	3661.500
824.257	3706.500
824.465	3666.500
824.674	3609.500
824.883	3652.500
825.091	3713.500
825.300	3720.500
825.508	3779.500
825.717	3851.500
825.926	3816.500
826.134	3706.500
826.343	3688.500
826.552	3655.500
826.760	3706.500
826.969	3668.500
827.178	3588.500
827.386	3601.500
827.595	3690.500
827.803	3613.500
828.012	3571.500
828.221	3542.500
828.429	3662.500
828.638	3777.500
828.847	3740.500
829.055	3564.500
829.264	3524.500
829.472	3548.500
829.681	3563.500
829.890	3555.500
830.098	3479.500
830.307	3449.500
830.516	3444.500
830.724	3390.500
830.933	3497.500
831.142	3538.500
831.350	3556.500
831.559	3580.500
831.767	3442.500
831.976	3407.500
832.185	3525.500
832.393	3515.500
832.602	3428.500
832.811	3467.500
833.019	3489.500
833.228	3495.500
833.437	3465.500
833.645	3568.500
833.854	3565.500
834.062	3531.500
834.271	3461.500
834.480	3463.500
834.688	3434.500
834.897	3517.500
835.106	3553.500
835.314	3490.500
835.523	3599.500
835.731	3675.500
835.940	3654.500
836.149	3560.500
836.357	3521.500
836.566	3591.500
836.775	3640.500
836.983	3664.500
837.192	3597.500
837.401	3561.500
837.609	3590.500
837.818	3662.500
838.026	3672.500
838.235	3697.500
838.444	3697.500
838.652	3647.500
838.861	3588.500
839.070	3625.500
839.278	3691.500
839.487	3656.500
839.696	3730.500
839.904	3662.500
840.113	3595.500
840.321	3614.500
840.530	3515.500
840.739	3473.500
840.947	3619.500
841.156	3550.500
841.365	3525.500
841.573	3560.500
841.782	3691.500
841.991	3731.500
842.199	3568.500
842.408	3477.500
842.616	3514.500
842.825	3472.500
843.034	3458.500
843.242	3471.500
843.451	3464.500
843.660	3468.500
843.868	3395.500
844.077	3307.500
844.285	3429.500
844.494	3604.500
844.703	3468.500
844.911	3353.500
845.120	3366.500
845.329	3412.500
845.537	3427.500
845.746	3392.500
845.955	3370.500
846.163	3445.500
846.372	3422.500
846.580	3301.500
846.789	3309.500
846.998	3405.500
847.206	3376.500
847.415	3357.500
847.624	3335.500
847.832	3476.500
848.041	3410.500
848.250	3353.500
848.458	3267.500
848.667	3209.500
848.875	3168.500
849.084	3050.500
849.293	2978.500
849.501	3040.500
849.710	3068.500
849.919	3074.500
850.127	3051.500
850.336	3184.500
850.544	3086.500
850.753	3112.500
850.962	3057.500
851.170	3069.500
851.379	3260.500
851.588	3225.500
851.796	3138.500
852.005	3011.500
852.214	3045.500
852.422	3115.500
852.631	3014.500
852.839	2879.500
853.048	2805.500
853.257	2742.500
853.465	2634.500
853.674	2597.500
853.883	2704.500
854.091	2714.500
854.300	2676.500
854.509	2759.500
854.717	2942.500
854.926	2858.500
855.134	2806.500
855.343	2797.500
855.552	2758.500
855.760	2890.500
855.969	2864.500
856.178	2694.500
856.386	2724.500
856.595	2915.500
856.803	2917.500
857.012	2817.500
857.221	2861.500
857.429	2866.500
857.638	2756.500
857.847	2814.500
858.055	2850.500
858.264	2837.500
858.473	2784.500
858.681	2856.500
858.890	2888.500
859.098	2909.500
859.307	2812.500
859.516	2728.500
859.724	2737.500
859.933	2741.500
860.142	2800.500
860.350	2768.500
860.559	2728.500
860.768	2751.500
860.976	2692.500
861.185	2645.500
861.393	2680.500
861.602	2793.500
861.811	2767.500
862.019	2751.500
862.228	2700.500
862.437	2687.500
862.645	2686.500
862.854	2711.500
863.062	2747.500
863.271	2677.500
863.480	2723.500
863.688	2643.500
863.897	2540.500
864.106	2497.500
864.314	2615.500
864.523	2580.500
864.732	2509.500
864.940	2453.500
865.149	2437.500
865.357	2444.500
865.566	2311.500
865.775	2361.500
865.983	2396.500
866.192	2298.500
866.401	2265.500
866.609	2288.500
866.818	2355.500
867.027	2359.500
867.235	2253.500
867.444	2279.500
867.652	2244.500
867.861	2348.500
868.070	2369.500
868.278	2297.500
868.487	2335.500
868.696	2372.500
868.904	2241.500
869.113	2224.500
869.321	2269.500
869.530	2313.500
869.739	2331.500
869.947	2341.500
870.156	2269.500
870.365	2152.500
870.573	2224.500
870.782	2312.500
870.991	2277.500
871.199	2267.500
871.408	2150.500
871.616	2080.500
871.825	2117.500
872.034	2273.500
872.242	2291.500
872.451	2215.500
872.660	2182.500
872.868	2325.500
873.077	2279.500
873.286	2153.500
873.494	2194.500
873.703	2174.500
873.911	2162.500
874.120	2047.500
874.329	2066.500
874.537	2133.500
874.746	2100.500
874.955	2061.500
875.163	1998.500
875.372	2036.500
875.581	2046.500
875.789	2032.500
875.998	2016.500
876.206	1999.500
876.415	2041.500
876.624	1993.500
876.832	1903.500
877.041	1981.500
877.250	2011.500
877.458	1888.500
877.667	2008.500
877.875	2028.500
878.084	1920.500
878.293	1872.500
878.501	1887.500
878.710	1927.500
878.919	1918.500
879.127	1805.500
879.336	1805.500
879.545	1751.500
879.753	1731.500
879.962	1869.500
880.170	1852.500
880.379	1874.500
880.588	1883.500
880.796	1927.500
881.005	1930.500
881.214	1915.500
881.422	1808.500
881.631	1912.500
881.840	1944.500
882.048	1803.500
882.257	1879.500
882.465	1843.500
882.674	1830.500
882.883	1819.500
883.091	1763.500
883.300	1796.500
883.509	1730.500
883.717	1769.500
883.926	1809.500
884.134	1791.500
884.343	1772.500
884.552	1779.500
884.760	1774.500
884.969	1810.500
885.178	1699.500
885.386	1692.500
885.595	1656.500
885.804	1723.500
886.012	1699.500
886.221	1653.500
886.429	1583.500
886.638	1570.500
886.847	1562.500
887.055	1574.500
887.264	1540.500
887.473	1608.500
887.681	1675.500
887.890	1628.500
888.099	1611.500
888.307	1593.500
888.516	1539.500
888.724	1529.500
888.933	1516.500
889.142	1558.500
889.350	1571.500
889.559	1627.500
889.768	1563.500
889.976	1621.500
890.185	1641.500
890.393	1598.500
890.602	1579.500
890.811	1484.500
891.019	1538.500
891.228	1661.500
891.437	1575.500
891.645	1482.500
891.854	1464.500
892.063	1484.500
892.271	1434.500
892.480	1397.500
892.688	1445.500
892.897	1449.500
893.106	1446.500
893.314	1429.500
893.523	1361.500
893.732	1423.500
893.940	1381.500
894.149	1272.500
894.358	1297.500
894.566	1330.500
894.775	1349.500
894.983	1349.500
895.192	1237.500
895.401	1270.500
895.609	1237.500
895.818	1099.500
896.027	1080.500
896.235	1114.500
896.444	1111.500
896.652	1083.500
896.861	1090.500
897.070	1194.500
897.278	1218.500
897.487	1157.500
897.696	1142.500
897.904	1025.500
898.113	988.500
898.322	964.500
898.530	955.500
898.739	952.500
898.947	930.500
899.156	957.500
899.365	973.500
899.573	1043.500
899.782	997.500
899.991	972.500
900.199	915.500
900.408	1025.500
900.617	1041.500
900.825	1005.500
901.034	1034.500
901.242	901.500
901.451	916.500
901.660	1003.500
901.868	1030.500
902.077	1038.500
902.286	1008.500
902.494	1060.500
902.703	1114.500
902.911	1138.500
903.120	1168.500
903.329	1121.500
903.537	1110.500
903.746	1055.500
903.955	1088.500
904.163	1093.500
904.372	1164.500
904.581	1222.500
904.789	1200.500
904.998	1114.500
905.206	1065.500
905.415	1056.500
905.624	1109.500
905.832	1041.500
906.041	984.500
906.250	1021.500
906.458	992.500
906.667	975.500
906.876	886.500
907.084	914.500
907.293	945.500
907.501	994.500
907.710	906.500
907.919	917.500
908.127	979.500
908.336	876.500
908.545	934.500
908.753	929.500
908.962	949.500
909.170	940.500
909.379	865.500
909.588	951.500
909.796	940.500
910.005	966.500
910.214	897.500
910.422	856.500
910.631	816.500
910.840	917.500
911.048	935.500
911.257	849.500
911.465	883.500
911.674	948.500
911.883	952.500
912.091	882.500
912.300	857.500
912.508	830.500
912.716	821.500
912.924	841.500
913.132	816.500
913.340	815.500
913.549	826.500
913.757	823.500
913.965	818.500
914.173	761.500
914.381	760.500
914.589	804.500
914.797	788.500
915.005	808.500
915.213	820.500
915.421	853.500
915.629	756.500
915.838	697.500
916.046	701.500
916.254	759.500
916.462	774.500
916.670	787.500
916.878	785.500
917.086	816.500
917.294	777.500
917.502	774.500
917.710	815.500
917.919	819.500
918.127	777.500
918.335	823.500
918.543	832.500
918.751	879.500
918.959	933.500
919.167	849.500
919.375	788.500
919.583	872.500
919.791	814.500
919.999	832.500
920.208	894.500
920.416	798.500
920.624	807.500
920.832	867.500
921.040	845.500
921.248	813.500
921.456	766.500
921.664	741.500
921.872	786.500
922.080	740.500
922.288	715.500
922.497	737.500
922.705	771.500
922.913	803.500
923.121	791.500
923.329	786.500
923.537	714.500
923.745	715.500
923.953	700.500
924.161	687.500
924.369	740.500
924.578	758.500
924.786	756.500
924.994	701.500
925.202	707.500
925.410	658.500
925.618	643.500
925.826	717.500
926.034	788.500
926.242	743.500
926.450	631.500
926.658	652.500
926.867	706.500
927.075	654.500
927.283	574.500
927.491	581.500
927.699	619.500
927.907	672.500
928.115	672.500
928.323	519.500
928.531	503.500
928.739	499.500
928.947	499.500
929.156	534.500
929.364	488.500
929.572	447.500
929.780	389.500
929.988	381.500
930.196	408.500
930.404	398.500
930.612	329.500
930.820	347.500
931.028	328.500
931.236	344.500
931.445	298.500
931.653	291.500
931.861	284.500
932.069	214.500
932.277	298.500
932.485	412.500
932.693	254.500
932.901	197.500
933.109	202.500
933.317	203.500
933.526	242.500
933.734	253.500
933.942	233.500
934.150	205.500
934.358	203.500
934.566	225.500
934.774	224.500
934.982	212.500
935.190	215.500
935.398	199.500
935.606	212.500
935.815	211.500
936.023	258.500
936.231	281.500
936.439	218.500
936.647	194.500
936.855	170.500
937.063	118.500
937.271	163.500
937.479	202.500
937.687	172.500
937.895	186.500
938.104	258.500
938.312	221.500
938.520	174.500
938.728	186.500
938.936	225.500
939.144	204.500
939.352	231.500
939.560	267.500
939.768	252.500
939.976	302.500
940.185	244.500
940.393	221.500
940.601	236.500
940.809	223.500
941.017	308.500
941.225	277.500
941.433	254.500
941.641	216.500
941.849	82.500
942.057	173.500
942.265	235.500
942.474	197.500
942.682	208.500
942.890	152.500
943.098	127.500
943.306	117.500
943.514	110.500
943.722	107.500
943.930	161.500
944.138	241.500
944.346	221.500
944.554	221.500
944.763	189.500
944.971	161.500
945.179	129.500
945.387	172.500
945.595	183.500
945.803	293.500
946.011	247.500
946.219	207.500
946.427	238.500
946.635	196.500
946.843	275.500
947.052	333.500
947.260	180.500
947.468	155.500
947.676	176.500
947.884	188.500
948.092	231.500
948.300	263.500
948.508	247.500
948.716	266.500
948.924	262.500
949.133	283.500
949.341	253.500
949.549	139.500
949.757	236.500
949.965	193.500
950.173	118.500
950.381	218.500
950.589	293.500
950.797	244.500
951.005	133.500
951.213	108.500
951.422	188.500
951.630	204.500
951.838	171.500
952.046	275.500
952.254	285.500
952.462	222.500
952.670	258.500
952.878	234.500
953.086	249.500
953.294	285.500
953.502	218.500
953.711	231.500
953.919	170.500
954.127	126.500
954.335	133.500
954.543	204.500
954.751	238.500
954.959	203.500
955.167	198.500
955.375	148.500
955.583	129.500
955.792	219.500
956.000	255.500
956.208	255.500
956.416	236.500
956.624	201.500
956.832	232.500
957.040	231.500
957.248	190.500
957.456	164.500
957.664	133.500
957.872	105.500
958.081	135.500
958.289	195.500
958.497	197.500
958.705	200.500
958.913	153.500
959.121	132.500
959.329	132.500
959.537	120.500
959.745	199.500
959.953	191.500
960.161	180.500
960.370	155.500
960.578	197.500
960.786	243.500
960.994	209.500
961.202	244.500
961.410	242.500
961.618	154.500
961.826	167.500
962.034	216.500
962.242	184.500
962.451	147.500
962.659	134.500
962.867	108.500
963.075	187.500
963.283	202.500
963.491	188.500
963.699	180.500
963.907	248.500
964.115	287.500
964.323	349.500
964.531	308.500
964.740	178.500
964.948	276.500
965.156	247.500
965.364	284.500
965.572	321.500
965.780	229.500
965.999	227.500
966.218	236.500
966.438	157.500
966.657	154.500
966.876	196.500
967.095	233.500
967.315	233.500
967.534	196.500
967.753	280.500
967.972	275.500
968.192	284.500
968.411	274.500
968.630	196.500
968.849	180.500
969.068	292.500
969.288	298.500
969.507	296.500
969.726	297.500
969.945	249.500
970.165	223.500
970.384	286.500
970.603	254.500
970.822	200.500
971.042	167.500
971.261	198.500
971.480	295.500
971.699	259.500
971.919	211.500
972.138	266.500
972.357	229.500
972.576	185.500
972.795	203.500
973.015	227.500
973.234	261.500
973.453	279.500
973.672	215.500
973.892	172.500
974.111	149.500
974.330	200.500
974.549	227.500
974.769	229.500
974.988	289.500
975.207	208.500
975.426	158.500
975.646	194.500
975.865	169.500
976.084	172.500
976.303	165.500
976.522	190.500
976.742	174.500
976.961	136.500
977.180	205.500
977.399	234.500
977.619	197.500
977.838	246.500
978.057	264.500
978.276	263.500
978.496	197.500
978.715	176.500
978.934	194.500
979.153	120.500
979.372	133.500
979.592	222.500
979.811	232.500
980.030	160.500
980.249	147.500
980.469	206.500
980.688	210.500
980.907	156.500
981.126	149.500
981.346	207.500
981.565	270.500
981.784	210.500
982.003	228.500
982.223	273.500
982.442	307.500
982.661	238.500
982.880	244.500
983.099	189.500
983.319	207.500
983.538	240.500
983.757	187.500
983.976	215.500
984.196	246.500
984.415	263.500
984.634	215.500
984.853	229.500
985.073	305.500
985.292	261.500
985.511	227.500
985.730	220.500
985.949	211.500
986.169	264.500
986.388	290.500
986.607	87.500
986.826	102.500
987.046	89.500
987.265	126.500
987.484	178.500
987.703	236.500
987.923	166.500
988.142	158.500
988.361	229.500
988.580	255.500
988.800	155.500
989.019	162.500
989.238	159.500
989.457	136.500
989.676	190.500
989.896	182.500
990.115	143.500
990.334	149.500
990.553	147.500
990.773	120.500
990.992	132.500
991.211	134.500
991.430	161.500
991.650	106.500
991.869	125.500
992.088	118.500
992.307	184.500
992.527	182.500
992.746	141.500
992.965	195.500
993.184	180.500
993.403	187.500
993.623	173.500
993.842	112.500
994.061	123.500
994.280	188.500
994.500	175.500
994.719	129.500
994.938	135.500
995.157	138.500
995.377	136.500
995.596	129.500
995.815	161.500
996.034	104.500
996.253	91.500
996.473	136.500
996.692	210.500
996.911	155.500
997.130	118.500
997.350	119.500
997.569	129.500
997.788	136.500
998.007	38.500
998.227	22.500
998.446	127.500
998.665	151.500
998.884	198.500
999.104	162.500
999.323	128.500
999.542	122.500
999.761	142.500
999.980	98.500
1000.200	141.500
1000.419	140.500
1000.638	166.500
1000.857	164.500
1001.077	153.500
1001.296	160.500
1001.515	110.500
1001.734	105.500
1001.954	129.500
1002.173	165.500
1002.392	167.500
1002.611	153.500
1002.830	119.500
1003.050	23.500
1003.269	110.500
1003.488	163.500
1003.707	181.500
1003.927	134.500
1004.146	159.500
1004.365	140.500
1004.584	144.500
1004.804	121.500
1005.023	169.500
1005.242	174.500
1005.461	147.500
1005.681	132.500
1005.900	120.500
1006.119	77.500
1006.338	73.500
1006.557	99.500
1006.777	200.500
1006.996	218.500
1007.215	90.500
1007.434	93.500
1007.654	167.500
1007.873	160.500
1008.092	160.500
1008.311	115.500
1008.531	27.500
1008.750	92.500
1008.969	152.500
1009.188	10.500
1009.407	-12.500
1009.627	54.500
1009.846	57.500
1010.065	91.500
1010.284	47.500
1010.504	-42.500
1010.723	8.500
1010.942	78.500
1011.161	97.500
1011.381	62.500
1011.600	52.500
1011.819	139.500
1012.038	95.500
1012.258	101.500
1012.477	143.500
1012.696	111.500
1012.915	141.500
1013.134	138.500
1013.354	116.500
1013.573	130.500
1013.792	110.500
1014.011	72.500
1014.231	79.500
1014.450	177.500
1014.669	118.500
1014.888	0.500
1015.108	125.500
1015.327	163.500
1015.546	132.500
1015.765	181.500
1015.984	120.500
1016.204	110.500
1016.423	117.500
1016.642	157.500
1016.861	112.500
1017.081	67.500
1017.300	104.500
1017.519	100.500
