296.912	77.000
297.101	47.000
297.290	22.000
297.479	26.000
297.668	25.000
297.858	67.000
298.047	101.000
298.236	76.000
298.425	34.000
298.614	70.000
298.803	66.000
298.992	47.000
299.181	34.000
299.370	44.000
299.559	36.000
299.748	61.000
299.937	66.000
300.126	99.000
300.315	66.000
300.504	37.000
300.693	27.000
300.882	44.000
301.071	46.000
301.260	18.000
301.449	79.000
301.638	81.000
301.827	54.000
302.016	46.000
302.205	59.000
302.395	39.000
302.584	45.000
302.773	52.000
302.962	51.000
303.151	34.000
303.340	48.000
303.529	50.000
303.718	70.000
303.907	66.000
304.096	48.000
304.285	51.000
304.474	40.000
304.663	41.000
304.852	40.000
305.041	55.000
305.230	96.000
305.419	87.000
305.608	47.000
305.797	21.000
305.986	47.000
306.175	50.000
306.364	36.000
306.553	15.000
306.743	52.000
306.932	79.000
307.121	49.000
307.310	55.000
307.499	72.000
307.688	54.000
307.877	59.000
308.066	51.000
308.255	62.000
308.444	65.000
308.633	84.000
308.822	83.000
309.011	74.000
309.200	78.000
309.389	62.000
309.578	9.000
309.767	57.000
309.956	88.000
310.145	38.000
310.334	52.000
310.523	94.000
310.712	80.000
310.901	66.000
311.091	79.000
311.280	78.000
311.469	76.000
311.658	81.000
311.847	34.000
312.036	53.000
312.225	33.000
312.414	49.000
312.603	64.000
312.792	68.000
312.981	48.000
313.170	54.000
313.349	50.000
313.527	87.000
313.706	108.000
313.884	70.000
314.063	49.000
314.241	96.000
314.420	105.000
314.598	70.000
314.777	85.000
314.955	59.000
315.134	95.000
315.312	85.000
315.491	66.000
315.669	45.000
315.848	43.000
316.027	51.000
316.205	69.000
316.384	95.000
316.562	63.000
316.741	103.000
316.919	59.000
317.098	49.000
317.276	56.000
317.455	62.000
317.633	51.000
317.812	72.000
317.990	57.000
318.169	118.000
318.347	104.000
318.526	115.000
318.705	85.000
318.883	66.000
319.062	100.000
319.240	78.000
319.419	82.000
319.597	96.000
319.776	60.000
319.954	32.000
320.133	42.000
320.311	41.000
320.490	66.000
320.668	43.000
320.847	100.000
321.025	65.000
321.204	72.000
321.382	87.000
321.561	103.000
321.740	74.000
321.918	48.000
322.097	56.000
322.275	67.000
322.454	76.000
322.632	65.000
322.811	33.000
322.989	72.000
323.168	71.000
323.346	96.000
323.525	107.000
323.703	72.000
323.882	70.000
324.060	118.000
324.239	90.000
324.418	53.000
324.596	95.000
324.775	75.000
324.953	70.000
325.132	100.000
325.310	64.000
325.489	55.000
325.667	91.000
325.846	48.000
326.024	18.000
326.203	48.000
326.381	113.000
326.560	98.000
326.738	92.000
326.917	67.000
327.096	28.000
327.274	52.000
327.453	43.000
327.631	60.000
327.810	52.000
327.988	79.000
328.167	98.000
328.345	51.000
328.524	78.000
328.702	76.000
328.881	70.000
329.059	64.000
329.238	45.000
329.416	33.000
329.595	28.000
329.774	30.000
329.952	95.000
330.131	139.000
330.309	66.000
330.488	55.000
330.666	64.000
330.845	78.000
331.023	84.000
331.202	99.000
331.380	85.000
331.559	59.000
331.737	82.000
331.916	75.000
332.094	111.000
332.273	117.000
332.452	61.000
332.630	60.000
332.809	61.000
332.987	49.000
333.166	84.000
333.344	103.000
333.523	121.000
333.701	81.000
333.880	75.000
334.058	70.000
334.237	69.000
334.415	76.000
334.594	88.000
334.772	36.000
334.951	11.000
335.129	50.000
335.308	128.000
335.487	143.000
335.665	102.000
335.844	73.000
336.022	73.000
336.201	51.000
336.379	42.000
336.558	76.000
336.736	71.000
336.915	99.000
337.093	103.000
337.272	60.000
337.450	58.000
337.629	98.000
337.807	98.000
337.986	102.000
338.165	99.000
338.343	63.000
338.522	113.000
338.700	125.000
338.879	111.000
339.057	72.000
339.236	88.000
339.414	101.000
339.593	92.000
339.771	47.000
339.950	47.000
340.128	80.000
340.307	83.000
340.485	80.000
340.664	79.000
340.843	56.000
341.021	95.000
341.200	94.000
341.378	90.000
341.557	81.000
341.735	83.000
341.914	71.000
342.092	102.000
342.271	82.000
342.449	75.000
342.628	84.000
342.806	77.000
342.985	89.000
343.163	65.000
343.342	51.000
343.521	70.000
343.699	123.000
343.878	102.000
344.056	110.000
344.235	132.000
344.413	105.000
344.592	123.000
344.770	97.000
344.949	82.000
345.127	85.000
345.306	75.000
345.484	88.000
345.663	93.000
345.841	107.000
346.020	108.000
346.199	60.000
346.377	23.000
346.556	43.000
346.734	80.000
346.913	69.000
347.091	31.000
347.270	82.000
347.448	69.000
347.627	38.000
347.805	74.000
347.984	98.000
348.162	102.000
348.341	89.000
348.519	92.000
348.698	80.000
348.876	119.000
349.055	109.000
349.234	126.000
349.412	110.000
349.591	103.000
349.769	108.000
349.948	71.000
350.126	66.000
350.305	77.000
350.483	80.000
350.662	94.000
350.840	100.000
351.019	111.000
351.197	164.000
351.376	151.000
351.554	93.000
351.733	73.000
351.912	111.000
352.090	126.000
352.269	125.000
352.447	107.000
352.626	108.000
352.804	110.000
352.983	62.000
353.161	30.000
353.340	82.000
353.518	105.000
353.697	79.000
353.875	112.000
354.054	87.000
354.232	114.000
354.411	138.000
354.590	103.000
354.768	87.000
354.947	81.000
355.125	64.000
355.304	38.000
355.482	74.000
355.661	84.000
355.839	64.000
356.018	77.000
356.196	97.000
356.375	111.000
356.553	149.000
356.732	118.000
356.910	67.000
357.089	100.000
357.268	129.000
357.446	125.000
357.625	169.000
357.803	146.000
357.982	141.000
358.160	106.000
358.339	106.000
358.517	93.000
358.696	90.000
358.874	101.000
359.053	96.000
359.231	93.000
359.410	123.000
359.588	138.000
359.767	164.000
359.945	141.000
360.124	84.000
360.303	58.000
360.481	87.000
360.660	126.000
360.838	120.000
361.017	111.000
361.195	123.000
361.374	87.000
361.552	115.000
361.731	103.000
361.909	127.000
362.088	138.000
362.266	106.000
362.445	90.000
362.623	88.000
362.802	114.000
362.981	128.000
363.159	148.000
363.338	107.000
363.516	116.000
363.695	109.000
363.873	95.000
364.052	84.000
364.230	110.000
364.409	97.000
364.587	115.000
364.766	149.000
364.944	134.000
365.123	117.000
365.301	92.000
365.480	78.000
365.660	110.000
365.839	90.000
366.019	54.000
366.199	53.000
366.379	111.000
366.558	134.000
366.738	174.000
366.918	128.000
367.098	83.000
367.277	81.000
367.457	98.000
367.637	91.000
367.816	108.000
367.996	141.000
368.176	82.000
368.356	92.000
368.535	87.000
368.715	97.000
368.895	118.000
369.075	98.000
369.254	46.000
369.434	76.000
369.614	118.000
369.793	110.000
369.973	121.000
370.153	110.000
370.333	105.000
370.512	109.000
370.692	121.000
370.872	163.000
371.051	132.000
371.231	137.000
371.411	135.000
371.591	136.000
371.770	127.000
371.950	103.000
372.130	98.000
372.310	101.000
372.489	117.000
372.669	149.000
372.849	141.000
373.028	119.000
373.208	89.000
373.388	142.000
373.568	148.000
373.747	127.000
373.927	135.000
374.107	143.000
374.287	115.000
374.466	95.000
374.646	83.000
374.826	103.000
375.005	128.000
375.185	134.000
375.365	129.000
375.545	126.000
375.724	153.000
375.904	155.000
376.084	141.000
376.263	117.000
376.443	104.000
376.623	130.000
376.803	158.000
376.982	103.000
377.162	116.000
377.342	183.000
377.522	178.000
377.701	113.000
377.881	96.000
378.061	119.000
378.240	107.000
378.420	93.000
378.600	135.000
378.780	113.000
378.959	106.000
379.139	138.000
379.319	126.000
379.499	83.000
379.678	112.000
379.858	139.000
380.038	82.000
380.217	144.000
380.397	143.000
380.577	88.000
380.757	136.000
380.936	137.000
381.116	121.000
381.296	96.000
381.476	137.000
381.655	165.000
381.835	145.000
382.015	163.000
382.194	116.000
382.374	129.000
382.554	164.000
382.734	128.000
382.913	97.000
383.093	124.000
383.273	133.000
383.452	126.000
383.632	101.000
383.812	104.000
383.992	110.000
384.171	114.000
384.351	117.000
384.531	153.000
384.711	138.000
384.890	72.000
385.070	52.000
385.250	70.000
385.429	106.000
385.609	139.000
385.789	125.000
385.969	95.000
386.148	104.000
386.328	133.000
386.508	131.000
386.688	136.000
386.867	149.000
387.047	102.000
387.227	125.000
387.406	145.000
387.586	90.000
387.766	104.000
387.946	85.000
388.125	91.000
388.305	100.000
388.485	61.000
388.664	101.000
388.844	121.000
389.024	148.000
389.204	142.000
389.383	92.000
389.563	105.000
389.743	105.000
389.923	107.000
390.102	105.000
390.282	82.000
390.462	67.000
390.641	29.000
390.821	44.000
391.001	96.000
391.181	144.000
391.360	125.000
391.540	119.000
391.720	131.000
391.900	120.000
392.079	118.000
392.259	111.000
392.439	107.000
392.618	134.000
392.798	121.000
392.978	135.000
393.158	128.000
393.337	147.000
393.517	141.000
393.697	154.000
393.877	138.000
394.056	98.000
394.236	125.000
394.416	163.000
394.595	144.000
394.775	138.000
394.955	192.000
395.135	162.000
395.314	137.000
395.494	167.000
395.674	147.000
395.853	129.000
396.033	191.000
396.213	157.000
396.393	160.000
396.572	165.000
396.752	151.000
396.932	134.000
397.112	124.000
397.291	153.000
397.471	171.000
397.651	161.000
397.830	167.000
398.010	196.000
398.190	186.000
398.370	130.000
398.549	126.000
398.729	166.000
398.909	163.000
399.089	149.000
399.268	183.000
399.448	186.000
399.628	172.000
399.807	171.000
399.987	167.000
400.167	172.000
400.347	158.000
400.526	146.000
400.706	129.000
400.886	133.000
401.065	122.000
401.245	165.000
401.425	177.000
401.605	159.000
401.784	197.000
401.964	198.000
402.144	186.000
402.324	159.000
402.503	145.000
402.683	179.000
402.863	163.000
403.042	170.000
403.222	190.000
403.402	175.000
403.582	204.000
403.761	189.000
403.941	164.000
404.121	182.000
404.301	163.000
404.480	179.000
404.660	223.000
404.844	247.000
405.029	232.000
405.213	194.000
405.398	194.000
405.582	231.000
405.767	223.000
405.951	258.000
406.136	221.000
406.320	215.000
406.505	274.000
406.689	270.000
406.874	240.000
407.058	303.000
407.243	339.000
407.427	306.000
407.612	301.000
407.796	355.000
407.981	390.000
408.165	407.000
408.350	420.000
408.534	449.000
408.719	514.000
408.903	504.000
409.088	522.000
409.272	542.000
409.457	562.000
409.641	561.000
409.826	610.000
410.010	657.000
410.195	722.000
410.379	775.000
410.564	848.000
410.748	861.000
410.933	880.000
411.117	993.000
411.302	1100.000
411.486	1133.000
411.671	1172.000
411.855	1290.000
412.040	1403.000
412.224	1431.000
412.409	1426.000
412.593	1500.000
412.778	1567.000
412.962	1673.000
413.147	1810.000
413.331	1865.000
413.516	1985.000
413.700	2034.000
413.885	2066.000
414.069	2220.000
414.254	2264.000
414.438	2298.000
414.623	2429.000
414.807	2500.000
414.992	2669.000
415.176	2773.000
415.361	2868.000
415.545	2935.000
415.730	3070.000
415.914	3189.000
416.099	3272.000
416.283	3337.000
416.468	3432.000
416.652	3468.000
416.837	3511.000
417.021	3563.000
417.206	3714.000
417.390	3823.000
417.575	3866.000
417.759	3939.000
417.944	4022.000
418.128	4062.000
418.313	4242.000
418.497	4313.000
418.682	4356.000
418.866	4521.000
419.051	4521.000
419.235	4640.000
419.420	4741.000
419.604	4663.000
419.789	4804.000
419.973	5107.000
420.158	5196.000
420.342	5380.000
420.527	5472.000
420.711	5533.000
420.896	5739.000
421.080	5792.000
421.265	5809.000
421.449	5728.000
421.634	5824.000
421.818	5851.000
422.003	5895.000
422.187	5936.000
422.372	5875.000
422.556	5979.000
422.741	6023.000
422.925	6215.000
423.110	6334.000
423.294	6382.000
423.479	6469.000
423.663	6609.000
423.848	6682.000
424.032	6669.000
424.217	6684.000
424.401	6812.000
424.586	6915.000
424.770	6930.000
424.955	6922.000
425.139	6914.000
425.324	6902.000
425.508	7081.000
425.693	7184.000
425.877	7210.000
426.062	7314.000
426.246	7482.000
426.431	7226.000
426.615	7103.000
426.800	7022.000
426.984	7180.000
427.169	7408.000
427.353	7385.000
427.538	7398.000
427.722	7372.000
427.907	7564.000
428.091	7558.000
428.276	7530.000
428.460	7475.000
428.645	7453.000
428.829	7277.000
429.014	7088.000
429.198	7023.000
429.383	6836.000
429.567	6699.000
429.752	6551.000
429.936	6294.000
430.121	6320.000
430.305	6373.000
430.490	6592.000
430.674	6904.000
430.859	7160.000
431.043	7530.000
431.228	7886.000
431.412	8135.000
431.597	8256.000
431.781	8415.000
431.966	8483.000
432.150	8594.000
432.335	8622.000
432.519	8901.000
432.704	8956.000
432.888	8968.000
433.073	8810.000
433.257	8683.000
433.442	8834.000
433.626	8808.000
433.811	8875.000
433.995	8958.000
434.180	8958.000
434.364	9097.000
434.549	9320.000
434.733	9425.000
434.918	9510.000
435.102	9561.000
435.287	9809.000
435.471	9998.000
435.656	10081.000
435.840	10260.000
436.030	10405.000
436.219	10367.000
436.409	10390.000
436.599	10329.000
436.789	10271.000
436.978	10239.000
437.168	10101.000
437.358	10035.000
437.548	9926.000
437.737	9825.000
437.927	9752.000
438.117	9687.000
438.306	9783.000
438.496	9895.000
438.686	10039.000
438.876	10172.000
439.065	10288.000
439.255	10410.000
439.445	10407.000
439.634	10444.000
439.824	10599.000
440.014	10665.000
440.204	10700.000
440.393	10977.000
440.583	11062.000
440.773	11350.000
440.963	11465.000
441.152	11564.000
441.342	11769.000
441.532	11937.000
441.721	12022.000
441.911	12212.000
442.101	12180.000
442.291	12391.000
442.480	12363.000
442.670	12320.000
442.860	12361.000
443.050	12410.000
443.239	12447.000
443.429	12584.000
443.619	12671.000
443.808	12874.000
443.998	12895.000
444.188	13002.000
444.378	13034.000
444.567	12986.000
444.757	12986.000
444.947	12985.000
445.137	12871.000
445.326	12809.000
445.516	12817.000
445.706	12789.000
445.895	12830.000
446.085	13192.000
446.275	13412.000
446.465	13500.000
446.654	13705.000
446.844	13799.000
447.034	14153.000
447.223	14276.000
447.413	14236.000
447.603	14269.000
447.793	14480.000
447.982	14437.000
448.172	14601.000
448.362	14678.000
448.552	14551.000
448.741	14532.000
448.931	14807.000
449.121	14968.000
449.310	14972.000
449.500	15095.000
449.690	15315.000
449.880	15383.000
450.069	15535.000
450.259	15697.000
450.449	15963.000
450.639	16108.000
450.828	16041.000
451.018	16021.000
451.208	16054.000
451.397	15953.000
451.587	15922.000
451.777	15743.000
451.967	15679.000
452.156	15625.000
452.346	15437.000
452.536	15234.000
452.725	15012.000
452.915	15004.000
453.105	15183.000
453.295	15127.000
453.484	15268.000
453.674	15674.000
453.864	15800.000
454.054	15535.000
454.243	15519.000
454.433	15544.000
454.623	15470.000
454.812	15690.000
455.002	15654.000
455.192	15762.000
455.382	15839.000
455.571	15927.000
455.761	16092.000
455.951	16384.000
456.141	16189.000
456.330	16247.000
456.520	16532.000
456.710	16489.000
456.899	16555.000
457.089	16554.000
457.279	16484.000
457.469	16567.000
457.658	16578.000
457.848	16394.000
458.038	16369.000
458.228	16355.000
458.417	16213.000
458.607	16242.000
458.797	16300.000
458.986	16275.000
459.176	16412.000
459.366	16300.000
459.556	16303.000
459.745	16257.000
459.935	16306.000
460.125	16392.000
460.314	16598.000
460.504	16718.000
460.694	16943.000
460.884	16913.000
461.073	16996.000
461.263	16865.000
461.453	16843.000
461.643	16985.000
461.832	17142.000
462.022	17132.000
462.212	17031.000
462.401	17167.000
462.591	17260.000
462.781	17283.000
462.971	17335.000
463.160	17194.000
463.350	17195.000
463.540	17243.000
463.730	17146.000
463.919	16998.000
464.109	16961.000
464.299	16930.000
464.488	16710.000
464.678	16793.000
464.868	16716.000
465.058	16631.000
465.247	16943.000
465.437	17081.000
465.627	16985.000
465.816	17247.000
466.006	17196.000
466.196	17007.000
466.386	17143.000
466.575	16965.000
466.765	16797.000
466.955	16850.000
467.145	17029.000
467.334	17087.000
467.524	17216.000
467.714	17291.000
467.903	17195.000
468.093	17233.000
468.283	17469.000
468.473	17555.000
468.662	17621.000
468.852	17680.000
469.042	17818.000
469.232	17808.000
469.421	17610.000
469.611	17497.000
469.801	17462.000
469.990	17437.000
470.180	17317.000
470.370	17412.000
470.560	17305.000
470.749	17382.000
470.939	17590.000
471.129	17736.000
471.318	17879.000
471.508	18144.000
471.698	18244.000
471.888	18268.000
472.077	18497.000
472.267	18684.000
472.457	18691.000
472.647	18616.000
472.836	18504.000
473.026	18402.000
473.216	18378.000
473.405	18496.000
473.595	18584.000
473.785	18621.000
473.975	18696.000
474.164	18945.000
474.354	19027.000
474.544	19105.000
474.734	19115.000
474.923	19090.000
475.113	19020.000
475.303	19112.000
475.492	19080.000
475.682	19121.000
475.872	18964.000
476.062	18871.000
476.251	18883.000
476.441	18896.000
476.631	18875.000
476.821	18908.000
477.010	19016.000
477.200	19024.000
477.390	19188.000
477.579	19644.000
477.769	19646.000
477.959	19619.000
478.149	19608.000
478.338	19497.000
478.528	19533.000
478.718	19281.000
478.907	19333.000
479.097	19487.000
479.287	19458.000
479.477	19636.000
479.666	19858.000
479.856	19846.000
480.046	19726.000
480.236	19679.000
480.425	19713.000
480.615	19611.000
480.805	19538.000
480.994	19585.000
481.184	19720.000
481.374	19854.000
481.564	19798.000
481.753	19830.000
481.943	19842.000
482.133	19948.000
482.323	19776.000
482.512	19657.000
482.702	19468.000
482.892	19435.000
483.081	19666.000
483.271	19692.000
483.461	19550.000
483.651	19463.000
483.840	19341.000
484.030	19232.000
484.220	19061.000
484.409	19163.000
484.599	19187.000
484.789	19087.000
484.979	18888.000
485.168	18650.000
485.358	18457.000
485.548	17874.000
485.738	17543.000
485.927	17150.000
486.117	16753.000
486.307	16544.000
486.496	16384.000
486.686	16436.000
486.876	16507.000
487.066	16791.000
487.255	17071.000
487.445	17140.000
487.635	17481.000
487.825	17664.000
488.014	17870.000
488.204	18069.000
488.394	18092.000
488.583	18067.000
488.773	18071.000
488.963	17996.000
489.153	18187.000
489.342	18503.000
489.532	18683.000
489.722	19094.000
489.912	19108.000
490.101	19048.000
490.291	19261.000
490.481	19206.000
490.670	19178.000
490.860	19180.000
491.050	19073.000
491.240	18960.000
491.429	18865.000
491.619	18672.000
491.809	18634.000
491.998	18513.000
492.188	18386.000
492.378	18636.000
492.568	18653.000
492.757	18788.000
492.947	18928.000
493.137	18838.000
493.327	18894.000
493.516	19006.000
493.706	19129.000
493.896	19097.000
494.085	19126.000
494.275	19288.000
494.465	19437.000
494.655	19517.000
494.844	19646.000
495.034	19634.000
495.224	19684.000
495.414	19890.000
495.603	19810.000
495.793	19675.000
495.983	19622.000
496.172	19578.000
496.362	19697.000
496.552	19903.000
496.742	19852.000
496.931	19801.000
497.121	19757.000
497.311	19882.000
497.500	19842.000
497.690	19746.000
497.880	19710.000
498.070	19639.000
498.259	19492.000
498.449	19279.000
498.639	19236.000
498.829	19207.000
499.018	19404.000
499.208	19498.000
499.398	19546.000
499.587	19495.000
499.777	19498.000
499.967	19345.000
500.157	19310.000
500.346	19268.000
500.536	19070.000
500.726	18913.000
500.916	18766.000
501.105	18829.000
501.295	18742.000
501.485	18799.000
501.674	18774.000
501.864	18662.000
502.054	18640.000
502.244	18783.000
502.433	18911.000
502.623	19137.000
502.813	19277.000
503.003	19307.000
503.192	19332.000
503.382	19181.000
503.572	19115.000
503.761	19225.000
503.951	19124.000
504.141	18867.000
504.331	18951.000
504.520	19049.000
504.710	19230.000
504.900	19264.000
505.089	19290.000
505.279	19445.000
505.469	19576.000
505.659	19728.000
505.848	19541.000
506.038	19722.000
506.228	19863.000
506.418	19761.000
506.607	19577.000
506.797	19445.000
506.987	19451.000
507.176	19459.000
507.366	19297.000
507.556	19151.000
507.746	19035.000
507.935	19064.000
508.125	18960.000
508.315	18973.000
508.505	19062.000
508.694	19088.000
508.884	19177.000
509.074	19372.000
509.263	19265.000
509.453	19291.000
509.643	19195.000
509.833	19090.000
510.022	18961.000
510.212	19059.000
510.402	19030.000
510.592	19032.000
510.781	19051.000
510.971	19047.000
511.161	18996.000
511.350	19066.000
511.540	19261.000
511.730	19269.000
511.920	19127.000
512.109	19069.000
512.299	18923.000
512.489	18698.000
512.678	18510.000
512.868	18345.000
513.058	18474.000
513.248	18408.000
513.437	18341.000
513.627	18259.000
513.817	18115.000
514.007	18002.000
514.196	18060.000
514.386	17949.000
514.576	17941.000
514.765	17952.000
514.955	18004.000
515.145	17939.000
515.335	17967.000
515.524	17981.000
515.714	18065.000
515.904	17895.000
516.094	17470.000
516.283	17170.000
516.473	16748.000
516.663	16543.000
516.852	16303.000
517.042	16135.000
517.232	16210.000
517.422	16257.000
517.611	16214.000
517.801	16165.000
517.991	16229.000
518.180	16303.000
518.370	16263.000
518.560	16263.000
518.750	16390.000
518.939	16586.000
519.129	16717.000
519.319	16879.000
519.509	17074.000
519.698	17218.000
519.888	17177.000
520.078	17363.000
520.267	17362.000
520.457	17348.000
520.647	17441.000
520.837	17404.000
521.026	17581.000
521.216	17675.000
521.406	17715.000
521.596	17720.000
521.785	17675.000
521.975	17636.000
522.165	17699.000
522.354	17560.000
522.544	17626.000
522.734	17575.000
522.924	17569.000
523.113	17607.000
523.303	17728.000
523.493	17800.000
523.683	17898.000
523.872	18025.000
524.062	18044.000
524.252	17987.000
524.441	18018.000
524.631	18015.000
524.821	18190.000
525.011	18327.000
525.200	18253.000
525.390	18059.000
525.580	18083.000
525.769	17917.000
525.959	17645.000
526.149	17448.000
526.339	17092.000
526.528	17068.000
526.718	16951.000
526.908	16967.000
527.098	16904.000
527.287	16956.000
527.477	17158.000
527.667	17334.000
527.856	17563.000
528.046	17681.000
528.236	17794.000
528.426	18058.000
528.615	18157.000
528.805	18044.000
528.995	18161.000
529.185	18179.000
529.374	18146.000
529.564	18145.000
529.754	18164.000
529.943	18244.000
530.133	18274.000
530.323	18303.000
530.513	18423.000
530.702	18316.000
530.892	18312.000
531.082	18361.000
531.271	18150.000
531.461	18116.000
531.651	18037.000
531.841	17696.000
532.030	17444.000
532.220	17228.000
532.410	17139.000
532.600	16982.000
532.789	16975.000
532.979	17065.000
533.169	16843.000
533.358	16928.000
533.548	16963.000
533.738	16823.000
533.928	16750.000
534.117	16872.000
534.307	16913.000
534.497	17006.000
534.687	17075.000
534.876	17006.000
535.066	17147.000
535.256	17183.000
535.445	17141.000
535.635	17042.000
535.825	16767.000
536.015	16626.000
536.204	16566.000
536.394	16411.000
536.584	16309.000
536.773	16373.000
536.963	16437.000
537.153	16364.000
537.343	16313.000
537.532	16365.000
537.722	16424.000
537.912	16268.000
538.102	16333.000
538.291	16260.000
538.481	16311.000
538.671	16359.000
538.860	16178.000
539.050	16004.000
539.240	16022.000
539.430	15974.000
539.619	15891.000
539.809	15808.000
539.999	15659.000
540.189	15505.000
540.378	15413.000
540.568	15510.000
540.758	15644.000
540.947	15811.000
541.137	15744.000
541.327	15685.000
541.517	15717.000
541.706	15777.000
541.896	15662.000
542.086	15688.000
542.276	15614.000
542.465	15515.000
542.655	15679.000
542.845	15669.000
543.034	15647.000
543.224	15716.000
543.414	15956.000
543.604	15881.000
543.793	15880.000
543.983	15867.000
544.173	15730.000
544.362	15704.000
544.552	15701.000
544.742	15640.000
544.932	15619.000
545.121	15742.000
545.311	15519.000
545.501	15623.000
545.691	15837.000
545.880	15729.000
546.070	15534.000
546.264	15546.000
546.459	15503.000
546.653	15465.000
546.847	15380.000
547.041	15241.000
547.236	15267.000
547.430	15414.000
547.624	15361.000
547.818	15312.000
548.013	15352.000
548.207	15347.000
548.401	15389.000
548.596	15424.000
548.790	15397.000
548.984	15255.000
549.178	15276.000
549.373	15286.000
549.567	15386.000
549.761	15361.000
549.956	15264.000
550.150	15224.000
550.344	15107.000
550.538	15079.000
550.733	15120.000
550.927	15246.000
551.121	15209.000
551.315	15034.000
551.510	15163.000
551.704	15274.000
551.898	15174.000
552.093	15118.000
552.287	14996.000
552.481	14954.000
552.675	14996.000
552.870	14892.000
553.064	14833.000
553.258	14911.000
553.453	14995.000
553.647	15005.000
553.841	14958.000
554.035	14899.000
554.230	15020.000
554.424	15022.000
554.618	14963.000
554.812	14941.000
555.007	14881.000
555.201	14910.000
555.395	14839.000
555.590	14768.000
555.784	14739.000
555.978	14712.000
556.172	14690.000
556.367	14404.000
556.561	14397.000
556.755	14521.000
556.949	14479.000
557.144	14424.000
557.338	14512.000
557.532	14615.000
557.727	14378.000
557.921	14360.000
558.115	14220.000
558.309	14199.000
558.504	14124.000
558.698	13953.000
558.892	14034.000
559.087	13995.000
559.281	14171.000
559.475	14134.000
559.669	14179.000
559.864	14242.000
560.058	14298.000
560.252	14366.000
560.446	14384.000
560.641	14449.000
560.835	14486.000
561.029	14294.000
561.224	14194.000
561.418	14244.000
561.612	14320.000
561.806	14378.000
562.001	14436.000
562.195	14485.000
562.389	14244.000
562.584	14300.000
562.778	14338.000
562.972	14204.000
563.166	14239.000
563.361	14286.000
563.555	14200.000
563.749	14187.000
563.943	14272.000
564.138	14339.000
564.332	14361.000
564.526	14136.000
564.721	14083.000
564.915	14111.000
565.109	14028.000
565.303	13990.000
565.498	13858.000
565.692	13961.000
565.886	13939.000
566.081	13895.000
566.275	13927.000
566.469	13935.000
566.663	13862.000
566.858	14026.000
567.052	14063.000
567.246	13917.000
567.440	14048.000
567.635	14026.000
567.829	13847.000
568.023	13872.000
568.218	13872.000
568.412	13774.000
568.606	13703.000
568.800	13774.000
568.995	13580.000
569.189	13640.000
569.383	13568.000
569.577	13544.000
569.772	13456.000
569.966	13305.000
570.160	13118.000
570.355	13118.000
570.549	13242.000
570.743	13241.000
570.937	13126.000
571.132	13098.000
571.326	13280.000
571.520	13319.000
571.715	13408.000
571.909	13487.000
572.103	13562.000
572.297	13429.000
572.492	13405.000
572.686	13465.000
572.880	13406.000
573.074	13399.000
573.269	13245.000
573.463	13351.000
573.657	13454.000
573.852	13398.000
574.046	13201.000
574.240	13193.000
574.434	13160.000
574.629	13115.000
574.823	12982.000
575.017	12938.000
575.212	12942.000
575.406	13026.000
575.600	13086.000
575.794	13006.000
575.989	12962.000
576.183	12891.000
576.377	12796.000
576.571	12862.000
576.766	12786.000
576.960	12794.000
577.159	12750.000
577.357	12613.000
577.556	12516.000
577.755	12591.000
577.953	12649.000
578.152	12581.000
578.350	12496.000
578.549	12530.000
578.748	12477.000
578.946	12466.000
579.145	12477.000
579.344	12503.000
579.542	12391.000
579.741	12534.000
579.940	12678.000
580.138	12771.000
580.337	12690.000
580.535	12759.000
580.734	12764.000
580.933	12838.000
581.131	12901.000
581.330	12922.000
581.529	12966.000
581.727	13009.000
581.926	13183.000
582.125	13212.000
582.323	13188.000
582.522	13262.000
582.721	13394.000
582.919	13358.000
583.118	13286.000
583.316	13361.000
583.515	13452.000
583.714	13617.000
583.912	13693.000
584.111	13557.000
584.310	13477.000
584.508	13561.000
584.707	13531.000
584.906	13458.000
585.104	13376.000
585.303	13445.000
585.501	13398.000
585.700	13386.000
585.899	13308.000
586.097	13325.000
586.296	13260.000
586.495	13466.000
586.693	13424.000
586.892	13226.000
587.091	13273.000
587.289	13318.000
587.488	13170.000
587.686	13025.000
587.885	12904.000
588.084	12609.000
588.282	12315.000
588.481	12159.000
588.680	11938.000
588.878	11925.000
589.077	11838.000
589.276	11878.000
589.474	11994.000
589.673	12010.000
589.871	12123.000
590.070	12197.000
590.269	12171.000
590.467	12233.000
590.666	12226.000
590.865	12386.000
591.063	12318.000
591.262	12307.000
591.461	12425.000
591.659	12362.000
591.858	12226.000
592.056	12305.000
592.255	12324.000
592.454	12354.000
592.652	12335.000
592.851	12317.000
593.050	12324.000
593.248	12352.000
593.447	12310.000
593.646	12308.000
593.844	12342.000
594.043	12278.000
594.241	12206.000
594.440	12170.000
594.639	12117.000
594.837	12161.000
595.036	12274.000
595.235	12280.000
595.433	12178.000
595.632	12282.000
595.831	12260.000
596.029	12164.000
596.228	12277.000
596.427	12296.000
596.625	12428.000
596.824	12525.000
597.022	12266.000
597.221	12186.000
597.420	12103.000
597.618	12084.000
597.817	12101.000
598.016	12185.000
598.214	12154.000
598.413	12203.000
598.612	12225.000
598.810	12151.000
599.009	12150.000
599.207	12257.000
599.406	12154.000
599.605	12204.000
599.803	12131.000
600.002	12132.000
600.201	12029.000
600.399	12028.000
600.598	12051.000
600.797	12090.000
600.995	12084.000
601.194	11907.000
601.392	11776.000
601.591	11959.000
601.790	11969.000
601.988	11988.000
602.187	12011.000
602.386	11946.000
602.584	11972.000
602.783	11923.000
602.982	11971.000
603.180	12011.000
603.379	12103.000
603.577	12135.000
603.776	12081.000
603.975	12160.000
604.173	12153.000
604.372	12134.000
604.571	12123.000
604.769	12077.000
604.968	12150.000
605.167	12090.000
605.365	12138.000
605.564	12142.000
605.762	12016.000
605.961	12171.000
606.160	12057.000
606.358	12034.000
606.557	12098.000
606.756	12036.000
606.954	11976.000
607.153	12021.000
607.352	11913.000
607.550	11855.000
607.749	11857.000
607.948	11865.000
608.146	11912.000
608.345	11802.000
608.543	11768.000
608.742	11819.000
608.941	11740.000
609.139	11755.000
609.338	11834.000
609.537	11744.000
609.735	11513.000
609.934	11455.000
610.133	11555.000
610.331	11620.000
610.530	11634.000
610.728	11656.000
610.927	11551.000
611.126	11530.000
611.324	11542.000
611.523	11538.000
611.722	11449.000
611.920	11607.000
612.119	11666.000
612.318	11616.000
612.516	11564.000
612.715	11406.000
612.913	11271.000
613.112	11301.000
613.311	11311.000
613.509	11179.000
613.708	11223.000
613.907	11291.000
614.105	11164.000
614.304	11124.000
614.503	11144.000
614.701	11231.000
614.900	11335.000
615.098	11241.000
615.297	11349.000
615.496	11118.000
615.694	10895.000
615.893	10920.000
616.092	10863.000
616.290	10856.000
616.489	10782.000
616.688	10839.000
616.886	11011.000
617.085	10979.000
617.283	10897.000
617.482	10931.000
617.681	10906.000
617.879	10968.000
618.078	10982.000
618.277	11036.000
618.475	11120.000
618.674	11028.000
618.873	10924.000
619.071	11058.000
619.270	11024.000
619.468	10930.000
619.667	10979.000
619.866	11020.000
620.064	10898.000
620.263	10961.000
620.462	11072.000
620.660	11024.000
620.859	10845.000
621.058	10867.000
621.256	10883.000
621.455	10736.000
621.654	10709.000
621.852	10706.000
622.051	10522.000
622.249	10571.000
622.448	10736.000
622.647	10749.000
622.845	10730.000
623.044	10519.000
623.243	10508.000
623.441	10466.000
623.640	10517.000
623.839	10477.000
624.037	10376.000
624.236	10376.000
624.434	10371.000
624.633	10381.000
624.832	10421.000
625.030	10251.000
625.229	10162.000
625.428	10043.000
625.626	10055.000
625.825	10242.000
626.024	10237.000
626.222	10204.000
626.421	10263.000
626.619	10237.000
626.818	10104.000
627.017	9970.000
627.215	10012.000
627.414	10055.000
627.613	9944.000
627.811	9912.000
628.010	9806.000
628.209	9895.000
628.407	9960.000
628.606	9909.000
628.804	10000.000
629.003	9928.000
629.202	9899.000
629.400	9929.000
629.599	9710.000
629.798	9689.000
629.996	9659.000
630.195	9762.000
630.394	9823.000
630.592	9776.000
630.791	9727.000
630.990	9786.000
631.188	9743.000
631.387	9602.000
631.585	9714.000
631.784	9598.000
631.983	9602.000
632.181	9785.000
632.380	9723.000
632.579	9751.000
632.777	9769.000
632.976	9744.000
633.175	9732.000
633.373	9738.000
633.572	9651.000
633.770	9544.000
633.969	9693.000
634.168	9572.000
634.366	9664.000
634.565	9781.000
634.764	9804.000
634.962	9741.000
635.161	9697.000
635.360	9575.000
635.558	9570.000
635.757	9653.000
635.955	9578.000
636.154	9605.000
636.353	9667.000
636.551	9626.000
636.750	9546.000
636.949	9661.000
637.147	9740.000
637.346	9628.000
637.545	9549.000
637.743	9631.000
637.942	9723.000
638.140	9679.000
638.339	9621.000
638.538	9650.000
638.736	9629.000
638.935	9621.000
639.134	9383.000
639.332	9416.000
639.531	9415.000
639.730	9461.000
639.928	9467.000
640.127	9511.000
640.325	9421.000
640.524	9374.000
640.723	9409.000
640.921	9333.000
641.120	9379.000
641.319	9313.000
641.517	9375.000
641.716	9368.000
641.915	9343.000
642.113	9263.000
642.312	9288.000
642.510	9301.000
642.709	9166.000
642.908	9239.000
643.106	9307.000
643.305	9311.000
643.504	9350.000
643.702	9338.000
643.901	9406.000
644.100	9399.000
644.298	9236.000
644.497	9280.000
644.696	9348.000
644.894	9301.000
645.093	9252.000
645.291	9243.000
645.490	9181.000
645.689	9065.000
645.887	9069.000
646.086	9015.000
646.285	8936.000
646.483	8938.000
646.682	8993.000
646.881	9011.000
647.079	8903.000
647.278	8895.000
647.476	8798.000
647.675	8892.000
647.874	8847.000
648.072	8914.000
648.271	8802.000
648.470	8874.000
648.668	8862.000
648.867	8659.000
649.066	8615.000
649.264	8555.000
649.463	8563.000
649.661	8682.000
649.860	8705.000
650.059	8729.000
650.257	8791.000
650.456	8786.000
650.655	8712.000
650.853	8628.000
651.052	8789.000
651.251	8787.000
651.449	8734.000
651.648	8650.000
651.846	8692.000
652.045	8717.000
652.244	8812.000
652.442	8873.000
652.641	8761.000
652.840	8747.000
653.038	8790.000
653.237	8837.000
653.436	8899.000
653.634	8838.000
653.833	8661.000
654.032	8576.000
654.230	8664.000
654.429	8620.000
654.627	8529.000
654.826	8562.000
655.025	8572.000
655.223	8300.000
655.422	8060.000
655.621	7904.000
655.819	7745.000
656.018	7724.000
656.217	7663.000
656.415	7706.000
656.614	7838.000
656.812	7799.000
657.011	7853.000
657.210	7844.000
657.408	7990.000
657.607	8108.000
657.806	8091.000
658.004	8182.000
658.203	8212.000
658.402	8213.000
658.600	8396.000
658.799	8483.000
658.997	8388.000
659.196	8426.000
659.395	8483.000
659.593	8389.000
659.792	8512.000
659.991	8567.000
660.189	8494.000
660.388	8572.000
660.587	8635.000
660.785	8531.000
660.984	8515.000
661.182	8565.000
661.381	8611.000
661.580	8560.000
661.778	8466.000
661.977	8496.000
662.176	8517.000
662.374	8543.000
662.573	8552.000
662.772	8433.000
662.970	8442.000
663.169	8465.000
663.367	8404.000
663.566	8390.000
663.765	8499.000
663.963	8480.000
664.162	8354.000
664.361	8318.000
664.559	8342.000
664.758	8461.000
664.957	8374.000
665.155	8238.000
665.354	8308.000
665.552	8219.000
665.751	8130.000
665.950	8218.000
666.148	8228.000
666.347	8218.000
666.546	8182.000
666.744	8205.000
666.943	8204.000
667.142	8135.000
667.340	8023.000
667.539	8098.000
667.738	8054.000
667.936	8149.000
668.135	8191.000
668.333	8191.000
668.532	8207.000
668.731	8196.000
668.929	8069.000
669.128	8058.000
669.327	8068.000
669.525	8048.000
669.724	8010.000
669.923	7974.000
670.121	7967.000
670.320	7939.000
670.518	7933.000
670.717	7964.000
670.916	7902.000
671.114	7810.000
671.313	7833.000
671.512	7816.000
671.710	7886.000
671.909	7793.000
672.108	7692.000
672.306	7753.000
672.505	7767.000
672.703	7745.000
672.902	7777.000
673.101	7750.000
673.299	7734.000
673.498	7675.000
673.697	7746.000
673.895	7659.000
674.094	7706.000
674.293	7675.000
674.491	7594.000
674.690	7451.000
674.888	7514.000
675.087	7539.000
675.286	7452.000
675.484	7608.000
675.683	7578.000
675.882	7363.000
676.080	7460.000
676.279	7500.000
676.478	7590.000
676.676	7526.000
676.875	7377.000
677.073	7336.000
677.272	7401.000
677.471	7308.000
677.669	7328.000
677.868	7378.000
678.067	7279.000
678.265	7367.000
678.464	7341.000
678.663	7314.000
678.861	7320.000
679.060	7236.000
679.259	7219.000
679.457	7169.000
679.656	7226.000
679.854	7114.000
680.053	7022.000
680.252	7039.000
680.450	7027.000
680.649	7110.000
680.848	7050.000
681.046	7082.000
681.245	6913.000
681.444	6905.000
681.642	7016.000
681.841	7051.000
682.039	7008.000
682.238	6960.000
682.437	6934.000
682.635	6890.000
682.834	6926.000
683.033	6912.000
683.231	6850.000
683.430	6784.000
683.629	6719.000
683.827	6716.000
684.026	6737.000
684.224	6712.000
684.423	6650.000
684.622	6662.000
684.820	6594.000
685.019	6606.000
685.218	6565.000
685.416	6555.000
685.615	6318.000
685.814	6145.000
686.012	6022.000
686.211	5808.000
686.409	5667.000
686.608	5466.000
686.807	5382.000
687.005	5452.000
687.204	5512.000
687.403	5490.000
687.601	5446.000
687.800	5399.000
687.999	5429.000
688.197	5305.000
688.396	5379.000
688.594	5429.000
688.793	5347.000
688.992	5481.000
689.190	5569.000
689.389	5512.000
689.588	5488.000
689.786	5504.000
689.985	5522.000
690.184	5553.000
690.382	5723.000
690.581	5678.000
690.779	5716.000
690.978	5739.000
691.177	5650.000
691.375	5654.000
691.574	5699.000
691.773	5719.000
691.971	5638.000
692.170	5656.000
692.369	5572.000
692.567	5601.000
692.766	5654.000
692.965	5564.000
693.163	5610.000
693.362	5592.000
693.560	5485.000
693.759	5515.000
693.958	5490.000
694.156	5510.000
694.355	5473.000
694.554	5406.000
694.752	5470.000
694.951	5500.000
695.150	5462.000
695.348	5412.000
695.547	5482.000
695.745	5629.000
695.944	5579.000
696.143	5582.000
696.341	5548.000
696.540	5565.000
696.743	5481.000
696.946	5478.000
697.149	5511.000
697.352	5541.000
697.555	5534.000
697.757	5511.000
697.960	5485.000
698.163	5419.000
698.366	5351.000
698.569	5428.000
698.772	5453.000
698.975	5336.000
699.178	5257.000
699.381	5262.000
699.584	5268.000
699.787	5270.000
699.989	5250.000
700.192	5231.000
700.395	5175.000
700.598	5138.000
700.801	5244.000
701.004	5239.000
701.207	5137.000
701.410	5123.000
701.613	5105.000
701.816	5138.000
702.019	5175.000
702.221	5212.000
702.424	5211.000
702.627	5155.000
702.830	5084.000
703.033	5079.000
703.236	5057.000
703.439	5101.000
703.642	5218.000
703.845	5190.000
704.048	5184.000
704.251	5175.000
704.453	5089.000
704.656	5054.000
704.859	5118.000
705.062	5093.000
705.265	5171.000
705.468	5119.000
705.671	5124.000
705.874	5087.000
706.077	5089.000
706.280	5083.000
706.483	5074.000
706.685	5026.000
706.888	5058.000
707.091	5102.000
707.294	5105.000
707.497	4995.000
707.700	5008.000
707.903	4989.000
708.106	4982.000
708.309	5064.000
708.512	4990.000
708.715	4946.000
708.917	4915.000
709.120	4978.000
709.323	4942.000
709.526	4870.000
709.729	4952.000
709.932	4967.000
710.135	4909.000
710.338	4913.000
710.541	4882.000
710.744	4787.000
710.947	4811.000
711.149	4816.000
711.352	4847.000
711.555	4829.000
711.758	4693.000
711.961	4665.000
712.164	4759.000
712.367	4767.000
712.570	4731.000
712.773	4685.000
712.976	4688.000
713.179	4735.000
713.381	4621.000
713.584	4583.000
713.787	4603.000
713.990	4583.000
714.193	4536.000
714.396	4470.000
714.599	4402.000
714.802	4490.000
715.005	4395.000
715.208	4377.000
715.411	4331.000
715.613	4224.000
715.816	4184.000
716.019	4038.000
716.222	3869.000
716.425	3840.000
716.628	3854.000
716.831	3787.000
717.034	3654.000
717.237	3589.000
717.440	3631.000
717.643	3618.000
717.845	3424.000
718.048	3300.000
718.251	3230.000
718.454	3270.000
718.657	3205.000
718.860	3198.000
719.063	3138.000
719.266	3207.000
719.469	3216.000
719.672	3174.000
719.875	3166.000
720.077	3306.000
720.280	3343.000
720.483	3368.000
720.686	3490.000
720.889	3482.000
721.092	3472.000
721.295	3545.000
721.498	3636.000
721.701	3540.000
721.904	3525.000
722.107	3507.000
722.309	3497.000
722.512	3460.000
722.715	3350.000
722.918	3308.000
723.121	3337.000
723.324	3284.000
723.527	3302.000
723.730	3281.000
723.933	3229.000
724.136	3182.000
724.339	3156.000
724.541	3192.000
724.744	3141.000
724.947	3078.000
725.150	3111.000
725.353	3138.000
725.556	3152.000
725.759	3203.000
725.962	3125.000
726.165	3074.000
726.368	3063.000
726.571	3048.000
726.773	3072.000
726.976	3026.000
727.179	3088.000
727.382	3123.000
727.585	3043.000
727.788	3085.000
727.991	3001.000
728.194	2876.000
728.397	2877.000
728.600	2898.000
728.803	3002.000
729.005	3025.000
729.208	3014.000
729.411	3055.000
729.614	2977.000
729.817	2934.000
730.020	2872.000
730.223	2877.000
730.426	2932.000
730.629	2887.000
730.832	2931.000
731.035	3037.000
731.237	3053.000
731.440	3012.000
731.643	3042.000
731.846	3145.000
732.049	3090.000
732.252	3069.000
732.455	3079.000
732.658	3051.000
732.861	3122.000
733.064	3123.000
733.267	3125.000
733.469	3052.000
733.672	3054.000
733.875	3134.000
734.078	3079.000
734.281	3023.000
734.484	3016.000
734.687	3032.000
734.890	3068.000
735.093	3084.000
735.296	3066.000
735.499	3069.000
735.701	3025.000
735.904	3025.000
736.107	2966.000
736.310	2984.000
736.513	3081.000
736.716	3054.000
736.919	2910.000
737.122	2908.000
737.325	2999.000
737.528	3024.000
737.731	2969.000
737.933	2950.000
738.136	2918.000
738.339	2879.000
738.542	2906.000
738.745	2838.000
738.948	2872.000
739.151	2951.000
739.354	2934.000
739.557	2884.000
739.760	2826.000
739.963	2824.000
740.165	2841.000
740.368	2881.000
740.571	2878.000
740.774	2866.000
740.977	2836.000
741.180	2768.000
741.383	2764.000
741.586	2785.000
741.789	2766.000
741.992	2780.000
742.195	2844.000
742.397	2764.000
742.600	2746.000
742.803	2740.000
743.006	2679.000
743.209	2709.000
743.412	2747.000
743.615	2669.000
743.818	2698.000
744.021	2742.000
744.224	2757.000
744.427	2708.000
744.629	2635.000
744.832	2687.000
745.035	2741.000
745.238	2718.000
745.441	2686.000
745.644	2623.000
745.847	2638.000
746.050	2565.000
746.253	2606.000
746.456	2679.000
746.659	2613.000
746.861	2595.000
747.064	2632.000
747.267	2638.000
747.470	2558.000
747.673	2527.000
747.876	2532.000
748.079	2498.000
748.282	2446.000
748.485	2496.000
748.688	2545.000
748.891	2476.000
749.093	2447.000
749.296	2482.000
749.499	2465.000
749.702	2418.000
749.905	2445.000
750.108	2388.000
750.311	2356.000
750.514	2349.000
750.717	2370.000
750.920	2400.000
751.123	2404.000
751.325	2403.000
751.528	2396.000
751.731	2388.000
751.934	2331.000
752.137	2329.000
752.340	2311.000
752.543	2328.000
752.746	2290.000
752.949	2234.000
753.152	2260.000
753.355	2319.000
753.557	2315.000
753.760	2304.000
753.963	2255.000
754.166	2203.000
754.369	2192.000
754.572	2170.000
754.775	2244.000
754.978	2307.000
755.181	2350.000
755.384	2318.000
755.587	2284.000
755.789	2162.000
755.992	2177.000
756.195	2110.000
756.398	2152.000
756.601	2237.000
756.804	2204.000
757.007	2142.000
757.210	2120.000
757.413	2116.000
757.616	2109.000
757.819	2067.000
758.021	2020.000
758.224	1898.000
758.427	1773.000
758.630	1632.000
758.833	1503.000
759.036	1351.000
759.239	1284.000
759.442	1183.000
759.645	1067.000
759.848	1001.000
760.051	1027.000
760.253	1023.000
760.456	1003.000
760.659	1013.000
760.862	1025.000
761.065	1017.000
761.268	1019.000
761.471	974.000
761.674	973.000
761.877	949.000
762.080	886.000
762.283	956.000
762.485	927.000
762.688	943.000
762.891	988.000
763.094	985.000
763.297	1019.000
763.500	1053.000
763.706	1081.000
763.912	1079.000
764.118	1137.000
764.325	1123.000
764.531	1169.000
764.737	1222.000
764.943	1232.000
765.149	1273.000
765.355	1327.000
765.561	1369.000
765.768	1380.000
765.974	1419.000
766.180	1441.000
766.386	1463.000
766.592	1491.000
766.798	1488.000
767.004	1556.000
767.210	1567.000
767.417	1587.000
767.623	1573.000
767.829	1558.000
768.035	1620.000
768.241	1619.000
768.447	1593.000
768.653	1660.000
768.860	1718.000
769.066	1696.000
769.272	1690.000
769.478	1673.000
769.684	1699.000
769.890	1630.000
770.096	1610.000
770.303	1600.000
770.509	1643.000
770.715	1699.000
770.921	1664.000
771.127	1648.000
771.333	1664.000
771.539	1620.000
771.745	1641.000
771.952	1615.000
772.158	1669.000
772.364	1655.000
772.570	1668.000
772.776	1650.000
772.982	1592.000
773.188	1566.000
773.395	1539.000
773.601	1582.000
773.807	1580.000
774.013	1544.000
774.219	1586.000
774.425	1621.000
774.631	1562.000
774.838	1567.000
775.044	1646.000
775.250	1572.000
775.456	1535.000
775.662	1594.000
775.868	1568.000
776.074	1515.000
776.281	1484.000
776.487	1494.000
776.693	1502.000
776.899	1530.000
777.105	1555.000
777.311	1539.000
777.517	1511.000
777.723	1474.000
777.930	1474.000
778.136	1468.000
778.342	1470.000
778.548	1467.000
778.754	1424.000
778.960	1387.000
779.166	1446.000
779.373	1502.000
779.579	1476.000
779.785	1404.000
779.991	1399.000
780.197	1435.000
780.403	1404.000
780.609	1407.000
780.816	1416.000
781.022	1385.000
781.228	1408.000
781.434	1434.000
781.640	1394.000
781.846	1372.000
782.052	1352.000
782.259	1316.000
782.465	1321.000
782.671	1359.000
782.877	1298.000
783.083	1302.000
783.289	1346.000
783.495	1298.000
783.701	1300.000
783.908	1329.000
784.114	1331.000
784.320	1318.000
784.526	1312.000
784.732	1291.000
784.938	1305.000
785.144	1277.000
785.351	1232.000
785.557	1275.000
785.763	1270.000
785.969	1238.000
786.175	1204.000
786.381	1158.000
786.587	1217.000
786.794	1272.000
787.000	1276.000
787.206	1238.000
787.412	1251.000
787.618	1185.000
787.824	1144.000
788.030	1160.000
788.236	1169.000
788.443	1192.000
788.649	1164.000
788.855	1139.000
789.061	1163.000
789.267	1190.000
789.473	1123.000
789.679	1086.000
789.886	1123.000
790.092	1149.000
790.298	1139.000
790.504	1156.000
790.710	1113.000
790.916	1069.000
791.122	1099.000
791.329	1096.000
791.535	1104.000
791.741	1038.000
791.947	1042.000
792.153	1039.000
792.359	1053.000
792.565	1121.000
792.771	1075.000
792.978	1050.000
793.184	1038.000
793.390	1032.000
793.596	1052.000
793.802	1025.000
794.008	1050.000
794.214	1045.000
794.421	1003.000
794.627	959.000
794.833	970.000
795.039	1004.000
795.245	998.000
795.451	1011.000
795.657	1044.000
795.864	1011.000
796.070	1017.000
796.276	1059.000
796.482	1039.000
796.688	995.000
796.894	950.000
797.100	944.000
797.307	971.000
797.513	974.000
797.719	962.000
797.925	957.000
798.131	938.000
798.337	940.000
798.543	932.000
798.749	986.000
798.956	973.000
799.162	927.000
799.368	922.000
799.574	901.000
799.780	913.000
799.986	894.000
800.192	893.000
800.399	889.000
800.605	890.000
800.811	911.000
801.017	910.000
801.223	911.000
801.429	942.000
801.635	910.000
801.842	856.000
802.048	883.000
802.254	894.000
802.460	870.000
802.666	878.000
802.872	873.000
803.078	864.000
803.285	890.000
803.491	895.000
803.697	858.000
803.903	881.000
804.109	870.000
804.315	846.000
804.521	839.000
804.727	876.000
804.934	850.000
805.140	824.000
805.346	839.000
805.552	863.000
805.758	881.000
805.964	865.000
806.170	835.000
806.377	837.000
806.583	859.000
806.789	824.000
806.995	806.000
807.201	791.000
807.407	780.000
807.613	849.000
807.820	823.000
808.026	777.000
808.232	736.000
808.438	736.000
808.644	778.000
808.850	778.000
809.056	815.000
809.262	842.000
809.469	801.000
809.675	777.000
809.881	774.000
810.087	750.000
810.293	758.000
810.499	748.000
810.705	762.000
810.912	754.000
811.118	726.000
811.324	739.000
811.530	758.000
811.739	725.000
811.947	686.000
812.156	672.000
812.365	668.000
812.573	652.000
812.782	647.000
812.990	641.000
813.199	627.000
813.408	594.000
813.616	589.000
813.825	597.000
814.034	632.000
814.242	622.000
814.451	593.000
814.659	580.000
814.868	566.000
815.077	562.000
815.285	584.000
815.494	562.000
815.703	582.000
815.911	556.000
816.120	538.000
816.329	512.000
816.537	510.000
816.746	535.000
816.954	586.000
817.163	546.000
817.372	506.000
817.580	537.000
817.789	528.000
817.998	539.000
818.206	569.000
818.415	530.000
818.624	487.000
818.832	503.000
819.041	499.000
819.249	525.000
819.458	540.000
819.667	504.000
819.875	535.000
820.084	530.000
820.293	537.000
820.501	561.000
820.710	582.000
820.919	576.000
821.127	559.000
821.336	506.000
821.544	458.000
821.753	467.000
821.962	516.000
822.170	500.000
822.379	491.000
822.588	479.000
822.796	503.000
823.005	504.000
823.213	492.000
823.422	508.000
823.631	510.000
823.839	507.000
824.048	493.000
824.257	523.000
824.465	543.000
824.674	482.000
824.883	512.000
825.091	517.000
825.300	535.000
825.508	502.000
825.717	501.000
825.926	547.000
826.134	531.000
826.343	506.000
826.552	497.000
826.760	502.000
826.969	486.000
827.178	481.000
827.386	519.000
827.595	499.000
827.803	479.000
828.012	475.000
828.221	466.000
828.429	480.000
828.638	436.000
828.847	474.000
829.055	497.000
829.264	479.000
829.472	496.000
829.681	458.000
829.890	433.000
830.098	444.000
830.307	453.000
830.516	430.000
830.724	448.000
830.933	460.000
831.142	438.000
831.350	467.000
831.559	518.000
831.767	518.000
831.976	477.000
832.185	426.000
832.393	443.000
832.602	458.000
832.811	451.000
833.019	437.000
833.228	451.000
833.437	392.000
833.645	414.000
833.854	430.000
834.062	417.000
834.271	407.000
834.480	382.000
834.688	448.000
834.897	487.000
835.106	452.000
835.314	468.000
835.523	446.000
835.731	402.000
835.940	399.000
836.149	419.000
836.357	445.000
836.566	462.000
836.775	461.000
836.983	482.000
837.192	414.000
837.401	413.000
837.609	443.000
837.818	465.000
838.026	433.000
838.235	399.000
838.444	418.000
838.652	409.000
838.861	421.000
839.070	431.000
839.278	450.000
839.487	418.000
839.696	435.000
839.904	454.000
840.113	448.000
840.321	406.000
840.530	415.000
840.739	432.000
840.947	432.000
841.156	457.000
841.365	417.000
841.573	454.000
841.782	440.000
841.991	439.000
842.199	467.000
842.408	435.000
842.616	404.000
842.825	410.000
843.034	403.000
843.242	395.000
843.451	390.000
843.660	369.000
843.868	403.000
844.077	406.000
844.285	390.000
844.494	402.000
844.703	357.000
844.911	366.000
845.120	427.000
845.329	434.000
845.537	371.000
845.746	346.000
845.955	379.000
846.163	412.000
846.372	409.000
846.580	376.000
846.789	390.000
846.998	366.000
847.206	367.000
847.415	374.000
847.624	378.000
847.832	349.000
848.041	357.000
848.250	388.000
848.458	383.000
848.667	396.000
848.875	370.000
849.084	351.000
849.293	352.000
849.501	336.000
849.710	362.000
849.919	353.000
850.127	351.000
850.336	359.000
850.544	349.000
850.753	394.000
850.962	372.000
851.170	357.000
851.379	361.000
851.588	346.000
851.796	372.000
852.005	392.000
852.214	344.000
852.422	315.000
852.631	322.000
852.839	315.000
853.048	327.000
853.257	356.000
853.465	267.000
853.674	323.000
853.883	345.000
854.091	308.000
854.300	273.000
854.509	290.000
854.717	312.000
854.926	308.000
855.134	337.000
855.343	341.000
855.552	331.000
855.760	287.000
855.969	274.000
856.178	276.000
856.386	311.000
856.595	364.000
856.803	335.000
857.012	260.000
857.221	308.000
857.429	325.000
857.638	350.000
857.847	347.000
858.055	327.000
858.264	309.000
858.473	290.000
858.681	313.000
858.890	288.000
859.098	258.000
859.307	274.000
859.516	261.000
859.724	265.000
859.933	295.000
860.142	305.000
860.350	327.000
860.559	313.000
860.768	269.000
860.976	277.000
861.185	283.000
861.393	315.000
861.602	312.000
861.811	327.000
862.019	319.000
862.228	278.000
862.437	281.000
862.645	282.000
862.854	281.000
863.062	275.000
863.271	263.000
863.480	310.000
863.688	291.000
863.897	271.000
864.106	279.000
864.314	285.000
864.523	267.000
864.732	259.000
864.940	221.000
865.149	247.000
865.357	243.000
865.566	232.000
865.775	235.000
865.983	252.000
866.192	243.000
866.401	259.000
866.609	276.000
866.818	248.000
867.027	236.000
867.235	248.000
867.444	256.000
867.652	283.000
867.861	268.000
868.070	234.000
868.278	228.000
868.487	251.000
868.696	243.000
868.904	202.000
869.113	231.000
869.321	250.000
869.530	253.000
869.739	261.000
869.947	278.000
870.156	255.000
870.365	211.000
870.573	175.000
870.782	217.000
870.991	264.000
871.199	239.000
871.408	208.000
871.616	227.000
871.825	224.000
872.034	225.000
872.242	238.000
872.451	213.000
872.660	193.000
872.868	216.000
873.077	213.000
873.286	242.000
873.494	242.000
873.703	223.000
873.911	212.000
874.120	190.000
874.329	206.000
874.537	216.000
874.746	210.000
874.955	196.000
875.163	215.000
875.372	180.000
875.581	161.000
875.789	202.000
875.998	212.000
876.206	229.000
876.415	193.000
876.624	188.000
876.832	176.000
877.041	163.000
877.250	162.000
877.458	139.000
877.667	167.000
877.875	214.000
878.084	199.000
878.293	200.000
878.501	198.000
878.710	193.000
878.919	206.000
879.127	180.000
879.336	142.000
879.545	179.000
879.753	190.000
879.962	175.000
880.170	170.000
880.379	212.000
880.588	210.000
880.796	190.000
881.005	185.000
881.214	216.000
881.422	193.000
881.631	161.000
881.840	187.000
882.048	219.000
882.257	207.000
882.465	200.000
882.674	186.000
882.883	178.000
883.091	201.000
883.300	211.000
883.509	197.000
883.717	203.000
883.926	251.000
884.134	204.000
884.343	161.000
884.552	187.000
884.760	176.000
884.969	192.000
885.178	142.000
885.386	141.000
885.595	143.000
885.804	167.000
886.012	194.000
886.221	186.000
886.429	182.000
886.638	145.000
886.847	181.000
887.055	197.000
887.264	201.000
887.473	212.000
887.681	240.000
887.890	191.000
888.099	172.000
888.307	151.000
888.516	145.000
888.724	170.000
888.933	172.000
889.142	148.000
889.350	123.000
889.559	150.000
889.768	146.000
889.976	153.000
890.185	153.000
890.393	156.000
890.602	158.000
890.811	118.000
891.019	118.000
891.228	147.000
891.437	132.000
891.645	130.000
891.854	118.000
892.063	97.000
892.271	119.000
892.480	163.000
892.688	144.000
892.897	130.000
893.106	148.000
893.314	137.000
893.523	76.000
893.732	101.000
893.940	163.000
894.149	127.000
894.358	130.000
894.566	161.000
894.775	144.000
894.983	121.000
895.192	132.000
895.401	131.000
895.609	110.000
895.818	149.000
896.027	142.000
896.235	149.000
896.444	159.000
896.652	136.000
896.861	128.000
897.070	132.000
897.278	110.000
897.487	134.000
897.696	146.000
897.904	168.000
898.113	119.000
898.322	72.000
898.530	103.000
898.739	112.000
898.947	108.000
899.156	97.000
899.365	92.000
899.573	93.000
899.782	91.000
899.991	111.000
900.199	128.000
900.408	123.000
900.617	116.000
900.825	106.000
901.034	120.000
901.242	83.000
901.451	107.000
901.660	91.000
901.868	83.000
902.077	79.000
902.286	105.000
902.494	114.000
902.703	94.000
902.911	83.000
903.120	102.000
903.329	98.000
903.537	131.000
903.746	115.000
903.955	100.000
904.163	96.000
904.372	106.000
904.581	156.000
904.789	145.000
904.998	94.000
905.206	103.000
905.415	102.000
905.624	76.000
905.832	107.000
906.041	137.000
906.250	149.000
906.458	135.000
906.667	82.000
906.876	63.000
907.084	53.000
907.293	70.000
907.501	77.000
907.710	69.000
907.919	84.000
908.127	129.000
908.336	119.000
908.545	107.000
908.753	105.000
908.962	105.000
909.170	84.000
909.379	90.000
909.588	96.000
909.796	105.000
910.005	83.000
910.214	67.000
910.422	102.000
910.631	58.000
910.840	87.000
911.048	96.000
911.257	71.000
911.465	115.000
911.674	105.000
911.883	56.000
912.091	66.000
912.300	75.000
912.508	85.000
912.716	104.000
912.924	75.000
913.132	79.000
913.340	97.000
913.549	100.000
913.757	95.000
913.965	103.000
914.173	50.000
914.381	60.000
914.589	63.000
914.797	66.000
915.005	50.000
915.213	67.000
915.421	77.000
915.629	82.000
915.838	74.000
916.046	107.000
916.254	96.000
916.462	79.000
916.670	78.000
916.878	74.000
917.086	91.000
917.294	102.000
917.502	73.000
917.710	32.000
917.919	54.000
918.127	108.000
918.335	111.000
918.543	125.000
918.751	106.000
918.959	96.000
919.167	54.000
919.375	69.000
919.583	82.000
919.791	76.000
919.999	94.000
920.208	123.000
920.416	132.000
920.624	113.000
920.832	64.000
921.040	88.000
921.248	109.000
921.456	66.000
921.664	49.000
921.872	76.000
922.080	108.000
922.288	79.000
922.497	82.000
922.705	114.000
922.913	101.000
923.121	90.000
923.329	92.000
923.537	115.000
923.745	89.000
923.953	52.000
924.161	91.000
924.369	68.000
924.578	61.000
924.786	107.000
924.994	104.000
925.202	105.000
925.410	79.000
925.618	94.000
925.826	85.000
926.034	44.000
926.242	33.000
926.450	64.000
926.658	117.000
926.867	110.000
927.075	94.000
927.283	58.000
927.491	51.000
927.699	61.000
927.907	35.000
928.115	54.000
928.323	60.000
928.531	56.000
928.739	46.000
928.947	70.000
929.156	85.000
929.364	70.000
929.572	37.000
929.780	56.000
929.988	81.000
930.196	106.000
930.404	82.000
930.612	90.000
930.820	76.000
931.028	23.000
931.236	22.000
931.445	21.000
931.653	18.000
931.861	8.000
932.069	18.000
932.277	48.000
932.485	104.000
932.693	98.000
932.901	55.000
933.109	27.000
933.317	47.000
933.526	55.000
933.734	14.000
933.942	18.000
934.150	42.000
934.358	30.000
934.566	20.000
934.774	35.000
934.982	38.000
935.190	34.000
935.398	48.000
935.606	58.000
935.815	39.000
936.023	35.000
936.231	8.000
936.439	18.000
936.647	50.000
936.855	21.000
937.063	24.000
937.271	42.000
937.479	47.000
937.687	22.000
937.895	29.000
938.104	4.000
938.312	44.000
938.520	78.000
938.728	85.000
938.936	95.000
939.144	65.000
939.352	55.000
939.560	30.000
939.768	34.000
939.976	-8.000
940.185	21.000
940.393	60.000
940.601	28.000
940.809	48.000
941.017	67.000
941.225	46.000
941.433	36.000
941.641	12.000
941.849	-22.000
942.057	8.000
942.265	71.000
942.474	64.000
942.682	54.000
942.890	74.000
943.098	38.000
943.306	26.000
943.514	30.000
943.722	52.000
943.930	65.000
944.138	52.000
944.346	60.000
944.554	56.000
944.763	42.000
944.971	48.000
945.179	50.000
945.387	74.000
945.595	57.000
945.803	51.000
946.011	50.000
946.219	61.000
946.427	51.000
946.635	6.000
946.843	31.000
947.052	40.000
947.260	63.000
947.468	40.000
947.676	2.000
947.884	59.000
948.092	43.000
948.300	44.000
948.508	69.000
948.716	77.000
948.924	61.000
949.133	70.000
949.341	66.000
949.549	17.000
949.757	1.000
949.965	41.000
950.173	10.000
950.381	10.000
950.589	12.000
950.797	40.000
951.005	50.000
951.213	33.000
951.422	12.000
951.630	-3.000
951.838	36.000
952.046	58.000
952.254	25.000
952.462	50.000
952.670	48.000
952.878	32.000
953.086	12.000
953.294	25.000
953.502	44.000
953.711	44.000
953.919	27.000
954.127	45.000
954.335	47.000
954.543	70.000
954.751	66.000
954.959	62.000
955.167	63.000
955.375	52.000
955.583	51.000
955.792	54.000
956.000	55.000
956.208	48.000
956.416	40.000
956.624	34.000
956.832	55.000
957.040	33.000
957.248	22.000
957.456	37.000
957.664	-3.000
957.872	-13.000
958.081	41.000
958.289	30.000
958.497	48.000
958.705	93.000
958.913	64.000
959.121	48.000
959.329	54.000
959.537	6.000
959.745	0.000
959.953	28.000
960.161	62.000
960.370	55.000
960.578	94.000
960.786	103.000
960.994	62.000
961.202	54.000
961.410	58.000
961.618	44.000
961.826	12.000
962.034	4.000
962.242	-9.000
962.451	-1.000
962.659	12.000
962.867	10.000
963.075	46.000
963.283	48.000
963.491	24.000
963.699	23.000
963.907	30.000
964.115	10.000
964.323	-12.000
964.531	54.000
964.740	55.000
964.948	60.000
965.156	51.000
965.364	31.000
965.572	63.000
965.780	64.000
965.999	60.000
966.218	30.000
966.438	7.000
966.657	47.000
966.876	71.000
967.095	89.000
967.315	90.000
967.534	61.000
967.753	49.000
967.972	64.000
968.192	38.000
968.411	42.000
968.630	40.000
968.849	58.000
969.068	57.000
969.288	32.000
969.507	14.000
969.726	19.000
969.945	24.000
970.165	41.000
970.384	18.000
970.603	40.000
970.822	59.000
971.042	23.000
971.261	27.000
971.480	58.000
971.699	55.000
971.919	19.000
972.138	28.000
972.357	29.000
972.576	16.000
972.795	55.000
973.015	53.000
973.234	27.000
973.453	11.000
973.672	18.000
973.892	40.000
974.111	33.000
974.330	14.000
974.549	37.000
974.769	23.000
974.988	19.000
975.207	25.000
975.426	12.000
975.646	22.000
975.865	27.000
976.084	51.000
976.303	50.000
976.522	31.000
976.742	15.000
976.961	3.000
977.180	25.000
977.399	54.000
977.619	54.000
977.838	33.000
978.057	24.000
978.276	29.000
978.496	17.000
978.715	34.000
978.934	34.000
979.153	12.000
979.372	22.000
979.592	48.000
979.811	62.000
980.030	31.000
980.249	29.000
980.469	36.000
980.688	25.000
980.907	17.000
981.126	10.000
981.346	-5.000
981.565	36.000
981.784	-8.000
982.003	10.000
982.223	73.000
982.442	98.000
982.661	66.000
982.880	33.000
983.099	27.000
983.319	38.000
983.538	36.000
983.757	80.000
983.976	85.000
984.196	59.000
984.415	24.000
984.634	-9.000
984.853	-26.000
985.073	-7.000
985.292	23.000
985.511	32.000
985.730	107.000
985.949	88.000
986.169	84.000
986.388	81.000
986.607	43.000
986.826	23.000
987.046	25.000
987.265	32.000
987.484	21.000
987.703	9.000
987.923	25.000
988.142	37.000
988.361	5.000
988.580	16.000
988.800	34.000
989.019	11.000
989.238	42.000
989.457	99.000
989.676	86.000
989.896	53.000
990.115	21.000
990.334	14.000
990.553	39.000
990.773	27.000
990.992	9.000
991.211	33.000
991.430	55.000
991.650	38.000
991.869	22.000
992.088	25.000
992.307	64.000
992.527	66.000
992.746	32.000
992.965	9.000
993.184	46.000
993.403	45.000
993.623	42.000
993.842	14.000
994.061	10.000
994.280	28.000
994.500	22.000
994.719	26.000
994.938	26.000
995.157	7.000
995.377	18.000
995.596	38.000
995.815	37.000
996.034	28.000
996.253	-8.000
996.473	32.000
996.692	63.000
996.911	53.000
997.130	52.000
997.350	62.000
997.569	65.000
997.788	51.000
998.007	12.000
998.227	-26.000
998.446	10.000
998.665	68.000
998.884	53.000
999.104	54.000
999.323	28.000
999.542	-4.000
999.761	-1.000
999.980	8.000
1000.200	29.000
1000.419	29.000
1000.638	87.000
1000.857	89.000
1001.077	87.000
1001.296	79.000
1001.515	51.000
1001.734	37.000
1001.954	20.000
1002.173	57.000
1002.392	66.000
1002.611	24.000
1002.830	22.000
1003.050	25.000
1003.269	25.000
1003.488	23.000
1003.707	35.000
1003.927	22.000
1004.146	4.000
1004.365	22.000
1004.584	42.000
1004.804	36.000
1005.023	36.000
1005.242	62.000
1005.461	38.000
1005.681	29.000
1005.900	33.000
1006.119	27.000
1006.338	36.000
1006.557	41.000
1006.777	26.000
1006.996	61.000
1007.215	64.000
1007.434	64.000
1007.654	61.000
1007.873	78.000
1008.092	49.000
1008.311	14.000
1008.531	27.000
1008.750	28.000
1008.969	6.000
1009.188	45.000
1009.407	44.000
1009.627	22.000
1009.846	4.000
1010.065	16.000
1010.284	14.000
1010.504	14.000
1010.723	24.000
1010.942	15.000
1011.161	28.000
1011.381	22.000
1011.600	31.000
1011.819	26.000
1012.038	13.000
1012.258	45.000
1012.477	30.000
1012.696	32.000
1012.915	23.000
1013.134	23.000
1013.354	-13.000
1013.573	28.000
1013.792	64.000
1014.011	20.000
1014.231	19.000
1014.450	48.000
1014.669	54.000
1014.888	32.000
1015.108	26.000
1015.327	18.000
1015.546	13.000
1015.765	70.000
1015.984	100.000
1016.204	82.000
1016.423	76.000
1016.642	76.000
1016.861	21.000
1017.081	19.000
1017.300	28.000
1017.519	-1.000
