296.912	385.000
297.101	122.000
297.290	134.000
297.479	272.000
297.668	-109.000
297.858	15.000
298.047	290.000
298.236	66.000
298.425	-40.000
298.614	-29.000
298.803	-133.000
298.992	6.000
299.181	64.000
299.370	-53.000
299.559	-93.000
299.748	64.000
299.937	182.000
300.126	302.000
300.315	-90.000
300.504	11.000
300.693	210.000
300.882	113.000
301.071	34.000
301.260	114.000
301.449	-2.000
301.638	131.000
301.827	48.000
302.016	110.000
302.205	-33.000
302.395	-265.000
302.584	-181.000
302.773	93.000
302.962	79.000
303.151	-114.000
303.340	-167.000
303.529	-235.000
303.718	-110.000
303.907	-120.000
304.096	0.000
304.285	15.000
304.474	-161.000
304.663	-166.000
304.852	58.000
305.041	182.000
305.230	-12.000
305.419	-127.000
305.608	0.000
305.797	94.000
305.986	-119.000
306.175	-286.000
306.364	-244.000
306.553	-126.000
306.743	-71.000
306.932	9.000
307.121	90.000
307.310	80.000
307.499	10.000
307.688	-167.000
307.877	58.000
308.066	126.000
308.255	-23.000
308.444	169.000
308.633	47.000
308.822	-61.000
309.011	-307.000
309.200	-213.000
309.389	-9.000
309.578	-19.000
309.767	5.000
309.956	-81.000
310.145	-147.000
310.334	-127.000
310.523	-120.000
310.712	-272.000
310.901	-204.000
311.091	1.000
311.280	-23.000
311.469	-192.000
311.658	28.000
311.847	72.000
312.036	-74.000
312.225	19.000
312.414	-95.000
312.603	-10.000
312.792	338.000
312.981	221.000
313.170	54.000
313.349	8.000
313.527	-31.000
313.706	-29.000
313.884	107.000
314.063	136.000
314.241	79.000
314.420	179.000
314.598	85.000
314.777	250.000
314.955	137.000
315.134	87.000
315.312	-129.000
315.491	-123.000
315.669	-43.000
315.848	-97.000
316.027	-83.000
316.205	-29.000
316.384	-122.000
316.562	-93.000
316.741	-201.000
316.919	-28.000
317.098	-15.000
317.276	-307.000
317.455	-191.000
317.633	80.000
317.812	49.000
317.990	-110.000
318.169	134.000
318.347	228.000
318.526	223.000
318.705	-7.000
318.883	9.000
319.062	157.000
319.240	264.000
319.419	-74.000
319.597	112.000
319.776	48.000
319.954	-104.000
320.133	-215.000
320.311	-130.000
320.490	110.000
320.668	-42.000
320.847	-61.000
321.025	-6.000
321.204	163.000
321.382	120.000
321.561	-88.000
321.740	-4.000
321.918	284.000
322.097	208.000
322.275	12.000
322.454	-143.000
322.632	-74.000
322.811	-62.000
322.989	-255.000
323.168	-205.000
323.346	-131.000
323.525	-150.000
323.703	-259.000
323.882	-174.000
324.060	52.000
324.239	108.000
324.418	50.000
324.596	131.000
324.775	-71.000
324.953	-171.000
325.132	-157.000
325.310	38.000
325.489	100.000
325.667	31.000
325.846	-43.000
326.024	80.000
326.203	224.000
326.381	-39.000
326.560	-32.000
326.738	77.000
326.917	136.000
327.096	20.000
327.274	-88.000
327.453	-243.000
327.631	-135.000
327.810	-31.000
327.988	-223.000
328.167	-139.000
328.345	-88.000
328.524	-34.000
328.702	30.000
328.881	-69.000
329.059	-42.000
329.238	-45.000
329.416	37.000
329.595	-50.000
329.774	47.000
329.952	65.000
330.131	80.000
330.309	21.000
330.488	141.000
330.666	-52.000
330.845	-197.000
331.023	-85.000
331.202	-14.000
331.380	-77.000
331.559	-22.000
331.737	-29.000
331.916	-202.000
332.094	27.000
332.273	199.000
332.452	-138.000
332.630	3.000
332.809	47.000
332.987	-149.000
333.166	-56.000
333.344	60.000
333.523	14.000
333.701	-173.000
333.880	-127.000
334.058	-44.000
334.237	16.000
334.415	-42.000
334.594	-38.000
334.772	-214.000
334.951	-227.000
335.129	-325.000
335.308	-38.000
335.487	143.000
335.665	-21.000
335.844	78.000
336.022	441.000
336.201	202.000
336.379	-123.000
336.558	-29.000
336.736	64.000
336.915	188.000
337.093	225.000
337.272	-81.000
337.450	-131.000
337.629	20.000
337.807	-78.000
337.986	-9.000
338.165	195.000
338.343	172.000
338.522	125.000
338.700	28.000
338.879	-105.000
339.057	216.000
339.236	201.000
339.414	-63.000
339.593	-134.000
339.771	28.000
339.950	110.000
340.128	-33.000
340.307	-25.000
340.485	77.000
340.664	188.000
340.843	34.000
341.021	257.000
341.200	174.000
341.378	161.000
341.557	180.000
341.735	88.000
341.914	-57.000
342.092	-53.000
342.271	8.000
342.449	-81.000
342.628	-113.000
342.806	-249.000
342.985	-56.000
343.163	123.000
343.342	51.000
343.521	-42.000
343.699	-135.000
343.878	-42.000
344.056	109.000
344.235	-146.000
344.413	-218.000
344.592	-25.000
344.770	17.000
344.949	103.000
345.127	-116.000
345.306	-68.000
345.484	57.000
345.663	18.000
345.841	-68.000
346.020	182.000
346.199	251.000
346.377	-82.000
346.556	167.000
346.734	357.000
346.913	-38.000
347.091	-63.000
347.270	-20.000
347.448	16.000
347.627	-75.000
347.805	-30.000
347.984	-97.000
348.162	-207.000
348.341	-49.000
348.519	30.000
348.698	-165.000
348.876	-181.000
349.055	-27.000
349.234	56.000
349.412	-25.000
349.591	-167.000
349.769	-122.000
349.948	244.000
350.126	269.000
350.305	87.000
350.483	105.000
350.662	-171.000
350.840	-179.000
351.019	-142.000
351.197	37.000
351.376	-43.000
351.554	-40.000
351.733	153.000
351.912	185.000
352.090	71.000
352.269	51.000
352.447	73.000
352.626	14.000
352.804	17.000
352.983	-148.000
353.161	-27.000
353.340	187.000
353.518	-12.000
353.697	21.000
353.875	211.000
354.054	363.000
354.232	228.000
354.411	122.000
354.590	-12.000
354.768	105.000
354.947	-155.000
355.125	-199.000
355.304	-133.000
355.482	-59.000
355.661	-20.000
355.839	-174.000
356.018	-99.000
356.196	-17.000
356.375	-124.000
356.553	-112.000
356.732	-179.000
356.910	-156.000
357.089	-52.000
357.268	43.000
357.446	331.000
357.625	253.000
357.803	35.000
357.982	-214.000
358.160	-153.000
358.339	19.000
358.517	-23.000
358.696	-146.000
358.874	-83.000
359.053	22.000
359.231	-175.000
359.410	-108.000
359.588	-113.000
359.767	-11.000
359.945	15.000
360.124	-127.000
360.303	-152.000
360.481	-51.000
360.660	-39.000
360.838	-80.000
361.017	-113.000
361.195	-1.000
361.374	-13.000
361.552	14.000
361.731	40.000
361.909	21.000
362.088	-178.000
362.266	-257.000
362.445	-214.000
362.623	21.000
362.802	27.000
362.981	-138.000
363.159	9.000
363.338	-15.000
363.516	6.000
363.695	63.000
363.873	44.000
364.052	9.000
364.230	160.000
364.409	31.000
364.587	-43.000
364.766	-12.000
364.944	104.000
365.123	135.000
365.301	-43.000
365.480	128.000
365.660	-24.000
365.839	-36.000
366.019	242.000
366.199	224.000
366.379	148.000
366.558	-172.000
366.738	209.000
366.918	209.000
367.098	-306.000
367.277	-177.000
367.457	62.000
367.637	-8.000
367.816	-110.000
367.996	-117.000
368.176	-26.000
368.356	221.000
368.535	272.000
368.715	340.000
368.895	297.000
369.075	71.000
369.254	13.000
369.434	73.000
369.614	260.000
369.793	120.000
369.973	180.000
370.153	58.000
370.333	-47.000
370.512	97.000
370.692	62.000
370.872	-112.000
371.051	19.000
371.231	354.000
371.411	352.000
371.591	53.000
371.770	-27.000
371.950	45.000
372.130	-63.000
372.310	-161.000
372.489	-40.000
372.669	-14.000
372.849	-133.000
373.028	25.000
373.208	117.000
373.388	65.000
373.568	17.000
373.747	-23.000
373.927	-75.000
374.107	-101.000
374.287	-100.000
374.466	-240.000
374.646	-140.000
374.826	47.000
375.005	-125.000
375.185	-184.000
375.365	130.000
375.545	378.000
375.724	100.000
375.904	41.000
376.084	-53.000
376.263	9.000
376.443	85.000
376.623	45.000
376.803	44.000
376.982	31.000
377.162	-115.000
377.342	-157.000
377.522	9.000
377.701	175.000
377.881	11.000
378.061	58.000
378.240	-125.000
378.420	-125.000
378.600	-54.000
378.780	-43.000
378.959	-61.000
379.139	219.000
379.319	158.000
379.499	-24.000
379.678	70.000
379.858	202.000
380.038	-11.000
380.217	-51.000
380.397	89.000
380.577	100.000
380.757	-61.000
380.936	-104.000
381.116	3.000
381.296	144.000
381.476	93.000
381.655	-238.000
381.835	-86.000
382.015	152.000
382.194	107.000
382.374	3.000
382.554	-74.000
382.734	93.000
382.913	4.000
383.093	-47.000
383.273	189.000
383.452	461.000
383.632	99.000
383.812	-110.000
383.992	27.000
384.171	209.000
384.351	-11.000
384.531	-17.000
384.711	-39.000
384.890	28.000
385.070	-48.000
385.250	58.000
385.429	333.000
385.609	198.000
385.789	33.000
385.969	-67.000
386.148	-46.000
386.328	233.000
386.508	234.000
386.688	-46.000
386.867	21.000
387.047	84.000
387.227	88.000
387.406	-37.000
387.586	52.000
387.766	167.000
387.946	31.000
388.125	-35.000
388.305	-39.000
388.485	-21.000
388.664	89.000
388.844	169.000
389.024	147.000
389.204	163.000
389.383	40.000
389.563	-54.000
389.743	87.000
389.923	118.000
390.102	47.000
390.282	-24.000
390.462	172.000
390.641	125.000
390.821	-92.000
391.001	-62.000
391.181	124.000
391.360	353.000
391.540	133.000
391.720	-208.000
391.900	-122.000
392.079	-45.000
392.259	-43.000
392.439	-110.000
392.618	23.000
392.798	194.000
392.978	32.000
393.158	-162.000
393.337	75.000
393.517	307.000
393.697	321.000
393.877	271.000
394.056	147.000
394.236	400.000
394.416	253.000
394.595	-175.000
394.775	38.000
394.955	167.000
395.135	-84.000
395.314	-256.000
395.494	53.000
395.674	241.000
395.853	-125.000
396.033	100.000
396.213	362.000
396.393	29.000
396.572	83.000
396.752	26.000
396.932	144.000
397.112	71.000
397.291	103.000
397.471	6.000
397.651	-173.000
397.830	-189.000
398.010	114.000
398.190	154.000
398.370	22.000
398.549	247.000
398.729	61.000
398.909	-114.000
399.089	-35.000
399.268	261.000
399.448	93.000
399.628	-95.000
399.807	33.000
399.987	88.000
400.167	36.000
400.347	9.000
400.526	78.000
400.706	31.000
400.886	-99.000
401.065	-187.000
401.245	-51.000
401.425	116.000
401.605	57.000
401.784	134.000
401.964	276.000
402.144	360.000
402.324	51.000
402.503	-267.000
402.683	-164.000
402.863	64.000
403.042	-101.000
403.222	-140.000
403.402	99.000
403.582	43.000
403.761	-120.000
403.941	16.000
404.121	-59.000
404.301	-165.000
404.480	53.000
404.660	70.000
404.844	259.000
405.029	196.000
405.213	106.000
405.398	-96.000
405.582	-131.000
405.767	-21.000
405.951	-110.000
406.136	-66.000
406.320	-11.000
406.505	169.000
406.689	156.000
406.874	-60.000
407.058	61.000
407.243	99.000
407.427	4.000
407.612	2.000
407.796	-99.000
407.981	56.000
408.165	117.000
408.350	113.000
408.534	-227.000
408.719	-228.000
408.903	-69.000
409.088	-26.000
409.272	-57.000
409.457	237.000
409.641	101.000
409.826	19.000
410.010	327.000
410.195	217.000
410.379	137.000
410.564	288.000
410.748	262.000
410.933	139.000
411.117	57.000
411.302	71.000
411.486	2.000
411.671	187.000
411.855	70.000
412.040	-187.000
412.224	-240.000
412.409	-174.000
412.593	-50.000
412.778	-186.000
412.962	-280.000
413.147	107.000
413.331	354.000
413.516	165.000
413.700	22.000
413.885	385.000
414.069	169.000
414.254	217.000
414.438	162.000
414.623	16.000
414.807	-1.000
414.992	-223.000
415.176	-99.000
415.361	140.000
415.545	266.000
415.730	145.000
415.914	-55.000
416.099	406.000
416.283	308.000
416.468	-123.000
416.652	30.000
416.837	262.000
417.021	218.000
417.206	-18.000
417.390	-263.000
417.575	-174.000
417.759	-105.000
417.944	-91.000
418.128	109.000
418.313	93.000
418.497	-118.000
418.682	-13.000
418.866	279.000
419.051	-34.000
419.235	-2.000
419.420	286.000
419.604	240.000
419.789	246.000
419.973	93.000
420.158	-100.000
420.342	-120.000
420.527	136.000
420.711	250.000
420.896	269.000
421.080	118.000
421.265	197.000
421.449	78.000
421.634	14.000
421.818	235.000
422.003	67.000
422.187	-45.000
422.372	87.000
422.556	0.000
422.741	172.000
422.925	351.000
423.110	51.000
423.294	14.000
423.479	265.000
423.663	351.000
423.848	160.000
424.032	17.000
424.217	288.000
424.401	243.000
424.586	-109.000
424.770	-11.000
424.955	320.000
425.139	323.000
425.324	59.000
425.508	25.000
425.693	318.000
425.877	495.000
426.062	175.000
426.246	280.000
426.431	347.000
426.615	241.000
426.800	211.000
426.984	148.000
427.169	345.000
427.353	397.000
427.538	18.000
427.722	172.000
427.907	407.000
428.091	342.000
428.276	342.000
428.460	401.000
428.645	633.000
428.829	445.000
429.014	217.000
429.198	308.000
429.383	652.000
429.567	729.000
429.752	314.000
429.936	518.000
430.121	612.000
430.305	563.000
430.490	278.000
430.674	455.000
430.859	725.000
431.043	629.000
431.228	490.000
431.412	482.000
431.597	617.000
431.781	566.000
431.966	571.000
432.150	633.000
432.335	627.000
432.519	500.000
432.704	537.000
432.888	704.000
433.073	566.000
433.257	596.000
433.442	793.000
433.626	612.000
433.811	782.000
433.995	701.000
434.180	418.000
434.364	717.000
434.549	1010.000
434.733	909.000
434.918	675.000
435.102	939.000
435.287	1001.000
435.471	786.000
435.656	757.000
435.840	900.000
436.030	926.000
436.219	662.000
436.409	854.000
436.599	919.000
436.789	948.000
436.978	865.000
437.168	820.000
437.358	965.000
437.548	955.000
437.737	927.000
437.927	984.000
438.117	1229.000
438.306	1397.000
438.496	1188.000
438.686	1157.000
438.876	1094.000
439.065	1498.000
439.255	1445.000
439.445	1021.000
439.634	1154.000
439.824	1464.000
440.014	1279.000
440.204	1293.000
440.393	1554.000
440.583	1811.000
440.773	1426.000
440.963	1195.000
441.152	1207.000
441.342	1547.000
441.532	1615.000
441.721	1288.000
441.911	1469.000
442.101	1597.000
442.291	1585.000
442.480	1550.000
442.670	1734.000
442.860	1949.000
443.050	1977.000
443.239	1982.000
443.429	2059.000
443.619	2053.000
443.808	1869.000
443.998	1885.000
444.188	2225.000
444.378	2429.000
444.567	2084.000
444.757	2137.000
444.947	2336.000
445.137	2516.000
445.326	2653.000
445.516	2599.000
445.706	2707.000
445.895	2989.000
446.085	3112.000
446.275	2807.000
446.465	2776.000
446.654	3165.000
446.844	3059.000
447.034	2951.000
447.223	3016.000
447.413	3326.000
447.603	3359.000
447.793	3002.000
447.982	3272.000
448.172	3158.000
448.362	3332.000
448.552	3249.000
448.741	3392.000
448.931	3599.000
449.121	3488.000
449.310	3480.000
449.500	3711.000
449.690	3828.000
449.880	3706.000
450.069	3766.000
450.259	3848.000
450.449	3780.000
450.639	3973.000
450.828	3908.000
451.018	4094.000
451.208	4199.000
451.397	4125.000
451.587	4094.000
451.777	4130.000
451.967	4325.000
452.156	4398.000
452.346	4320.000
452.536	4556.000
452.725	4546.000
452.915	4322.000
453.105	4115.000
453.295	4293.000
453.484	4502.000
453.674	4641.000
453.864	4371.000
454.054	4479.000
454.243	4474.000
454.433	4285.000
454.623	4178.000
454.812	4162.000
455.002	4487.000
455.192	4399.000
455.382	4066.000
455.571	4054.000
455.761	4143.000
455.951	4297.000
456.141	4092.000
456.330	4236.000
456.520	4372.000
456.710	4202.000
456.899	3797.000
457.089	3861.000
457.279	4060.000
457.469	3856.000
457.658	3501.000
457.848	3705.000
458.038	3973.000
458.228	3842.000
458.417	3588.000
458.607	3741.000
458.797	3858.000
458.986	3561.000
459.176	3395.000
459.366	3344.000
459.556	3299.000
459.745	3277.000
459.935	3075.000
460.125	3185.000
460.314	3065.000
460.504	2909.000
460.694	3133.000
460.884	3445.000
461.073	3017.000
461.263	2912.000
461.453	2908.000
461.643	2953.000
461.832	2995.000
462.022	2836.000
462.212	2800.000
462.401	2933.000
462.591	2934.000
462.781	2777.000
462.971	2589.000
463.160	2487.000
463.350	2605.000
463.540	2468.000
463.730	2434.000
463.919	2525.000
464.109	2471.000
464.299	2549.000
464.488	2725.000
464.678	2455.000
464.868	2595.000
465.058	2463.000
465.247	2523.000
465.437	2647.000
465.627	2603.000
465.816	2418.000
466.006	2095.000
466.196	2196.000
466.386	2552.000
466.575	2462.000
466.765	2220.000
466.955	2311.000
467.145	2481.000
467.334	2236.000
467.524	2058.000
467.714	2056.000
467.903	2297.000
468.093	2083.000
468.283	2110.000
468.473	2343.000
468.662	2353.000
468.852	2309.000
469.042	2278.000
469.232	2423.000
469.421	2565.000
469.611	2294.000
469.801	2250.000
469.990	2344.000
470.180	2282.000
470.370	2075.000
470.560	2132.000
470.749	2195.000
470.939	2521.000
471.129	2365.000
471.318	2078.000
471.508	2069.000
471.698	2222.000
471.888	1975.000
472.077	1760.000
472.267	2089.000
472.457	2252.000
472.647	1826.000
472.836	1695.000
473.026	1914.000
473.216	2126.000
473.405	2023.000
473.595	1925.000
473.785	1981.000
473.975	2189.000
474.164	1847.000
474.354	1494.000
474.544	1757.000
474.734	2145.000
474.923	1831.000
475.113	1459.000
475.303	1413.000
475.492	1828.000
475.682	1877.000
475.872	1605.000
476.062	1598.000
476.251	1849.000
476.441	1533.000
476.631	1392.000
476.821	1337.000
477.010	1504.000
477.200	1461.000
477.390	1511.000
477.579	1710.000
477.769	1782.000
477.959	1676.000
478.149	1411.000
478.338	1623.000
478.528	2014.000
478.718	1563.000
478.907	1337.000
479.097	1337.000
479.287	1470.000
479.477	1406.000
479.666	1324.000
479.856	1725.000
480.046	1618.000
480.236	1467.000
480.425	1289.000
480.615	1512.000
480.805	1575.000
480.994	1510.000
481.184	1398.000
481.374	1678.000
481.564	1947.000
481.753	1692.000
481.943	1347.000
482.133	1655.000
482.323	1522.000
482.512	1390.000
482.702	1371.000
482.892	1255.000
483.081	1376.000
483.271	1604.000
483.461	1459.000
483.651	1526.000
483.840	1774.000
484.030	1500.000
484.220	1232.000
484.409	1479.000
484.599	1727.000
484.789	1364.000
484.979	1226.000
485.168	1427.000
485.358	1447.000
485.548	1279.000
485.738	1584.000
485.927	1690.000
486.117	1573.000
486.307	1476.000
486.496	1233.000
486.686	1289.000
486.876	1482.000
487.066	1490.000
487.255	1372.000
487.445	1694.000
487.635	1830.000
487.825	1469.000
488.014	1369.000
488.204	1633.000
488.394	1857.000
488.583	1782.000
488.773	1521.000
488.963	1650.000
489.153	1978.000
489.342	1823.000
489.532	1572.000
489.722	1736.000
489.912	2072.000
490.101	1944.000
490.291	1633.000
490.481	1819.000
490.670	1980.000
490.860	1693.000
491.050	1669.000
491.240	1890.000
491.429	2037.000
491.619	1865.000
491.809	1664.000
491.998	1792.000
492.188	1953.000
492.378	1915.000
492.568	1556.000
492.757	1856.000
492.947	2163.000
493.137	1921.000
493.327	1753.000
493.516	1775.000
493.706	2163.000
493.896	1844.000
494.085	1698.000
494.275	1933.000
494.465	2061.000
494.655	2041.000
494.844	2039.000
495.034	1942.000
495.224	2250.000
495.414	2315.000
495.603	2131.000
495.793	2033.000
495.983	2233.000
496.172	2143.000
496.362	1949.000
496.552	2191.000
496.742	2250.000
496.931	2186.000
497.121	2107.000
497.311	2210.000
497.500	2677.000
497.690	2566.000
497.880	2002.000
498.070	1945.000
498.259	2257.000
498.449	2227.000
498.639	2077.000
498.829	2353.000
499.018	2736.000
499.208	2516.000
499.398	2218.000
499.587	2425.000
499.777	2633.000
499.967	2471.000
500.157	2410.000
500.346	2530.000
500.536	2662.000
500.726	2599.000
500.916	2563.000
501.105	2644.000
501.295	2954.000
501.485	3203.000
501.674	2630.000
501.864	2695.000
502.054	3111.000
502.244	3108.000
502.433	2444.000
502.623	2829.000
502.813	3211.000
503.003	2866.000
503.192	2610.000
503.382	2873.000
503.572	3150.000
503.761	2923.000
503.951	2727.000
504.141	2980.000
504.331	2856.000
504.520	2568.000
504.710	2857.000
504.900	2938.000
505.089	3232.000
505.279	3327.000
505.469	3424.000
505.659	3415.000
505.848	3540.000
506.038	3433.000
506.228	3197.000
506.418	2863.000
506.607	3119.000
506.797	3182.000
506.987	3173.000
507.176	3018.000
507.366	3373.000
507.556	3591.000
507.746	3302.000
507.935	3500.000
508.125	3527.000
508.315	3097.000
508.505	3185.000
508.694	3188.000
508.884	3517.000
509.074	3368.000
509.263	3369.000
509.453	3361.000
509.643	3554.000
509.833	3235.000
510.022	3004.000
510.212	3209.000
510.402	3636.000
510.592	3753.000
510.781	3576.000
510.971	3424.000
511.161	3804.000
511.350	3777.000
511.540	3512.000
511.730	3682.000
511.920	3601.000
512.109	3353.000
512.299	3565.000
512.489	3529.000
512.678	3876.000
512.868	3883.000
513.058	3643.000
513.248	3379.000
513.437	3596.000
513.627	3640.000
513.817	3529.000
514.007	3701.000
514.196	4064.000
514.386	3664.000
514.576	3464.000
514.765	3744.000
514.955	4054.000
515.145	3693.000
515.335	3551.000
515.524	3612.000
515.714	3718.000
515.904	3669.000
516.094	3707.000
516.283	3862.000
516.473	4047.000
516.663	4078.000
516.852	3919.000
517.042	3862.000
517.232	3638.000
517.422	3592.000
517.611	3627.000
517.801	3662.000
517.991	3995.000
518.180	3784.000
518.370	3793.000
518.560	3953.000
518.750	4169.000
518.939	3882.000
519.129	3796.000
519.319	4148.000
519.509	4127.000
519.698	3774.000
519.888	3856.000
520.078	3926.000
520.267	4274.000
520.457	4050.000
520.647	3577.000
520.837	3838.000
521.026	4038.000
521.216	3967.000
521.406	3959.000
521.596	4185.000
521.785	4338.000
521.975	4059.000
522.165	3742.000
522.354	4059.000
522.544	4259.000
522.734	4156.000
522.924	3978.000
523.113	3962.000
523.303	4018.000
523.493	4057.000
523.683	3851.000
523.872	4012.000
524.062	4351.000
524.252	4119.000
524.441	3948.000
524.631	4170.000
524.821	4333.000
525.011	4168.000
525.200	4069.000
525.390	4091.000
525.580	4309.000
525.769	4288.000
525.959	4340.000
526.149	4230.000
526.339	4535.000
526.528	4420.000
526.718	4070.000
526.908	3991.000
527.098	4370.000
527.287	4585.000
527.477	4076.000
527.667	4194.000
527.856	4590.000
528.046	4506.000
528.236	4301.000
528.426	4633.000
528.615	4588.000
528.805	4008.000
528.995	4180.000
529.185	4283.000
529.374	4940.000
529.564	4723.000
529.754	4165.000
529.943	4567.000
530.133	4608.000
530.323	4613.000
530.513	4394.000
530.702	4489.000
530.892	4863.000
531.082	4434.000
531.271	4300.000
531.461	4395.000
531.651	4581.000
531.841	4639.000
532.030	4678.000
532.220	4388.000
532.410	4629.000
532.600	4466.000
532.789	4279.000
532.979	4337.000
533.169	4700.000
533.358	4733.000
533.548	4462.000
533.738	4477.000
533.928	4750.000
534.117	4292.000
534.307	4154.000
534.497	4214.000
534.687	4533.000
534.876	4538.000
535.066	4314.000
535.256	4370.000
535.445	4676.000
535.635	4413.000
535.825	4131.000
536.015	4237.000
536.204	4423.000
536.394	4256.000
536.584	4032.000
536.773	4322.000
536.963	4564.000
537.153	4550.000
537.343	4232.000
537.532	4273.000
537.722	4634.000
537.912	4627.000
538.102	4365.000
538.291	4329.000
538.481	4619.000
538.671	4400.000
538.860	4304.000
539.050	4551.000
539.240	4771.000
539.430	4488.000
539.619	4413.000
539.809	4525.000
539.999	4701.000
540.189	4689.000
540.378	4203.000
540.568	4492.000
540.758	4848.000
540.947	4649.000
541.137	4700.000
541.327	5324.000
541.517	5336.000
541.706	4550.000
541.896	4450.000
542.086	4642.000
542.276	4923.000
542.465	4753.000
542.655	4508.000
542.845	4566.000
543.034	4847.000
543.224	4956.000
543.414	4555.000
543.604	4696.000
543.793	4961.000
543.983	5007.000
544.173	4684.000
544.362	4755.000
544.552	5079.000
544.742	4964.000
544.932	4465.000
545.121	4556.000
545.311	4940.000
545.501	5220.000
545.691	4660.000
545.880	4715.000
546.070	5079.000
546.264	4906.000
546.459	4540.000
546.653	4617.000
546.847	4899.000
547.041	4683.000
547.236	4713.000
547.430	4818.000
547.624	4817.000
547.818	4573.000
548.013	4826.000
548.207	5211.000
548.401	4943.000
548.596	5014.000
548.790	5060.000
548.984	4961.000
549.178	5098.000
549.373	5016.000
549.567	4774.000
549.761	4622.000
549.956	4822.000
550.150	4831.000
550.344	4769.000
550.538	4900.000
550.733	4964.000
550.927	5053.000
551.121	4744.000
551.315	4718.000
551.510	5051.000
551.704	4909.000
551.898	4684.000
552.093	5184.000
552.287	5351.000
552.481	5126.000
552.675	4807.000
552.870	4847.000
553.064	4900.000
553.258	5086.000
553.453	4937.000
553.647	5056.000
553.841	5126.000
554.035	5030.000
554.230	4673.000
554.424	4945.000
554.618	5141.000
554.812	4971.000
555.007	4877.000
555.201	5216.000
555.395	5364.000
555.590	4990.000
555.784	4955.000
555.978	5077.000
556.172	5297.000
556.367	5361.000
556.561	4916.000
556.755	5036.000
556.949	5188.000
557.144	5082.000
557.338	5000.000
557.532	4948.000
557.727	5421.000
557.921	5405.000
558.115	4790.000
558.309	4963.000
558.504	5284.000
558.698	5295.000
558.892	5110.000
559.087	5008.000
559.281	5289.000
559.475	5115.000
559.669	4893.000
559.864	5039.000
560.058	5510.000
560.252	5309.000
560.446	5185.000
560.641	5501.000
560.835	6124.000
561.029	5416.000
561.224	5086.000
561.418	5210.000
561.612	5484.000
561.806	5417.000
562.001	5050.000
562.195	5168.000
562.389	5254.000
562.584	5235.000
562.778	5017.000
562.972	5169.000
563.166	5660.000
563.361	5617.000
563.555	5130.000
563.749	5201.000
563.943	5659.000
564.138	5536.000
564.332	5309.000
564.526	5316.000
564.721	5480.000
564.915	5396.000
565.109	5134.000
565.303	5453.000
565.498	5874.000
565.692	5617.000
565.886	5135.000
566.081	5578.000
566.275	5884.000
566.469	5691.000
566.663	5270.000
566.858	5298.000
567.052	5866.000
567.246	5609.000
567.440	5347.000
567.635	5613.000
567.829	5925.000
568.023	5879.000
568.218	5457.000
568.412	5504.000
568.606	5877.000
568.800	5558.000
568.995	5392.000
569.189	5829.000
569.383	6079.000
569.577	6149.000
569.772	5724.000
569.966	5448.000
570.160	5929.000
570.355	5778.000
570.549	5768.000
570.743	5868.000
570.937	5895.000
571.132	5732.000
571.326	5497.000
571.520	5507.000
571.715	5557.000
571.909	5572.000
572.103	5529.000
572.297	5683.000
572.492	5807.000
572.686	5608.000
572.880	5355.000
573.074	5536.000
573.269	5709.000
573.463	5818.000
573.657	5509.000
573.852	5737.000
574.046	5702.000
574.240	5429.000
574.434	5232.000
574.629	5385.000
574.823	5767.000
575.017	5822.000
575.212	5420.000
575.406	5517.000
575.600	5853.000
575.794	5654.000
575.989	5401.000
576.183	5486.000
576.377	6076.000
576.571	5992.000
576.766	5431.000
576.960	5612.000
577.159	5905.000
577.357	5892.000
577.556	5613.000
577.755	5614.000
577.953	6083.000
578.152	5754.000
578.350	5300.000
578.549	5675.000
578.748	6020.000
578.946	5545.000
579.145	5453.000
579.344	5685.000
579.542	6217.000
579.741	5860.000
579.940	5630.000
580.138	5702.000
580.337	5797.000
580.535	5529.000
580.734	5376.000
580.933	5581.000
581.131	5926.000
581.330	5555.000
581.529	5609.000
581.727	5747.000
581.926	6462.000
582.125	6505.000
582.323	5824.000
582.522	5965.000
582.721	6295.000
582.919	6440.000
583.118	5776.000
583.316	5896.000
583.515	6461.000
583.714	6674.000
583.912	6336.000
584.111	6321.000
584.310	6552.000
584.508	6012.000
584.707	5988.000
584.906	6263.000
585.104	6325.000
585.303	6315.000
585.501	5908.000
585.700	6110.000
585.899	6525.000
586.097	6529.000
586.296	6331.000
586.495	6358.000
586.693	6743.000
586.892	6586.000
587.091	6396.000
587.289	6336.000
587.488	6681.000
587.686	6272.000
587.885	6014.000
588.084	6064.000
588.282	6187.000
588.481	6117.000
588.680	6054.000
588.878	5777.000
589.077	5943.000
589.276	6056.000
589.474	6050.000
589.673	6219.000
589.871	6549.000
590.070	6610.000
590.269	6214.000
590.467	6253.000
590.666	6435.000
590.865	6018.000
591.063	5968.000
591.262	6355.000
591.461	6512.000
591.659	6173.000
591.858	6018.000
592.056	6124.000
592.255	6375.000
592.454	6076.000
592.652	5943.000
592.851	6207.000
593.050	6681.000
593.248	6402.000
593.447	5849.000
593.646	6036.000
593.844	6677.000
594.043	6392.000
594.241	6101.000
594.440	6564.000
594.639	6544.000
594.837	6197.000
595.036	6335.000
595.235	6190.000
595.433	6369.000
595.632	6333.000
595.831	6074.000
596.029	6242.000
596.228	6450.000
596.427	5918.000
596.625	6262.000
596.824	6306.000
597.022	6540.000
597.221	6527.000
597.420	6173.000
597.618	6373.000
597.817	6505.000
598.016	6349.000
598.214	6079.000
598.413	6021.000
598.612	6069.000
598.810	6375.000
599.009	6246.000
599.207	6714.000
599.406	7011.000
599.605	6102.000
599.803	5763.000
600.002	6177.000
600.201	6791.000
600.399	6540.000
600.598	5970.000
600.797	6246.000
600.995	6357.000
601.194	6066.000
601.392	6092.000
601.591	6271.000
601.790	6542.000
601.988	6280.000
602.187	6100.000
602.386	6171.000
602.584	6695.000
602.783	6557.000
602.982	6043.000
603.180	6335.000
603.379	7140.000
603.577	6638.000
603.776	5922.000
603.975	6207.000
604.173	6392.000
604.372	6279.000
604.571	6036.000
604.769	6138.000
604.968	6332.000
605.167	6021.000
605.365	5670.000
605.564	6077.000
605.762	6393.000
605.961	6163.000
606.160	5952.000
606.358	6247.000
606.557	6927.000
606.756	6322.000
606.954	5867.000
607.153	6240.000
607.352	6475.000
607.550	6436.000
607.749	5943.000
607.948	6033.000
608.146	6286.000
608.345	6252.000
608.543	5882.000
608.742	6188.000
608.941	6658.000
609.139	6530.000
609.338	5834.000
609.537	6094.000
609.735	6472.000
609.934	6039.000
610.133	5796.000
610.331	6190.000
610.530	6683.000
610.728	6373.000
610.927	5709.000
611.126	5966.000
611.324	6500.000
611.523	6516.000
611.722	6181.000
611.920	6347.000
612.119	6181.000
612.318	6000.000
612.516	5736.000
612.715	5985.000
612.913	6495.000
613.112	6243.000
613.311	5906.000
613.509	6018.000
613.708	6342.000
613.907	6019.000
614.105	5764.000
614.304	5901.000
614.503	6220.000
614.701	5941.000
614.900	5633.000
615.098	5848.000
615.297	6113.000
615.496	5734.000
615.694	5520.000
615.893	5963.000
616.092	6219.000
616.290	6064.000
616.489	5790.000
616.688	6028.000
616.886	6072.000
617.085	5696.000
617.283	5502.000
617.482	5524.000
617.681	5851.000
617.879	5740.000
618.078	5469.000
618.277	5888.000
618.475	6109.000
618.674	5741.000
618.873	5596.000
619.071	5803.000
619.270	6059.000
619.468	5888.000
619.667	5465.000
619.866	5738.000
620.064	6210.000
620.263	5694.000
620.462	5338.000
620.660	5411.000
620.859	5830.000
621.058	5839.000
621.256	5364.000
621.455	5418.000
621.654	5671.000
621.852	5587.000
622.051	5453.000
622.249	5392.000
622.448	5706.000
622.647	5392.000
622.845	5422.000
623.044	5560.000
623.243	5778.000
623.441	5726.000
623.640	4987.000
623.839	5136.000
624.037	5505.000
624.236	5548.000
624.434	5185.000
624.633	5341.000
624.832	5518.000
625.030	5259.000
625.229	5036.000
625.428	5321.000
625.626	5699.000
625.825	5466.000
626.024	5324.000
626.222	5311.000
626.421	5741.000
626.619	5349.000
626.818	4794.000
627.017	5183.000
627.215	5673.000
627.414	5078.000
627.613	4866.000
627.811	4938.000
628.010	5165.000
628.209	5239.000
628.407	4916.000
628.606	5262.000
628.804	5592.000
629.003	5473.000
629.202	4985.000
629.400	4964.000
629.599	5500.000
629.798	5167.000
629.996	4807.000
630.195	4810.000
630.394	5040.000
630.592	5023.000
630.791	4741.000
630.990	4953.000
631.188	5098.000
631.387	5000.000
631.585	4882.000
631.784	4786.000
631.983	4897.000
632.181	5062.000
632.380	4975.000
632.579	4977.000
632.777	5152.000
632.976	4836.000
633.175	4648.000
633.373	4946.000
633.572	5344.000
633.770	5153.000
633.969	4899.000
634.168	4812.000
634.366	5116.000
634.565	4893.000
634.764	4807.000
634.962	4916.000
635.161	5147.000
635.360	4718.000
635.558	4583.000
635.757	4714.000
635.955	5006.000
636.154	4875.000
636.353	4764.000
636.551	4456.000
636.750	4534.000
636.949	4530.000
637.147	4459.000
637.346	4354.000
637.545	4624.000
637.743	4527.000
637.942	4277.000
638.140	4486.000
638.339	4845.000
638.538	4784.000
638.736	4545.000
638.935	4353.000
639.134	4393.000
639.332	4570.000
639.531	4481.000
639.730	4434.000
639.928	4812.000
640.127	4498.000
640.325	4248.000
640.524	4455.000
640.723	4645.000
640.921	4450.000
641.120	4255.000
641.319	4311.000
641.517	4483.000
641.716	4537.000
641.915	4578.000
642.113	4579.000
642.312	4284.000
642.510	4198.000
642.709	4305.000
642.908	4428.000
643.106	4360.000
643.305	4056.000
643.504	4212.000
643.702	4640.000
643.901	4836.000
644.100	4251.000
644.298	3851.000
644.497	4150.000
644.696	4434.000
644.894	4029.000
645.093	3973.000
645.291	4300.000
645.490	4432.000
645.689	4027.000
645.887	4143.000
646.086	4755.000
646.285	4658.000
646.483	4117.000
646.682	3987.000
646.881	3927.000
647.079	4197.000
647.278	4273.000
647.476	3864.000
647.675	3839.000
647.874	4316.000
648.072	4330.000
648.271	3900.000
648.470	3976.000
648.668	4555.000
648.867	4219.000
649.066	3979.000
649.264	4324.000
649.463	4277.000
649.661	3979.000
649.860	3769.000
650.059	3702.000
650.257	3711.000
650.456	3852.000
650.655	3734.000
650.853	3751.000
651.052	3855.000
651.251	3517.000
651.449	3291.000
651.648	3616.000
651.846	3915.000
652.045	3559.000
652.244	3500.000
652.442	3734.000
652.641	3830.000
652.840	3661.000
653.038	3616.000
653.237	3809.000
653.436	3991.000
653.634	3790.000
653.833	3833.000
654.032	3727.000
654.230	3873.000
654.429	3456.000
654.627	3304.000
654.826	3462.000
655.025	3644.000
655.223	3784.000
655.422	3537.000
655.621	3624.000
655.819	4029.000
656.018	3887.000
656.217	3595.000
656.415	3449.000
656.614	3484.000
656.812	3764.000
657.011	3688.000
657.210	3634.000
657.408	3680.000
657.607	3719.000
657.806	3616.000
658.004	3426.000
658.203	3467.000
658.402	3287.000
658.600	3192.000
658.799	3119.000
658.997	3370.000
659.196	3254.000
659.395	3004.000
659.593	3203.000
659.792	3591.000
659.991	3411.000
660.189	3165.000
660.388	3361.000
660.587	3575.000
660.785	3582.000
660.984	2986.000
661.182	3007.000
661.381	3423.000
661.580	3241.000
661.778	3006.000
661.977	3172.000
662.176	3305.000
662.374	2986.000
662.573	3077.000
662.772	3520.000
662.970	3284.000
663.169	2887.000
663.367	2851.000
663.566	3097.000
663.765	3454.000
663.963	3017.000
664.162	2876.000
664.361	3124.000
664.559	3345.000
664.758	3262.000
664.957	2924.000
665.155	2909.000
665.354	3279.000
665.552	3291.000
665.751	3126.000
665.950	2878.000
666.148	2916.000
666.347	2869.000
666.546	2684.000
666.744	2811.000
666.943	3129.000
667.142	2672.000
667.340	2928.000
667.539	3584.000
667.738	3217.000
667.936	3027.000
668.135	2776.000
668.333	2605.000
668.532	3015.000
668.731	2794.000
668.929	2477.000
669.128	2814.000
669.327	3077.000
669.525	3029.000
669.724	2791.000
669.923	2604.000
670.121	2557.000
670.320	2542.000
670.518	2475.000
670.717	2348.000
670.916	2541.000
671.114	2544.000
671.313	2444.000
671.512	2536.000
671.710	2621.000
671.909	2499.000
672.108	2691.000
672.306	2714.000
672.505	2555.000
672.703	2341.000
672.902	2256.000
673.101	2354.000
673.299	2689.000
673.498	2583.000
673.697	2293.000
673.895	2249.000
674.094	2591.000
674.293	2401.000
674.491	2087.000
674.690	2167.000
674.888	2361.000
675.087	2380.000
675.286	2106.000
675.484	2306.000
675.683	2591.000
675.882	2267.000
676.080	2324.000
676.279	2337.000
676.478	2504.000
676.676	2421.000
676.875	2030.000
677.073	2205.000
677.272	2429.000
677.471	2085.000
677.669	2352.000
677.868	2555.000
678.067	2437.000
678.265	2127.000
678.464	1975.000
678.663	2167.000
678.861	2227.000
679.060	2165.000
679.259	1904.000
679.457	2183.000
679.656	2520.000
679.854	2051.000
680.053	1740.000
680.252	2009.000
680.450	2172.000
680.649	2419.000
680.848	2000.000
681.046	1938.000
681.245	2127.000
681.444	1785.000
681.642	1904.000
681.841	2112.000
682.039	2379.000
682.238	2355.000
682.437	1633.000
682.635	1838.000
682.834	2203.000
683.033	1956.000
683.231	1638.000
683.430	1479.000
683.629	1603.000
683.827	2002.000
684.026	2029.000
684.224	1931.000
684.423	1933.000
684.622	1852.000
684.820	1700.000
685.019	1909.000
685.218	2095.000
685.416	1636.000
685.615	1474.000
685.814	1578.000
686.012	1835.000
686.211	1874.000
686.409	1656.000
686.608	1699.000
686.807	1782.000
687.005	1563.000
687.204	1528.000
687.403	1625.000
687.601	1949.000
687.800	1899.000
687.999	1467.000
688.197	1474.000
688.396	1379.000
688.594	1475.000
688.793	1381.000
688.992	1619.000
689.190	1910.000
689.389	1540.000
689.588	1448.000
689.786	1645.000
689.985	1747.000
690.184	1737.000
690.382	1563.000
690.581	1476.000
690.779	1801.000
690.978	1565.000
691.177	1243.000
691.375	1347.000
691.574	1939.000
691.773	1947.000
691.971	1486.000
692.170	1443.000
692.369	1606.000
692.567	1402.000
692.766	1296.000
692.965	1506.000
693.163	1699.000
693.362	1504.000
693.560	1345.000
693.759	1484.000
693.958	1911.000
694.156	1823.000
694.355	1248.000
694.554	1232.000
694.752	1428.000
694.951	1220.000
695.150	948.000
695.348	1123.000
695.547	1361.000
695.745	1120.000
695.944	928.000
696.143	1215.000
696.341	1527.000
696.540	1297.000
696.743	1100.000
696.946	1154.000
697.149	1439.000
697.352	1405.000
697.555	1033.000
697.757	1177.000
697.960	1457.000
698.163	1161.000
698.366	1057.000
698.569	1174.000
698.772	1205.000
698.975	1225.000
699.178	883.000
699.381	999.000
699.584	1616.000
699.787	1662.000
699.989	1093.000
700.192	1154.000
700.395	1425.000
700.598	1551.000
700.801	1260.000
701.004	1101.000
701.207	1325.000
701.410	1215.000
701.613	1172.000
701.816	1212.000
702.019	1273.000
702.221	1409.000
702.424	899.000
702.627	859.000
702.830	1203.000
703.033	1211.000
703.236	880.000
703.439	917.000
703.642	1201.000
703.845	1214.000
704.048	920.000
704.251	967.000
704.453	963.000
704.656	896.000
704.859	862.000
705.062	1186.000
705.265	1595.000
705.468	1002.000
705.671	824.000
705.874	871.000
706.077	1044.000
706.280	799.000
706.483	756.000
706.685	956.000
706.888	1147.000
707.091	1248.000
707.294	1047.000
707.497	966.000
707.700	1405.000
707.903	1366.000
708.106	1056.000
708.309	787.000
708.512	1018.000
708.715	1014.000
708.917	985.000
709.120	1131.000
709.323	1107.000
709.526	950.000
709.729	651.000
709.932	814.000
710.135	992.000
710.338	924.000
710.541	815.000
710.744	909.000
710.947	1060.000
711.149	944.000
711.352	657.000
711.555	883.000
711.758	1199.000
711.961	921.000
712.164	724.000
712.367	861.000
712.570	885.000
712.773	608.000
712.976	464.000
713.179	295.000
713.381	673.000
713.584	928.000
713.787	704.000
713.990	825.000
714.193	1057.000
714.396	975.000
714.599	1138.000
714.802	874.000
715.005	1004.000
715.208	857.000
715.411	541.000
715.613	717.000
715.816	992.000
716.019	858.000
716.222	597.000
716.425	859.000
716.628	988.000
716.831	648.000
717.034	385.000
717.237	505.000
717.440	678.000
717.643	731.000
717.845	674.000
718.048	713.000
718.251	827.000
718.454	846.000
718.657	741.000
718.860	706.000
719.063	797.000
719.266	661.000
719.469	462.000
719.672	730.000
719.875	1013.000
720.077	686.000
720.280	491.000
720.483	839.000
720.686	1021.000
720.889	754.000
721.092	525.000
721.295	495.000
721.498	752.000
721.701	850.000
721.904	571.000
722.107	629.000
722.309	885.000
722.512	487.000
722.715	434.000
722.918	653.000
723.121	888.000
723.324	804.000
723.527	468.000
723.730	548.000
723.933	1017.000
724.136	792.000
724.339	412.000
724.541	462.000
724.744	936.000
724.947	838.000
725.150	424.000
725.353	588.000
725.556	686.000
725.759	666.000
725.962	510.000
726.165	507.000
726.368	865.000
726.571	669.000
726.773	448.000
726.976	740.000
727.179	990.000
727.382	633.000
727.585	480.000
727.788	483.000
727.991	592.000
728.194	622.000
728.397	327.000
728.600	477.000
728.803	746.000
729.005	675.000
729.208	568.000
729.411	722.000
729.614	896.000
729.817	513.000
730.020	369.000
730.223	518.000
730.426	625.000
730.629	555.000
730.832	423.000
731.035	491.000
731.237	730.000
731.440	498.000
731.643	388.000
731.846	314.000
732.049	662.000
732.252	804.000
732.455	578.000
732.658	368.000
732.861	506.000
733.064	298.000
733.267	109.000
733.469	330.000
733.672	536.000
733.875	481.000
734.078	439.000
734.281	361.000
734.484	611.000
734.687	290.000
734.890	185.000
735.093	471.000
735.296	926.000
735.499	747.000
735.701	249.000
735.904	504.000
736.107	635.000
736.310	465.000
736.513	391.000
736.716	484.000
736.919	339.000
737.122	109.000
737.325	128.000
737.528	348.000
737.731	524.000
737.933	522.000
738.136	435.000
738.339	406.000
738.542	717.000
738.745	656.000
738.948	244.000
739.151	189.000
739.354	202.000
739.557	232.000
739.760	102.000
739.963	194.000
740.165	599.000
740.368	525.000
740.571	128.000
740.774	198.000
740.977	541.000
741.180	424.000
741.383	238.000
741.586	262.000
741.789	577.000
741.992	517.000
742.195	250.000
742.397	371.000
742.600	761.000
742.803	568.000
743.006	231.000
743.209	68.000
743.412	158.000
743.615	84.000
743.818	124.000
744.021	149.000
744.224	399.000
744.427	346.000
744.629	141.000
744.832	295.000
745.035	574.000
745.238	395.000
745.441	241.000
745.644	137.000
745.847	479.000
746.050	505.000
746.253	183.000
746.456	225.000
746.659	471.000
746.861	25.000
747.064	50.000
747.267	171.000
747.470	403.000
747.673	367.000
747.876	176.000
748.079	403.000
748.282	637.000
748.485	200.000
748.688	-36.000
748.891	114.000
749.093	593.000
749.296	267.000
749.499	-60.000
749.702	36.000
749.905	234.000
750.108	281.000
750.311	160.000
750.514	327.000
750.717	551.000
750.920	403.000
751.123	146.000
751.325	0.000
751.528	78.000
751.731	-54.000
751.934	158.000
752.137	572.000
752.340	480.000
752.543	318.000
752.746	201.000
752.949	82.000
753.152	371.000
753.355	121.000
753.557	-176.000
753.760	77.000
753.963	444.000
754.166	303.000
754.369	-95.000
754.572	215.000
754.775	378.000
754.978	207.000
755.181	-66.000
755.384	379.000
755.587	737.000
755.789	102.000
755.992	181.000
756.195	268.000
756.398	307.000
756.601	362.000
756.804	126.000
757.007	309.000
757.210	350.000
757.413	-45.000
757.616	-142.000
757.819	330.000
758.021	575.000
758.224	189.000
758.427	86.000
758.630	24.000
758.833	426.000
759.036	228.000
759.239	-104.000
759.442	121.000
759.645	185.000
759.848	26.000
760.051	186.000
760.253	131.000
760.456	493.000
760.659	310.000
760.862	-2.000
761.065	-24.000
761.268	111.000
761.471	201.000
761.674	3.000
761.877	65.000
762.080	487.000
762.283	274.000
762.485	-90.000
762.688	82.000
762.891	380.000
763.094	266.000
763.297	200.000
763.500	177.000
763.706	293.000
763.912	117.000
764.118	-82.000
764.325	78.000
764.531	320.000
764.737	139.000
764.943	-112.000
765.149	-14.000
765.355	253.000
765.561	267.000
765.768	-16.000
765.974	-166.000
766.180	96.000
766.386	337.000
766.592	226.000
766.798	253.000
767.004	151.000
767.210	114.000
767.417	113.000
767.623	197.000
767.829	351.000
768.035	234.000
768.241	-5.000
768.447	175.000
768.653	253.000
768.860	90.000
769.066	-179.000
769.272	102.000
769.478	403.000
769.684	232.000
769.890	100.000
770.096	189.000
770.303	257.000
770.509	174.000
770.715	109.000
770.921	219.000
771.127	513.000
771.333	566.000
771.539	177.000
771.745	-3.000
771.952	310.000
772.158	196.000
772.364	-71.000
772.570	381.000
772.776	568.000
772.982	50.000
773.188	80.000
773.395	87.000
773.601	210.000
773.807	35.000
774.013	-133.000
774.219	-6.000
774.425	362.000
774.631	226.000
774.838	-275.000
775.044	-31.000
775.250	335.000
775.456	238.000
775.662	186.000
775.868	224.000
776.074	214.000
776.281	-5.000
776.487	-319.000
776.693	-247.000
776.899	65.000
777.105	138.000
777.311	140.000
777.517	279.000
777.723	481.000
777.930	75.000
778.136	-158.000
778.342	-85.000
778.548	256.000
778.754	272.000
778.960	200.000
779.166	159.000
779.373	366.000
779.579	46.000
779.785	-244.000
779.991	-131.000
780.197	87.000
780.403	32.000
780.609	1.000
780.816	81.000
781.022	421.000
781.228	623.000
781.434	295.000
781.640	307.000
781.846	432.000
782.052	301.000
782.259	48.000
782.465	11.000
782.671	137.000
782.877	-59.000
783.083	-148.000
783.289	215.000
783.495	218.000
783.701	113.000
783.908	77.000
784.114	106.000
784.320	148.000
784.526	-130.000
784.732	-248.000
784.938	21.000
785.144	189.000
785.351	43.000
785.557	227.000
785.763	221.000
785.969	175.000
786.175	175.000
786.381	164.000
786.587	210.000
786.794	480.000
787.000	486.000
787.206	170.000
787.412	431.000
787.618	311.000
787.824	27.000
788.030	27.000
788.236	107.000
788.443	112.000
788.649	58.000
788.855	-44.000
789.061	-48.000
789.267	300.000
789.473	117.000
789.679	14.000
789.886	-6.000
790.092	18.000
790.298	-127.000
790.504	-69.000
790.710	102.000
790.916	131.000
791.122	-7.000
791.329	-121.000
791.535	58.000
791.741	257.000
791.947	195.000
792.153	9.000
792.359	-130.000
792.565	245.000
792.771	161.000
792.978	-65.000
793.184	201.000
793.390	177.000
793.596	-53.000
793.802	72.000
794.008	276.000
794.214	286.000
794.421	314.000
794.627	52.000
794.833	-43.000
795.039	90.000
795.245	26.000
795.451	51.000
795.657	142.000
795.864	103.000
796.070	-78.000
796.276	80.000
796.482	392.000
796.688	371.000
796.894	72.000
797.100	-222.000
797.307	-7.000
797.513	232.000
797.719	6.000
797.925	-36.000
798.131	-72.000
798.337	-63.000
798.543	36.000
798.749	-23.000
798.956	160.000
799.162	503.000
799.368	209.000
799.574	-9.000
799.780	-37.000
799.986	193.000
800.192	30.000
800.399	-106.000
800.605	82.000
800.811	274.000
801.017	263.000
801.223	-78.000
801.429	-44.000
801.635	435.000
801.842	365.000
802.048	-8.000
802.254	49.000
802.460	176.000
802.666	-91.000
802.872	-134.000
803.078	122.000
803.285	185.000
803.491	-99.000
803.697	-112.000
803.903	-125.000
804.109	171.000
804.315	509.000
804.521	290.000
804.727	199.000
804.934	229.000
805.140	171.000
805.346	114.000
805.552	140.000
805.758	133.000
805.964	-23.000
806.170	-16.000
806.377	87.000
806.583	86.000
806.789	-34.000
806.995	-255.000
807.201	-98.000
807.407	213.000
807.613	225.000
807.820	-81.000
808.026	46.000
808.232	74.000
808.438	-74.000
808.644	-74.000
808.850	-85.000
809.056	62.000
809.262	61.000
809.469	-108.000
809.675	-146.000
809.881	-11.000
810.087	-14.000
810.293	239.000
810.499	477.000
810.705	272.000
810.912	40.000
811.118	-175.000
811.324	-41.000
811.530	46.000
811.739	-87.000
811.947	-78.000
812.156	-36.000
812.365	60.000
812.573	153.000
812.782	-96.000
812.990	-31.000
813.199	85.000
813.408	78.000
813.616	-90.000
813.825	-69.000
814.034	148.000
814.242	176.000
814.451	-27.000
814.659	-3.000
814.868	218.000
815.077	69.000
815.285	-85.000
815.494	-58.000
815.703	58.000
815.911	18.000
816.120	-69.000
816.329	-52.000
816.537	206.000
816.746	182.000
816.954	-13.000
817.163	-66.000
817.372	8.000
817.580	-91.000
817.789	-112.000
817.998	-85.000
818.206	231.000
818.415	395.000
818.624	-68.000
818.832	-211.000
819.041	24.000
819.249	268.000
819.458	247.000
819.667	43.000
819.875	99.000
820.084	46.000
820.293	34.000
820.501	-190.000
820.710	6.000
820.919	248.000
821.127	57.000
821.336	3.000
821.544	73.000
821.753	141.000
821.962	55.000
822.170	104.000
822.379	317.000
822.588	112.000
822.796	-220.000
823.005	-154.000
823.213	-78.000
823.422	74.000
823.631	152.000
823.839	59.000
824.048	206.000
824.257	141.000
824.465	220.000
824.674	149.000
824.883	89.000
825.091	79.000
825.300	-65.000
825.508	379.000
825.717	465.000
825.926	12.000
826.134	-261.000
826.343	-104.000
826.552	99.000
826.760	85.000
826.969	23.000
827.178	-65.000
827.386	168.000
827.595	290.000
827.803	-165.000
828.012	-87.000
828.221	1.000
828.429	222.000
828.638	134.000
828.847	93.000
829.055	64.000
829.264	-35.000
829.472	204.000
829.681	96.000
829.890	57.000
830.098	-97.000
830.307	-154.000
830.516	-30.000
830.724	22.000
830.933	-144.000
831.142	39.000
831.350	298.000
831.559	197.000
831.767	-76.000
831.976	-17.000
832.185	207.000
832.393	447.000
832.602	-20.000
832.811	-96.000
833.019	-22.000
833.228	130.000
833.437	51.000
833.645	-29.000
833.854	-34.000
834.062	122.000
834.271	148.000
834.480	31.000
834.688	127.000
834.897	-17.000
835.106	-52.000
835.314	42.000
835.523	27.000
835.731	177.000
835.940	107.000
836.149	-141.000
836.357	37.000
836.566	232.000
836.775	-30.000
836.983	-109.000
837.192	-4.000
837.401	106.000
837.609	37.000
837.818	67.000
838.026	-77.000
838.235	181.000
838.444	230.000
838.652	11.000
838.861	83.000
839.070	255.000
839.278	210.000
839.487	-44.000
839.696	148.000
839.904	326.000
840.113	136.000
840.321	51.000
840.530	156.000
840.739	153.000
840.947	-9.000
841.156	-241.000
841.365	-37.000
841.573	258.000
841.782	178.000
841.991	69.000
842.199	-6.000
842.408	177.000
842.616	126.000
842.825	82.000
843.034	143.000
843.242	-13.000
843.451	-47.000
843.660	-71.000
843.868	-98.000
844.077	46.000
844.285	297.000
844.494	141.000
844.703	-100.000
844.911	-48.000
845.120	-104.000
845.329	-70.000
845.537	-54.000
845.746	104.000
845.955	0.000
846.163	-122.000
846.372	6.000
846.580	-12.000
846.789	-120.000
846.998	9.000
847.206	216.000
847.415	322.000
847.624	-24.000
847.832	79.000
848.041	134.000
848.250	113.000
848.458	57.000
848.667	-97.000
848.875	51.000
849.084	206.000
849.293	94.000
849.501	-133.000
849.710	-24.000
849.919	191.000
850.127	-36.000
850.336	-123.000
850.544	-142.000
850.753	68.000
850.962	-75.000
851.170	105.000
851.379	364.000
851.588	98.000
851.796	140.000
852.005	29.000
852.214	58.000
852.422	294.000
852.631	116.000
852.839	-175.000
853.048	86.000
853.257	177.000
853.465	-181.000
853.674	-182.000
853.883	-10.000
854.091	-49.000
854.300	-101.000
854.509	-134.000
854.717	89.000
854.926	64.000
855.134	53.000
855.343	-43.000
855.552	-5.000
855.760	230.000
855.969	123.000
856.178	-179.000
856.386	-135.000
856.595	224.000
856.803	194.000
857.012	-148.000
857.221	-15.000
857.429	194.000
857.638	101.000
857.847	91.000
858.055	95.000
858.264	196.000
858.473	170.000
858.681	171.000
858.890	202.000
859.098	232.000
859.307	183.000
859.516	-19.000
859.724	221.000
859.933	379.000
860.142	290.000
860.350	-153.000
860.559	-211.000
860.768	-14.000
860.976	-36.000
861.185	-183.000
861.393	-95.000
861.602	224.000
861.811	6.000
862.019	-46.000
862.228	20.000
862.437	-91.000
862.645	-116.000
862.854	30.000
863.062	126.000
863.271	266.000
863.480	353.000
863.688	231.000
863.897	48.000
864.106	-14.000
864.314	121.000
864.523	-27.000
864.732	-36.000
864.940	99.000
865.149	90.000
865.357	73.000
865.566	160.000
865.775	297.000
865.983	111.000
866.192	-208.000
866.401	-187.000
866.609	-46.000
866.818	150.000
867.027	321.000
867.235	242.000
867.444	192.000
867.652	-67.000
867.861	64.000
868.070	45.000
868.278	138.000
868.487	217.000
868.696	129.000
868.904	7.000
869.113	-32.000
869.321	91.000
869.530	53.000
869.739	-83.000
869.947	213.000
870.156	78.000
870.365	-222.000
870.573	0.000
870.782	111.000
870.991	95.000
871.199	4.000
871.408	-115.000
871.616	56.000
871.825	117.000
872.034	297.000
872.242	252.000
872.451	345.000
872.660	330.000
872.868	382.000
873.077	97.000
873.286	191.000
873.494	479.000
873.703	293.000
873.911	385.000
874.120	-3.000
874.329	-155.000
874.537	-54.000
874.746	33.000
874.955	238.000
875.163	20.000
875.372	-124.000
875.581	103.000
875.789	305.000
875.998	46.000
876.206	-14.000
876.415	75.000
876.624	120.000
876.832	-27.000
877.041	-52.000
877.250	14.000
877.458	102.000
877.667	150.000
877.875	138.000
878.084	38.000
878.293	53.000
878.501	-28.000
878.710	-16.000
878.919	61.000
879.127	59.000
879.336	-161.000
879.545	-94.000
879.753	-146.000
879.962	-47.000
880.170	21.000
880.379	141.000
880.588	-42.000
880.796	334.000
881.005	463.000
881.214	-39.000
881.422	99.000
881.631	296.000
881.840	391.000
882.048	214.000
882.257	151.000
882.465	116.000
882.674	-39.000
882.883	61.000
883.091	169.000
883.300	144.000
883.509	-12.000
883.717	15.000
883.926	203.000
884.134	355.000
884.343	-6.000
884.552	85.000
884.760	170.000
884.969	526.000
885.178	113.000
885.386	-86.000
885.595	19.000
885.804	222.000
886.012	77.000
886.221	-66.000
886.429	-70.000
886.638	-93.000
886.847	-147.000
887.055	19.000
887.264	47.000
887.473	128.000
887.681	-21.000
887.890	-172.000
888.099	108.000
888.307	268.000
888.516	53.000
888.724	69.000
888.933	172.000
889.142	322.000
889.350	112.000
889.559	109.000
889.768	-117.000
889.976	145.000
890.185	189.000
890.393	26.000
890.602	102.000
890.811	176.000
891.019	227.000
891.228	462.000
891.437	134.000
891.645	285.000
891.854	276.000
892.063	203.000
892.271	217.000
892.480	-67.000
892.688	3.000
892.897	116.000
893.106	277.000
893.314	176.000
893.523	-228.000
893.732	-80.000
893.940	134.000
894.149	87.000
894.358	315.000
894.566	324.000
894.775	36.000
894.983	154.000
895.192	31.000
895.401	19.000
895.609	-10.000
895.818	-14.000
896.027	-108.000
896.235	-19.000
896.444	135.000
896.652	118.000
896.861	-78.000
897.070	16.000
897.278	173.000
897.487	342.000
897.696	152.000
897.904	-8.000
898.113	236.000
898.322	208.000
898.530	140.000
898.739	261.000
898.947	29.000
899.156	-15.000
899.365	77.000
899.573	21.000
899.782	26.000
899.991	123.000
900.199	-52.000
900.408	6.000
900.617	2.000
900.825	66.000
901.034	232.000
901.242	92.000
901.451	-160.000
901.660	-116.000
901.868	66.000
902.077	87.000
902.286	-66.000
902.494	17.000
902.703	239.000
902.911	12.000
903.120	60.000
903.329	29.000
903.537	-58.000
903.746	-165.000
903.955	-20.000
904.163	61.000
904.372	-76.000
904.581	-72.000
904.789	-26.000
904.998	200.000
905.206	132.000
905.415	-17.000
905.624	-19.000
905.832	192.000
906.041	-35.000
906.250	-165.000
906.458	9.000
906.667	81.000
906.876	-192.000
907.084	-124.000
907.293	57.000
907.501	417.000
907.710	115.000
907.919	-85.000
908.127	173.000
908.336	224.000
908.545	209.000
908.753	205.000
908.962	350.000
909.170	310.000
909.379	176.000
909.588	277.000
909.796	69.000
910.005	33.000
910.214	-168.000
910.422	-41.000
910.631	-164.000
910.840	126.000
911.048	72.000
911.257	-59.000
911.465	51.000
911.674	166.000
911.883	148.000
912.091	101.000
912.300	175.000
912.508	262.000
912.716	222.000
912.924	-61.000
913.132	160.000
913.340	309.000
913.549	89.000
913.757	108.000
913.965	68.000
914.173	110.000
914.381	89.000
914.589	-56.000
914.797	-36.000
915.005	54.000
915.213	59.000
915.421	-3.000
915.629	-46.000
915.838	-20.000
916.046	22.000
916.254	57.000
916.462	-36.000
916.670	68.000
916.878	31.000
917.086	-22.000
917.294	84.000
917.502	87.000
917.710	90.000
917.919	-97.000
918.127	-123.000
918.335	38.000
918.543	147.000
918.751	281.000
918.959	74.000
919.167	50.000
919.375	-146.000
919.583	87.000
919.791	88.000
919.999	96.000
920.208	288.000
920.416	171.000
920.624	75.000
920.832	253.000
921.040	254.000
921.248	-82.000
921.456	-33.000
921.664	-65.000
921.872	-157.000
922.080	-219.000
922.288	-69.000
922.497	194.000
922.705	-62.000
922.913	23.000
923.121	159.000
923.329	21.000
923.537	-134.000
923.745	-152.000
923.953	-170.000
924.161	-26.000
924.369	117.000
924.578	32.000
924.786	-17.000
924.994	119.000
925.202	94.000
925.410	142.000
925.618	137.000
925.826	65.000
926.034	176.000
926.242	246.000
926.450	52.000
926.658	308.000
926.867	600.000
927.075	129.000
927.283	243.000
927.491	370.000
927.699	317.000
927.907	402.000
928.115	521.000
928.323	26.000
928.531	-104.000
928.739	-124.000
928.947	59.000
929.156	258.000
929.364	205.000
929.572	235.000
929.780	-71.000
929.988	52.000
930.196	161.000
930.404	85.000
930.612	152.000
930.820	264.000
931.028	105.000
931.236	-20.000
931.445	-43.000
931.653	16.000
931.861	109.000
932.069	-99.000
932.277	90.000
932.485	445.000
932.693	256.000
932.901	-66.000
933.109	-63.000
933.317	28.000
933.526	9.000
933.734	-140.000
933.942	-152.000
934.150	57.000
934.358	-28.000
934.566	-58.000
934.774	-57.000
934.982	-25.000
935.190	75.000
935.398	9.000
935.606	40.000
935.815	85.000
936.023	151.000
936.231	169.000
936.439	170.000
936.647	189.000
936.855	87.000
937.063	-125.000
937.271	97.000
937.479	385.000
937.687	-2.000
937.895	-96.000
938.104	3.000
938.312	146.000
938.520	14.000
938.728	-42.000
938.936	-83.000
939.144	-51.000
939.352	31.000
939.560	200.000
939.768	136.000
939.976	6.000
940.185	44.000
940.393	0.000
940.601	-104.000
940.809	1.000
941.017	242.000
941.225	7.000
941.433	-55.000
941.641	-5.000
941.849	-276.000
942.057	-145.000
942.265	46.000
942.474	117.000
942.682	93.000
942.890	-160.000
943.098	3.000
943.306	242.000
943.514	-28.000
943.722	-199.000
943.930	17.000
944.138	208.000
944.346	158.000
944.554	79.000
944.763	120.000
944.971	233.000
945.179	15.000
945.387	31.000
945.595	115.000
945.803	76.000
946.011	-33.000
946.219	-61.000
946.427	-20.000
946.635	135.000
946.843	214.000
947.052	96.000
947.260	-87.000
947.468	4.000
947.676	-42.000
947.884	-10.000
948.092	191.000
948.300	343.000
948.508	185.000
948.716	-79.000
948.924	14.000
949.133	362.000
949.341	269.000
949.549	-127.000
949.757	82.000
949.965	87.000
950.173	-221.000
950.381	-56.000
950.589	83.000
950.797	229.000
951.005	2.000
951.213	-175.000
951.422	-92.000
951.630	62.000
951.838	222.000
952.046	329.000
952.254	103.000
952.462	353.000
952.670	356.000
952.878	330.000
953.086	340.000
953.294	194.000
953.502	-56.000
953.711	62.000
953.919	68.000
954.127	32.000
954.335	-35.000
954.543	-99.000
954.751	-99.000
954.959	166.000
955.167	359.000
955.375	91.000
955.583	-62.000
955.792	207.000
956.000	184.000
956.208	96.000
956.416	-79.000
956.624	112.000
956.832	123.000
957.040	0.000
957.248	148.000
957.456	293.000
957.664	61.000
957.872	-198.000
958.081	-103.000
958.289	51.000
958.497	80.000
958.705	85.000
958.913	-112.000
959.121	-114.000
959.329	-27.000
959.537	-261.000
959.745	25.000
959.953	234.000
960.161	89.000
960.370	-129.000
960.578	-66.000
960.786	201.000
960.994	134.000
961.202	-75.000
961.410	-17.000
961.618	42.000
961.826	35.000
962.034	335.000
962.242	236.000
962.451	-59.000
962.659	-113.000
962.867	-187.000
963.075	111.000
963.283	413.000
963.491	212.000
963.699	-14.000
963.907	112.000
964.115	195.000
964.323	111.000
964.531	131.000
964.740	165.000
964.948	494.000
965.156	165.000
965.364	53.000
965.572	77.000
965.780	197.000
965.999	11.000
966.218	-149.000
966.438	-128.000
966.657	89.000
966.876	203.000
967.095	-150.000
967.315	-232.000
967.534	-43.000
967.753	110.000
967.972	211.000
968.192	374.000
968.411	42.000
968.630	-100.000
968.849	-86.000
969.068	230.000
969.288	224.000
969.507	235.000
969.726	51.000
969.945	44.000
970.165	181.000
970.384	235.000
970.603	-135.000
970.822	-7.000
971.042	23.000
971.261	-38.000
971.480	-21.000
971.699	-9.000
971.919	82.000
972.138	280.000
972.357	137.000
972.576	-96.000
972.795	-18.000
973.015	99.000
973.234	217.000
973.453	83.000
973.672	54.000
973.892	1.000
974.111	-116.000
974.330	-5.000
974.549	149.000
974.769	108.000
974.988	272.000
975.207	-49.000
975.426	13.000
975.646	68.000
975.865	-5.000
976.084	45.000
976.303	91.000
976.522	-176.000
976.742	-296.000
976.961	-143.000
977.180	161.000
977.399	160.000
977.619	46.000
977.838	89.000
978.057	228.000
978.276	67.000
978.496	-38.000
978.715	127.000
978.934	183.000
979.153	-227.000
979.372	-166.000
979.592	60.000
979.811	145.000
980.030	98.000
980.249	31.000
980.469	122.000
980.688	178.000
980.907	-3.000
981.126	-36.000
981.346	187.000
981.565	336.000
981.784	-87.000
982.003	-61.000
982.223	266.000
982.442	577.000
982.661	26.000
982.880	-80.000
983.099	62.000
983.319	72.000
983.538	30.000
983.757	179.000
983.976	401.000
984.196	508.000
984.415	376.000
984.634	282.000
984.853	112.000
985.073	202.000
985.292	14.000
985.511	-85.000
985.730	34.000
985.949	204.000
986.169	270.000
986.388	144.000
986.607	-154.000
986.826	-39.000
987.046	-186.000
987.265	-117.000
987.484	64.000
987.703	221.000
987.923	99.000
988.142	141.000
988.361	117.000
988.580	312.000
988.800	77.000
989.019	219.000
989.238	211.000
989.457	60.000
989.676	207.000
989.896	80.000
990.115	1.000
990.334	25.000
990.553	-21.000
990.773	-149.000
990.992	114.000
991.211	208.000
991.430	278.000
991.650	-56.000
991.869	-71.000
992.088	61.000
992.307	149.000
992.527	155.000
992.746	176.000
992.965	247.000
993.184	-70.000
993.403	113.000
993.623	358.000
993.842	254.000
994.061	62.000
994.280	5.000
994.500	-74.000
994.719	140.000
994.938	155.000
995.157	-119.000
995.377	-75.000
995.596	195.000
995.815	92.000
996.034	-111.000
996.253	-92.000
996.473	33.000
996.692	185.000
996.911	-17.000
997.130	53.000
997.350	64.000
997.569	115.000
997.788	124.000
998.007	-125.000
998.227	-98.000
998.446	204.000
998.665	192.000
998.884	295.000
999.104	173.000
999.323	146.000
999.542	45.000
999.761	-84.000
999.980	-54.000
1000.200	90.000
1000.419	23.000
1000.638	111.000
1000.857	332.000
1001.077	61.000
1001.296	15.000
1001.515	-75.000
1001.734	83.000
1001.954	48.000
1002.173	16.000
1002.392	151.000
1002.611	309.000
1002.830	23.000
1003.050	-102.000
1003.269	194.000
1003.488	431.000
1003.707	316.000
1003.927	82.000
1004.146	26.000
1004.365	97.000
1004.584	-11.000
1004.804	103.000
1005.023	180.000
1005.242	82.000
1005.461	118.000
1005.681	-16.000
1005.900	53.000
1006.119	184.000
1006.338	100.000
1006.557	64.000
1006.777	256.000
1006.996	294.000
1007.215	45.000
1007.434	56.000
1007.654	320.000
1007.873	455.000
1008.092	48.000
1008.311	-70.000
1008.531	-43.000
1008.750	281.000
1008.969	289.000
1009.188	-166.000
1009.407	-125.000
1009.627	18.000
1009.846	-86.000
1010.065	-78.000
1010.284	-193.000
1010.504	-86.000
1010.723	-24.000
1010.942	-37.000
1011.161	80.000
1011.381	100.000
1011.600	-56.000
1011.819	115.000
1012.038	24.000
1012.258	203.000
1012.477	309.000
1012.696	233.000
1012.915	148.000
1013.134	121.000
1013.354	-61.000
1013.573	-109.000
1013.792	53.000
1014.011	4.000
1014.231	59.000
1014.450	128.000
1014.669	-127.000
1014.888	-67.000
1015.108	166.000
1015.327	-10.000
1015.546	6.000
1015.765	107.000
1015.984	41.000
1016.204	53.000
1016.423	45.000
1016.642	203.000
1016.861	59.000
1017.081	-75.000
1017.300	39.000
1017.519	125.000
