296.912	168.500
297.101	152.500
297.290	124.500
297.479	149.500
297.668	115.500
297.858	116.500
298.047	153.500
298.236	116.500
298.425	99.500
298.614	132.500
298.803	168.500
298.992	170.500
299.181	135.500
299.370	104.500
299.559	116.500
299.748	102.500
299.937	109.500
300.126	152.500
300.315	131.500
300.504	120.500
300.693	122.500
300.882	140.500
301.071	138.500
301.260	106.500
301.449	94.500
301.638	117.500
301.827	122.500
302.016	125.500
302.205	131.500
302.395	101.500
302.584	133.500
302.773	188.500
302.962	177.500
303.151	161.500
303.340	142.500
303.529	111.500
303.718	89.500
303.907	117.500
304.096	132.500
304.285	132.500
304.474	153.500
304.663	153.500
304.852	132.500
305.041	129.500
305.230	131.500
305.419	124.500
305.608	168.500
305.797	124.500
305.986	130.500
306.175	145.500
306.364	120.500
306.553	87.500
306.743	131.500
306.932	147.500
307.121	105.500
307.310	116.500
307.499	129.500
307.688	146.500
307.877	153.500
308.066	118.500
308.255	131.500
308.444	150.500
308.633	131.500
308.822	115.500
309.011	49.500
309.200	69.500
309.389	139.500
309.578	148.500
309.767	179.500
309.956	196.500
310.145	120.500
310.334	118.500
310.523	140.500
310.712	128.500
310.901	124.500
311.091	151.500
311.280	169.500
311.469	139.500
311.658	176.500
311.847	161.500
312.036	113.500
312.225	159.500
312.414	128.500
312.603	101.500
312.792	112.500
312.981	117.500
313.170	103.500
313.349	114.500
313.527	140.500
313.706	144.500
313.884	137.500
314.063	138.500
314.241	165.500
314.420	186.500
314.598	129.500
314.777	116.500
314.955	154.500
315.134	183.500
315.312	147.500
315.491	122.500
315.669	148.500
315.848	147.500
316.027	118.500
316.205	149.500
316.384	107.500
316.562	155.500
316.741	145.500
316.919	103.500
317.098	121.500
317.276	114.500
317.455	119.500
317.633	124.500
317.812	159.500
317.990	131.500
318.169	147.500
318.347	192.500
318.526	212.500
318.705	140.500
318.883	136.500
319.062	142.500
319.240	164.500
319.419	104.500
319.597	113.500
319.776	144.500
319.954	137.500
320.133	132.500
320.311	142.500
320.490	160.500
320.668	144.500
320.847	140.500
321.025	133.500
321.204	145.500
321.382	152.500
321.561	172.500
321.740	153.500
321.918	140.500
322.097	132.500
322.275	104.500
322.454	103.500
322.632	86.500
322.811	139.500
322.989	137.500
323.168	99.500
323.346	134.500
323.525	142.500
323.703	149.500
323.882	135.500
324.060	136.500
324.239	140.500
324.418	176.500
324.596	180.500
324.775	91.500
324.953	70.500
325.132	111.500
325.310	105.500
325.489	126.500
325.667	139.500
325.846	137.500
326.024	158.500
326.203	192.500
326.381	165.500
326.560	213.500
326.738	185.500
326.917	138.500
327.096	136.500
327.274	120.500
327.453	125.500
327.631	115.500
327.810	104.500
327.988	133.500
328.167	122.500
328.345	165.500
328.524	158.500
328.702	181.500
328.881	200.500
329.059	127.500
329.238	86.500
329.416	136.500
329.595	152.500
329.774	149.500
329.952	161.500
330.131	215.500
330.309	207.500
330.488	188.500
330.666	160.500
330.845	125.500
331.023	102.500
331.202	125.500
331.380	134.500
331.559	116.500
331.737	111.500
331.916	111.500
332.094	151.500
332.273	178.500
332.452	140.500
332.630	153.500
332.809	151.500
332.987	134.500
333.166	112.500
333.344	160.500
333.523	197.500
333.701	169.500
333.880	167.500
334.058	163.500
334.237	212.500
334.415	208.500
334.594	190.500
334.772	132.500
334.951	125.500
335.129	137.500
335.308	221.500
335.487	177.500
335.665	185.500
335.844	201.500
336.022	234.500
336.201	209.500
336.379	114.500
336.558	92.500
336.736	131.500
336.915	175.500
337.093	175.500
337.272	160.500
337.450	153.500
337.629	190.500
337.807	181.500
337.986	187.500
338.165	210.500
338.343	162.500
338.522	166.500
338.700	162.500
338.879	119.500
339.057	156.500
339.236	206.500
339.414	167.500
339.593	89.500
339.771	155.500
339.950	202.500
340.128	156.500
340.307	130.500
340.485	161.500
340.664	196.500
340.843	167.500
341.021	154.500
341.200	133.500
341.378	155.500
341.557	185.500
341.735	165.500
341.914	118.500
342.092	141.500
342.271	136.500
342.449	112.500
342.628	108.500
342.806	117.500
342.985	164.500
343.163	126.500
343.342	156.500
343.521	171.500
343.699	106.500
343.878	141.500
344.056	165.500
344.235	169.500
344.413	165.500
344.592	177.500
344.770	126.500
344.949	189.500
345.127	179.500
345.306	151.500
345.484	140.500
345.663	188.500
345.841	223.500
346.020	168.500
346.199	153.500
346.377	143.500
346.556	203.500
346.734	200.500
346.913	130.500
347.091	143.500
347.270	215.500
347.448	153.500
347.627	115.500
347.805	146.500
347.984	149.500
348.162	168.500
348.341	173.500
348.519	182.500
348.698	154.500
348.876	139.500
349.055	147.500
349.234	151.500
349.412	173.500
349.591	161.500
349.769	149.500
349.948	164.500
350.126	169.500
350.305	207.500
350.483	167.500
350.662	133.500
350.840	171.500
351.019	160.500
351.197	195.500
351.376	224.500
351.554	172.500
351.733	129.500
351.912	192.500
352.090	187.500
352.269	154.500
352.447	155.500
352.626	156.500
352.804	156.500
352.983	155.500
353.161	181.500
353.340	139.500
353.518	153.500
353.697	182.500
353.875	171.500
354.054	204.500
354.232	218.500
354.411	199.500
354.590	204.500
354.768	229.500
354.947	175.500
355.125	163.500
355.304	164.500
355.482	154.500
355.661	120.500
355.839	127.500
356.018	162.500
356.196	161.500
356.375	121.500
356.553	178.500
356.732	168.500
356.910	153.500
357.089	173.500
357.268	143.500
357.446	160.500
357.625	169.500
357.803	170.500
357.982	178.500
358.160	141.500
358.339	171.500
358.517	199.500
358.696	221.500
358.874	168.500
359.053	109.500
359.231	117.500
359.410	160.500
359.588	169.500
359.767	144.500
359.945	180.500
360.124	155.500
360.303	141.500
360.481	133.500
360.660	142.500
360.838	145.500
361.017	101.500
361.195	120.500
361.374	153.500
361.552	143.500
361.731	147.500
361.909	145.500
362.088	97.500
362.266	137.500
362.445	123.500
362.623	107.500
362.802	128.500
362.981	189.500
363.159	222.500
363.338	219.500
363.516	239.500
363.695	199.500
363.873	196.500
364.052	159.500
364.230	157.500
364.409	151.500
364.587	164.500
364.766	168.500
364.944	175.500
365.123	174.500
365.301	154.500
365.480	159.500
365.660	129.500
365.839	191.500
366.019	219.500
366.199	193.500
366.379	165.500
366.558	158.500
366.738	195.500
366.918	166.500
367.098	112.500
367.277	96.500
367.457	144.500
367.637	138.500
367.816	189.500
367.996	182.500
368.176	171.500
368.356	209.500
368.535	172.500
368.715	184.500
368.895	207.500
369.075	163.500
369.254	164.500
369.434	233.500
369.614	244.500
369.793	211.500
369.973	256.500
370.153	199.500
370.333	122.500
370.512	100.500
370.692	159.500
370.872	189.500
371.051	184.500
371.231	236.500
371.411	217.500
371.591	198.500
371.770	168.500
371.950	172.500
372.130	155.500
372.310	139.500
372.489	176.500
372.669	175.500
372.849	195.500
373.028	228.500
373.208	212.500
373.388	137.500
373.568	132.500
373.747	182.500
373.927	174.500
374.107	156.500
374.287	187.500
374.466	175.500
374.646	169.500
374.826	180.500
375.005	138.500
375.185	157.500
375.365	234.500
375.545	198.500
375.724	159.500
375.904	232.500
376.084	165.500
376.263	138.500
376.443	143.500
376.623	185.500
376.803	176.500
376.982	192.500
377.162	157.500
377.342	155.500
377.522	180.500
377.701	197.500
377.881	224.500
378.061	276.500
378.240	194.500
378.420	123.500
378.600	165.500
378.780	175.500
378.959	170.500
379.139	180.500
379.319	230.500
379.499	219.500
379.678	183.500
379.858	219.500
380.038	197.500
380.217	236.500
380.397	223.500
380.577	231.500
380.757	205.500
380.936	194.500
381.116	177.500
381.296	189.500
381.476	197.500
381.655	166.500
381.835	205.500
382.015	210.500
382.194	181.500
382.374	209.500
382.554	203.500
382.734	213.500
382.913	212.500
383.093	196.500
383.273	166.500
383.452	176.500
383.632	183.500
383.812	183.500
383.992	225.500
384.171	200.500
384.351	196.500
384.531	189.500
384.711	158.500
384.890	171.500
385.070	180.500
385.250	166.500
385.429	187.500
385.609	185.500
385.789	186.500
385.969	181.500
386.148	159.500
386.328	147.500
386.508	143.500
386.688	179.500
386.867	196.500
387.047	192.500
387.227	174.500
387.406	199.500
387.586	223.500
387.766	237.500
387.946	198.500
388.125	184.500
388.305	188.500
388.485	179.500
388.664	185.500
388.844	198.500
389.024	155.500
389.204	156.500
389.383	175.500
389.563	158.500
389.743	160.500
389.923	187.500
390.102	171.500
390.282	132.500
390.462	168.500
390.641	183.500
390.821	162.500
391.001	144.500
391.181	179.500
391.360	225.500
391.540	200.500
391.720	185.500
391.900	206.500
392.079	195.500
392.259	197.500
392.439	208.500
392.618	183.500
392.798	139.500
392.978	115.500
393.158	157.500
393.337	193.500
393.517	206.500
393.697	236.500
393.877	241.500
394.056	254.500
394.236	273.500
394.416	210.500
394.595	187.500
394.775	204.500
394.955	218.500
395.135	202.500
395.314	225.500
395.494	266.500
395.674	278.500
395.853	228.500
396.033	218.500
396.213	218.500
396.393	199.500
396.572	241.500
396.752	246.500
396.932	235.500
397.112	224.500
397.291	253.500
397.471	273.500
397.651	250.500
397.830	217.500
398.010	205.500
398.190	287.500
398.370	231.500
398.549	200.500
398.729	220.500
398.909	217.500
399.089	182.500
399.268	214.500
399.448	267.500
399.628	219.500
399.807	233.500
399.987	253.500
400.167	294.500
400.347	311.500
400.526	317.500
400.706	298.500
400.886	280.500
401.065	316.500
401.245	310.500
401.425	330.500
401.605	323.500
401.784	268.500
401.964	262.500
402.144	325.500
402.324	342.500
402.503	336.500
402.683	308.500
402.863	275.500
403.042	269.500
403.222	283.500
403.402	309.500
403.582	313.500
403.761	290.500
403.941	335.500
404.121	343.500
404.301	337.500
404.480	357.500
404.660	425.500
404.844	420.500
405.029	391.500
405.213	374.500
405.398	369.500
405.582	395.500
405.767	405.500
405.951	439.500
406.136	435.500
406.320	496.500
406.505	538.500
406.689	543.500
406.874	561.500
407.058	570.500
407.243	607.500
407.427	624.500
407.612	664.500
407.796	739.500
407.981	855.500
408.165	852.500
408.350	878.500
408.534	857.500
408.719	896.500
408.903	992.500
409.088	1050.500
409.272	1087.500
409.457	1112.500
409.641	1177.500
409.826	1301.500
410.010	1397.500
410.195	1502.500
410.379	1592.500
410.564	1695.500
410.748	1854.500
410.933	1950.500
411.117	2024.500
411.302	2149.500
411.486	2307.500
411.671	2486.500
411.855	2584.500
412.040	2683.500
412.224	2801.500
412.409	2940.500
412.593	3018.500
412.778	3259.500
412.962	3345.500
413.147	3523.500
413.331	3683.500
413.516	3788.500
413.700	3975.500
413.885	4086.500
414.069	4137.500
414.254	4295.500
414.438	4459.500
414.623	4602.500
414.807	4734.500
414.992	4876.500
415.176	5080.500
415.361	5305.500
415.545	5565.500
415.730	5646.500
415.914	5729.500
416.099	6003.500
416.283	6056.500
416.468	6107.500
416.652	6242.500
416.837	6314.500
417.021	6473.500
417.206	6555.500
417.390	6663.500
417.575	6701.500
417.759	6805.500
417.944	7140.500
418.128	7178.500
418.313	7286.500
418.497	7471.500
418.682	7527.500
418.866	7655.500
419.051	7579.500
419.235	7672.500
419.420	7836.500
419.604	8067.500
419.789	8261.500
419.973	8445.500
420.158	8598.500
420.342	8793.500
420.527	8996.500
420.711	9105.500
420.896	9236.500
421.080	9434.500
421.265	9466.500
421.449	9463.500
421.634	9466.500
421.818	9424.500
422.003	9488.500
422.187	9467.500
422.372	9472.500
422.556	9522.500
422.741	9647.500
422.925	9838.500
423.110	9875.500
423.294	10029.500
423.479	10100.500
423.663	10265.500
423.848	10365.500
424.032	10324.500
424.217	10433.500
424.401	10514.500
424.586	10641.500
424.770	10622.500
424.955	10634.500
425.139	10772.500
425.324	10742.500
425.508	10812.500
425.693	10904.500
425.877	10988.500
426.062	10862.500
426.246	10949.500
426.431	10964.500
426.615	10810.500
426.800	10762.500
426.984	10743.500
427.169	10949.500
427.353	11085.500
427.538	10972.500
427.722	10876.500
427.907	11027.500
428.091	11130.500
428.276	11016.500
428.460	10960.500
428.645	10889.500
428.829	10618.500
429.014	10440.500
429.198	10273.500
429.383	10116.500
429.567	9773.500
429.752	9455.500
429.936	9227.500
430.121	9089.500
430.305	9175.500
430.490	9393.500
430.674	9813.500
430.859	10326.500
431.043	10797.500
431.228	11168.500
431.412	11315.500
431.597	11586.500
431.781	11632.500
431.966	11759.500
432.150	11919.500
432.335	12165.500
432.519	12463.500
432.704	12633.500
432.888	12597.500
433.073	12297.500
433.257	12258.500
433.442	12075.500
433.626	12073.500
433.811	12203.500
433.995	12360.500
434.180	12438.500
434.364	12633.500
434.549	12833.500
434.733	12891.500
434.918	12915.500
435.102	13121.500
435.287	13394.500
435.471	13551.500
435.656	13793.500
435.840	13869.500
436.030	13766.500
436.219	13920.500
436.409	13904.500
436.599	13971.500
436.789	13719.500
436.978	13731.500
437.168	13790.500
437.358	13545.500
437.548	13273.500
437.737	13145.500
437.927	13137.500
438.117	12924.500
438.306	12955.500
438.496	13200.500
438.686	13402.500
438.876	13499.500
439.065	13775.500
439.255	13982.500
439.445	13825.500
439.634	13824.500
439.824	14026.500
440.014	14082.500
440.204	14148.500
440.393	14329.500
440.583	14510.500
440.773	14654.500
440.963	14901.500
441.152	15037.500
441.342	15159.500
441.532	15440.500
441.721	15488.500
441.911	15718.500
442.101	15612.500
442.291	15733.500
442.480	15997.500
442.670	15927.500
442.860	15834.500
443.050	16040.500
443.239	16057.500
443.429	16139.500
443.619	16259.500
443.808	16363.500
443.998	16457.500
444.188	16645.500
444.378	16576.500
444.567	16513.500
444.757	16475.500
444.947	16418.500
445.137	16298.500
445.326	16402.500
445.516	16154.500
445.706	16184.500
445.895	16249.500
446.085	16421.500
446.275	16598.500
446.465	16934.500
446.654	17098.500
446.844	17159.500
447.034	17240.500
447.223	17487.500
447.413	17587.500
447.603	17667.500
447.793	17830.500
447.982	17932.500
448.172	17711.500
448.362	17837.500
448.552	18009.500
448.741	18157.500
448.931	18177.500
449.121	18151.500
449.310	18179.500
449.500	18468.500
449.690	18560.500
449.880	18648.500
450.069	18976.500
450.259	19178.500
450.449	19107.500
450.639	19193.500
450.828	19320.500
451.018	19041.500
451.208	19239.500
451.397	19132.500
451.587	18985.500
451.777	18893.500
451.967	18898.500
452.156	18731.500
452.346	18430.500
452.536	18224.500
452.725	18100.500
452.915	18048.500
453.105	17923.500
453.295	18155.500
453.484	18187.500
453.674	18245.500
453.864	18409.500
454.054	18368.500
454.243	18274.500
454.433	18277.500
454.623	18390.500
454.812	18295.500
455.002	18286.500
455.192	18495.500
455.382	18354.500
455.571	18448.500
455.761	18843.500
455.951	19102.500
456.141	19039.500
456.330	18892.500
456.520	18822.500
456.710	18887.500
456.899	18818.500
457.089	18878.500
457.279	18945.500
457.469	18830.500
457.658	18895.500
457.848	18906.500
458.038	18639.500
458.228	18632.500
458.417	18674.500
458.607	18717.500
458.797	18715.500
458.986	18499.500
459.176	18483.500
459.366	18503.500
459.556	18348.500
459.745	18514.500
459.935	18530.500
460.125	18501.500
460.314	18693.500
460.504	18809.500
460.694	18733.500
460.884	18823.500
461.073	18954.500
461.263	18883.500
461.453	19081.500
461.643	19105.500
461.832	18867.500
462.022	19008.500
462.212	19212.500
462.401	19180.500
462.591	18985.500
462.781	19224.500
462.971	19207.500
463.160	19216.500
463.350	19032.500
463.540	18828.500
463.730	18698.500
463.919	18743.500
464.109	18666.500
464.299	18670.500
464.488	18542.500
464.678	18470.500
464.868	18555.500
465.058	18588.500
465.247	18710.500
465.437	18810.500
465.627	18830.500
465.816	18670.500
466.006	18546.500
466.196	18616.500
466.386	18498.500
466.575	18393.500
466.765	18425.500
466.955	18356.500
467.145	18224.500
467.334	18424.500
467.524	18504.500
467.714	18724.500
467.903	18730.500
468.093	18681.500
468.283	18678.500
468.473	18819.500
468.662	18744.500
468.852	18885.500
469.042	19036.500
469.232	19022.500
469.421	18898.500
469.611	18818.500
469.801	18649.500
469.990	18579.500
470.180	18499.500
470.370	18568.500
470.560	18610.500
470.749	18618.500
470.939	18776.500
471.129	18865.500
471.318	19035.500
471.508	19247.500
471.698	19328.500
471.888	19353.500
472.077	19520.500
472.267	19598.500
472.457	19637.500
472.647	19559.500
472.836	19489.500
473.026	19530.500
473.216	19600.500
473.405	19393.500
473.595	19481.500
473.785	19678.500
473.975	19704.500
474.164	19671.500
474.354	19781.500
474.544	19778.500
474.734	19994.500
474.923	20000.500
475.113	19974.500
475.303	19892.500
475.492	19743.500
475.682	19686.500
475.872	19639.500
476.062	19725.500
476.251	19588.500
476.441	19527.500
476.631	19467.500
476.821	19462.500
477.010	19566.500
477.200	19816.500
477.390	19891.500
477.579	20066.500
477.769	20085.500
477.959	20139.500
478.149	20227.500
478.338	20109.500
478.528	19961.500
478.718	20095.500
478.907	20094.500
479.097	20082.500
479.287	20173.500
479.477	20107.500
479.666	20107.500
479.856	20152.500
480.046	20285.500
480.236	20137.500
480.425	20068.500
480.615	19926.500
480.805	19976.500
480.994	20088.500
481.184	20033.500
481.374	20009.500
481.564	20182.500
481.753	20026.500
481.943	19826.500
482.133	20073.500
482.323	20144.500
482.512	19967.500
482.702	19848.500
482.892	19889.500
483.081	19785.500
483.271	19698.500
483.461	19493.500
483.651	19576.500
483.840	19469.500
484.030	19404.500
484.220	19307.500
484.409	19217.500
484.599	19233.500
484.789	19095.500
484.979	18944.500
485.168	18674.500
485.358	18288.500
485.548	17780.500
485.738	17342.500
485.927	17069.500
486.117	16765.500
486.307	16541.500
486.496	16513.500
486.686	16511.500
486.876	16789.500
487.066	16825.500
487.255	17080.500
487.445	17166.500
487.635	17557.500
487.825	17784.500
488.014	17790.500
488.204	17953.500
488.394	18065.500
488.583	17948.500
488.773	17789.500
488.963	17876.500
489.153	18092.500
489.342	18179.500
489.532	18422.500
489.722	18483.500
489.912	18712.500
490.101	18848.500
490.291	19044.500
490.481	19020.500
490.670	18888.500
490.860	18709.500
491.050	18737.500
491.240	18881.500
491.429	18726.500
491.619	18381.500
491.809	18238.500
491.998	18136.500
492.188	18073.500
492.378	18110.500
492.568	18265.500
492.757	18356.500
492.947	18476.500
493.137	18495.500
493.327	18614.500
493.516	18519.500
493.706	18584.500
493.896	18574.500
494.085	18575.500
494.275	18701.500
494.465	18746.500
494.655	18746.500
494.844	18972.500
495.034	19079.500
495.224	18919.500
495.414	18872.500
495.603	18948.500
495.793	18918.500
495.983	18776.500
496.172	18789.500
496.362	19061.500
496.552	18947.500
496.742	18902.500
496.931	19062.500
497.121	19134.500
497.311	18949.500
497.500	18946.500
497.690	19016.500
497.880	18785.500
498.070	18643.500
498.259	18568.500
498.449	18501.500
498.639	18569.500
498.829	18559.500
499.018	18592.500
499.208	18685.500
499.398	18603.500
499.587	18669.500
499.777	18657.500
499.967	18631.500
500.157	18477.500
500.346	18360.500
500.536	18160.500
500.726	18121.500
500.916	18114.500
501.105	17942.500
501.295	18011.500
501.485	17994.500
501.674	17796.500
501.864	17699.500
502.054	17615.500
502.244	17733.500
502.433	17899.500
502.623	17962.500
502.813	18058.500
503.003	18240.500
503.192	18189.500
503.382	18202.500
503.572	18084.500
503.761	17987.500
503.951	17943.500
504.141	17818.500
504.331	17621.500
504.520	17766.500
504.710	17958.500
504.900	18057.500
505.089	18256.500
505.279	18312.500
505.469	18289.500
505.659	18462.500
505.848	18444.500
506.038	18450.500
506.228	18249.500
506.418	18444.500
506.607	18512.500
506.797	18344.500
506.987	18205.500
507.176	17984.500
507.366	17886.500
507.556	17827.500
507.746	17794.500
507.935	17819.500
508.125	17850.500
508.315	17832.500
508.505	17752.500
508.694	17881.500
508.884	18006.500
509.074	17963.500
509.263	17797.500
509.453	17863.500
509.643	17928.500
509.833	17789.500
510.022	17727.500
510.212	17664.500
510.402	17596.500
510.592	17777.500
510.781	17838.500
510.971	17785.500
511.161	17674.500
511.350	17679.500
511.540	17775.500
511.730	17827.500
511.920	17647.500
512.109	17421.500
512.299	17387.500
512.489	17339.500
512.678	17252.500
512.868	17048.500
513.058	16977.500
513.248	16882.500
513.437	16919.500
513.627	16918.500
513.817	16813.500
514.007	16611.500
514.196	16520.500
514.386	16505.500
514.576	16503.500
514.765	16496.500
514.955	16594.500
515.145	16527.500
515.335	16658.500
515.524	16678.500
515.714	16560.500
515.904	16478.500
516.094	16317.500
516.283	16029.500
516.473	15561.500
516.663	15280.500
516.852	15047.500
517.042	14954.500
517.232	15001.500
517.422	14956.500
517.611	14925.500
517.801	15126.500
517.991	15025.500
518.180	14933.500
518.370	14868.500
518.560	14926.500
518.750	14977.500
518.939	15058.500
519.129	15233.500
519.319	15432.500
519.509	15575.500
519.698	15780.500
519.888	15731.500
520.078	15686.500
520.267	15852.500
520.457	15944.500
520.647	15943.500
520.837	16077.500
521.026	16098.500
521.216	16193.500
521.406	16109.500
521.596	16242.500
521.785	16262.500
521.975	16257.500
522.165	16054.500
522.354	16023.500
522.544	15937.500
522.734	15952.500
522.924	15875.500
523.113	15841.500
523.303	15975.500
523.493	16206.500
523.683	16286.500
523.872	16308.500
524.062	16628.500
524.252	16749.500
524.441	16674.500
524.631	16555.500
524.821	16467.500
525.011	16494.500
525.200	16518.500
525.390	16362.500
525.580	16240.500
525.769	16146.500
525.959	16070.500
526.149	15933.500
526.339	15756.500
526.528	15617.500
526.718	15386.500
526.908	15267.500
527.098	15422.500
527.287	15441.500
527.477	15362.500
527.667	15511.500
527.856	15745.500
528.046	15902.500
528.236	16033.500
528.426	16244.500
528.615	16299.500
528.805	16406.500
528.995	16489.500
529.185	16471.500
529.374	16516.500
529.564	16418.500
529.754	16277.500
529.943	16362.500
530.133	16396.500
530.323	16487.500
530.513	16364.500
530.702	16297.500
530.892	16492.500
531.082	16504.500
531.271	16393.500
531.461	16284.500
531.651	16080.500
531.841	15942.500
532.030	15881.500
532.220	15637.500
532.410	15517.500
532.600	15446.500
532.789	15358.500
532.979	15263.500
533.169	15302.500
533.358	15372.500
533.548	15365.500
533.738	15273.500
533.928	15330.500
534.117	15228.500
534.307	15093.500
534.497	15220.500
534.687	15460.500
534.876	15383.500
535.066	15456.500
535.256	15432.500
535.445	15376.500
535.635	15283.500
535.825	15297.500
536.015	15135.500
536.204	14955.500
536.394	14856.500
536.584	14729.500
536.773	14645.500
536.963	14744.500
537.153	14881.500
537.343	14931.500
537.532	14883.500
537.722	14986.500
537.912	15094.500
538.102	14950.500
538.291	14655.500
538.481	14539.500
538.671	14525.500
538.860	14547.500
539.050	14494.500
539.240	14224.500
539.430	14212.500
539.619	14313.500
539.809	14185.500
539.999	14038.500
540.189	13969.500
540.378	13891.500
540.568	14067.500
540.758	14142.500
540.947	14294.500
541.137	14294.500
541.327	14365.500
541.517	14311.500
541.706	14288.500
541.896	14298.500
542.086	14103.500
542.276	14100.500
542.465	14008.500
542.655	13898.500
542.845	14073.500
543.034	14201.500
543.224	14270.500
543.414	14158.500
543.604	14187.500
543.793	14200.500
543.983	14178.500
544.173	14141.500
544.362	14130.500
544.552	14138.500
544.742	14113.500
544.932	14232.500
545.121	14119.500
545.311	13917.500
545.501	13898.500
545.691	14070.500
545.880	14002.500
546.070	13870.500
546.264	13904.500
546.459	13948.500
546.653	13949.500
546.847	13850.500
547.041	13836.500
547.236	13742.500
547.430	13699.500
547.624	13685.500
547.818	13587.500
548.013	13747.500
548.207	13906.500
548.401	13865.500
548.596	13795.500
548.790	13788.500
548.984	13752.500
549.178	13709.500
549.373	13762.500
549.567	13752.500
549.761	13734.500
549.956	13637.500
550.150	13569.500
550.344	13548.500
550.538	13399.500
550.733	13518.500
550.927	13698.500
551.121	13748.500
551.315	13693.500
551.510	13583.500
551.704	13529.500
551.898	13610.500
552.093	13591.500
552.287	13552.500
552.481	13528.500
552.675	13504.500
552.870	13528.500
553.064	13383.500
553.258	13447.500
553.453	13569.500
553.647	13290.500
553.841	13420.500
554.035	13545.500
554.230	13529.500
554.424	13465.500
554.618	13579.500
554.812	13520.500
555.007	13332.500
555.201	13296.500
555.395	13510.500
555.590	13397.500
555.784	13381.500
555.978	13314.500
556.172	13193.500
556.367	13155.500
556.561	13065.500
556.755	13020.500
556.949	12965.500
557.144	12975.500
557.338	13044.500
557.532	12994.500
557.727	12856.500
557.921	12886.500
558.115	12923.500
558.309	12925.500
558.504	12776.500
558.698	12879.500
558.892	12862.500
559.087	12731.500
559.281	12639.500
559.475	12737.500
559.669	12751.500
559.864	12780.500
560.058	12826.500
560.252	12977.500
560.446	12896.500
560.641	12904.500
560.835	13093.500
561.029	12960.500
561.224	12901.500
561.418	12767.500
561.612	12803.500
561.806	12936.500
562.001	12782.500
562.195	12939.500
562.389	12947.500
562.584	12858.500
562.778	12787.500
562.972	12821.500
563.166	12970.500
563.361	12878.500
563.555	12848.500
563.749	12783.500
563.943	12710.500
564.138	12806.500
564.332	12787.500
564.526	12689.500
564.721	12771.500
564.915	12766.500
565.109	12727.500
565.303	12644.500
565.498	12652.500
565.692	12526.500
565.886	12466.500
566.081	12526.500
566.275	12548.500
566.469	12546.500
566.663	12646.500
566.858	12717.500
567.052	12624.500
567.246	12679.500
567.440	12585.500
567.635	12549.500
567.829	12529.500
568.023	12455.500
568.218	12394.500
568.412	12417.500
568.606	12320.500
568.800	12389.500
568.995	12341.500
569.189	12232.500
569.383	12234.500
569.577	12308.500
569.772	12188.500
569.966	12090.500
570.160	12070.500
570.355	11980.500
570.549	12063.500
570.743	11939.500
570.937	11998.500
571.132	12145.500
571.326	12080.500
571.520	11956.500
571.715	11867.500
571.909	11980.500
572.103	12151.500
572.297	12192.500
572.492	12236.500
572.686	12114.500
572.880	12164.500
573.074	12255.500
573.269	12247.500
573.463	12154.500
573.657	12164.500
573.852	12093.500
574.046	11980.500
574.240	11943.500
574.434	11922.500
574.629	11865.500
574.823	11830.500
575.017	11951.500
575.212	11774.500
575.406	11764.500
575.600	11703.500
575.794	11629.500
575.989	11699.500
576.183	11647.500
576.377	11675.500
576.571	11791.500
576.766	11763.500
576.960	11754.500
577.159	11661.500
577.357	11406.500
577.556	11415.500
577.755	11408.500
577.953	11286.500
578.152	11262.500
578.350	11383.500
578.549	11403.500
578.748	11363.500
578.946	11348.500
579.145	11352.500
579.344	11392.500
579.542	11423.500
579.741	11472.500
579.940	11527.500
580.138	11604.500
580.337	11557.500
580.535	11488.500
580.734	11566.500
580.933	11628.500
581.131	11671.500
581.330	11772.500
581.529	11944.500
581.727	12008.500
581.926	12026.500
582.125	12122.500
582.323	12076.500
582.522	12048.500
582.721	12233.500
582.919	12330.500
583.118	12314.500
583.316	12417.500
583.515	12462.500
583.714	12500.500
583.912	12376.500
584.111	12404.500
584.310	12529.500
584.508	12406.500
584.707	12391.500
584.906	12359.500
585.104	12436.500
585.303	12435.500
585.501	12303.500
585.700	12351.500
585.899	12238.500
586.097	12321.500
586.296	12384.500
586.495	12341.500
586.693	12270.500
586.892	12337.500
587.091	12293.500
587.289	12282.500
587.488	12190.500
587.686	12118.500
587.885	11959.500
588.084	11744.500
588.282	11489.500
588.481	11419.500
588.680	11156.500
588.878	10962.500
589.077	10851.500
589.276	10806.500
589.474	10890.500
589.673	11007.500
589.871	11041.500
590.070	11157.500
590.269	11276.500
590.467	11234.500
590.666	11349.500
590.865	11301.500
591.063	11388.500
591.262	11454.500
591.461	11441.500
591.659	11448.500
591.858	11451.500
592.056	11533.500
592.255	11488.500
592.454	11539.500
592.652	11468.500
592.851	11497.500
593.050	11609.500
593.248	11494.500
593.447	11475.500
593.646	11455.500
593.844	11475.500
594.043	11421.500
594.241	11317.500
594.440	11476.500
594.639	11406.500
594.837	11277.500
595.036	11415.500
595.235	11426.500
595.433	11369.500
595.632	11436.500
595.831	11468.500
596.029	11374.500
596.228	11441.500
596.427	11635.500
596.625	11674.500
596.824	11495.500
597.022	11414.500
597.221	11319.500
597.420	11407.500
597.618	11433.500
597.817	11376.500
598.016	11379.500
598.214	11478.500
598.413	11543.500
598.612	11577.500
598.810	11535.500
599.009	11475.500
599.207	11457.500
599.406	11433.500
599.605	11411.500
599.803	11433.500
600.002	11408.500
600.201	11383.500
600.399	11324.500
600.598	11313.500
600.797	11302.500
600.995	11370.500
601.194	11405.500
601.392	11342.500
601.591	11184.500
601.790	11192.500
601.988	11293.500
602.187	11364.500
602.386	11431.500
602.584	11506.500
602.783	11477.500
602.982	11467.500
603.180	11514.500
603.379	11526.500
603.577	11555.500
603.776	11553.500
603.975	11592.500
604.173	11471.500
604.372	11469.500
604.571	11588.500
604.769	11589.500
604.968	11454.500
605.167	11470.500
605.365	11471.500
605.564	11369.500
605.762	11435.500
605.961	11436.500
606.160	11496.500
606.358	11564.500
606.557	11598.500
606.756	11629.500
606.954	11509.500
607.153	11396.500
607.352	11504.500
607.550	11468.500
607.749	11298.500
607.948	11289.500
608.146	11415.500
608.345	11304.500
608.543	11227.500
608.742	11251.500
608.941	11200.500
609.139	11203.500
609.338	11256.500
609.537	11126.500
609.735	11142.500
609.934	11182.500
610.133	11139.500
610.331	11144.500
610.530	11182.500
610.728	11196.500
610.927	11237.500
611.126	11217.500
611.324	11142.500
611.523	11171.500
611.722	11111.500
611.920	11045.500
612.119	11132.500
612.318	11206.500
612.516	11204.500
612.715	10995.500
612.913	10994.500
613.112	10981.500
613.311	10931.500
613.509	10800.500
613.708	10790.500
613.907	10879.500
614.105	10900.500
614.304	10893.500
614.503	10963.500
614.701	10918.500
614.900	10838.500
615.098	10809.500
615.297	10835.500
615.496	10772.500
615.694	10671.500
615.893	10653.500
616.092	10564.500
616.290	10772.500
616.489	10855.500
616.688	10688.500
616.886	10492.500
617.085	10475.500
617.283	10663.500
617.482	10633.500
617.681	10679.500
617.879	10704.500
618.078	10680.500
618.277	10801.500
618.475	10824.500
618.674	10725.500
618.873	10816.500
619.071	10750.500
619.270	10723.500
619.468	10702.500
619.667	10705.500
619.866	10820.500
620.064	10823.500
620.263	10773.500
620.462	10767.500
620.660	10793.500
620.859	10709.500
621.058	10699.500
621.256	10648.500
621.455	10570.500
621.654	10638.500
621.852	10642.500
622.051	10665.500
622.249	10537.500
622.448	10530.500
622.647	10474.500
622.845	10460.500
623.044	10537.500
623.243	10484.500
623.441	10451.500
623.640	10438.500
623.839	10354.500
624.037	10272.500
624.236	10285.500
624.434	10172.500
624.633	10116.500
624.832	10110.500
625.030	10065.500
625.229	10069.500
625.428	10057.500
625.626	10058.500
625.825	10120.500
626.024	10318.500
626.222	10396.500
626.421	10360.500
626.619	10191.500
626.818	10127.500
627.017	10074.500
627.215	10069.500
627.414	10046.500
627.613	9983.500
627.811	9943.500
628.010	9912.500
628.209	10018.500
628.407	10026.500
628.606	9954.500
628.804	10008.500
629.003	9869.500
629.202	9828.500
629.400	9868.500
629.599	9826.500
629.798	9706.500
629.996	9796.500
630.195	9798.500
630.394	9875.500
630.592	9925.500
630.791	9908.500
630.990	9873.500
631.188	9765.500
631.387	9809.500
631.585	9936.500
631.784	9936.500
631.983	9807.500
632.181	9889.500
632.380	9909.500
632.579	9882.500
632.777	9869.500
632.976	9793.500
633.175	9843.500
633.373	9834.500
633.572	9933.500
633.770	9891.500
633.969	9878.500
634.168	9932.500
634.366	9868.500
634.565	9786.500
634.764	9883.500
634.962	9832.500
635.161	10031.500
635.360	9928.500
635.558	9896.500
635.757	9914.500
635.955	9897.500
636.154	9883.500
636.353	9939.500
636.551	9897.500
636.750	9835.500
636.949	9806.500
637.147	9925.500
637.346	9952.500
637.545	10004.500
637.743	10049.500
637.942	10021.500
638.140	9999.500
638.339	10038.500
638.538	10067.500
638.736	10052.500
638.935	9971.500
639.134	9876.500
639.332	9742.500
639.531	9772.500
639.730	9733.500
639.928	9724.500
640.127	9830.500
640.325	9762.500
640.524	9746.500
640.723	9851.500
640.921	9851.500
641.120	9849.500
641.319	9789.500
641.517	9650.500
641.716	9599.500
641.915	9654.500
642.113	9750.500
642.312	9780.500
642.510	9807.500
642.709	9760.500
642.908	9750.500
643.106	9757.500
643.305	9762.500
643.504	9848.500
643.702	9895.500
643.901	9854.500
644.100	9767.500
644.298	9808.500
644.497	9842.500
644.696	9758.500
644.894	9807.500
645.093	9792.500
645.291	9827.500
645.490	9856.500
645.689	9743.500
645.887	9605.500
646.086	9588.500
646.285	9560.500
646.483	9607.500
646.682	9491.500
646.881	9468.500
647.079	9382.500
647.278	9380.500
647.476	9436.500
647.675	9410.500
647.874	9431.500
648.072	9552.500
648.271	9542.500
648.470	9426.500
648.668	9474.500
648.867	9382.500
649.066	9359.500
649.264	9261.500
649.463	9257.500
649.661	9203.500
649.860	9277.500
650.059	9382.500
650.257	9428.500
650.456	9503.500
650.655	9482.500
650.853	9469.500
651.052	9407.500
651.251	9338.500
651.449	9389.500
651.648	9397.500
651.846	9461.500
652.045	9538.500
652.244	9631.500
652.442	9567.500
652.641	9583.500
652.840	9741.500
653.038	9635.500
653.237	9641.500
653.436	9595.500
653.634	9547.500
653.833	9521.500
654.032	9587.500
654.230	9618.500
654.429	9598.500
654.627	9484.500
654.826	9383.500
655.025	9241.500
655.223	9154.500
655.422	9094.500
655.621	8871.500
655.819	8742.500
656.018	8656.500
656.217	8578.500
656.415	8489.500
656.614	8610.500
656.812	8775.500
657.011	8791.500
657.210	8922.500
657.408	8898.500
657.607	8928.500
657.806	9016.500
658.004	9106.500
658.203	9086.500
658.402	9213.500
658.600	9235.500
658.799	9278.500
658.997	9354.500
659.196	9429.500
659.395	9393.500
659.593	9482.500
659.792	9512.500
659.991	9675.500
660.189	9611.500
660.388	9529.500
660.587	9430.500
660.785	9508.500
660.984	9595.500
661.182	9493.500
661.381	9625.500
661.580	9688.500
661.778	9729.500
661.977	9828.500
662.176	9720.500
662.374	9739.500
662.573	9544.500
662.772	9520.500
662.970	9580.500
663.169	9622.500
663.367	9625.500
663.566	9550.500
663.765	9575.500
663.963	9581.500
664.162	9581.500
664.361	9490.500
664.559	9540.500
664.758	9626.500
664.957	9574.500
665.155	9680.500
665.354	9628.500
665.552	9616.500
665.751	9602.500
665.950	9605.500
666.148	9545.500
666.347	9592.500
666.546	9581.500
666.744	9584.500
666.943	9675.500
667.142	9610.500
667.340	9638.500
667.539	9648.500
667.738	9576.500
667.936	9677.500
668.135	9649.500
668.333	9485.500
668.532	9414.500
668.731	9532.500
668.929	9573.500
669.128	9450.500
669.327	9436.500
669.525	9428.500
669.724	9497.500
669.923	9466.500
670.121	9425.500
670.320	9394.500
670.518	9373.500
670.717	9337.500
670.916	9277.500
671.114	9253.500
671.313	9315.500
671.512	9330.500
671.710	9276.500
671.909	9219.500
672.108	9238.500
672.306	9256.500
672.505	9196.500
672.703	9207.500
672.902	9215.500
673.101	9283.500
673.299	9288.500
673.498	9353.500
673.697	9339.500
673.895	9286.500
674.094	9130.500
674.293	9139.500
674.491	9154.500
674.690	9087.500
674.888	8949.500
675.087	9087.500
675.286	9190.500
675.484	9065.500
675.683	9167.500
675.882	9312.500
676.080	9094.500
676.279	9044.500
676.478	9039.500
676.676	9011.500
676.875	9049.500
677.073	9093.500
677.272	8988.500
677.471	8952.500
677.669	9054.500
677.868	9032.500
678.067	8979.500
678.265	8931.500
678.464	8923.500
678.663	8921.500
678.861	9012.500
679.060	9070.500
679.259	8910.500
679.457	8859.500
679.656	8918.500
679.854	8901.500
680.053	8856.500
680.252	8785.500
680.450	8798.500
680.649	8881.500
680.848	8950.500
681.046	8863.500
681.245	8881.500
681.444	8848.500
681.642	8889.500
681.841	8863.500
682.039	8805.500
682.238	8678.500
682.437	8651.500
682.635	8794.500
682.834	8722.500
683.033	8700.500
683.231	8741.500
683.430	8661.500
683.629	8573.500
683.827	8479.500
684.026	8597.500
684.224	8647.500
684.423	8602.500
684.622	8468.500
684.820	8494.500
685.019	8521.500
685.218	8491.500
685.416	8437.500
685.615	8316.500
685.814	8151.500
686.012	7883.500
686.211	7672.500
686.409	7405.500
686.608	7192.500
686.807	7092.500
687.005	7144.500
687.204	7145.500
687.403	7141.500
687.601	7111.500
687.800	7182.500
687.999	7207.500
688.197	7064.500
688.396	7075.500
688.594	7071.500
688.793	7027.500
688.992	6994.500
689.190	7150.500
689.389	7200.500
689.588	7199.500
689.786	7340.500
689.985	7327.500
690.184	7424.500
690.382	7507.500
690.581	7542.500
690.779	7590.500
690.978	7603.500
691.177	7647.500
691.375	7611.500
691.574	7562.500
691.773	7655.500
691.971	7639.500
692.170	7652.500
692.369	7758.500
692.567	7649.500
692.766	7700.500
692.965	7761.500
693.163	7564.500
693.362	7583.500
693.560	7602.500
693.759	7541.500
693.958	7691.500
694.156	7638.500
694.355	7436.500
694.554	7420.500
694.752	7550.500
694.951	7596.500
695.150	7566.500
695.348	7562.500
695.547	7592.500
695.745	7574.500
695.944	7668.500
696.143	7814.500
696.341	7926.500
696.540	7925.500
696.743	7964.500
696.946	7909.500
697.149	7863.500
697.352	7825.500
697.555	7817.500
697.757	7764.500
697.960	7863.500
698.163	7762.500
698.366	7725.500
698.569	7777.500
698.772	7690.500
698.975	7755.500
699.178	7646.500
699.381	7557.500
699.584	7551.500
699.787	7544.500
699.989	7576.500
700.192	7561.500
700.395	7473.500
700.598	7551.500
700.801	7589.500
701.004	7544.500
701.207	7488.500
701.410	7507.500
701.613	7586.500
701.816	7592.500
702.019	7499.500
702.221	7665.500
702.424	7532.500
702.627	7561.500
702.830	7577.500
703.033	7574.500
703.236	7609.500
703.439	7586.500
703.642	7663.500
703.845	7804.500
704.048	7762.500
704.251	7675.500
704.453	7651.500
704.656	7645.500
704.859	7727.500
705.062	7721.500
705.265	7714.500
705.468	7651.500
705.671	7757.500
705.874	7684.500
706.077	7620.500
706.280	7693.500
706.483	7704.500
706.685	7721.500
706.888	7688.500
707.091	7753.500
707.294	7695.500
707.497	7753.500
707.700	7751.500
707.903	7709.500
708.106	7715.500
708.309	7776.500
708.512	7700.500
708.715	7638.500
708.917	7693.500
709.120	7800.500
709.323	7739.500
709.526	7726.500
709.729	7689.500
709.932	7716.500
710.135	7692.500
710.338	7630.500
710.541	7668.500
710.744	7625.500
710.947	7606.500
711.149	7549.500
711.352	7653.500
711.555	7563.500
711.758	7596.500
711.961	7705.500
712.164	7661.500
712.367	7595.500
712.570	7492.500
712.773	7562.500
712.976	7536.500
713.179	7487.500
713.381	7370.500
713.584	7506.500
713.787	7482.500
713.990	7375.500
714.193	7451.500
714.396	7461.500
714.599	7571.500
714.802	7272.500
715.005	7229.500
715.208	7310.500
715.411	7246.500
715.613	7098.500
715.816	6870.500
716.019	6733.500
716.222	6682.500
716.425	6613.500
716.628	6498.500
716.831	6301.500
717.034	6219.500
717.237	6100.500
717.440	5910.500
717.643	5818.500
717.845	5754.500
718.048	5675.500
718.251	5538.500
718.454	5471.500
718.657	5490.500
718.860	5401.500
719.063	5355.500
719.266	5426.500
719.469	5477.500
719.672	5419.500
719.875	5572.500
720.077	5689.500
720.280	5738.500
720.483	5872.500
720.686	5946.500
720.889	5978.500
721.092	5953.500
721.295	6060.500
721.498	6158.500
721.701	6194.500
721.904	6184.500
722.107	6138.500
722.309	6154.500
722.512	6123.500
722.715	6107.500
722.918	5977.500
723.121	5898.500
723.324	5910.500
723.527	5902.500
723.730	5784.500
723.933	5780.500
724.136	5817.500
724.339	5759.500
724.541	5686.500
724.744	5621.500
724.947	5603.500
725.150	5608.500
725.353	5661.500
725.556	5517.500
725.759	5480.500
725.962	5545.500
726.165	5620.500
726.368	5707.500
726.571	5671.500
726.773	5669.500
726.976	5639.500
727.179	5704.500
727.382	5637.500
727.585	5612.500
727.788	5582.500
727.991	5609.500
728.194	5577.500
728.397	5400.500
728.600	5441.500
728.803	5390.500
729.005	5484.500
729.208	5542.500
729.411	5657.500
729.614	5663.500
729.817	5522.500
730.020	5510.500
730.223	5440.500
730.426	5450.500
730.629	5526.500
730.832	5584.500
731.035	5640.500
731.237	5737.500
731.440	5730.500
731.643	5692.500
731.846	5723.500
732.049	5820.500
732.252	5870.500
732.455	5945.500
732.658	5978.500
732.861	5981.500
733.064	6005.500
733.267	6040.500
733.469	6021.500
733.672	6110.500
733.875	6102.500
734.078	6068.500
734.281	6094.500
734.484	6174.500
734.687	6113.500
734.890	6002.500
735.093	6140.500
735.296	6128.500
735.499	6099.500
735.701	6047.500
735.904	6078.500
736.107	5984.500
736.310	5924.500
736.513	5991.500
736.716	5995.500
736.919	5983.500
737.122	6066.500
737.325	6067.500
737.528	6076.500
737.731	5999.500
737.933	5926.500
738.136	5926.500
738.339	5941.500
738.542	5904.500
738.745	5880.500
738.948	5923.500
739.151	5995.500
739.354	5944.500
739.557	5956.500
739.760	5984.500
739.963	5897.500
740.165	5926.500
740.368	5895.500
740.571	5882.500
740.774	5907.500
740.977	5856.500
741.180	5913.500
741.383	5879.500
741.586	5946.500
741.789	5982.500
741.992	5932.500
742.195	5894.500
742.397	5872.500
742.600	5861.500
742.803	5902.500
743.006	5978.500
743.209	5911.500
743.412	5916.500
743.615	5868.500
743.818	5850.500
744.021	5724.500
744.224	5829.500
744.427	5893.500
744.629	5855.500
744.832	5875.500
745.035	5890.500
745.238	5868.500
745.441	5788.500
745.644	5781.500
745.847	5651.500
746.050	5702.500
746.253	5789.500
746.456	5865.500
746.659	5828.500
746.861	5753.500
747.064	5838.500
747.267	5808.500
747.470	5722.500
747.673	5846.500
747.876	5807.500
748.079	5647.500
748.282	5705.500
748.485	5725.500
748.688	5638.500
748.891	5598.500
749.093	5643.500
749.296	5688.500
749.499	5560.500
749.702	5615.500
749.905	5580.500
750.108	5470.500
750.311	5466.500
750.514	5552.500
750.717	5502.500
750.920	5486.500
751.123	5532.500
751.325	5533.500
751.528	5487.500
751.731	5513.500
751.934	5534.500
752.137	5528.500
752.340	5547.500
752.543	5616.500
752.746	5476.500
752.949	5336.500
753.152	5382.500
753.355	5452.500
753.557	5452.500
753.760	5336.500
753.963	5336.500
754.166	5421.500
754.369	5315.500
754.572	5340.500
754.775	5395.500
754.978	5379.500
755.181	5269.500
755.384	5252.500
755.587	5351.500
755.789	5346.500
755.992	5385.500
756.195	5352.500
756.398	5205.500
756.601	5279.500
756.804	5327.500
757.007	5267.500
757.210	5266.500
757.413	5245.500
757.616	5183.500
757.819	5184.500
758.021	5068.500
758.224	4848.500
758.427	4638.500
758.630	4224.500
758.833	4012.500
759.036	3623.500
759.239	3251.500
759.442	2908.500
759.645	2735.500
759.848	2542.500
760.051	2388.500
760.253	2379.500
760.456	2423.500
760.659	2423.500
760.862	2431.500
761.065	2367.500
761.268	2350.500
761.471	2376.500
761.674	2361.500
761.877	2264.500
762.080	2208.500
762.283	2269.500
762.485	2235.500
762.688	2259.500
762.891	2333.500
763.094	2431.500
763.297	2528.500
763.500	2526.500
763.706	2576.500
763.912	2713.500
764.118	2837.500
764.325	2951.500
764.531	2973.500
764.737	3052.500
764.943	3092.500
765.149	3182.500
765.355	3299.500
765.561	3433.500
765.768	3425.500
765.974	3569.500
766.180	3745.500
766.386	3825.500
766.592	3874.500
766.798	3935.500
767.004	4038.500
767.210	4181.500
767.417	4243.500
767.623	4252.500
767.829	4189.500
768.035	4227.500
768.241	4339.500
768.447	4372.500
768.653	4465.500
768.860	4514.500
769.066	4517.500
769.272	4462.500
769.478	4395.500
769.684	4430.500
769.890	4467.500
770.096	4556.500
770.303	4618.500
770.509	4493.500
770.715	4476.500
770.921	4574.500
771.127	4571.500
771.333	4552.500
771.539	4432.500
771.745	4470.500
771.952	4530.500
772.158	4560.500
772.364	4516.500
772.570	4449.500
772.776	4513.500
772.982	4509.500
773.188	4452.500
773.395	4478.500
773.601	4460.500
773.807	4513.500
774.013	4479.500
774.219	4525.500
774.425	4593.500
774.631	4481.500
774.838	4424.500
775.044	4389.500
775.250	4354.500
775.456	4397.500
775.662	4426.500
775.868	4464.500
776.074	4427.500
776.281	4369.500
776.487	4361.500
776.693	4355.500
776.899	4340.500
777.105	4414.500
777.311	4399.500
777.517	4350.500
777.723	4388.500
777.930	4358.500
778.136	4392.500
778.342	4374.500
778.548	4362.500
778.754	4355.500
778.960	4303.500
779.166	4283.500
779.373	4265.500
779.579	4267.500
779.785	4217.500
779.991	4226.500
780.197	4206.500
780.403	4208.500
780.609	4175.500
780.816	4078.500
781.022	4120.500
781.228	4226.500
781.434	4135.500
781.640	4166.500
781.846	4221.500
782.052	4131.500
782.259	4148.500
782.465	4174.500
782.671	4147.500
782.877	4098.500
783.083	4104.500
783.289	4130.500
783.495	4091.500
783.701	4036.500
783.908	4171.500
784.114	4140.500
784.320	4087.500
784.526	4032.500
784.732	3975.500
784.938	3948.500
785.144	4020.500
785.351	3983.500
785.557	3983.500
785.763	3929.500
785.969	3913.500
786.175	3937.500
786.381	3964.500
786.587	3929.500
786.794	3908.500
787.000	3854.500
787.206	3844.500
787.412	3837.500
787.618	3789.500
787.824	3778.500
788.030	3786.500
788.236	3831.500
788.443	3793.500
788.649	3679.500
788.855	3722.500
789.061	3656.500
789.267	3693.500
789.473	3670.500
789.679	3717.500
789.886	3650.500
790.092	3603.500
790.298	3600.500
790.504	3630.500
790.710	3573.500
790.916	3557.500
791.122	3580.500
791.329	3537.500
791.535	3520.500
791.741	3547.500
791.947	3477.500
792.153	3443.500
792.359	3476.500
792.565	3558.500
792.771	3570.500
792.978	3440.500
793.184	3394.500
793.390	3460.500
793.596	3438.500
793.802	3426.500
794.008	3424.500
794.214	3497.500
794.421	3420.500
794.627	3409.500
794.833	3358.500
795.039	3320.500
795.245	3329.500
795.451	3351.500
795.657	3395.500
795.864	3410.500
796.070	3384.500
796.276	3420.500
796.482	3455.500
796.688	3369.500
796.894	3334.500
797.100	3310.500
797.307	3356.500
797.513	3318.500
797.719	3297.500
797.925	3258.500
798.131	3255.500
798.337	3250.500
798.543	3304.500
798.749	3303.500
798.956	3334.500
799.162	3320.500
799.368	3316.500
799.574	3255.500
799.780	3268.500
799.986	3195.500
800.192	3190.500
800.399	3169.500
800.605	3168.500
800.811	3201.500
801.017	3201.500
801.223	3129.500
801.429	3216.500
801.635	3183.500
801.842	3112.500
802.048	3139.500
802.254	3113.500
802.460	3086.500
802.666	3139.500
802.872	3102.500
803.078	3159.500
803.285	3124.500
803.491	3123.500
803.697	3100.500
803.903	3059.500
804.109	3006.500
804.315	3135.500
804.521	3090.500
804.727	3011.500
804.934	3028.500
805.140	3072.500
805.346	3085.500
805.552	3084.500
805.758	3063.500
805.964	3045.500
806.170	3077.500
806.377	3023.500
806.583	2975.500
806.789	2998.500
806.995	2997.500
807.201	2939.500
807.407	2926.500
807.613	2974.500
807.820	2985.500
808.026	2906.500
808.232	2823.500
808.438	2891.500
808.644	2891.500
808.850	2805.500
809.056	2808.500
809.262	2852.500
809.469	2864.500
809.675	2881.500
809.881	2826.500
810.087	2825.500
810.293	2763.500
810.499	2762.500
810.705	2753.500
810.912	2724.500
811.118	2755.500
811.324	2661.500
811.530	2658.500
811.739	2642.500
811.947	2590.500
812.156	2584.500
812.365	2601.500
812.573	2631.500
812.782	2464.500
812.990	2403.500
813.199	2458.500
813.408	2444.500
813.616	2331.500
813.825	2277.500
814.034	2296.500
814.242	2283.500
814.451	2242.500
814.659	2187.500
814.868	2229.500
815.077	2151.500
815.285	2101.500
815.494	2136.500
815.703	2096.500
815.911	2093.500
816.120	2139.500
816.329	2109.500
816.537	2171.500
816.746	2097.500
816.954	1978.500
817.163	1969.500
817.372	2043.500
817.580	2078.500
817.789	2095.500
817.998	2090.500
818.206	2071.500
818.415	2046.500
818.624	1979.500
818.832	2017.500
819.041	1994.500
819.249	2072.500
819.458	2157.500
819.667	2232.500
819.875	2156.500
820.084	2115.500
820.293	2108.500
820.501	2157.500
820.710	2175.500
820.919	2201.500
821.127	2122.500
821.336	2095.500
821.544	2027.500
821.753	1977.500
821.962	1935.500
822.170	1867.500
822.379	1878.500
822.588	1941.500
822.796	1918.500
823.005	1900.500
823.213	1943.500
823.422	1991.500
823.631	2004.500
823.839	2019.500
824.048	2035.500
824.257	2040.500
824.465	2013.500
824.674	2071.500
824.883	2156.500
825.091	2112.500
825.300	2107.500
825.508	2197.500
825.717	2179.500
825.926	2128.500
826.134	2100.500
826.343	2079.500
826.552	2085.500
826.760	2117.500
826.969	2071.500
827.178	1951.500
827.386	1949.500
827.595	1998.500
827.803	1959.500
828.012	1938.500
828.221	1993.500
828.429	1996.500
828.638	1996.500
828.847	2005.500
829.055	1897.500
829.264	1929.500
829.472	1989.500
829.681	1937.500
829.890	1957.500
830.098	1947.500
830.307	2003.500
830.516	2027.500
830.724	1929.500
830.933	1891.500
831.142	1894.500
831.350	1977.500
831.559	1933.500
831.767	1880.500
831.976	1976.500
832.185	1977.500
832.393	1965.500
832.602	1907.500
832.811	1908.500
833.019	1899.500
833.228	1908.500
833.437	1917.500
833.645	1939.500
833.854	1922.500
834.062	1960.500
834.271	1976.500
834.480	1933.500
834.688	1929.500
834.897	1891.500
835.106	1889.500
835.314	1890.500
835.523	1876.500
835.731	1908.500
835.940	1997.500
836.149	1975.500
836.357	1991.500
836.566	2011.500
836.775	2038.500
836.983	2013.500
837.192	1999.500
837.401	2051.500
837.609	2053.500
837.818	1994.500
838.026	1983.500
838.235	1969.500
838.444	2014.500
838.652	2003.500
838.861	2025.500
839.070	1979.500
839.278	1913.500
839.487	1920.500
839.696	1991.500
839.904	1951.500
840.113	1955.500
840.321	1957.500
840.530	1897.500
840.739	1942.500
840.947	1934.500
841.156	1905.500
841.365	1912.500
841.573	2015.500
841.782	2021.500
841.991	1990.500
842.199	1952.500
842.408	1956.500
842.616	1981.500
842.825	1886.500
843.034	1912.500
843.242	1952.500
843.451	1831.500
843.660	1841.500
843.868	1834.500
844.077	1813.500
844.285	1806.500
844.494	1829.500
844.703	1838.500
844.911	1812.500
845.120	1796.500
845.329	1819.500
845.537	1848.500
845.746	1838.500
845.955	1781.500
846.163	1765.500
846.372	1833.500
846.580	1858.500
846.789	1802.500
846.998	1743.500
847.206	1817.500
847.415	1821.500
847.624	1808.500
847.832	1799.500
848.041	1797.500
848.250	1810.500
848.458	1782.500
848.667	1742.500
848.875	1714.500
849.084	1700.500
849.293	1769.500
849.501	1734.500
849.710	1678.500
849.919	1669.500
850.127	1674.500
850.336	1760.500
850.544	1693.500
850.753	1703.500
850.962	1686.500
851.170	1675.500
851.379	1710.500
851.588	1673.500
851.796	1724.500
852.005	1726.500
852.214	1676.500
852.422	1666.500
852.631	1608.500
852.839	1526.500
853.048	1495.500
853.257	1545.500
853.465	1442.500
853.674	1442.500
853.883	1494.500
854.091	1486.500
854.300	1445.500
854.509	1455.500
854.717	1540.500
854.926	1541.500
855.134	1555.500
855.343	1513.500
855.552	1541.500
855.760	1586.500
855.969	1599.500
856.178	1485.500
856.386	1487.500
856.595	1586.500
856.803	1601.500
857.012	1563.500
857.221	1569.500
857.429	1552.500
857.638	1481.500
857.847	1513.500
858.055	1558.500
858.264	1584.500
858.473	1594.500
858.681	1563.500
858.890	1531.500
859.098	1564.500
859.307	1559.500
859.516	1513.500
859.724	1504.500
859.933	1512.500
860.142	1473.500
860.350	1459.500
860.559	1425.500
860.768	1416.500
860.976	1434.500
861.185	1513.500
861.393	1495.500
861.602	1491.500
861.811	1446.500
862.019	1478.500
862.228	1472.500
862.437	1482.500
862.645	1468.500
862.854	1446.500
863.062	1465.500
863.271	1479.500
863.480	1456.500
863.688	1460.500
863.897	1447.500
864.106	1368.500
864.314	1332.500
864.523	1374.500
864.732	1387.500
864.940	1372.500
865.149	1354.500
865.357	1293.500
865.566	1223.500
865.775	1281.500
865.983	1264.500
866.192	1196.500
866.401	1135.500
866.609	1185.500
866.818	1223.500
867.027	1238.500
867.235	1267.500
867.444	1242.500
867.652	1265.500
867.861	1217.500
868.070	1265.500
868.278	1288.500
868.487	1309.500
868.696	1304.500
868.904	1285.500
869.113	1283.500
869.321	1300.500
869.530	1283.500
869.739	1283.500
869.947	1264.500
870.156	1245.500
870.365	1174.500
870.573	1162.500
870.782	1207.500
870.991	1212.500
871.199	1249.500
871.408	1229.500
871.616	1199.500
871.825	1174.500
872.034	1228.500
872.242	1174.500
872.451	1194.500
872.660	1190.500
872.868	1221.500
873.077	1254.500
873.286	1187.500
873.494	1231.500
873.703	1221.500
873.911	1159.500
874.120	1084.500
874.329	1133.500
874.537	1205.500
874.746	1190.500
874.955	1095.500
875.163	1050.500
875.372	1101.500
875.581	1104.500
875.789	1097.500
875.998	1110.500
876.206	1165.500
876.415	1133.500
876.624	1099.500
876.832	1108.500
877.041	1101.500
877.250	1162.500
877.458	1117.500
877.667	1154.500
877.875	1147.500
878.084	1070.500
878.293	1019.500
878.501	1044.500
878.710	1074.500
878.919	1039.500
879.127	1010.500
879.336	1057.500
879.545	1068.500
879.753	1000.500
879.962	1037.500
880.170	1048.500
880.379	1057.500
880.588	1082.500
880.796	1079.500
881.005	1069.500
881.214	1017.500
881.422	962.500
881.631	1014.500
881.840	1070.500
882.048	1034.500
882.257	1004.500
882.465	987.500
882.674	1010.500
882.883	988.500
883.091	1011.500
883.300	1012.500
883.509	988.500
883.717	995.500
883.926	1046.500
884.134	1091.500
884.343	1005.500
884.552	934.500
884.760	944.500
884.969	966.500
885.178	918.500
885.386	931.500
885.595	920.500
885.804	911.500
886.012	902.500
886.221	924.500
886.429	924.500
886.638	882.500
886.847	875.500
887.055	906.500
887.264	891.500
887.473	929.500
887.681	970.500
887.890	947.500
888.099	914.500
888.307	877.500
888.516	895.500
888.724	900.500
888.933	849.500
889.142	874.500
889.350	901.500
889.559	909.500
889.768	842.500
889.976	844.500
890.185	874.500
890.393	910.500
890.602	876.500
890.811	862.500
891.019	927.500
891.228	933.500
891.437	869.500
891.645	811.500
891.854	891.500
892.063	933.500
892.271	876.500
892.480	853.500
892.688	825.500
892.897	834.500
893.106	832.500
893.314	814.500
893.523	779.500
893.732	787.500
893.940	769.500
894.149	789.500
894.358	822.500
894.566	787.500
894.775	762.500
894.983	748.500
895.192	715.500
895.401	770.500
895.609	768.500
895.818	722.500
896.027	657.500
896.235	605.500
896.444	628.500
896.652	648.500
896.861	681.500
897.070	730.500
897.278	754.500
897.487	672.500
897.696	638.500
897.904	639.500
898.113	659.500
898.322	615.500
898.530	584.500
898.739	609.500
898.947	581.500
899.156	603.500
899.365	638.500
899.573	637.500
899.782	617.500
899.991	624.500
900.199	620.500
900.408	607.500
900.617	580.500
900.825	598.500
901.034	634.500
901.242	629.500
901.451	573.500
901.660	576.500
901.868	620.500
902.077	598.500
902.286	608.500
902.494	580.500
902.703	655.500
902.911	677.500
903.120	666.500
903.329	624.500
903.537	639.500
903.746	651.500
903.955	640.500
904.163	674.500
904.372	681.500
904.581	669.500
904.789	631.500
904.998	628.500
905.206	689.500
905.415	731.500
905.624	669.500
905.832	624.500
906.041	590.500
906.250	604.500
906.458	608.500
906.667	635.500
906.876	578.500
907.084	552.500
907.293	548.500
907.501	574.500
907.710	557.500
907.919	541.500
908.127	592.500
908.336	596.500
908.545	590.500
908.753	545.500
908.962	593.500
909.170	576.500
909.379	535.500
909.588	564.500
909.796	579.500
910.005	540.500
910.214	518.500
910.422	545.500
910.631	489.500
910.840	508.500
911.048	612.500
911.257	493.500
911.465	496.500
911.674	597.500
911.883	572.500
912.091	540.500
912.300	530.500
912.508	529.500
912.716	464.500
912.924	488.500
913.132	559.500
913.340	552.500
913.549	540.500
913.757	486.500
913.965	501.500
914.173	508.500
914.381	424.500
914.589	414.500
914.797	468.500
915.005	476.500
915.213	519.500
915.421	505.500
915.629	440.500
915.838	425.500
916.046	461.500
916.254	457.500
916.462	489.500
916.670	479.500
916.878	439.500
917.086	464.500
917.294	498.500
917.502	525.500
917.710	515.500
917.919	513.500
918.127	493.500
918.335	517.500
918.543	481.500
918.751	509.500
918.959	511.500
919.167	474.500
919.375	515.500
919.583	558.500
919.791	550.500
919.999	488.500
920.208	493.500
920.416	510.500
920.624	501.500
920.832	495.500
921.040	499.500
921.248	490.500
921.456	472.500
921.664	484.500
921.872	468.500
922.080	461.500
922.288	456.500
922.497	505.500
922.705	500.500
922.913	512.500
923.121	533.500
923.329	501.500
923.537	402.500
923.745	436.500
923.953	451.500
924.161	414.500
924.369	436.500
924.578	457.500
924.786	453.500
924.994	481.500
925.202	463.500
925.410	433.500
925.618	451.500
925.826	508.500
926.034	539.500
926.242	492.500
926.450	442.500
926.658	391.500
926.867	394.500
927.075	418.500
927.283	434.500
927.491	446.500
927.699	449.500
927.907	454.500
928.115	430.500
928.323	365.500
928.531	345.500
928.739	295.500
928.947	323.500
929.156	334.500
929.364	337.500
929.572	334.500
929.780	286.500
929.988	271.500
930.196	294.500
930.404	251.500
930.612	237.500
930.820	240.500
931.028	241.500
931.236	247.500
931.445	266.500
931.653	225.500
931.861	202.500
932.069	213.500
932.277	228.500
932.485	246.500
932.693	210.500
932.901	170.500
933.109	158.500
933.317	186.500
933.526	151.500
933.734	149.500
933.942	168.500
934.150	147.500
934.358	134.500
934.566	138.500
934.774	95.500
934.982	117.500
935.190	137.500
935.398	146.500
935.606	143.500
935.815	137.500
936.023	141.500
936.231	158.500
936.439	116.500
936.647	113.500
936.855	133.500
937.063	169.500
937.271	194.500
937.479	216.500
937.687	193.500
937.895	184.500
938.104	214.500
938.312	195.500
938.520	150.500
938.728	179.500
938.936	198.500
939.144	182.500
939.352	179.500
939.560	180.500
939.768	176.500
939.976	162.500
940.185	145.500
940.393	136.500
940.601	93.500
940.809	99.500
941.017	184.500
941.225	192.500
941.433	176.500
941.641	146.500
941.849	71.500
942.057	128.500
942.265	169.500
942.474	178.500
942.682	170.500
942.890	151.500
943.098	166.500
943.306	139.500
943.514	118.500
943.722	156.500
943.930	134.500
944.138	161.500
944.346	203.500
944.554	179.500
944.763	154.500
944.971	153.500
945.179	103.500
945.387	120.500
945.595	145.500
945.803	147.500
946.011	121.500
946.219	142.500
946.427	156.500
946.635	144.500
946.843	174.500
947.052	216.500
947.260	165.500
947.468	177.500
947.676	165.500
947.884	172.500
948.092	176.500
948.300	157.500
948.508	135.500
948.716	149.500
948.924	185.500
949.133	196.500
949.341	177.500
949.549	129.500
949.757	145.500
949.965	122.500
950.173	84.500
950.381	130.500
950.589	168.500
950.797	157.500
951.005	85.500
951.213	92.500
951.422	154.500
951.630	160.500
951.838	124.500
952.046	148.500
952.254	175.500
952.462	146.500
952.670	157.500
952.878	168.500
953.086	145.500
953.294	184.500
953.502	157.500
953.711	132.500
953.919	152.500
954.127	99.500
954.335	93.500
954.543	114.500
954.751	132.500
954.959	134.500
955.167	181.500
955.375	192.500
955.583	180.500
955.792	160.500
956.000	149.500
956.208	160.500
956.416	155.500
956.624	121.500
956.832	148.500
957.040	145.500
957.248	117.500
957.456	154.500
957.664	117.500
957.872	105.500
958.081	132.500
958.289	145.500
958.497	109.500
958.705	125.500
958.913	157.500
959.121	136.500
959.329	122.500
959.537	118.500
959.745	119.500
959.953	133.500
960.161	115.500
960.370	129.500
960.578	145.500
960.786	191.500
960.994	181.500
961.202	161.500
961.410	147.500
961.618	143.500
961.826	161.500
962.034	132.500
962.242	166.500
962.451	150.500
962.659	129.500
962.867	120.500
963.075	163.500
963.283	167.500
963.491	147.500
963.699	156.500
963.907	143.500
964.115	147.500
964.323	151.500
964.531	165.500
964.740	162.500
964.948	258.500
965.156	216.500
965.364	194.500
965.572	204.500
965.780	176.500
965.999	151.500
966.218	167.500
966.438	143.500
966.657	132.500
966.876	148.500
967.095	180.500
967.315	180.500
967.534	161.500
967.753	193.500
967.972	162.500
968.192	167.500
968.411	162.500
968.630	172.500
968.849	123.500
969.068	195.500
969.288	202.500
969.507	177.500
969.726	213.500
969.945	218.500
970.165	192.500
970.384	208.500
970.603	187.500
970.822	144.500
971.042	135.500
971.261	150.500
971.480	187.500
971.699	186.500
971.919	158.500
972.138	192.500
972.357	179.500
972.576	163.500
972.795	196.500
973.015	146.500
973.234	189.500
973.453	177.500
973.672	169.500
973.892	133.500
974.111	151.500
974.330	215.500
974.549	226.500
974.769	128.500
974.988	138.500
975.207	155.500
975.426	130.500
975.646	111.500
975.865	158.500
976.084	203.500
976.303	158.500
976.522	139.500
976.742	115.500
976.961	45.500
977.180	124.500
977.399	161.500
977.619	136.500
977.838	170.500
978.057	214.500
978.276	171.500
978.496	129.500
978.715	147.500
978.934	126.500
979.153	95.500
979.372	92.500
979.592	136.500
979.811	125.500
980.030	115.500
980.249	138.500
980.469	133.500
980.688	166.500
980.907	138.500
981.126	110.500
981.346	138.500
981.565	137.500
981.784	105.500
982.003	154.500
982.223	177.500
982.442	212.500
982.661	143.500
982.880	93.500
983.099	121.500
983.319	122.500
983.538	106.500
983.757	153.500
983.976	192.500
984.196	184.500
984.415	217.500
984.634	191.500
984.853	138.500
985.073	159.500
985.292	132.500
985.511	139.500
985.730	135.500
985.949	163.500
986.169	180.500
986.388	189.500
986.607	126.500
986.826	127.500
987.046	106.500
987.265	99.500
987.484	96.500
987.703	108.500
987.923	149.500
988.142	187.500
988.361	203.500
988.580	179.500
988.800	135.500
989.019	117.500
989.238	122.500
989.457	138.500
989.676	147.500
989.896	129.500
990.115	118.500
990.334	143.500
990.553	158.500
990.773	137.500
990.992	98.500
991.211	100.500
991.430	140.500
991.650	126.500
991.869	129.500
992.088	118.500
992.307	128.500
992.527	153.500
992.746	148.500
992.965	138.500
993.184	103.500
993.403	91.500
993.623	93.500
993.842	115.500
994.061	118.500
994.280	141.500
994.500	137.500
994.719	108.500
994.938	117.500
995.157	82.500
995.377	63.500
995.596	77.500
995.815	119.500
996.034	85.500
996.253	101.500
996.473	113.500
996.692	133.500
996.911	110.500
997.130	138.500
997.350	141.500
997.569	135.500
997.788	123.500
998.007	46.500
998.227	44.500
998.446	140.500
998.665	157.500
998.884	119.500
999.104	93.500
999.323	88.500
999.542	45.500
999.761	91.500
999.980	89.500
1000.200	86.500
1000.419	94.500
1000.638	134.500
1000.857	140.500
1001.077	102.500
1001.296	65.500
1001.515	57.500
1001.734	72.500
1001.954	75.500
1002.173	133.500
1002.392	148.500
1002.611	169.500
1002.830	141.500
1003.050	118.500
1003.269	157.500
1003.488	110.500
1003.707	103.500
1003.927	77.500
1004.146	85.500
1004.365	140.500
1004.584	83.500
1004.804	69.500
1005.023	157.500
1005.242	91.500
1005.461	100.500
1005.681	148.500
1005.900	114.500
1006.119	59.500
1006.338	109.500
1006.557	122.500
1006.777	140.500
1006.996	183.500
1007.215	126.500
1007.434	125.500
1007.654	174.500
1007.873	115.500
1008.092	86.500
1008.311	111.500
1008.531	65.500
1008.750	100.500
1008.969	103.500
1009.188	25.500
1009.407	55.500
1009.627	82.500
1009.846	60.500
1010.065	36.500
1010.284	51.500
1010.504	66.500
1010.723	102.500
1010.942	120.500
1011.161	97.500
1011.381	99.500
1011.600	85.500
1011.819	105.500
1012.038	76.500
1012.258	85.500
1012.477	106.500
1012.696	86.500
1012.915	101.500
1013.134	115.500
1013.354	87.500
1013.573	130.500
1013.792	131.500
1014.011	103.500
1014.231	77.500
1014.450	103.500
1014.669	88.500
1014.888	34.500
1015.108	95.500
1015.327	136.500
1015.546	130.500
1015.765	156.500
1015.984	167.500
1016.204	127.500
1016.423	95.500
1016.642	111.500
1016.861	49.500
1017.081	60.500
1017.300	118.500
1017.519	84.500
