296.912	215.500
297.101	125.500
297.290	33.500
297.479	92.500
297.668	60.500
297.858	102.500
298.047	182.500
298.236	137.500
298.425	95.500
298.614	114.500
298.803	115.500
298.992	139.500
299.181	117.500
299.370	79.500
299.559	124.500
299.748	195.500
299.937	171.500
300.126	183.500
300.315	92.500
300.504	80.500
300.693	146.500
300.882	96.500
301.071	99.500
301.260	82.500
301.449	89.500
301.638	93.500
301.827	87.500
302.016	83.500
302.205	79.500
302.395	62.500
302.584	74.500
302.773	124.500
302.962	150.500
303.151	47.500
303.340	2.500
303.529	43.500
303.718	84.500
303.907	162.500
304.096	163.500
304.285	75.500
304.474	107.500
304.663	177.500
304.852	135.500
305.041	68.500
305.230	135.500
305.419	173.500
305.608	147.500
305.797	132.500
305.986	80.500
306.175	11.500
306.364	17.500
306.553	89.500
306.743	121.500
306.932	103.500
307.121	120.500
307.310	106.500
307.499	96.500
307.688	69.500
307.877	85.500
308.066	94.500
308.255	112.500
308.444	172.500
308.633	132.500
308.822	59.500
309.011	30.500
309.200	99.500
309.389	149.500
309.578	66.500
309.767	122.500
309.956	161.500
310.145	111.500
310.334	55.500
310.523	76.500
310.712	58.500
310.901	42.500
311.091	132.500
311.280	146.500
311.469	125.500
311.658	252.500
311.847	157.500
312.036	31.500
312.225	53.500
312.414	11.500
312.603	80.500
312.792	126.500
312.981	126.500
313.170	77.500
313.349	48.500
313.527	60.500
313.706	56.500
313.884	46.500
314.063	98.500
314.241	164.500
314.420	223.500
314.598	163.500
314.777	119.500
314.955	45.500
315.134	72.500
315.312	59.500
315.491	43.500
315.669	118.500
315.848	92.500
316.027	68.500
316.205	130.500
316.384	95.500
316.562	87.500
316.741	44.500
316.919	15.500
317.098	60.500
317.276	63.500
317.455	99.500
317.633	145.500
317.812	152.500
317.990	108.500
318.169	173.500
318.347	157.500
318.526	168.500
318.705	33.500
318.883	66.500
319.062	65.500
319.240	87.500
319.419	75.500
319.597	162.500
319.776	194.500
319.954	74.500
320.133	62.500
320.311	100.500
320.490	147.500
320.668	112.500
320.847	75.500
321.025	80.500
321.204	118.500
321.382	119.500
321.561	86.500
321.740	74.500
321.918	117.500
322.097	125.500
322.275	63.500
322.454	83.500
322.632	92.500
322.811	71.500
322.989	35.500
323.168	107.500
323.346	96.500
323.525	84.500
323.703	107.500
323.882	35.500
324.060	17.500
324.239	86.500
324.418	116.500
324.596	108.500
324.775	72.500
324.953	36.500
325.132	104.500
325.310	115.500
325.489	111.500
325.667	112.500
325.846	79.500
326.024	129.500
326.203	160.500
326.381	110.500
326.560	149.500
326.738	94.500
326.917	98.500
327.096	134.500
327.274	182.500
327.453	129.500
327.631	73.500
327.810	87.500
327.988	32.500
328.167	51.500
328.345	50.500
328.524	79.500
328.702	63.500
328.881	73.500
329.059	44.500
329.238	69.500
329.416	93.500
329.595	80.500
329.774	99.500
329.952	141.500
330.131	125.500
330.309	183.500
330.488	125.500
330.666	49.500
330.845	39.500
331.023	39.500
331.202	56.500
331.380	15.500
331.559	87.500
331.737	111.500
331.916	35.500
332.094	97.500
332.273	127.500
332.452	92.500
332.630	60.500
332.809	90.500
332.987	102.500
333.166	81.500
333.344	148.500
333.523	164.500
333.701	79.500
333.880	148.500
334.058	98.500
334.237	97.500
334.415	122.500
334.594	115.500
334.772	27.500
334.951	10.500
335.129	-15.500
335.308	99.500
335.487	146.500
335.665	150.500
335.844	258.500
336.022	275.500
336.201	115.500
336.379	66.500
336.558	140.500
336.736	144.500
336.915	125.500
337.093	195.500
337.272	167.500
337.450	110.500
337.629	57.500
337.807	58.500
337.986	80.500
338.165	96.500
338.343	133.500
338.522	177.500
338.700	189.500
338.879	88.500
339.057	119.500
339.236	183.500
339.414	135.500
339.593	105.500
339.771	137.500
339.950	161.500
340.128	125.500
340.307	116.500
340.485	76.500
340.664	112.500
340.843	117.500
341.021	45.500
341.200	32.500
341.378	120.500
341.557	187.500
341.735	99.500
341.914	46.500
342.092	150.500
342.271	196.500
342.449	182.500
342.628	90.500
342.806	128.500
342.985	207.500
343.163	134.500
343.342	72.500
343.521	51.500
343.699	43.500
343.878	118.500
344.056	144.500
344.235	110.500
344.413	128.500
344.592	192.500
344.770	104.500
344.949	112.500
345.127	113.500
345.306	109.500
345.484	14.500
345.663	65.500
345.841	140.500
346.020	110.500
346.199	84.500
346.377	77.500
346.556	175.500
346.734	163.500
346.913	49.500
347.091	93.500
347.270	123.500
347.448	111.500
347.627	105.500
347.805	123.500
347.984	101.500
348.162	86.500
348.341	156.500
348.519	157.500
348.698	84.500
348.876	51.500
349.055	72.500
349.234	112.500
349.412	118.500
349.591	48.500
349.769	52.500
349.948	153.500
350.126	165.500
350.305	183.500
350.483	153.500
350.662	57.500
350.840	89.500
351.019	61.500
351.197	89.500
351.376	86.500
351.554	78.500
351.733	115.500
351.912	169.500
352.090	182.500
352.269	138.500
352.447	126.500
352.626	139.500
352.804	158.500
352.983	108.500
353.161	118.500
353.340	119.500
353.518	67.500
353.697	126.500
353.875	130.500
354.054	134.500
354.232	169.500
354.411	143.500
354.590	101.500
354.768	145.500
354.947	76.500
355.125	31.500
355.304	76.500
355.482	65.500
355.661	103.500
355.839	83.500
356.018	49.500
356.196	67.500
356.375	53.500
356.553	118.500
356.732	154.500
356.910	116.500
357.089	110.500
357.268	90.500
357.446	115.500
357.625	83.500
357.803	99.500
357.982	129.500
358.160	158.500
358.339	155.500
358.517	111.500
358.696	155.500
358.874	97.500
359.053	40.500
359.231	41.500
359.410	127.500
359.588	154.500
359.767	171.500
359.945	231.500
360.124	147.500
360.303	73.500
360.481	99.500
360.660	85.500
360.838	101.500
361.017	72.500
361.195	55.500
361.374	94.500
361.552	123.500
361.731	113.500
361.909	80.500
362.088	41.500
362.266	77.500
362.445	45.500
362.623	87.500
362.802	105.500
362.981	115.500
363.159	163.500
363.338	98.500
363.516	90.500
363.695	152.500
363.873	135.500
364.052	87.500
364.230	140.500
364.409	133.500
364.587	190.500
364.766	143.500
364.944	137.500
365.123	166.500
365.301	127.500
365.480	127.500
365.660	61.500
365.839	112.500
366.019	158.500
366.199	97.500
366.379	99.500
366.558	131.500
366.738	171.500
366.918	105.500
367.098	47.500
367.277	83.500
367.457	128.500
367.637	135.500
367.816	130.500
367.996	147.500
368.176	119.500
368.356	182.500
368.535	129.500
368.715	114.500
368.895	152.500
369.075	99.500
369.254	68.500
369.434	131.500
369.614	220.500
369.793	156.500
369.973	189.500
370.153	104.500
370.333	81.500
370.512	112.500
370.692	158.500
370.872	146.500
371.051	109.500
371.231	179.500
371.411	151.500
371.591	70.500
371.770	127.500
371.950	180.500
372.130	138.500
372.310	100.500
372.489	143.500
372.669	150.500
372.849	136.500
373.028	178.500
373.208	170.500
373.388	131.500
373.568	97.500
373.747	149.500
373.927	145.500
374.107	78.500
374.287	146.500
374.466	181.500
374.646	162.500
374.826	127.500
375.005	89.500
375.185	220.500
375.365	313.500
375.545	198.500
375.724	142.500
375.904	162.500
376.084	121.500
376.263	155.500
376.443	166.500
376.623	150.500
376.803	211.500
376.982	243.500
377.162	149.500
377.342	127.500
377.522	212.500
377.701	115.500
377.881	138.500
378.061	252.500
378.240	115.500
378.420	40.500
378.600	97.500
378.780	174.500
378.959	162.500
379.139	191.500
379.319	200.500
379.499	232.500
379.678	242.500
379.858	262.500
380.038	145.500
380.217	154.500
380.397	159.500
380.577	169.500
380.757	99.500
380.936	146.500
381.116	121.500
381.296	112.500
381.476	138.500
381.655	113.500
381.835	115.500
382.015	68.500
382.194	133.500
382.374	204.500
382.554	199.500
382.734	127.500
382.913	125.500
383.093	158.500
383.273	168.500
383.452	128.500
383.632	105.500
383.812	169.500
383.992	161.500
384.171	203.500
384.351	168.500
384.531	123.500
384.711	113.500
384.890	29.500
385.070	78.500
385.250	86.500
385.429	132.500
385.609	144.500
385.789	109.500
385.969	94.500
386.148	68.500
386.328	108.500
386.508	114.500
386.688	119.500
386.867	139.500
387.047	163.500
387.227	126.500
387.406	142.500
387.586	120.500
387.766	150.500
387.946	176.500
388.125	190.500
388.305	152.500
388.485	79.500
388.664	138.500
388.844	152.500
389.024	153.500
389.204	146.500
389.383	137.500
389.563	118.500
389.743	98.500
389.923	126.500
390.102	90.500
390.282	119.500
390.462	118.500
390.641	82.500
390.821	87.500
391.001	115.500
391.181	120.500
391.360	195.500
391.540	224.500
391.720	185.500
391.900	94.500
392.079	41.500
392.259	126.500
392.439	179.500
392.618	211.500
392.798	187.500
392.978	107.500
393.158	87.500
393.337	154.500
393.517	222.500
393.697	219.500
393.877	228.500
394.056	206.500
394.236	219.500
394.416	183.500
394.595	78.500
394.775	86.500
394.955	137.500
395.135	115.500
395.314	164.500
395.494	268.500
395.674	215.500
395.853	118.500
396.033	166.500
396.213	195.500
396.393	138.500
396.572	169.500
396.752	197.500
396.932	225.500
397.112	232.500
397.291	193.500
397.471	247.500
397.651	178.500
397.830	122.500
398.010	195.500
398.190	189.500
398.370	181.500
398.549	242.500
398.729	190.500
398.909	138.500
399.089	157.500
399.268	240.500
399.448	293.500
399.628	309.500
399.807	266.500
399.987	264.500
400.167	307.500
400.347	355.500
400.526	338.500
400.706	265.500
400.886	276.500
401.065	215.500
401.245	272.500
401.425	296.500
401.605	278.500
401.784	264.500
401.964	303.500
402.144	310.500
402.324	316.500
402.503	296.500
402.683	300.500
402.863	313.500
403.042	289.500
403.222	278.500
403.402	391.500
403.582	381.500
403.761	342.500
403.941	377.500
404.121	291.500
404.301	267.500
404.480	372.500
404.660	435.500
404.844	566.500
405.029	550.500
405.213	458.500
405.398	410.500
405.582	406.500
405.767	426.500
405.951	426.500
406.136	499.500
406.320	494.500
406.505	536.500
406.689	632.500
406.874	611.500
407.058	664.500
407.243	664.500
407.427	706.500
407.612	769.500
407.796	730.500
407.981	767.500
408.165	832.500
408.350	973.500
408.534	904.500
408.719	932.500
408.903	1009.500
409.088	1105.500
409.272	1152.500
409.457	1191.500
409.641	1174.500
409.826	1262.500
410.010	1455.500
410.195	1552.500
410.379	1612.500
410.564	1822.500
410.748	1911.500
410.933	2005.500
411.117	2208.500
411.302	2414.500
411.486	2520.500
411.671	2570.500
411.855	2649.500
412.040	2750.500
412.224	2886.500
412.409	3057.500
412.593	3250.500
412.778	3413.500
412.962	3424.500
413.147	3629.500
413.331	3934.500
413.516	4063.500
413.700	4076.500
413.885	4325.500
414.069	4441.500
414.254	4607.500
414.438	4805.500
414.623	4902.500
414.807	5011.500
414.992	5209.500
415.176	5426.500
415.361	5756.500
415.545	6027.500
415.730	6133.500
415.914	6190.500
416.099	6395.500
416.283	6536.500
416.468	6506.500
416.652	6581.500
416.837	6848.500
417.021	6942.500
417.206	6925.500
417.390	7073.500
417.575	7182.500
417.759	7365.500
417.944	7535.500
418.128	7681.500
418.313	7794.500
418.497	7969.500
418.682	8090.500
418.866	8121.500
419.051	8094.500
419.235	8242.500
419.420	8465.500
419.604	8617.500
419.789	8846.500
419.973	8850.500
420.158	9131.500
420.342	9399.500
420.527	9631.500
420.711	9835.500
420.896	10174.500
421.080	10193.500
421.265	10235.500
421.449	10195.500
421.634	10102.500
421.818	10074.500
422.003	9932.500
422.187	10013.500
422.372	10167.500
422.556	10187.500
422.741	10341.500
422.925	10502.500
423.110	10539.500
423.294	10732.500
423.479	10891.500
423.663	10950.500
423.848	11000.500
424.032	11068.500
424.217	10998.500
424.401	11168.500
424.586	11257.500
424.770	11215.500
424.955	11296.500
425.139	11371.500
425.324	11490.500
425.508	11686.500
425.693	11534.500
425.877	11615.500
426.062	11698.500
426.246	11708.500
426.431	11573.500
426.615	11571.500
426.800	11488.500
426.984	11440.500
427.169	11671.500
427.353	11815.500
427.538	11677.500
427.722	11683.500
427.907	11729.500
428.091	11819.500
428.276	11813.500
428.460	11689.500
428.645	11613.500
428.829	11256.500
429.014	11002.500
429.198	10698.500
429.383	10447.500
429.567	10248.500
429.752	9893.500
429.936	9753.500
430.121	9633.500
430.305	9678.500
430.490	10049.500
430.674	10362.500
430.859	10876.500
431.043	11362.500
431.228	11837.500
431.412	12032.500
431.597	12253.500
431.781	12449.500
431.966	12601.500
432.150	12853.500
432.335	12966.500
432.519	13160.500
432.704	13332.500
432.888	13246.500
433.073	12995.500
433.257	12708.500
433.442	12728.500
433.626	12807.500
433.811	12858.500
433.995	12971.500
434.180	13036.500
434.364	13288.500
434.549	13712.500
434.733	13806.500
434.918	13767.500
435.102	13839.500
435.287	14039.500
435.471	14253.500
435.656	14423.500
435.840	14687.500
436.030	14648.500
436.219	14540.500
436.409	14680.500
436.599	14664.500
436.789	14573.500
436.978	14476.500
437.168	14316.500
437.358	14208.500
437.548	14145.500
437.737	13938.500
437.927	13740.500
438.117	13803.500
438.306	13779.500
438.496	13779.500
438.686	13882.500
438.876	14121.500
439.065	14285.500
439.255	14261.500
439.445	14330.500
439.634	14393.500
439.824	14500.500
440.014	14610.500
440.204	14746.500
440.393	15040.500
440.583	15190.500
440.773	15372.500
440.963	15525.500
441.152	15781.500
441.342	16004.500
441.532	16079.500
441.721	16136.500
441.911	16294.500
442.101	16366.500
442.291	16529.500
442.480	16563.500
442.670	16703.500
442.860	16880.500
443.050	16750.500
443.239	16704.500
443.429	16794.500
443.619	16859.500
443.808	17041.500
443.998	17099.500
444.188	17197.500
444.378	17235.500
444.567	17198.500
444.757	17201.500
444.947	17167.500
445.137	17020.500
445.326	16897.500
445.516	16784.500
445.706	16862.500
445.895	17043.500
446.085	17222.500
446.275	17304.500
446.465	17323.500
446.654	17658.500
446.844	17843.500
447.034	17968.500
447.223	18261.500
447.413	18377.500
447.603	18420.500
447.793	18484.500
447.982	18684.500
448.172	18448.500
448.362	18504.500
448.552	18623.500
448.741	18691.500
448.931	18534.500
449.121	18564.500
449.310	18819.500
449.500	19096.500
449.690	19271.500
449.880	19343.500
450.069	19602.500
450.259	19705.500
450.449	19688.500
450.639	19907.500
450.828	19960.500
451.018	19895.500
451.208	19690.500
451.397	19807.500
451.587	19776.500
451.777	19562.500
451.967	19393.500
452.156	19206.500
452.346	18979.500
452.536	18851.500
452.725	18623.500
452.915	18401.500
453.105	18405.500
453.295	18545.500
453.484	18724.500
453.674	18770.500
453.864	18710.500
454.054	18806.500
454.243	18978.500
454.433	18930.500
454.623	18898.500
454.812	18721.500
455.002	18798.500
455.192	18834.500
455.382	18957.500
455.571	19087.500
455.761	18940.500
455.951	19127.500
456.141	19267.500
456.330	19324.500
456.520	19359.500
456.710	19358.500
456.899	19432.500
457.089	19444.500
457.279	19386.500
457.469	19397.500
457.658	19277.500
457.848	19085.500
458.038	18895.500
458.228	18825.500
458.417	18932.500
458.607	18902.500
458.797	18850.500
458.986	18869.500
459.176	18841.500
459.366	18683.500
459.556	18583.500
459.745	18749.500
459.935	18861.500
460.125	18749.500
460.314	18696.500
460.504	18841.500
460.694	19121.500
460.884	19176.500
461.073	19021.500
461.263	19136.500
461.453	19334.500
461.643	19280.500
461.832	19280.500
462.022	19455.500
462.212	19441.500
462.401	19376.500
462.591	19356.500
462.781	19344.500
462.971	19416.500
463.160	19242.500
463.350	19198.500
463.540	19270.500
463.730	19126.500
463.919	18920.500
464.109	18957.500
464.299	18798.500
464.488	18743.500
464.678	18667.500
464.868	18512.500
465.058	18664.500
465.247	18794.500
465.437	18605.500
465.627	18622.500
465.816	18712.500
466.006	18570.500
466.196	18434.500
466.386	18412.500
466.575	18389.500
466.765	18395.500
466.955	18482.500
467.145	18467.500
467.334	18591.500
467.524	18747.500
467.714	18746.500
467.903	18678.500
468.093	18543.500
468.283	18627.500
468.473	18814.500
468.662	18895.500
468.852	19041.500
469.042	18958.500
469.232	18856.500
469.421	18921.500
469.611	18717.500
469.801	18661.500
469.990	18635.500
470.180	18554.500
470.370	18311.500
470.560	18472.500
470.749	18401.500
470.939	18419.500
471.129	18776.500
471.318	18804.500
471.508	19031.500
471.698	19251.500
471.888	19332.500
472.077	19255.500
472.267	19357.500
472.457	19402.500
472.647	19380.500
472.836	19235.500
473.026	19148.500
473.216	19244.500
473.405	19248.500
473.595	19176.500
473.785	19350.500
473.975	19470.500
474.164	19427.500
474.354	19401.500
474.544	19630.500
474.734	19824.500
474.923	19710.500
475.113	19619.500
475.303	19312.500
475.492	19314.500
475.682	19409.500
475.872	19363.500
476.062	19318.500
476.251	19289.500
476.441	19190.500
476.631	19063.500
476.821	19010.500
477.010	19035.500
477.200	19078.500
477.390	19270.500
477.579	19557.500
477.769	19686.500
477.959	19620.500
478.149	19579.500
478.338	19680.500
478.528	19528.500
478.718	19572.500
478.907	19505.500
479.097	19385.500
479.287	19443.500
479.477	19435.500
479.666	19473.500
479.856	19546.500
480.046	19541.500
480.236	19577.500
480.425	19469.500
480.615	19509.500
480.805	19508.500
480.994	19469.500
481.184	19534.500
481.374	19558.500
481.564	19544.500
481.753	19650.500
481.943	19598.500
482.133	19429.500
482.323	19376.500
482.512	19238.500
482.702	19164.500
482.892	18994.500
483.081	19081.500
483.271	19207.500
483.461	19065.500
483.651	18835.500
483.840	18739.500
484.030	18787.500
484.220	18812.500
484.409	18831.500
484.599	18575.500
484.789	18355.500
484.979	18342.500
485.168	18177.500
485.358	17667.500
485.548	17112.500
485.738	16839.500
485.927	16383.500
486.117	15988.500
486.307	15857.500
486.496	15850.500
486.686	15946.500
486.876	16078.500
487.066	16223.500
487.255	16366.500
487.445	16534.500
487.635	16860.500
487.825	16967.500
488.014	17087.500
488.204	17232.500
488.394	17179.500
488.583	17215.500
488.773	17295.500
488.963	17385.500
489.153	17463.500
489.342	17500.500
489.532	17589.500
489.722	17830.500
489.912	18041.500
490.101	18093.500
490.291	18079.500
490.481	17952.500
490.670	17899.500
490.860	18029.500
491.050	18279.500
491.240	18069.500
491.429	17740.500
491.619	17606.500
491.809	17452.500
491.998	17383.500
492.188	17462.500
492.378	17496.500
492.568	17628.500
492.757	17576.500
492.947	17671.500
493.137	17532.500
493.327	17672.500
493.516	17712.500
493.706	17660.500
493.896	17768.500
494.085	17780.500
494.275	17883.500
494.465	18205.500
494.655	18389.500
494.844	18436.500
495.034	18370.500
495.224	18143.500
495.414	18267.500
495.603	18398.500
495.793	18140.500
495.983	18131.500
496.172	18052.500
496.362	18226.500
496.552	18330.500
496.742	18277.500
496.931	18383.500
497.121	18427.500
497.311	18336.500
497.500	18263.500
497.690	18246.500
497.880	17999.500
498.070	17803.500
498.259	17655.500
498.449	17434.500
498.639	17476.500
498.829	17528.500
499.018	17625.500
499.208	17660.500
499.398	17866.500
499.587	17834.500
499.777	17818.500
499.967	17714.500
500.157	17647.500
500.346	17527.500
500.536	17281.500
500.726	17139.500
500.916	17097.500
501.105	17031.500
501.295	16894.500
501.485	16839.500
501.674	16524.500
501.864	16739.500
502.054	16937.500
502.244	17026.500
502.433	16928.500
502.623	17064.500
502.813	17161.500
503.003	17208.500
503.192	17202.500
503.382	17117.500
503.572	16930.500
503.761	16856.500
503.951	16766.500
504.141	16842.500
504.331	16845.500
504.520	16881.500
504.710	16978.500
504.900	16982.500
505.089	17105.500
505.279	17101.500
505.469	17272.500
505.659	17385.500
505.848	17504.500
506.038	17369.500
506.228	17368.500
506.418	17348.500
506.607	17242.500
506.797	17251.500
506.987	17014.500
507.176	16919.500
507.366	16931.500
507.556	16788.500
507.746	16787.500
507.935	16853.500
508.125	16785.500
508.315	16439.500
508.505	16436.500
508.694	16656.500
508.884	16844.500
509.074	16855.500
509.263	16916.500
509.453	16856.500
509.643	16730.500
509.833	16616.500
510.022	16580.500
510.212	16541.500
510.402	16373.500
510.592	16628.500
510.781	16772.500
510.971	16665.500
511.161	16692.500
511.350	16778.500
511.540	16781.500
511.730	16795.500
511.920	16556.500
512.109	16308.500
512.299	16424.500
512.489	16407.500
512.678	16310.500
512.868	16151.500
513.058	16254.500
513.248	16152.500
513.437	16066.500
513.627	16078.500
513.817	15931.500
514.007	15801.500
514.196	15540.500
514.386	15525.500
514.576	15639.500
514.765	15740.500
514.955	15816.500
515.145	15689.500
515.335	15800.500
515.524	15736.500
515.714	15643.500
515.904	15486.500
516.094	15427.500
516.283	14926.500
516.473	14743.500
516.663	14484.500
516.852	14199.500
517.042	14203.500
517.232	14088.500
517.422	14057.500
517.611	14293.500
517.801	14387.500
517.991	14328.500
518.180	14186.500
518.370	14165.500
518.560	14276.500
518.750	14280.500
518.939	14338.500
519.129	14466.500
519.319	14729.500
519.509	14769.500
519.698	14863.500
519.888	14963.500
520.078	15012.500
520.267	15077.500
520.457	15233.500
520.647	15239.500
520.837	15300.500
521.026	15381.500
521.216	15359.500
521.406	15438.500
521.596	15527.500
521.785	15475.500
521.975	15449.500
522.165	15256.500
522.354	15338.500
522.544	15246.500
522.734	15299.500
522.924	15236.500
523.113	15274.500
523.303	15319.500
523.493	15434.500
523.683	15548.500
523.872	15631.500
524.062	15744.500
524.252	15814.500
524.441	15782.500
524.631	15724.500
524.821	15777.500
525.011	15655.500
525.200	15766.500
525.390	15741.500
525.580	15620.500
525.769	15514.500
525.959	15341.500
526.149	15085.500
526.339	14994.500
526.528	14924.500
526.718	14705.500
526.908	14517.500
527.098	14591.500
527.287	14850.500
527.477	14930.500
527.667	15058.500
527.856	15284.500
528.046	15185.500
528.236	15366.500
528.426	15595.500
528.615	15702.500
528.805	15651.500
528.995	15943.500
529.185	15957.500
529.374	15891.500
529.564	15942.500
529.754	15708.500
529.943	15844.500
530.133	15880.500
530.323	15805.500
530.513	15835.500
530.702	15951.500
530.892	15979.500
531.082	15910.500
531.271	15645.500
531.461	15547.500
531.651	15444.500
531.841	15378.500
532.030	15215.500
532.220	15028.500
532.410	14759.500
532.600	14694.500
532.789	14652.500
532.979	14589.500
533.169	14672.500
533.358	14744.500
533.548	14715.500
533.738	14565.500
533.928	14523.500
534.117	14484.500
534.307	14530.500
534.497	14639.500
534.687	14799.500
534.876	14979.500
535.066	15032.500
535.256	14873.500
535.445	14722.500
535.635	14717.500
535.825	14601.500
536.015	14584.500
536.204	14431.500
536.394	14106.500
536.584	14118.500
536.773	14200.500
536.963	14155.500
537.153	14233.500
537.343	14298.500
537.532	14337.500
537.722	14337.500
537.912	14338.500
538.102	14183.500
538.291	14113.500
538.481	14018.500
538.671	13960.500
538.860	14029.500
539.050	13890.500
539.240	13831.500
539.430	13688.500
539.619	13533.500
539.809	13379.500
539.999	13394.500
540.189	13400.500
540.378	13335.500
540.568	13357.500
540.758	13416.500
540.947	13527.500
541.137	13561.500
541.327	13716.500
541.517	13586.500
541.706	13341.500
541.896	13326.500
542.086	13428.500
542.276	13431.500
542.465	13467.500
542.655	13402.500
542.845	13370.500
543.034	13335.500
543.224	13368.500
543.414	13503.500
543.604	13602.500
543.793	13597.500
543.983	13552.500
544.173	13481.500
544.362	13414.500
544.552	13486.500
544.742	13497.500
544.932	13302.500
545.121	13309.500
545.311	13427.500
545.501	13519.500
545.691	13395.500
545.880	13321.500
546.070	13321.500
546.264	13328.500
546.459	13279.500
546.653	13229.500
546.847	13107.500
547.041	13094.500
547.236	13116.500
547.430	13097.500
547.624	13064.500
547.818	13012.500
548.013	13209.500
548.207	13180.500
548.401	13027.500
548.596	13043.500
548.790	13128.500
548.984	13080.500
549.178	12991.500
549.373	13089.500
549.567	13126.500
549.761	13169.500
549.956	13090.500
550.150	12934.500
550.344	13020.500
550.538	12945.500
550.733	12814.500
550.927	12863.500
551.121	12997.500
551.315	12984.500
551.510	12931.500
551.704	13091.500
551.898	12911.500
552.093	13007.500
552.287	12914.500
552.481	12861.500
552.675	12751.500
552.870	12679.500
553.064	12688.500
553.258	12840.500
553.453	12952.500
553.647	12961.500
553.841	12886.500
554.035	12846.500
554.230	12791.500
554.424	12896.500
554.618	12933.500
554.812	12861.500
555.007	12857.500
555.201	12847.500
555.395	12764.500
555.590	12745.500
555.784	12676.500
555.978	12594.500
556.172	12563.500
556.367	12479.500
556.561	12281.500
556.755	12294.500
556.949	12312.500
557.144	12360.500
557.338	12436.500
557.532	12283.500
557.727	12273.500
557.921	12175.500
558.115	12037.500
558.309	12000.500
558.504	12064.500
558.698	12011.500
558.892	11964.500
559.087	11995.500
559.281	11889.500
559.475	11976.500
559.669	11986.500
559.864	11981.500
560.058	11975.500
560.252	12050.500
560.446	12177.500
560.641	12299.500
560.835	12327.500
561.029	12051.500
561.224	11878.500
561.418	11847.500
561.612	11995.500
561.806	12234.500
562.001	12055.500
562.195	12095.500
562.389	12118.500
562.584	12126.500
562.778	12041.500
562.972	11949.500
563.166	12079.500
563.361	12001.500
563.555	11744.500
563.749	11814.500
563.943	11977.500
564.138	12032.500
564.332	11803.500
564.526	11762.500
564.721	11839.500
564.915	11683.500
565.109	11634.500
565.303	11695.500
565.498	11629.500
565.692	11498.500
565.886	11408.500
566.081	11544.500
566.275	11651.500
566.469	11583.500
566.663	11607.500
566.858	11563.500
567.052	11611.500
567.246	11553.500
567.440	11508.500
567.635	11313.500
567.829	11390.500
568.023	11271.500
568.218	11222.500
568.412	11321.500
568.606	11314.500
568.800	11153.500
568.995	11033.500
569.189	11081.500
569.383	11123.500
569.577	11042.500
569.772	11090.500
569.966	10840.500
570.160	10807.500
570.355	10680.500
570.549	10860.500
570.743	10761.500
570.937	10707.500
571.132	10706.500
571.326	10708.500
571.520	10741.500
571.715	10783.500
571.909	10851.500
572.103	10930.500
572.297	11007.500
572.492	10877.500
572.686	10736.500
572.880	10853.500
573.074	10822.500
573.269	10769.500
573.463	10893.500
573.657	10755.500
573.852	10642.500
574.046	10572.500
574.240	10497.500
574.434	10562.500
574.629	10487.500
574.823	10255.500
575.017	10220.500
575.212	10343.500
575.406	10336.500
575.600	10249.500
575.794	10273.500
575.989	10205.500
576.183	10354.500
576.377	10412.500
576.571	10246.500
576.766	10267.500
576.960	10318.500
577.159	10268.500
577.357	10006.500
577.556	9907.500
577.755	9978.500
577.953	9926.500
578.152	9925.500
578.350	9787.500
578.549	9803.500
578.748	9845.500
578.946	9820.500
579.145	9819.500
579.344	9889.500
579.542	10089.500
579.741	10120.500
579.940	10078.500
580.138	10145.500
580.337	10134.500
580.535	10150.500
580.734	10170.500
580.933	10188.500
581.131	10354.500
581.330	10221.500
581.529	10413.500
581.727	10507.500
581.926	10737.500
582.125	10695.500
582.323	10603.500
582.522	10611.500
582.721	10586.500
582.919	10656.500
583.118	10619.500
583.316	10634.500
583.515	10670.500
583.714	10878.500
583.912	11012.500
584.111	10910.500
584.310	10877.500
584.508	10719.500
584.707	10814.500
584.906	10846.500
585.104	10658.500
585.303	10633.500
585.501	10667.500
585.700	10604.500
585.899	10575.500
586.097	10727.500
586.296	10671.500
586.495	10660.500
586.693	10653.500
586.892	10639.500
587.091	10552.500
587.289	10517.500
587.488	10470.500
587.686	10170.500
587.885	10111.500
588.084	9817.500
588.282	9630.500
588.481	9407.500
588.680	9192.500
588.878	9031.500
589.077	8918.500
589.276	9018.500
589.474	9127.500
589.673	9100.500
589.871	9200.500
590.070	9425.500
590.269	9406.500
590.467	9393.500
590.666	9387.500
590.865	9320.500
591.063	9443.500
591.262	9489.500
591.461	9521.500
591.659	9442.500
591.858	9468.500
592.056	9523.500
592.255	9512.500
592.454	9491.500
592.652	9614.500
592.851	9698.500
593.050	9615.500
593.248	9532.500
593.447	9515.500
593.646	9430.500
593.844	9399.500
594.043	9371.500
594.241	9382.500
594.440	9329.500
594.639	9396.500
594.837	9379.500
595.036	9359.500
595.235	9383.500
595.433	9431.500
595.632	9392.500
595.831	9564.500
596.029	9533.500
596.228	9414.500
596.427	9402.500
596.625	9532.500
596.824	9512.500
597.022	9563.500
597.221	9620.500
597.420	9699.500
597.618	9565.500
597.817	9604.500
598.016	9570.500
598.214	9434.500
598.413	9585.500
598.612	9498.500
598.810	9542.500
599.009	9473.500
599.207	9590.500
599.406	9506.500
599.605	9363.500
599.803	9373.500
600.002	9444.500
600.201	9485.500
600.399	9509.500
600.598	9562.500
600.797	9544.500
600.995	9411.500
601.194	9399.500
601.392	9402.500
601.591	9400.500
601.790	9569.500
601.988	9461.500
602.187	9324.500
602.386	9268.500
602.584	9523.500
602.783	9634.500
602.982	9648.500
603.180	9645.500
603.379	9752.500
603.577	9625.500
603.776	9584.500
603.975	9692.500
604.173	9692.500
604.372	9597.500
604.571	9623.500
604.769	9655.500
604.968	9622.500
605.167	9493.500
605.365	9454.500
605.564	9658.500
605.762	9579.500
605.961	9526.500
606.160	9421.500
606.358	9514.500
606.557	9547.500
606.756	9505.500
606.954	9526.500
607.153	9557.500
607.352	9509.500
607.550	9426.500
607.749	9396.500
607.948	9398.500
608.146	9367.500
608.345	9354.500
608.543	9252.500
608.742	9273.500
608.941	9383.500
609.139	9458.500
609.338	9311.500
609.537	9277.500
609.735	9168.500
609.934	9059.500
610.133	9065.500
610.331	9193.500
610.530	9368.500
610.728	9224.500
610.927	9050.500
611.126	9173.500
611.324	9210.500
611.523	9220.500
611.722	9242.500
611.920	9267.500
612.119	9030.500
612.318	8964.500
612.516	8962.500
612.715	8962.500
612.913	8864.500
613.112	9010.500
613.311	8864.500
613.509	8758.500
613.708	8803.500
613.907	8750.500
614.105	8946.500
614.304	8775.500
614.503	8706.500
614.701	8770.500
614.900	8733.500
615.098	8700.500
615.297	8722.500
615.496	8656.500
615.694	8566.500
615.893	8540.500
616.092	8479.500
616.290	8481.500
616.489	8565.500
616.688	8470.500
616.886	8411.500
617.085	8393.500
617.283	8368.500
617.482	8425.500
617.681	8520.500
617.879	8582.500
618.078	8608.500
618.277	8608.500
618.475	8566.500
618.674	8508.500
618.873	8545.500
619.071	8635.500
619.270	8617.500
619.468	8550.500
619.667	8609.500
619.866	8591.500
620.064	8528.500
620.263	8581.500
620.462	8605.500
620.660	8566.500
620.859	8655.500
621.058	8654.500
621.256	8631.500
621.455	8378.500
621.654	8266.500
621.852	8390.500
622.051	8485.500
622.249	8324.500
622.448	8255.500
622.647	8186.500
622.845	8144.500
623.044	8187.500
623.243	8253.500
623.441	8192.500
623.640	8122.500
623.839	8013.500
624.037	8038.500
624.236	8175.500
624.434	8003.500
624.633	7955.500
624.832	8010.500
625.030	7862.500
625.229	7822.500
625.428	7716.500
625.626	7856.500
625.825	7933.500
626.024	8108.500
626.222	7986.500
626.421	7905.500
626.619	7979.500
626.818	7857.500
627.017	7831.500
627.215	7704.500
627.414	7485.500
627.613	7570.500
627.811	7567.500
628.010	7600.500
628.209	7748.500
628.407	7707.500
628.606	7692.500
628.804	7667.500
629.003	7700.500
629.202	7624.500
629.400	7424.500
629.599	7385.500
629.798	7426.500
629.996	7518.500
630.195	7439.500
630.394	7444.500
630.592	7525.500
630.791	7454.500
630.990	7503.500
631.188	7490.500
631.387	7410.500
631.585	7481.500
631.784	7569.500
631.983	7500.500
632.181	7547.500
632.380	7584.500
632.579	7466.500
632.777	7585.500
632.976	7547.500
633.175	7395.500
633.373	7607.500
633.572	7678.500
633.770	7544.500
633.969	7526.500
634.168	7474.500
634.366	7412.500
634.565	7479.500
634.764	7612.500
634.962	7543.500
635.161	7576.500
635.360	7543.500
635.558	7662.500
635.757	7630.500
635.955	7477.500
636.154	7364.500
636.353	7349.500
636.551	7321.500
636.750	7463.500
636.949	7549.500
637.147	7514.500
637.346	7565.500
637.545	7622.500
637.743	7519.500
637.942	7513.500
638.140	7499.500
638.339	7656.500
638.538	7705.500
638.736	7597.500
638.935	7506.500
639.134	7385.500
639.332	7429.500
639.531	7515.500
639.730	7577.500
639.928	7617.500
640.127	7507.500
640.325	7440.500
640.524	7478.500
640.723	7447.500
640.921	7355.500
641.120	7311.500
641.319	7364.500
641.517	7313.500
641.716	7398.500
641.915	7423.500
642.113	7376.500
642.312	7439.500
642.510	7343.500
642.709	7358.500
642.908	7297.500
643.106	7211.500
643.305	7228.500
643.504	7334.500
643.702	7333.500
643.901	7301.500
644.100	7235.500
644.298	7187.500
644.497	7303.500
644.696	7309.500
644.894	7268.500
645.093	7242.500
645.291	7163.500
645.490	7205.500
645.689	7233.500
645.887	7292.500
646.086	7326.500
646.285	7070.500
646.483	7000.500
646.682	6975.500
646.881	6791.500
647.079	6837.500
647.278	6793.500
647.476	6770.500
647.675	6857.500
647.874	6821.500
648.072	6763.500
648.271	6759.500
648.470	6801.500
648.668	6778.500
648.867	6771.500
649.066	6719.500
649.264	6621.500
649.463	6668.500
649.661	6678.500
649.860	6768.500
650.059	6859.500
650.257	6856.500
650.456	6876.500
650.655	6972.500
650.853	6910.500
651.052	6773.500
651.251	6716.500
651.449	6680.500
651.648	6792.500
651.846	6836.500
652.045	6768.500
652.244	6930.500
652.442	6962.500
652.641	6793.500
652.840	6880.500
653.038	6900.500
653.237	6959.500
653.436	6935.500
653.634	6814.500
653.833	6839.500
654.032	6815.500
654.230	6774.500
654.429	6720.500
654.627	6694.500
654.826	6740.500
655.025	6730.500
655.223	6612.500
655.422	6386.500
655.621	6209.500
655.819	6070.500
656.018	6062.500
656.217	6080.500
656.415	6096.500
656.614	6187.500
656.812	6294.500
657.011	6311.500
657.210	6344.500
657.408	6339.500
657.607	6403.500
657.806	6481.500
658.004	6499.500
658.203	6494.500
658.402	6558.500
658.600	6638.500
658.799	6794.500
658.997	6761.500
659.196	6728.500
659.395	6776.500
659.593	6749.500
659.792	6719.500
659.991	6736.500
660.189	6816.500
660.388	6935.500
660.587	6883.500
660.785	6855.500
660.984	6845.500
661.182	6818.500
661.381	6959.500
661.580	7022.500
661.778	6884.500
661.977	6990.500
662.176	6908.500
662.374	6813.500
662.573	6971.500
662.772	6932.500
662.970	6724.500
663.169	6691.500
663.367	6800.500
663.566	6768.500
663.765	6759.500
663.963	6663.500
664.162	6699.500
664.361	6823.500
664.559	6948.500
664.758	6880.500
664.957	6837.500
665.155	6796.500
665.354	6782.500
665.552	6763.500
665.751	6794.500
665.950	6713.500
666.148	6694.500
666.347	6630.500
666.546	6726.500
666.744	6723.500
666.943	6679.500
667.142	6592.500
667.340	6744.500
667.539	6800.500
667.738	6774.500
667.936	6746.500
668.135	6695.500
668.333	6678.500
668.532	6725.500
668.731	6700.500
668.929	6576.500
669.128	6632.500
669.327	6686.500
669.525	6639.500
669.724	6773.500
669.923	6662.500
670.121	6456.500
670.320	6431.500
670.518	6592.500
670.717	6382.500
670.916	6406.500
671.114	6512.500
671.313	6452.500
671.512	6424.500
671.710	6441.500
671.909	6422.500
672.108	6632.500
672.306	6664.500
672.505	6362.500
672.703	6338.500
672.902	6351.500
673.101	6259.500
673.299	6542.500
673.498	6609.500
673.697	6408.500
673.895	6250.500
674.094	6289.500
674.293	6220.500
674.491	6086.500
674.690	6190.500
674.888	6261.500
675.087	6245.500
675.286	6297.500
675.484	6364.500
675.683	6239.500
675.882	6227.500
676.080	6287.500
676.279	6300.500
676.478	6192.500
676.676	6105.500
676.875	6152.500
677.073	6224.500
677.272	6169.500
677.471	6197.500
677.669	6230.500
677.868	6114.500
678.067	6123.500
678.265	6135.500
678.464	6159.500
678.663	6144.500
678.861	6136.500
679.060	6112.500
679.259	6189.500
679.457	6159.500
679.656	6065.500
679.854	6029.500
680.053	6047.500
680.252	6022.500
680.450	5975.500
680.649	5994.500
680.848	5915.500
681.046	6031.500
681.245	6006.500
681.444	5994.500
681.642	6047.500
681.841	5975.500
682.039	5911.500
682.238	5960.500
682.437	5824.500
682.635	5844.500
682.834	5885.500
683.033	5879.500
683.231	5884.500
683.430	5749.500
683.629	5774.500
683.827	5868.500
684.026	5850.500
684.224	5796.500
684.423	5772.500
684.622	5790.500
684.820	5835.500
685.019	5833.500
685.218	5875.500
685.416	5615.500
685.615	5444.500
685.814	5249.500
686.012	5123.500
686.211	4909.500
686.409	4783.500
686.608	4560.500
686.807	4415.500
687.005	4467.500
687.204	4580.500
687.403	4493.500
687.601	4658.500
687.800	4605.500
687.999	4584.500
688.197	4539.500
688.396	4426.500
688.594	4425.500
688.793	4471.500
688.992	4620.500
689.190	4708.500
689.389	4635.500
689.588	4718.500
689.786	4847.500
689.985	4796.500
690.184	4855.500
690.382	4981.500
690.581	4850.500
690.779	4971.500
690.978	4997.500
691.177	5046.500
691.375	5144.500
691.574	5304.500
691.773	5267.500
691.971	5151.500
692.170	4963.500
692.369	4968.500
692.567	4967.500
692.766	5018.500
692.965	5049.500
693.163	5010.500
693.362	5065.500
693.560	5108.500
693.759	5096.500
693.958	5156.500
694.156	5158.500
694.355	4969.500
694.554	4960.500
694.752	5069.500
694.951	5103.500
695.150	5115.500
695.348	5188.500
695.547	5244.500
695.745	5343.500
695.944	5421.500
696.143	5487.500
696.341	5570.500
696.540	5571.500
696.743	5480.500
696.946	5504.500
697.149	5574.500
697.352	5557.500
697.555	5571.500
697.757	5472.500
697.960	5402.500
698.163	5449.500
698.366	5635.500
698.569	5609.500
698.772	5592.500
698.975	5495.500
699.178	5431.500
699.381	5395.500
699.584	5481.500
699.787	5547.500
699.989	5513.500
700.192	5472.500
700.395	5382.500
700.598	5424.500
700.801	5535.500
701.004	5465.500
701.207	5539.500
701.410	5569.500
701.613	5559.500
701.816	5519.500
702.019	5551.500
702.221	5670.500
702.424	5644.500
702.627	5675.500
702.830	5665.500
703.033	5799.500
703.236	5908.500
703.439	5872.500
703.642	5926.500
703.845	5892.500
704.048	5975.500
704.251	5966.500
704.453	5836.500
704.656	5928.500
704.859	6083.500
705.062	5925.500
705.265	5984.500
705.468	5948.500
705.671	6081.500
705.874	6201.500
706.077	6058.500
706.280	6034.500
706.483	6093.500
706.685	6152.500
706.888	6215.500
707.091	6213.500
707.294	6273.500
707.497	6220.500
707.700	6167.500
707.903	6294.500
708.106	6305.500
708.309	6302.500
708.512	6367.500
708.715	6254.500
708.917	6423.500
709.120	6550.500
709.323	6455.500
709.526	6407.500
709.729	6337.500
709.932	6442.500
710.135	6416.500
710.338	6484.500
710.541	6495.500
710.744	6479.500
710.947	6529.500
711.149	6582.500
711.352	6560.500
711.555	6449.500
711.758	6441.500
711.961	6613.500
712.164	6627.500
712.367	6493.500
712.570	6390.500
712.773	6448.500
712.976	6502.500
713.179	6391.500
713.381	6370.500
713.584	6494.500
713.787	6451.500
713.990	6519.500
714.193	6525.500
714.396	6542.500
714.599	6707.500
714.802	6550.500
715.005	6534.500
715.208	6495.500
715.411	6243.500
715.613	6057.500
715.816	6005.500
716.019	5828.500
716.222	5657.500
716.425	5426.500
716.628	5463.500
716.831	5402.500
717.034	5280.500
717.237	5207.500
717.440	5103.500
717.643	4978.500
717.845	4907.500
718.048	4835.500
718.251	4754.500
718.454	4667.500
718.657	4693.500
718.860	4692.500
719.063	4748.500
719.266	4542.500
719.469	4605.500
719.672	4711.500
719.875	4852.500
720.077	4902.500
720.280	5075.500
720.483	5348.500
720.686	5450.500
720.889	5534.500
721.092	5641.500
721.295	5728.500
721.498	5730.500
721.701	5756.500
721.904	5793.500
722.107	5849.500
722.309	5809.500
722.512	5602.500
722.715	5571.500
722.918	5579.500
723.121	5591.500
723.324	5482.500
723.527	5495.500
723.730	5391.500
723.933	5448.500
724.136	5367.500
724.339	5350.500
724.541	5362.500
724.744	5392.500
724.947	5322.500
725.150	5359.500
725.353	5380.500
725.556	5315.500
725.759	5338.500
725.962	5502.500
726.165	5508.500
726.368	5485.500
726.571	5392.500
726.773	5467.500
726.976	5568.500
727.179	5676.500
727.382	5665.500
727.585	5615.500
727.788	5529.500
727.991	5448.500
728.194	5503.500
728.397	5456.500
728.600	5407.500
728.803	5581.500
729.005	5675.500
729.208	5808.500
729.411	5839.500
729.614	5741.500
729.817	5683.500
730.020	5850.500
730.223	5802.500
730.426	5702.500
730.629	5754.500
730.832	5941.500
731.035	6018.500
731.237	5980.500
731.440	6066.500
731.643	6143.500
731.846	6261.500
732.049	6390.500
732.252	6543.500
732.455	6664.500
732.658	6646.500
732.861	6752.500
733.064	6810.500
733.267	6888.500
733.469	6919.500
733.672	6940.500
733.875	6951.500
734.078	6921.500
734.281	6848.500
734.484	7036.500
734.687	6936.500
734.890	6812.500
735.093	6959.500
735.296	7046.500
735.499	7006.500
735.701	7004.500
735.904	7187.500
736.107	7142.500
736.310	6968.500
736.513	6997.500
736.716	7042.500
736.919	7015.500
737.122	7100.500
737.325	7119.500
737.528	7186.500
737.731	7193.500
737.933	7165.500
738.136	7272.500
738.339	7288.500
738.542	7342.500
738.745	7270.500
738.948	7200.500
739.151	7238.500
739.354	7272.500
739.557	7398.500
739.760	7493.500
739.963	7405.500
740.165	7360.500
740.368	7320.500
740.571	7286.500
740.774	7356.500
740.977	7384.500
741.180	7390.500
741.383	7398.500
741.586	7502.500
741.789	7556.500
741.992	7656.500
742.195	7627.500
742.397	7527.500
742.600	7612.500
742.803	7568.500
743.006	7636.500
743.209	7595.500
743.412	7479.500
743.615	7488.500
743.818	7574.500
744.021	7488.500
744.224	7644.500
744.427	7678.500
744.629	7694.500
744.832	7628.500
745.035	7627.500
745.238	7683.500
745.441	7690.500
745.644	7594.500
745.847	7831.500
746.050	7840.500
746.253	7723.500
746.456	7690.500
746.659	7652.500
746.861	7554.500
747.064	7602.500
747.267	7629.500
747.470	7476.500
747.673	7454.500
747.876	7545.500
748.079	7561.500
748.282	7570.500
748.485	7407.500
748.688	7423.500
748.891	7397.500
749.093	7447.500
749.296	7575.500
749.499	7519.500
749.702	7431.500
749.905	7396.500
750.108	7491.500
750.311	7483.500
750.514	7385.500
750.717	7447.500
750.920	7542.500
751.123	7462.500
751.325	7381.500
751.528	7343.500
751.731	7338.500
751.934	7342.500
752.137	7384.500
752.340	7192.500
752.543	7275.500
752.746	7457.500
752.949	7280.500
753.152	7350.500
753.355	7414.500
753.557	7387.500
753.760	7367.500
753.963	7266.500
754.166	7253.500
754.369	7250.500
754.572	7238.500
754.775	7301.500
754.978	7373.500
755.181	7267.500
755.384	7185.500
755.587	7287.500
755.789	7140.500
755.992	7195.500
756.195	7276.500
756.398	7222.500
756.601	7296.500
756.804	7314.500
757.007	7116.500
757.210	7114.500
757.413	7076.500
757.616	6991.500
757.819	6890.500
758.021	6685.500
758.224	6288.500
758.427	5773.500
758.630	5176.500
758.833	4727.500
759.036	4188.500
759.239	3733.500
759.442	3331.500
759.645	2936.500
759.848	2710.500
760.051	2775.500
760.253	2874.500
760.456	3020.500
760.659	2882.500
760.862	2886.500
761.065	2762.500
761.268	2683.500
761.471	2692.500
761.674	2632.500
761.877	2563.500
762.080	2479.500
762.283	2522.500
762.485	2511.500
762.688	2660.500
762.891	2711.500
763.094	2792.500
763.297	2914.500
763.500	2981.500
763.706	3108.500
763.912	3180.500
764.118	3310.500
764.325	3439.500
764.531	3512.500
764.737	3661.500
764.943	3777.500
765.149	4025.500
765.355	4211.500
765.561	4455.500
765.768	4576.500
765.974	4637.500
766.180	4787.500
766.386	4979.500
766.592	5188.500
766.798	5297.500
767.004	5391.500
767.210	5580.500
767.417	5746.500
767.623	5757.500
767.829	5857.500
768.035	5857.500
768.241	5913.500
768.447	5978.500
768.653	5968.500
768.860	6150.500
769.066	6207.500
769.272	6095.500
769.478	6073.500
769.684	6149.500
769.890	6247.500
770.096	6204.500
770.303	6256.500
770.509	6225.500
770.715	6274.500
770.921	6402.500
771.127	6364.500
771.333	6416.500
771.539	6411.500
771.745	6294.500
771.952	6380.500
772.158	6323.500
772.364	6349.500
772.570	6274.500
772.776	6240.500
772.982	6083.500
773.188	6157.500
773.395	6236.500
773.601	6207.500
773.807	6149.500
774.013	6180.500
774.219	6117.500
774.425	6068.500
774.631	6092.500
774.838	6112.500
775.044	6187.500
775.250	6197.500
775.456	6110.500
775.662	6116.500
775.868	6095.500
776.074	6081.500
776.281	6138.500
776.487	6016.500
776.693	6003.500
776.899	5989.500
777.105	6046.500
777.311	6188.500
777.517	6175.500
777.723	6092.500
777.930	5962.500
778.136	5888.500
778.342	5936.500
778.548	5965.500
778.754	5921.500
778.960	6054.500
779.166	6042.500
779.373	6015.500
779.579	5876.500
779.785	5783.500
779.991	5846.500
780.197	5849.500
780.403	5867.500
780.609	5843.500
780.816	5775.500
781.022	5837.500
781.228	5885.500
781.434	5851.500
781.640	5836.500
781.846	5833.500
782.052	5826.500
782.259	5737.500
782.465	5639.500
782.671	5632.500
782.877	5633.500
783.083	5615.500
783.289	5622.500
783.495	5681.500
783.701	5698.500
783.908	5648.500
784.114	5561.500
784.320	5675.500
784.526	5526.500
784.732	5448.500
784.938	5519.500
785.144	5535.500
785.351	5527.500
785.557	5525.500
785.763	5486.500
785.969	5422.500
786.175	5416.500
786.381	5416.500
786.587	5337.500
786.794	5325.500
787.000	5303.500
787.206	5285.500
787.412	5239.500
787.618	5239.500
787.824	5183.500
788.030	5194.500
788.236	5198.500
788.443	5106.500
788.649	5025.500
788.855	5002.500
789.061	5043.500
789.267	5069.500
789.473	4980.500
789.679	4985.500
789.886	4915.500
790.092	4892.500
790.298	4955.500
790.504	4960.500
790.710	4803.500
790.916	4796.500
791.122	4782.500
791.329	4780.500
791.535	4831.500
791.741	4887.500
791.947	4829.500
792.153	4738.500
792.359	4762.500
792.565	4797.500
792.771	4841.500
792.978	4785.500
793.184	4800.500
793.390	4811.500
793.596	4749.500
793.802	4810.500
794.008	4917.500
794.214	4835.500
794.421	4738.500
794.627	4606.500
794.833	4530.500
795.039	4495.500
795.245	4478.500
795.451	4527.500
795.657	4602.500
795.864	4551.500
796.070	4581.500
796.276	4698.500
796.482	4692.500
796.688	4649.500
796.894	4577.500
797.100	4466.500
797.307	4459.500
797.513	4564.500
797.719	4535.500
797.925	4477.500
798.131	4424.500
798.337	4357.500
798.543	4440.500
798.749	4514.500
798.956	4510.500
799.162	4526.500
799.368	4369.500
799.574	4396.500
799.780	4400.500
799.986	4204.500
800.192	4175.500
800.399	4261.500
800.605	4222.500
800.811	4280.500
801.017	4355.500
801.223	4180.500
801.429	4056.500
801.635	4119.500
801.842	4191.500
802.048	4189.500
802.254	4195.500
802.460	4227.500
802.666	4110.500
802.872	4159.500
803.078	4222.500
803.285	4062.500
803.491	4033.500
803.697	4119.500
803.903	4059.500
804.109	4161.500
804.315	4243.500
804.521	4144.500
804.727	4177.500
804.934	4071.500
805.140	4120.500
805.346	4206.500
805.552	4226.500
805.758	4130.500
805.964	4014.500
806.170	4075.500
806.377	4171.500
806.583	4087.500
806.789	4033.500
806.995	3934.500
807.201	3983.500
807.407	4028.500
807.613	3979.500
807.820	3977.500
808.026	3935.500
808.232	3979.500
808.438	3974.500
808.644	3969.500
808.850	3840.500
809.056	3820.500
809.262	3815.500
809.469	3744.500
809.675	3597.500
809.881	3619.500
810.087	3673.500
810.293	3787.500
810.499	3715.500
810.705	3599.500
810.912	3518.500
811.118	3592.500
811.324	3537.500
811.530	3533.500
811.739	3472.500
811.947	3354.500
812.156	3235.500
812.365	3314.500
812.573	3400.500
812.782	3198.500
812.990	3160.500
813.199	3104.500
813.408	3078.500
813.616	3012.500
813.825	2887.500
814.034	2846.500
814.242	2803.500
814.451	2852.500
814.659	2737.500
814.868	2713.500
815.077	2666.500
815.285	2607.500
815.494	2616.500
815.703	2631.500
815.911	2604.500
816.120	2575.500
816.329	2466.500
816.537	2527.500
816.746	2547.500
816.954	2458.500
817.163	2382.500
817.372	2465.500
817.580	2437.500
817.789	2510.500
817.998	2555.500
818.206	2529.500
818.415	2558.500
818.624	2539.500
818.832	2462.500
819.041	2509.500
819.249	2607.500
819.458	2750.500
819.667	2809.500
819.875	2797.500
820.084	2817.500
820.293	2711.500
820.501	2717.500
820.710	2824.500
820.919	2791.500
821.127	2707.500
821.336	2705.500
821.544	2493.500
821.753	2366.500
821.962	2317.500
822.170	2274.500
822.379	2309.500
822.588	2286.500
822.796	2357.500
823.005	2444.500
823.213	2458.500
823.422	2540.500
823.631	2612.500
823.839	2560.500
824.048	2532.500
824.257	2557.500
824.465	2706.500
824.674	2693.500
824.883	2646.500
825.091	2666.500
825.300	2672.500
825.508	2816.500
825.717	2783.500
825.926	2773.500
826.134	2756.500
826.343	2724.500
826.552	2725.500
826.760	2591.500
826.969	2578.500
827.178	2564.500
827.386	2530.500
827.595	2547.500
827.803	2467.500
828.012	2433.500
828.221	2465.500
828.429	2550.500
828.638	2594.500
828.847	2629.500
829.055	2483.500
829.264	2431.500
829.472	2522.500
829.681	2466.500
829.890	2401.500
830.098	2458.500
830.307	2496.500
830.516	2432.500
830.724	2448.500
830.933	2367.500
831.142	2389.500
831.350	2501.500
831.559	2557.500
831.767	2470.500
831.976	2472.500
832.185	2515.500
832.393	2483.500
832.602	2375.500
832.811	2368.500
833.019	2475.500
833.228	2467.500
833.437	2495.500
833.645	2524.500
833.854	2453.500
834.062	2520.500
834.271	2488.500
834.480	2489.500
834.688	2496.500
834.897	2476.500
835.106	2471.500
835.314	2516.500
835.523	2526.500
835.731	2511.500
835.940	2577.500
836.149	2584.500
836.357	2475.500
836.566	2614.500
836.775	2638.500
836.983	2566.500
837.192	2633.500
837.401	2538.500
837.609	2522.500
837.818	2627.500
838.026	2522.500
838.235	2565.500
838.444	2586.500
838.652	2598.500
838.861	2592.500
839.070	2589.500
839.278	2598.500
839.487	2558.500
839.696	2628.500
839.904	2537.500
840.113	2521.500
840.321	2501.500
840.530	2451.500
840.739	2533.500
840.947	2572.500
841.156	2474.500
841.365	2463.500
841.573	2573.500
841.782	2594.500
841.991	2563.500
842.199	2504.500
842.408	2460.500
842.616	2505.500
842.825	2424.500
843.034	2476.500
843.242	2446.500
843.451	2439.500
843.660	2472.500
843.868	2410.500
844.077	2400.500
844.285	2517.500
844.494	2639.500
844.703	2555.500
844.911	2471.500
845.120	2394.500
845.329	2500.500
845.537	2441.500
845.746	2352.500
845.955	2382.500
846.163	2455.500
846.372	2466.500
846.580	2467.500
846.789	2390.500
846.998	2447.500
847.206	2521.500
847.415	2512.500
847.624	2367.500
847.832	2422.500
848.041	2402.500
848.250	2365.500
848.458	2274.500
848.667	2236.500
848.875	2325.500
849.084	2299.500
849.293	2273.500
849.501	2251.500
849.710	2176.500
849.919	2170.500
850.127	2198.500
850.336	2155.500
850.544	2097.500
850.753	2166.500
850.962	2137.500
851.170	2177.500
851.379	2259.500
851.588	2177.500
851.796	2127.500
852.005	2097.500
852.214	2179.500
852.422	2185.500
852.631	2129.500
852.839	2071.500
853.048	2038.500
853.257	2017.500
853.465	1866.500
853.674	1884.500
853.883	1935.500
854.091	1773.500
854.300	1834.500
854.509	1990.500
854.717	2073.500
854.926	2009.500
855.134	2022.500
855.343	2003.500
855.552	1974.500
855.760	2020.500
855.969	2044.500
856.178	1952.500
856.386	1967.500
856.595	2113.500
856.803	2098.500
857.012	2025.500
857.221	1967.500
857.429	2069.500
857.638	2050.500
857.847	2072.500
858.055	2026.500
858.264	2042.500
858.473	2068.500
858.681	2064.500
858.890	2059.500
859.098	2035.500
859.307	1995.500
859.516	1946.500
859.724	1941.500
859.933	1957.500
860.142	1948.500
860.350	1943.500
860.559	1882.500
860.768	1847.500
860.976	1829.500
861.185	1787.500
861.393	1827.500
861.602	1953.500
861.811	1938.500
862.019	1876.500
862.228	1892.500
862.437	1871.500
862.645	1818.500
862.854	1901.500
863.062	1955.500
863.271	1915.500
863.480	2016.500
863.688	1967.500
863.897	1876.500
864.106	1772.500
864.314	1844.500
864.523	1842.500
864.732	1761.500
864.940	1685.500
865.149	1656.500
865.357	1647.500
865.566	1647.500
865.775	1657.500
865.983	1610.500
866.192	1569.500
866.401	1545.500
866.609	1571.500
866.818	1612.500
867.027	1691.500
867.235	1717.500
867.444	1656.500
867.652	1595.500
867.861	1640.500
868.070	1575.500
868.278	1588.500
868.487	1636.500
868.696	1655.500
868.904	1563.500
869.113	1592.500
869.321	1625.500
869.530	1609.500
869.739	1654.500
869.947	1714.500
870.156	1554.500
870.365	1492.500
870.573	1544.500
870.782	1623.500
870.991	1623.500
871.199	1590.500
871.408	1521.500
871.616	1577.500
871.825	1602.500
872.034	1592.500
872.242	1607.500
872.451	1577.500
872.660	1579.500
872.868	1593.500
873.077	1550.500
873.286	1495.500
873.494	1528.500
873.703	1530.500
873.911	1520.500
874.120	1415.500
874.329	1376.500
874.537	1535.500
874.746	1443.500
874.955	1406.500
875.163	1410.500
875.372	1425.500
875.581	1452.500
875.789	1499.500
875.998	1455.500
876.206	1411.500
876.415	1437.500
876.624	1382.500
876.832	1298.500
877.041	1377.500
877.250	1453.500
877.458	1362.500
877.667	1423.500
877.875	1454.500
878.084	1357.500
878.293	1355.500
878.501	1333.500
878.710	1324.500
878.919	1297.500
879.127	1250.500
879.336	1202.500
879.545	1229.500
879.753	1214.500
879.962	1203.500
880.170	1184.500
880.379	1214.500
880.588	1261.500
880.796	1305.500
881.005	1289.500
881.214	1309.500
881.422	1282.500
881.631	1327.500
881.840	1328.500
882.048	1291.500
882.257	1350.500
882.465	1239.500
882.674	1252.500
882.883	1353.500
883.091	1313.500
883.300	1275.500
883.509	1250.500
883.717	1268.500
883.926	1276.500
884.134	1258.500
884.343	1105.500
884.552	1126.500
884.760	1187.500
884.969	1287.500
885.178	1161.500
885.386	1104.500
885.595	1158.500
885.804	1126.500
886.012	1054.500
886.221	1145.500
886.429	1139.500
886.638	1053.500
886.847	1078.500
887.055	1125.500
887.264	1149.500
887.473	1224.500
887.681	1243.500
887.890	1140.500
888.099	1156.500
888.307	1138.500
888.516	1102.500
888.724	1090.500
888.933	1113.500
889.142	1152.500
889.350	1186.500
889.559	1143.500
889.768	1020.500
889.976	1063.500
890.185	1106.500
890.393	1080.500
890.602	1039.500
890.811	1123.500
891.019	1122.500
891.228	1120.500
891.437	1024.500
891.645	1001.500
891.854	1004.500
892.063	1011.500
892.271	1031.500
892.480	896.500
892.688	941.500
892.897	1040.500
893.106	1004.500
893.314	1022.500
893.523	861.500
893.732	919.500
893.940	925.500
894.149	876.500
894.358	937.500
894.566	926.500
894.775	937.500
894.983	890.500
895.192	797.500
895.401	877.500
895.609	810.500
895.818	718.500
896.027	677.500
896.235	766.500
896.444	755.500
896.652	736.500
896.861	751.500
897.070	889.500
897.278	880.500
897.487	855.500
897.696	811.500
897.904	700.500
898.113	704.500
898.322	688.500
898.530	646.500
898.739	637.500
898.947	671.500
899.156	665.500
899.365	679.500
899.573	709.500
899.782	614.500
899.991	619.500
900.199	594.500
900.408	668.500
900.617	684.500
900.825	642.500
901.034	660.500
901.242	617.500
901.451	595.500
901.660	632.500
901.868	717.500
902.077	694.500
902.286	660.500
902.494	637.500
902.703	723.500
902.911	765.500
903.120	742.500
903.329	693.500
903.537	727.500
903.746	736.500
903.955	799.500
904.163	757.500
904.372	773.500
904.581	758.500
904.789	770.500
904.998	790.500
905.206	749.500
905.415	732.500
905.624	716.500
905.832	659.500
906.041	644.500
906.250	701.500
906.458	705.500
906.667	670.500
906.876	588.500
907.084	605.500
907.293	571.500
907.501	655.500
907.710	585.500
907.919	602.500
908.127	668.500
908.336	612.500
908.545	646.500
908.753	685.500
908.962	655.500
909.170	607.500
909.379	546.500
909.588	693.500
909.796	704.500
910.005	599.500
910.214	551.500
910.422	607.500
910.631	529.500
910.840	611.500
911.048	628.500
911.257	527.500
911.465	552.500
911.674	663.500
911.883	646.500
912.091	600.500
912.300	602.500
912.508	555.500
912.716	577.500
912.924	527.500
913.132	543.500
913.340	551.500
913.549	530.500
913.757	527.500
913.965	504.500
914.173	484.500
914.381	509.500
914.589	482.500
914.797	485.500
915.005	506.500
915.213	500.500
915.421	520.500
915.629	488.500
915.838	470.500
916.046	459.500
916.254	486.500
916.462	518.500
916.670	510.500
916.878	531.500
917.086	539.500
917.294	555.500
917.502	536.500
917.710	602.500
917.919	577.500
918.127	498.500
918.335	538.500
918.543	550.500
918.751	621.500
918.959	638.500
919.167	586.500
919.375	543.500
919.583	677.500
919.791	573.500
919.999	544.500
920.208	622.500
920.416	554.500
920.624	556.500
920.832	576.500
921.040	584.500
921.248	604.500
921.456	487.500
921.664	449.500
921.872	504.500
922.080	558.500
922.288	498.500
922.497	543.500
922.705	560.500
922.913	525.500
923.121	511.500
923.329	455.500
923.537	456.500
923.745	548.500
923.953	464.500
924.161	470.500
924.369	529.500
924.578	512.500
924.786	500.500
924.994	511.500
925.202	503.500
925.410	532.500
925.618	538.500
925.826	555.500
926.034	533.500
926.242	536.500
926.450	446.500
926.658	425.500
926.867	435.500
927.075	399.500
927.283	392.500
927.491	393.500
927.699	400.500
927.907	437.500
928.115	463.500
928.323	345.500
928.531	364.500
928.739	381.500
928.947	373.500
929.156	287.500
929.364	293.500
929.572	310.500
929.780	267.500
929.988	227.500
930.196	283.500
930.404	305.500
930.612	266.500
930.820	238.500
931.028	231.500
931.236	234.500
931.445	240.500
931.653	154.500
931.861	214.500
932.069	122.500
932.277	243.500
932.485	337.500
932.693	173.500
932.901	117.500
933.109	142.500
933.317	188.500
933.526	187.500
933.734	129.500
933.942	161.500
934.150	179.500
934.358	180.500
934.566	196.500
934.774	129.500
934.982	113.500
935.190	132.500
935.398	194.500
935.606	162.500
935.815	179.500
936.023	218.500
936.231	179.500
936.439	138.500
936.647	133.500
936.855	109.500
937.063	108.500
937.271	184.500
937.479	199.500
937.687	144.500
937.895	176.500
938.104	256.500
938.312	226.500
938.520	151.500
938.728	146.500
938.936	142.500
939.144	177.500
939.352	191.500
939.560	162.500
939.768	130.500
939.976	151.500
940.185	162.500
940.393	134.500
940.601	116.500
940.809	124.500
941.017	157.500
941.225	176.500
941.433	167.500
941.641	108.500
941.849	80.500
942.057	178.500
942.265	143.500
942.474	155.500
942.682	159.500
942.890	76.500
943.098	125.500
943.306	94.500
943.514	45.500
943.722	79.500
943.930	162.500
944.138	159.500
944.346	152.500
944.554	204.500
944.763	135.500
944.971	103.500
945.179	35.500
945.387	88.500
945.595	147.500
945.803	206.500
946.011	162.500
946.219	143.500
946.427	153.500
946.635	121.500
946.843	192.500
947.052	204.500
947.260	127.500
947.468	127.500
947.676	133.500
947.884	162.500
948.092	214.500
948.300	261.500
948.508	146.500
948.716	131.500
948.924	157.500
949.133	236.500
949.341	190.500
949.549	117.500
949.757	180.500
949.965	133.500
950.173	34.500
950.381	123.500
950.589	223.500
950.797	169.500
951.005	105.500
951.213	89.500
951.422	86.500
951.630	71.500
951.838	118.500
952.046	248.500
952.254	213.500
952.462	141.500
952.670	176.500
952.878	213.500
953.086	173.500
953.294	198.500
953.502	184.500
953.711	183.500
953.919	134.500
954.127	62.500
954.335	70.500
954.543	125.500
954.751	166.500
954.959	142.500
955.167	159.500
955.375	158.500
955.583	110.500
955.792	162.500
956.000	179.500
956.208	163.500
956.416	82.500
956.624	107.500
956.832	170.500
957.040	138.500
957.248	84.500
957.456	106.500
957.664	113.500
957.872	49.500
958.081	74.500
958.289	159.500
958.497	203.500
958.705	170.500
958.913	103.500
959.121	81.500
959.329	134.500
959.537	43.500
959.745	57.500
959.953	105.500
960.161	98.500
960.370	66.500
960.578	83.500
960.786	221.500
960.994	210.500
961.202	180.500
961.410	212.500
961.618	146.500
961.826	170.500
962.034	210.500
962.242	113.500
962.451	62.500
962.659	64.500
962.867	73.500
963.075	125.500
963.283	169.500
963.491	164.500
963.699	114.500
963.907	82.500
964.115	154.500
964.323	259.500
964.531	235.500
964.740	129.500
964.948	192.500
965.156	125.500
965.364	216.500
965.572	311.500
965.780	194.500
965.999	143.500
966.218	122.500
966.438	75.500
966.657	55.500
966.876	107.500
967.095	158.500
967.315	124.500
967.534	138.500
967.753	218.500
967.972	273.500
968.192	260.500
968.411	190.500
968.630	153.500
968.849	135.500
969.068	242.500
969.288	227.500
969.507	225.500
969.726	300.500
969.945	287.500
970.165	164.500
970.384	202.500
970.603	123.500
970.822	153.500
971.042	150.500
971.261	156.500
971.480	229.500
971.699	175.500
971.919	158.500
972.138	204.500
972.357	170.500
972.576	178.500
972.795	206.500
973.015	178.500
973.234	196.500
973.453	173.500
973.672	161.500
973.892	107.500
974.111	91.500
974.330	140.500
974.549	199.500
974.769	151.500
974.988	242.500
975.207	136.500
975.426	61.500
975.646	65.500
975.865	103.500
976.084	106.500
976.303	68.500
976.522	119.500
976.742	146.500
976.961	120.500
977.180	144.500
977.399	119.500
977.619	122.500
977.838	181.500
978.057	175.500
978.276	227.500
978.496	222.500
978.715	154.500
978.934	115.500
979.153	56.500
979.372	111.500
979.592	161.500
979.811	216.500
980.030	174.500
980.249	127.500
980.469	198.500
980.688	232.500
980.907	131.500
981.126	165.500
981.346	237.500
981.565	168.500
981.784	135.500
982.003	230.500
982.223	227.500
982.442	264.500
982.661	139.500
982.880	212.500
983.099	163.500
983.319	198.500
983.538	209.500
983.757	207.500
983.976	248.500
984.196	214.500
984.415	195.500
984.634	172.500
984.853	167.500
985.073	235.500
985.292	196.500
985.511	169.500
985.730	161.500
985.949	203.500
986.169	281.500
986.388	264.500
986.607	40.500
986.826	79.500
987.046	71.500
987.265	97.500
987.484	148.500
987.703	137.500
987.923	123.500
988.142	150.500
988.361	183.500
988.580	254.500
988.800	108.500
989.019	150.500
989.238	176.500
989.457	154.500
989.676	177.500
989.896	130.500
990.115	104.500
990.334	101.500
990.553	101.500
990.773	59.500
990.992	80.500
991.211	105.500
991.430	144.500
991.650	106.500
991.869	86.500
992.088	60.500
992.307	122.500
992.527	124.500
992.746	109.500
992.965	177.500
993.184	132.500
993.403	130.500
993.623	132.500
993.842	71.500
994.061	74.500
994.280	155.500
994.500	133.500
994.719	109.500
994.938	87.500
995.157	37.500
995.377	30.500
995.596	70.500
995.815	132.500
996.034	140.500
996.253	70.500
996.473	66.500
996.692	99.500
996.911	79.500
997.130	76.500
997.350	87.500
997.569	131.500
997.788	125.500
998.007	38.500
998.227	24.500
998.446	154.500
998.665	148.500
998.884	156.500
999.104	182.500
999.323	186.500
999.542	124.500
999.761	55.500
999.980	52.500
1000.200	159.500
1000.419	193.500
1000.638	212.500
1000.857	156.500
1001.077	90.500
1001.296	122.500
1001.515	52.500
1001.734	50.500
1001.954	143.500
1002.173	150.500
1002.392	184.500
1002.611	115.500
1002.830	48.500
1003.050	31.500
1003.269	99.500
1003.488	70.500
1003.707	65.500
1003.927	103.500
1004.146	117.500
1004.365	71.500
1004.584	113.500
1004.804	180.500
1005.023	157.500
1005.242	106.500
1005.461	119.500
1005.681	172.500
1005.900	111.500
1006.119	91.500
1006.338	96.500
1006.557	137.500
1006.777	245.500
1006.996	225.500
1007.215	44.500
1007.434	72.500
1007.654	174.500
1007.873	183.500
1008.092	163.500
1008.311	131.500
1008.531	3.500
1008.750	66.500
1008.969	133.500
1009.188	40.500
1009.407	37.500
1009.627	36.500
1009.846	31.500
1010.065	72.500
1010.284	48.500
1010.504	-21.500
1010.723	7.500
1010.942	89.500
1011.161	64.500
1011.381	-24.500
1011.600	43.500
1011.819	165.500
1012.038	92.500
1012.258	112.500
1012.477	132.500
1012.696	79.500
1012.915	88.500
1013.134	101.500
1013.354	140.500
1013.573	163.500
1013.792	91.500
1014.011	23.500
1014.231	45.500
1014.450	131.500
1014.669	72.500
1014.888	-5.500
1015.108	87.500
1015.327	115.500
1015.546	119.500
1015.765	178.500
1015.984	172.500
1016.204	180.500
1016.423	95.500
1016.642	134.500
1016.861	143.500
1017.081	31.500
1017.300	37.500
1017.519	46.500
