296.912	239.500
297.101	147.500
297.290	154.500
297.479	197.500
297.668	117.500
297.858	168.500
298.047	290.500
298.236	233.500
298.425	183.500
298.614	152.500
298.803	44.500
298.992	78.500
299.181	132.500
299.370	142.500
299.559	132.500
299.748	213.500
299.937	222.500
300.126	242.500
300.315	150.500
300.504	149.500
300.693	222.500
300.882	205.500
301.071	172.500
301.260	90.500
301.449	107.500
301.638	142.500
301.827	97.500
302.016	102.500
302.205	135.500
302.395	117.500
302.584	144.500
302.773	165.500
302.962	199.500
303.151	168.500
303.340	71.500
303.529	43.500
303.718	148.500
303.907	143.500
304.096	167.500
304.285	144.500
304.474	163.500
304.663	173.500
304.852	186.500
305.041	177.500
305.230	157.500
305.419	191.500
305.608	235.500
305.797	143.500
305.986	69.500
306.175	3.500
306.364	18.500
306.553	60.500
306.743	165.500
306.932	214.500
307.121	217.500
307.310	178.500
307.499	148.500
307.688	116.500
307.877	127.500
308.066	86.500
308.255	142.500
308.444	226.500
308.633	144.500
308.822	49.500
309.011	45.500
309.200	174.500
309.389	192.500
309.578	71.500
309.767	136.500
309.956	195.500
310.145	148.500
310.334	90.500
310.523	146.500
310.712	101.500
310.901	40.500
311.091	137.500
311.280	222.500
311.469	166.500
311.658	278.500
311.847	205.500
312.036	101.500
312.225	132.500
312.414	58.500
312.603	61.500
312.792	186.500
312.981	201.500
313.170	147.500
313.349	116.500
313.527	142.500
313.706	161.500
313.884	135.500
314.063	146.500
314.241	156.500
314.420	280.500
314.598	234.500
314.777	200.500
314.955	120.500
315.134	148.500
315.312	133.500
315.491	87.500
315.669	166.500
315.848	134.500
316.027	81.500
316.205	130.500
316.384	142.500
316.562	160.500
316.741	77.500
316.919	124.500
317.098	119.500
317.276	62.500
317.455	117.500
317.633	142.500
317.812	186.500
317.990	148.500
318.169	205.500
318.347	194.500
318.526	203.500
318.705	71.500
318.883	104.500
319.062	156.500
319.240	201.500
319.419	121.500
319.597	154.500
319.776	259.500
319.954	139.500
320.133	89.500
320.311	151.500
320.490	245.500
320.668	176.500
320.847	114.500
321.025	153.500
321.204	229.500
321.382	191.500
321.561	144.500
321.740	177.500
321.918	209.500
322.097	202.500
322.275	156.500
322.454	114.500
322.632	114.500
322.811	87.500
322.989	34.500
323.168	80.500
323.346	125.500
323.525	73.500
323.703	27.500
323.882	80.500
324.060	147.500
324.239	207.500
324.418	202.500
324.596	190.500
324.775	148.500
324.953	109.500
325.132	145.500
325.310	204.500
325.489	126.500
325.667	138.500
325.846	133.500
326.024	184.500
326.203	227.500
326.381	159.500
326.560	187.500
326.738	155.500
326.917	99.500
327.096	114.500
327.274	153.500
327.453	126.500
327.631	35.500
327.810	112.500
327.988	72.500
328.167	97.500
328.345	68.500
328.524	83.500
328.702	56.500
328.881	43.500
329.059	40.500
329.238	124.500
329.416	215.500
329.595	176.500
329.774	124.500
329.952	143.500
330.131	170.500
330.309	223.500
330.488	250.500
330.666	126.500
330.845	102.500
331.023	150.500
331.202	109.500
331.380	127.500
331.559	157.500
331.737	128.500
331.916	89.500
332.094	143.500
332.273	200.500
332.452	96.500
332.630	104.500
332.809	154.500
332.987	149.500
333.166	173.500
333.344	146.500
333.523	161.500
333.701	171.500
333.880	223.500
334.058	135.500
334.237	194.500
334.415	249.500
334.594	192.500
334.772	21.500
334.951	49.500
335.129	50.500
335.308	210.500
335.487	300.500
335.665	151.500
335.844	233.500
336.022	292.500
336.201	199.500
336.379	149.500
336.558	205.500
336.736	214.500
336.915	169.500
337.093	207.500
337.272	142.500
337.450	137.500
337.629	119.500
337.807	62.500
337.986	102.500
338.165	109.500
338.343	175.500
338.522	211.500
338.700	143.500
338.879	139.500
339.057	148.500
339.236	196.500
339.414	140.500
339.593	114.500
339.771	192.500
339.950	226.500
340.128	161.500
340.307	107.500
340.485	93.500
340.664	202.500
340.843	156.500
341.021	128.500
341.200	153.500
341.378	179.500
341.557	183.500
341.735	169.500
341.914	128.500
342.092	156.500
342.271	226.500
342.449	188.500
342.628	121.500
342.806	119.500
342.985	279.500
343.163	273.500
343.342	171.500
343.521	119.500
343.699	101.500
343.878	130.500
344.056	162.500
344.235	106.500
344.413	115.500
344.592	189.500
344.770	98.500
344.949	166.500
345.127	140.500
345.306	185.500
345.484	86.500
345.663	121.500
345.841	192.500
346.020	194.500
346.199	132.500
346.377	79.500
346.556	253.500
346.734	269.500
346.913	123.500
347.091	142.500
347.270	201.500
347.448	157.500
347.627	124.500
347.805	179.500
347.984	152.500
348.162	92.500
348.341	176.500
348.519	261.500
348.698	113.500
348.876	47.500
349.055	70.500
349.234	173.500
349.412	214.500
349.591	86.500
349.769	108.500
349.948	266.500
350.126	320.500
350.305	281.500
350.483	198.500
350.662	119.500
350.840	115.500
351.019	42.500
351.197	160.500
351.376	170.500
351.554	110.500
351.733	125.500
351.912	196.500
352.090	233.500
352.269	171.500
352.447	166.500
352.626	182.500
352.804	243.500
352.983	151.500
353.161	165.500
353.340	205.500
353.518	141.500
353.697	163.500
353.875	192.500
354.054	247.500
354.232	262.500
354.411	228.500
354.590	163.500
354.768	209.500
354.947	147.500
355.125	124.500
355.304	129.500
355.482	80.500
355.661	120.500
355.839	92.500
356.018	77.500
356.196	117.500
356.375	104.500
356.553	160.500
356.732	135.500
356.910	84.500
357.089	99.500
357.268	156.500
357.446	213.500
357.625	156.500
357.803	117.500
357.982	132.500
358.160	126.500
358.339	184.500
358.517	243.500
358.696	203.500
358.874	85.500
359.053	114.500
359.231	44.500
359.410	119.500
359.588	181.500
359.767	181.500
359.945	247.500
360.124	170.500
360.303	120.500
360.481	104.500
360.660	95.500
360.838	131.500
361.017	125.500
361.195	98.500
361.374	176.500
361.552	208.500
361.731	194.500
361.909	209.500
362.088	131.500
362.266	147.500
362.445	167.500
362.623	184.500
362.802	178.500
362.981	127.500
363.159	250.500
363.338	219.500
363.516	233.500
363.695	221.500
363.873	196.500
364.052	155.500
364.230	200.500
364.409	162.500
364.587	159.500
364.766	169.500
364.944	241.500
365.123	245.500
365.301	177.500
365.480	175.500
365.660	145.500
365.839	209.500
366.019	274.500
366.199	212.500
366.379	196.500
366.558	184.500
366.738	236.500
366.918	148.500
367.098	62.500
367.277	121.500
367.457	173.500
367.637	151.500
367.816	177.500
367.996	220.500
368.176	175.500
368.356	246.500
368.535	156.500
368.715	222.500
368.895	252.500
369.075	143.500
369.254	112.500
369.434	272.500
369.614	320.500
369.793	204.500
369.973	242.500
370.153	188.500
370.333	164.500
370.512	161.500
370.692	176.500
370.872	200.500
371.051	200.500
371.231	303.500
371.411	243.500
371.591	137.500
371.770	206.500
371.950	222.500
372.130	165.500
372.310	146.500
372.489	158.500
372.669	162.500
372.849	153.500
373.028	253.500
373.208	235.500
373.388	152.500
373.568	203.500
373.747	236.500
373.927	191.500
374.107	99.500
374.287	128.500
374.466	130.500
374.646	184.500
374.826	158.500
375.005	86.500
375.185	224.500
375.365	349.500
375.545	309.500
375.724	238.500
375.904	230.500
376.084	179.500
376.263	129.500
376.443	206.500
376.623	212.500
376.803	231.500
376.982	172.500
377.162	128.500
377.342	198.500
377.522	258.500
377.701	236.500
377.881	192.500
378.061	295.500
378.240	198.500
378.420	147.500
378.600	174.500
378.780	253.500
378.959	231.500
379.139	233.500
379.319	221.500
379.499	279.500
379.678	305.500
379.858	283.500
380.038	123.500
380.217	148.500
380.397	170.500
380.577	206.500
380.757	176.500
380.936	247.500
381.116	229.500
381.296	185.500
381.476	260.500
381.655	154.500
381.835	152.500
382.015	138.500
382.194	215.500
382.374	293.500
382.554	249.500
382.734	228.500
382.913	242.500
383.093	271.500
383.273	209.500
383.452	275.500
383.632	149.500
383.812	112.500
383.992	167.500
384.171	215.500
384.351	196.500
384.531	228.500
384.711	211.500
384.890	140.500
385.070	117.500
385.250	192.500
385.429	269.500
385.609	179.500
385.789	226.500
385.969	200.500
386.148	149.500
386.328	203.500
386.508	252.500
386.688	252.500
386.867	242.500
387.047	214.500
387.227	135.500
387.406	146.500
387.586	128.500
387.766	222.500
387.946	252.500
388.125	233.500
388.305	176.500
388.485	143.500
388.664	256.500
388.844	197.500
389.024	178.500
389.204	189.500
389.383	202.500
389.563	213.500
389.743	190.500
389.923	224.500
390.102	187.500
390.282	140.500
390.462	177.500
390.641	153.500
390.821	89.500
391.001	136.500
391.181	149.500
391.360	264.500
391.540	320.500
391.720	282.500
391.900	241.500
392.079	126.500
392.259	196.500
392.439	238.500
392.618	171.500
392.798	163.500
392.978	145.500
393.158	147.500
393.337	234.500
393.517	304.500
393.697	312.500
393.877	323.500
394.056	273.500
394.236	338.500
394.416	258.500
394.595	195.500
394.775	204.500
394.955	244.500
395.135	214.500
395.314	218.500
395.494	353.500
395.674	342.500
395.853	204.500
396.033	317.500
396.213	288.500
396.393	193.500
396.572	299.500
396.752	289.500
396.932	347.500
397.112	378.500
397.291	316.500
397.471	250.500
397.651	242.500
397.830	215.500
398.010	284.500
398.190	325.500
398.370	306.500
398.549	413.500
398.729	332.500
398.909	323.500
399.089	337.500
399.268	379.500
399.448	454.500
399.628	465.500
399.807	431.500
399.987	415.500
400.167	435.500
400.347	495.500
400.526	521.500
400.706	405.500
400.886	395.500
401.065	339.500
401.245	380.500
401.425	456.500
401.605	451.500
401.784	463.500
401.964	542.500
402.144	575.500
402.324	494.500
402.503	483.500
402.683	502.500
402.863	472.500
403.042	480.500
403.222	501.500
403.402	577.500
403.582	546.500
403.761	551.500
403.941	685.500
404.121	551.500
404.301	517.500
404.480	661.500
404.660	707.500
404.844	773.500
405.029	779.500
405.213	731.500
405.398	683.500
405.582	665.500
405.767	712.500
405.951	708.500
406.136	835.500
406.320	832.500
406.505	857.500
406.689	938.500
406.874	944.500
407.058	1075.500
407.243	1036.500
407.427	1025.500
407.612	1045.500
407.796	1105.500
407.981	1185.500
408.165	1291.500
408.350	1454.500
408.534	1322.500
408.719	1260.500
408.903	1428.500
409.088	1530.500
409.272	1479.500
409.457	1658.500
409.641	1752.500
409.826	1799.500
410.010	1923.500
410.195	1948.500
410.379	2077.500
410.564	2298.500
410.748	2344.500
410.933	2395.500
411.117	2584.500
411.302	2783.500
411.486	2894.500
411.671	2892.500
411.855	3020.500
412.040	3123.500
412.224	3175.500
412.409	3281.500
412.593	3450.500
412.778	3566.500
412.962	3675.500
413.147	3933.500
413.331	4148.500
413.516	4282.500
413.700	4325.500
413.885	4532.500
414.069	4561.500
414.254	4783.500
414.438	4915.500
414.623	4890.500
414.807	5139.500
414.992	5241.500
415.176	5345.500
415.361	5509.500
415.545	5723.500
415.730	5978.500
415.914	6095.500
416.099	6400.500
416.283	6468.500
416.468	6395.500
416.652	6302.500
416.837	6460.500
417.021	6707.500
417.206	6759.500
417.390	6771.500
417.575	6880.500
417.759	7042.500
417.944	7261.500
418.128	7417.500
418.313	7441.500
418.497	7529.500
418.682	7724.500
418.866	7937.500
419.051	7798.500
419.235	7831.500
419.420	8035.500
419.604	8164.500
419.789	8383.500
419.973	8613.500
420.158	8787.500
420.342	8876.500
420.527	8991.500
420.711	9257.500
420.896	9535.500
421.080	9504.500
421.265	9508.500
421.449	9615.500
421.634	9521.500
421.818	9520.500
422.003	9277.500
422.187	9265.500
422.372	9474.500
422.556	9589.500
422.741	9640.500
422.925	9760.500
423.110	9864.500
423.294	10009.500
423.479	10103.500
423.663	10293.500
423.848	10286.500
424.032	10370.500
424.217	10308.500
424.401	10329.500
424.586	10445.500
424.770	10288.500
424.955	10336.500
425.139	10637.500
425.324	10737.500
425.508	10729.500
425.693	10767.500
425.877	10789.500
426.062	10818.500
426.246	11050.500
426.431	10789.500
426.615	10626.500
426.800	10783.500
426.984	10758.500
427.169	10792.500
427.353	11017.500
427.538	10983.500
427.722	10873.500
427.907	10980.500
428.091	11003.500
428.276	11059.500
428.460	10998.500
428.645	10904.500
428.829	10486.500
429.014	10335.500
429.198	10189.500
429.383	10005.500
429.567	9723.500
429.752	9339.500
429.936	9176.500
430.121	8993.500
430.305	9278.500
430.490	9369.500
430.674	9772.500
430.859	10366.500
431.043	10720.500
431.228	11092.500
431.412	11424.500
431.597	11470.500
431.781	11570.500
431.966	11813.500
432.150	11987.500
432.335	12153.500
432.519	12422.500
432.704	12432.500
432.888	12374.500
433.073	12290.500
433.257	12047.500
433.442	12047.500
433.626	12026.500
433.811	12026.500
433.995	12154.500
434.180	12297.500
434.364	12595.500
434.549	12700.500
434.733	12686.500
434.918	12823.500
435.102	13009.500
435.287	13261.500
435.471	13452.500
435.656	13584.500
435.840	13700.500
436.030	13603.500
436.219	13683.500
436.409	13656.500
436.599	13487.500
436.789	13507.500
436.978	13406.500
437.168	13310.500
437.358	13076.500
437.548	13036.500
437.737	12997.500
437.927	12828.500
438.117	12757.500
438.306	12857.500
438.496	12819.500
438.686	13044.500
438.876	13292.500
439.065	13289.500
439.255	13409.500
439.445	13522.500
439.634	13668.500
439.824	13527.500
440.014	13544.500
440.204	13733.500
440.393	13905.500
440.583	14150.500
440.773	14239.500
440.963	14377.500
441.152	14628.500
441.342	14753.500
441.532	14912.500
441.721	15109.500
441.911	15163.500
442.101	15189.500
442.291	15282.500
442.480	15409.500
442.670	15528.500
442.860	15372.500
443.050	15495.500
443.239	15716.500
443.429	15788.500
443.619	15828.500
443.808	15714.500
443.998	15817.500
444.188	15989.500
444.378	16121.500
444.567	15959.500
444.757	15864.500
444.947	15945.500
445.137	15836.500
445.326	15703.500
445.516	15646.500
445.706	15809.500
445.895	15799.500
446.085	15816.500
446.275	15926.500
446.465	16074.500
446.654	16482.500
446.844	16709.500
447.034	16774.500
447.223	16876.500
447.413	16994.500
447.603	17056.500
447.793	17090.500
447.982	17046.500
448.172	16932.500
448.362	17157.500
448.552	17409.500
448.741	17445.500
448.931	17304.500
449.121	17302.500
449.310	17423.500
449.500	17707.500
449.690	17889.500
449.880	18010.500
450.069	18193.500
450.259	18361.500
450.449	18240.500
450.639	18379.500
450.828	18429.500
451.018	18393.500
451.208	18438.500
451.397	18387.500
451.587	18288.500
451.777	18051.500
451.967	17893.500
452.156	17847.500
452.346	17637.500
452.536	17419.500
452.725	17173.500
452.915	17114.500
453.105	17355.500
453.295	17442.500
453.484	17383.500
453.674	17387.500
453.864	17458.500
454.054	17551.500
454.243	17447.500
454.433	17358.500
454.623	17221.500
454.812	17238.500
455.002	17468.500
455.192	17550.500
455.382	17650.500
455.571	17825.500
455.761	17897.500
455.951	18024.500
456.141	18047.500
456.330	18064.500
456.520	18070.500
456.710	18178.500
456.899	18327.500
457.089	18151.500
457.279	18017.500
457.469	17902.500
457.658	17948.500
457.848	17872.500
458.038	17932.500
458.228	17840.500
458.417	17754.500
458.607	17845.500
458.797	17884.500
458.986	17685.500
459.176	17587.500
459.366	17490.500
459.556	17422.500
459.745	17480.500
459.935	17570.500
460.125	17634.500
460.314	17698.500
460.504	17829.500
460.694	17852.500
460.884	17895.500
461.073	17769.500
461.263	17783.500
461.453	18037.500
461.643	18088.500
461.832	18114.500
462.022	18010.500
462.212	17912.500
462.401	18218.500
462.591	18317.500
462.781	18266.500
462.971	18258.500
463.160	18092.500
463.350	17919.500
463.540	17823.500
463.730	17943.500
463.919	17795.500
464.109	17648.500
464.299	17797.500
464.488	17489.500
464.678	17402.500
464.868	17484.500
465.058	17592.500
465.247	17647.500
465.437	17528.500
465.627	17531.500
465.816	17520.500
466.006	17432.500
466.196	17312.500
466.386	17371.500
466.575	17390.500
466.765	17447.500
466.955	17374.500
467.145	17197.500
467.334	17197.500
467.524	17485.500
467.714	17507.500
467.903	17468.500
468.093	17450.500
468.283	17400.500
468.473	17469.500
468.662	17601.500
468.852	17808.500
469.042	17812.500
469.232	17723.500
469.421	17673.500
469.611	17586.500
469.801	17518.500
469.990	17461.500
470.180	17388.500
470.370	17236.500
470.560	17271.500
470.749	17277.500
470.939	17417.500
471.129	17570.500
471.318	17697.500
471.508	17869.500
471.698	17942.500
471.888	18020.500
472.077	18278.500
472.267	18385.500
472.457	18405.500
472.647	18331.500
472.836	18044.500
473.026	17810.500
473.216	17994.500
473.405	18178.500
473.595	18176.500
473.785	18149.500
473.975	18217.500
474.164	18423.500
474.354	18280.500
474.544	18278.500
474.734	18455.500
474.923	18332.500
475.113	18325.500
475.303	18191.500
475.492	18210.500
475.682	18180.500
475.872	18056.500
476.062	18110.500
476.251	17990.500
476.441	17835.500
476.631	18020.500
476.821	17879.500
477.010	17875.500
477.200	17925.500
477.390	18049.500
477.579	18325.500
477.769	18399.500
477.959	18373.500
478.149	18358.500
478.338	18588.500
478.528	18413.500
478.718	18179.500
478.907	18230.500
479.097	18244.500
479.287	18336.500
479.477	18505.500
479.666	18411.500
479.856	18497.500
480.046	18381.500
480.236	18241.500
480.425	18248.500
480.615	18321.500
480.805	18330.500
480.994	18403.500
481.184	18427.500
481.374	18425.500
481.564	18521.500
481.753	18531.500
481.943	18366.500
482.133	18470.500
482.323	18306.500
482.512	18187.500
482.702	18348.500
482.892	18246.500
483.081	18185.500
483.271	18031.500
483.461	17867.500
483.651	17916.500
483.840	17857.500
484.030	17818.500
484.220	17751.500
484.409	17825.500
484.599	17790.500
484.789	17442.500
484.979	17331.500
485.168	17123.500
485.358	16650.500
485.548	16336.500
485.738	16108.500
485.927	15661.500
486.117	15358.500
486.307	15153.500
486.496	14968.500
486.686	15025.500
486.876	15202.500
487.066	15459.500
487.255	15649.500
487.445	15807.500
487.635	16047.500
487.825	16203.500
488.014	16517.500
488.204	16511.500
488.394	16479.500
488.583	16458.500
488.773	16398.500
488.963	16330.500
489.153	16406.500
489.342	16519.500
489.532	16709.500
489.722	16904.500
489.912	17161.500
490.101	17313.500
490.291	17377.500
490.481	17288.500
490.670	17187.500
490.860	17172.500
491.050	17283.500
491.240	17081.500
491.429	16945.500
491.619	16662.500
491.809	16690.500
491.998	16633.500
492.188	16419.500
492.378	16452.500
492.568	16525.500
492.757	16589.500
492.947	16664.500
493.137	16686.500
493.327	16713.500
493.516	16850.500
493.706	17003.500
493.896	16983.500
494.085	16990.500
494.275	16956.500
494.465	17051.500
494.655	17209.500
494.844	17346.500
495.034	17514.500
495.224	17481.500
495.414	17348.500
495.603	17449.500
495.793	17164.500
495.983	16954.500
496.172	17053.500
496.362	17172.500
496.552	17422.500
496.742	17528.500
496.931	17328.500
497.121	17366.500
497.311	17323.500
497.500	17236.500
497.690	17396.500
497.880	17114.500
498.070	16801.500
498.259	16893.500
498.449	16792.500
498.639	16727.500
498.829	16790.500
499.018	16834.500
499.208	16892.500
499.398	16777.500
499.587	16986.500
499.777	16961.500
499.967	16719.500
500.157	16806.500
500.346	16530.500
500.536	16504.500
500.726	16541.500
500.916	16345.500
501.105	16303.500
501.295	16099.500
501.485	16181.500
501.674	16131.500
501.864	16196.500
502.054	16323.500
502.244	16324.500
502.433	16256.500
502.623	16291.500
502.813	16602.500
503.003	16563.500
503.192	16621.500
503.382	16521.500
503.572	16291.500
503.761	16060.500
503.951	16082.500
504.141	16134.500
504.331	16068.500
504.520	16167.500
504.710	16331.500
504.900	16380.500
505.089	16305.500
505.279	16310.500
505.469	16543.500
505.659	16708.500
505.848	16749.500
506.038	16786.500
506.228	16662.500
506.418	16673.500
506.607	16644.500
506.797	16525.500
506.987	16445.500
507.176	16447.500
507.366	16311.500
507.556	16167.500
507.746	16104.500
507.935	16106.500
508.125	16136.500
508.315	16128.500
508.505	16010.500
508.694	16137.500
508.884	16391.500
509.074	16302.500
509.263	16309.500
509.453	16366.500
509.643	16201.500
509.833	16010.500
510.022	16027.500
510.212	16159.500
510.402	16238.500
510.592	16214.500
510.781	16332.500
510.971	16271.500
511.161	16248.500
511.350	16248.500
511.540	16314.500
511.730	16346.500
511.920	16182.500
512.109	16103.500
512.299	16086.500
512.489	15974.500
512.678	15794.500
512.868	15773.500
513.058	15793.500
513.248	15685.500
513.437	15669.500
513.627	15629.500
513.817	15545.500
514.007	15485.500
514.196	15423.500
514.386	15310.500
514.576	15248.500
514.765	15322.500
514.955	15380.500
515.145	15405.500
515.335	15478.500
515.524	15523.500
515.714	15408.500
515.904	15227.500
516.094	15031.500
516.283	14865.500
516.473	14563.500
516.663	14256.500
516.852	14187.500
517.042	14125.500
517.232	13845.500
517.422	13720.500
517.611	13875.500
517.801	14056.500
517.991	14102.500
518.180	14066.500
518.370	13981.500
518.560	13988.500
518.750	14060.500
518.939	14305.500
519.129	14580.500
519.319	14810.500
519.509	14862.500
519.698	14823.500
519.888	14923.500
520.078	14945.500
520.267	15031.500
520.457	15108.500
520.647	15112.500
520.837	14947.500
521.026	15230.500
521.216	15481.500
521.406	15465.500
521.596	15512.500
521.785	15482.500
521.975	15338.500
522.165	15265.500
522.354	15417.500
522.544	15173.500
522.734	15092.500
522.924	15169.500
523.113	15120.500
523.303	15160.500
523.493	15321.500
523.683	15269.500
523.872	15422.500
524.062	15427.500
524.252	15608.500
524.441	15807.500
524.631	15709.500
524.821	15805.500
525.011	15904.500
525.200	15750.500
525.390	15832.500
525.580	15743.500
525.769	15553.500
525.959	15459.500
526.149	15217.500
526.339	14936.500
526.528	14993.500
526.718	14876.500
526.908	14661.500
527.098	14816.500
527.287	15025.500
527.477	14722.500
527.667	15041.500
527.856	15362.500
528.046	15467.500
528.236	15631.500
528.426	15851.500
528.615	15971.500
528.805	15915.500
528.995	15933.500
529.185	16017.500
529.374	16084.500
529.564	15969.500
529.754	15833.500
529.943	16031.500
530.133	16049.500
530.323	16063.500
530.513	16020.500
530.702	15978.500
530.892	16089.500
531.082	15830.500
531.271	15833.500
531.461	15731.500
531.651	15731.500
531.841	15511.500
532.030	15454.500
532.220	15135.500
532.410	15029.500
532.600	15065.500
532.789	14833.500
532.979	14832.500
533.169	15008.500
533.358	15090.500
533.548	15123.500
533.738	14909.500
533.928	14684.500
534.117	14662.500
534.307	14891.500
534.497	14974.500
534.687	15178.500
534.876	15279.500
535.066	15324.500
535.256	15065.500
535.445	15059.500
535.635	15081.500
535.825	14963.500
536.015	14846.500
536.204	14608.500
536.394	14528.500
536.584	14386.500
536.773	14386.500
536.963	14443.500
537.153	14546.500
537.343	14519.500
537.532	14694.500
537.722	14778.500
537.912	14882.500
538.102	14662.500
538.291	14651.500
538.481	14502.500
538.671	14422.500
538.860	14361.500
539.050	14229.500
539.240	14101.500
539.430	13961.500
539.619	13864.500
539.809	13772.500
539.999	13662.500
540.189	13640.500
540.378	13612.500
540.568	13789.500
540.758	13846.500
540.947	13827.500
541.137	13992.500
541.327	14041.500
541.517	13949.500
541.706	13828.500
541.896	13910.500
542.086	13945.500
542.276	13896.500
542.465	13830.500
542.655	13838.500
542.845	13756.500
543.034	13806.500
543.224	14047.500
543.414	14089.500
543.604	13932.500
543.793	13963.500
543.983	14064.500
544.173	13969.500
544.362	13838.500
544.552	13972.500
544.742	14120.500
544.932	13930.500
545.121	13710.500
545.311	13765.500
545.501	14013.500
545.691	13764.500
545.880	13662.500
546.070	13834.500
546.264	13824.500
546.459	13632.500
546.653	13750.500
546.847	13713.500
547.041	13695.500
547.236	13713.500
547.430	13705.500
547.624	13609.500
547.818	13555.500
548.013	13753.500
548.207	13765.500
548.401	13611.500
548.596	13696.500
548.790	13608.500
548.984	13687.500
549.178	13678.500
549.373	13551.500
549.567	13535.500
549.761	13585.500
549.956	13546.500
550.150	13664.500
550.344	13566.500
550.538	13621.500
550.733	13676.500
550.927	13770.500
551.121	13577.500
551.315	13404.500
551.510	13416.500
551.704	13621.500
551.898	13568.500
552.093	13711.500
552.287	13495.500
552.481	13422.500
552.675	13421.500
552.870	13292.500
553.064	13139.500
553.258	13345.500
553.453	13478.500
553.647	13415.500
553.841	13305.500
554.035	13407.500
554.230	13246.500
554.424	13367.500
554.618	13508.500
554.812	13375.500
555.007	13213.500
555.201	13322.500
555.395	13328.500
555.590	13239.500
555.784	13180.500
555.978	13203.500
556.172	13348.500
556.367	13123.500
556.561	12882.500
556.755	12852.500
556.949	12879.500
557.144	12785.500
557.338	12894.500
557.532	12742.500
557.727	12839.500
557.921	12955.500
558.115	12655.500
558.309	12655.500
558.504	12592.500
558.698	12540.500
558.892	12522.500
559.087	12315.500
559.281	12321.500
559.475	12524.500
559.669	12453.500
559.864	12480.500
560.058	12812.500
560.252	12818.500
560.446	12635.500
560.641	12830.500
560.835	12879.500
561.029	12598.500
561.224	12515.500
561.418	12555.500
561.612	12481.500
561.806	12815.500
562.001	12857.500
562.195	12678.500
562.389	12535.500
562.584	12499.500
562.778	12456.500
562.972	12618.500
563.166	12605.500
563.361	12507.500
563.555	12489.500
563.749	12529.500
563.943	12516.500
564.138	12523.500
564.332	12600.500
564.526	12360.500
564.721	12339.500
564.915	12269.500
565.109	12163.500
565.303	12302.500
565.498	12261.500
565.692	12174.500
565.886	12135.500
566.081	12278.500
566.275	12235.500
566.469	12097.500
566.663	12119.500
566.858	12226.500
567.052	12215.500
567.246	12110.500
567.440	11919.500
567.635	11955.500
567.829	12052.500
568.023	11913.500
568.218	11779.500
568.412	11789.500
568.606	11744.500
568.800	11631.500
568.995	11689.500
569.189	11739.500
569.383	11600.500
569.577	11669.500
569.772	11652.500
569.966	11359.500
570.160	11271.500
570.355	11345.500
570.549	11423.500
570.743	11361.500
570.937	11312.500
571.132	11415.500
571.326	11330.500
571.520	11248.500
571.715	11203.500
571.909	11135.500
572.103	11252.500
572.297	11449.500
572.492	11370.500
572.686	11299.500
572.880	11374.500
573.074	11348.500
573.269	11331.500
573.463	11427.500
573.657	11198.500
573.852	11184.500
574.046	10978.500
574.240	10980.500
574.434	11034.500
574.629	10861.500
574.823	10996.500
575.017	11074.500
575.212	10893.500
575.406	10845.500
575.600	10776.500
575.794	10552.500
575.989	10597.500
576.183	10612.500
576.377	10772.500
576.571	10822.500
576.766	10679.500
576.960	10578.500
577.159	10511.500
577.357	10657.500
577.556	10534.500
577.755	10287.500
577.953	10363.500
578.152	10404.500
578.350	10343.500
578.549	10259.500
578.748	10355.500
578.946	10419.500
579.145	10410.500
579.344	10380.500
579.542	10523.500
579.741	10564.500
579.940	10395.500
580.138	10432.500
580.337	10390.500
580.535	10516.500
580.734	10655.500
580.933	10736.500
581.131	10755.500
581.330	10695.500
581.529	10917.500
581.727	10997.500
581.926	11152.500
582.125	11187.500
582.323	10987.500
582.522	11022.500
582.721	11195.500
582.919	11089.500
583.118	11139.500
583.316	11363.500
583.515	11340.500
583.714	11290.500
583.912	11287.500
584.111	11356.500
584.310	11413.500
584.508	11152.500
584.707	11071.500
584.906	11096.500
585.104	11125.500
585.303	11107.500
585.501	11086.500
585.700	11043.500
585.899	11230.500
586.097	11206.500
586.296	11242.500
586.495	11134.500
586.693	11130.500
586.892	11138.500
587.091	11013.500
587.289	10897.500
587.488	10885.500
587.686	10520.500
587.885	10398.500
588.084	10189.500
588.282	10006.500
588.481	9791.500
588.680	9624.500
588.878	9552.500
589.077	9373.500
589.276	9480.500
589.474	9494.500
589.673	9625.500
589.871	9730.500
590.070	9799.500
590.269	9716.500
590.467	9846.500
590.666	9887.500
590.865	9778.500
591.063	9870.500
591.262	9914.500
591.461	9891.500
591.659	9883.500
591.858	10040.500
592.056	10053.500
592.255	9993.500
592.454	10091.500
592.652	10188.500
592.851	10198.500
593.050	10126.500
593.248	10022.500
593.447	9951.500
593.646	9906.500
593.844	9912.500
594.043	10009.500
594.241	10030.500
594.440	9878.500
594.639	9841.500
594.837	9768.500
595.036	9889.500
595.235	9953.500
595.433	9939.500
595.632	10017.500
595.831	9973.500
596.029	9939.500
596.228	9938.500
596.427	9852.500
596.625	9994.500
596.824	10035.500
597.022	10007.500
597.221	9931.500
597.420	9907.500
597.618	10046.500
597.817	9880.500
598.016	9864.500
598.214	9901.500
598.413	9865.500
598.612	9791.500
598.810	9979.500
599.009	10104.500
599.207	10173.500
599.406	9993.500
599.605	9916.500
599.803	9963.500
600.002	9997.500
600.201	10132.500
600.399	10084.500
600.598	9905.500
600.797	9769.500
600.995	9799.500
601.194	9684.500
601.392	9808.500
601.591	9801.500
601.790	9889.500
601.988	9741.500
602.187	9873.500
602.386	9997.500
602.584	10029.500
602.783	10043.500
602.982	9974.500
603.180	10036.500
603.379	10138.500
603.577	10101.500
603.776	9900.500
603.975	10025.500
604.173	9999.500
604.372	9991.500
604.571	9989.500
604.769	9997.500
604.968	10077.500
605.167	10017.500
605.365	9897.500
605.564	10022.500
605.762	9966.500
605.961	9925.500
606.160	9887.500
606.358	9991.500
606.557	10147.500
606.756	10052.500
606.954	9892.500
607.153	9882.500
607.352	9928.500
607.550	9899.500
607.749	9772.500
607.948	9862.500
608.146	9840.500
608.345	9725.500
608.543	9682.500
608.742	9691.500
608.941	9768.500
609.139	9644.500
609.338	9566.500
609.537	9651.500
609.735	9656.500
609.934	9512.500
610.133	9489.500
610.331	9481.500
610.530	9495.500
610.728	9579.500
610.927	9526.500
611.126	9569.500
611.324	9649.500
611.523	9569.500
611.722	9507.500
611.920	9640.500
612.119	9373.500
612.318	9333.500
612.516	9433.500
612.715	9541.500
612.913	9340.500
613.112	9152.500
613.311	9275.500
613.509	9143.500
613.708	9197.500
613.907	9353.500
614.105	9308.500
614.304	9130.500
614.503	9118.500
614.701	9156.500
614.900	9279.500
615.098	9237.500
615.297	9014.500
615.496	8890.500
615.694	8991.500
615.893	9117.500
616.092	8967.500
616.290	8972.500
616.489	9047.500
616.688	8967.500
616.886	8923.500
617.085	8973.500
617.283	8851.500
617.482	8753.500
617.681	8840.500
617.879	8887.500
618.078	8904.500
618.277	8971.500
618.475	8953.500
618.674	9012.500
618.873	8899.500
619.071	8963.500
619.270	9016.500
619.468	8966.500
619.667	8931.500
619.866	8977.500
620.064	9020.500
620.263	8884.500
620.462	8827.500
620.660	8906.500
620.859	8825.500
621.058	8901.500
621.256	8802.500
621.455	8642.500
621.654	8740.500
621.852	8775.500
622.051	8697.500
622.249	8666.500
622.448	8711.500
622.647	8629.500
622.845	8642.500
623.044	8691.500
623.243	8579.500
623.441	8607.500
623.640	8473.500
623.839	8390.500
624.037	8386.500
624.236	8345.500
624.434	8331.500
624.633	8477.500
624.832	8420.500
625.030	8273.500
625.229	8304.500
625.428	8204.500
625.626	8313.500
625.825	8332.500
626.024	8340.500
626.222	8306.500
626.421	8226.500
626.619	8268.500
626.818	8057.500
627.017	8140.500
627.215	8080.500
627.414	7919.500
627.613	7851.500
627.811	7894.500
628.010	7906.500
628.209	8039.500
628.407	8063.500
628.606	8157.500
628.804	8086.500
629.003	8115.500
629.202	7970.500
629.400	7969.500
629.599	7824.500
629.798	7891.500
629.996	7839.500
630.195	7736.500
630.394	7777.500
630.592	8032.500
630.791	7963.500
630.990	7855.500
631.188	7696.500
631.387	7728.500
631.585	7871.500
631.784	7886.500
631.983	7796.500
632.181	7866.500
632.380	7935.500
632.579	7990.500
632.777	7900.500
632.976	7662.500
633.175	7857.500
633.373	7921.500
633.572	7892.500
633.770	7762.500
633.969	7871.500
634.168	7952.500
634.366	7888.500
634.565	7873.500
634.764	8013.500
634.962	8002.500
635.161	7959.500
635.360	7937.500
635.558	7929.500
635.757	7887.500
635.955	7786.500
636.154	7818.500
636.353	7911.500
636.551	7811.500
636.750	7754.500
636.949	7763.500
637.147	7714.500
637.346	7759.500
637.545	7931.500
637.743	7826.500
637.942	7838.500
638.140	7959.500
638.339	8017.500
638.538	8040.500
638.736	7925.500
638.935	7771.500
639.134	7706.500
639.332	7684.500
639.531	7635.500
639.730	7820.500
639.928	7853.500
640.127	7720.500
640.325	7784.500
640.524	7843.500
640.723	7730.500
640.921	7754.500
641.120	7590.500
641.319	7578.500
641.517	7568.500
641.716	7620.500
641.915	7693.500
642.113	7739.500
642.312	7671.500
642.510	7578.500
642.709	7544.500
642.908	7663.500
643.106	7589.500
643.305	7584.500
643.504	7543.500
643.702	7608.500
643.901	7606.500
644.100	7494.500
644.298	7563.500
644.497	7607.500
644.696	7573.500
644.894	7540.500
645.093	7534.500
645.291	7519.500
645.490	7589.500
645.689	7400.500
645.887	7328.500
646.086	7330.500
646.285	7286.500
646.483	7173.500
646.682	7137.500
646.881	7127.500
647.079	7164.500
647.278	7157.500
647.476	6994.500
647.675	7044.500
647.874	7211.500
648.072	7170.500
648.271	7017.500
648.470	6940.500
648.668	7006.500
648.867	7074.500
649.066	6951.500
649.264	6943.500
649.463	6971.500
649.661	6969.500
649.860	6997.500
650.059	7015.500
650.257	7034.500
650.456	7192.500
650.655	7197.500
650.853	7089.500
651.052	6944.500
651.251	6866.500
651.449	6828.500
651.648	6847.500
651.846	7075.500
652.045	7088.500
652.244	6972.500
652.442	6984.500
652.641	6983.500
652.840	7058.500
653.038	7104.500
653.237	7167.500
653.436	7227.500
653.634	7081.500
653.833	7097.500
654.032	7090.500
654.230	7093.500
654.429	6889.500
654.627	6956.500
654.826	6877.500
655.025	6657.500
655.223	6653.500
655.422	6625.500
655.621	6512.500
655.819	6440.500
656.018	6374.500
656.217	6325.500
656.415	6217.500
656.614	6310.500
656.812	6461.500
657.011	6479.500
657.210	6584.500
657.408	6570.500
657.607	6695.500
657.806	6687.500
658.004	6772.500
658.203	6745.500
658.402	6682.500
658.600	6762.500
658.799	6859.500
658.997	6955.500
659.196	6975.500
659.395	7003.500
659.593	6994.500
659.792	6952.500
659.991	6946.500
660.189	6888.500
660.388	7012.500
660.587	7066.500
660.785	6953.500
660.984	6936.500
661.182	6931.500
661.381	7003.500
661.580	6971.500
661.778	6887.500
661.977	7050.500
662.176	6952.500
662.374	6932.500
662.573	7013.500
662.772	7114.500
662.970	7058.500
663.169	6969.500
663.367	6927.500
663.566	6842.500
663.765	6879.500
663.963	6960.500
664.162	7005.500
664.361	7021.500
664.559	6900.500
664.758	7019.500
664.957	6937.500
665.155	6916.500
665.354	6912.500
665.552	6871.500
665.751	6919.500
665.950	6856.500
666.148	6759.500
666.347	6778.500
666.546	6693.500
666.744	6726.500
666.943	6761.500
667.142	6769.500
667.340	6846.500
667.539	6962.500
667.738	6976.500
667.936	6914.500
668.135	6782.500
668.333	6787.500
668.532	6708.500
668.731	6673.500
668.929	6731.500
669.128	6658.500
669.327	6717.500
669.525	6803.500
669.724	6892.500
669.923	6701.500
670.121	6518.500
670.320	6497.500
670.518	6599.500
670.717	6534.500
670.916	6622.500
671.114	6618.500
671.313	6537.500
671.512	6488.500
671.710	6402.500
671.909	6480.500
672.108	6693.500
672.306	6784.500
672.505	6499.500
672.703	6434.500
672.902	6472.500
673.101	6544.500
673.299	6610.500
673.498	6598.500
673.697	6478.500
673.895	6299.500
674.094	6346.500
674.293	6412.500
674.491	6464.500
674.690	6475.500
674.888	6301.500
675.087	6293.500
675.286	6377.500
675.484	6402.500
675.683	6402.500
675.882	6346.500
676.080	6358.500
676.279	6273.500
676.478	6323.500
676.676	6377.500
676.875	6209.500
677.073	6202.500
677.272	6309.500
677.471	6292.500
677.669	6278.500
677.868	6314.500
678.067	6208.500
678.265	6197.500
678.464	6247.500
678.663	6191.500
678.861	6300.500
679.060	6426.500
679.259	6252.500
679.457	6299.500
679.656	6247.500
679.854	6093.500
680.053	6015.500
680.252	6072.500
680.450	6110.500
680.649	6161.500
680.848	6213.500
681.046	6133.500
681.245	5981.500
681.444	6014.500
681.642	6119.500
681.841	6103.500
682.039	6135.500
682.238	6112.500
682.437	6024.500
682.635	6122.500
682.834	6183.500
683.033	6024.500
683.231	5809.500
683.430	5904.500
683.629	5887.500
683.827	5926.500
684.026	5957.500
684.224	5977.500
684.423	5962.500
684.622	5962.500
684.820	5853.500
685.019	5984.500
685.218	5985.500
685.416	5879.500
685.615	5607.500
685.814	5410.500
686.012	5271.500
686.211	5104.500
686.409	4966.500
686.608	4805.500
686.807	4706.500
687.005	4800.500
687.204	4886.500
687.403	4802.500
687.601	4775.500
687.800	4788.500
687.999	4709.500
688.197	4704.500
688.396	4724.500
688.594	4745.500
688.793	4720.500
688.992	4887.500
689.190	4836.500
689.389	4867.500
689.588	4947.500
689.786	5011.500
689.985	5061.500
690.184	5172.500
690.382	5202.500
690.581	5123.500
690.779	5224.500
690.978	5312.500
691.177	5350.500
691.375	5324.500
691.574	5444.500
691.773	5395.500
691.971	5449.500
692.170	5504.500
692.369	5496.500
692.567	5358.500
692.766	5290.500
692.965	5341.500
693.163	5383.500
693.362	5461.500
693.560	5508.500
693.759	5503.500
693.958	5443.500
694.156	5501.500
694.355	5402.500
694.554	5387.500
694.752	5506.500
694.951	5407.500
695.150	5465.500
695.348	5617.500
695.547	5698.500
695.745	5729.500
695.944	5791.500
696.143	5860.500
696.341	5979.500
696.540	5974.500
696.743	5896.500
696.946	5967.500
697.149	6021.500
697.352	6014.500
697.555	5905.500
697.757	5923.500
697.960	6031.500
698.163	6040.500
698.366	6022.500
698.569	6040.500
698.772	6121.500
698.975	6136.500
699.178	6023.500
699.381	5994.500
699.584	6083.500
699.787	6071.500
699.989	6054.500
700.192	6114.500
700.395	6085.500
700.598	6227.500
700.801	6231.500
701.004	6169.500
701.207	6270.500
701.410	6211.500
701.613	6246.500
701.816	6260.500
702.019	6270.500
702.221	6505.500
702.424	6506.500
702.627	6347.500
702.830	6375.500
703.033	6392.500
703.236	6515.500
703.439	6615.500
703.642	6748.500
703.845	6782.500
704.048	6728.500
704.251	6686.500
704.453	6691.500
704.656	6806.500
704.859	6970.500
705.062	7027.500
705.265	7041.500
705.468	6943.500
705.671	6980.500
705.874	7028.500
706.077	7015.500
706.280	6943.500
706.483	7018.500
706.685	7193.500
706.888	7221.500
707.091	7181.500
707.294	7213.500
707.497	7240.500
707.700	7251.500
707.903	7359.500
708.106	7297.500
708.309	7259.500
708.512	7339.500
708.715	7406.500
708.917	7561.500
709.120	7595.500
709.323	7524.500
709.526	7495.500
709.729	7481.500
709.932	7564.500
710.135	7484.500
710.338	7540.500
710.541	7668.500
710.744	7700.500
710.947	7673.500
711.149	7791.500
711.352	7781.500
711.555	7836.500
711.758	7864.500
711.961	7745.500
712.164	7781.500
712.367	7970.500
712.570	7851.500
712.773	7832.500
712.976	7921.500
713.179	7783.500
713.381	7778.500
713.584	7917.500
713.787	7922.500
713.990	7928.500
714.193	7961.500
714.396	8003.500
714.599	8241.500
714.802	8152.500
715.005	7917.500
715.208	7764.500
715.411	7761.500
715.613	7698.500
715.816	7497.500
716.019	7380.500
716.222	7285.500
716.425	7181.500
716.628	7030.500
716.831	6880.500
717.034	6817.500
717.237	6702.500
717.440	6489.500
717.643	6411.500
717.845	6391.500
718.048	6325.500
718.251	6150.500
718.454	6188.500
718.657	6187.500
718.860	6149.500
719.063	6141.500
719.266	6105.500
719.469	6245.500
719.672	6318.500
719.875	6425.500
720.077	6581.500
720.280	6733.500
720.483	7046.500
720.686	7214.500
720.889	7394.500
721.092	7426.500
721.295	7481.500
721.498	7489.500
721.701	7697.500
721.904	7762.500
722.107	7640.500
722.309	7580.500
722.512	7446.500
722.715	7441.500
722.918	7423.500
723.121	7511.500
723.324	7537.500
723.527	7374.500
723.730	7399.500
723.933	7404.500
724.136	7433.500
724.339	7313.500
724.541	7232.500
724.744	7323.500
724.947	7338.500
725.150	7427.500
725.353	7449.500
725.556	7354.500
725.759	7492.500
725.962	7612.500
726.165	7469.500
726.368	7578.500
726.571	7569.500
726.773	7711.500
726.976	7809.500
727.179	7790.500
727.382	7815.500
727.585	7956.500
727.788	7836.500
727.991	7643.500
728.194	7684.500
728.397	7730.500
728.600	7677.500
728.803	7773.500
729.005	7867.500
729.208	7959.500
729.411	8150.500
729.614	8147.500
729.817	8141.500
730.020	8141.500
730.223	8229.500
730.426	8147.500
730.629	8244.500
730.832	8371.500
731.035	8352.500
731.237	8498.500
731.440	8643.500
731.643	8846.500
731.846	8922.500
732.049	9113.500
732.252	9198.500
732.455	9241.500
732.658	9217.500
732.861	9410.500
733.064	9514.500
733.267	9662.500
733.469	9675.500
733.672	9690.500
733.875	9764.500
734.078	9927.500
734.281	9889.500
734.484	9894.500
734.687	9872.500
734.890	9839.500
735.093	9955.500
735.296	10082.500
735.499	10010.500
735.701	9995.500
735.904	10220.500
736.107	10126.500
736.310	10090.500
736.513	10256.500
736.716	10225.500
736.919	10136.500
737.122	10240.500
737.325	10207.500
737.528	10257.500
737.731	10289.500
737.933	10301.500
738.136	10299.500
738.339	10319.500
738.542	10409.500
738.745	10362.500
738.948	10425.500
739.151	10496.500
739.354	10471.500
739.557	10481.500
739.760	10454.500
739.963	10562.500
740.165	10753.500
740.368	10686.500
740.571	10571.500
740.774	10519.500
740.977	10553.500
741.180	10702.500
741.383	10761.500
741.586	10877.500
741.789	10956.500
741.992	10932.500
742.195	10873.500
742.397	10828.500
742.600	11000.500
742.803	10954.500
743.006	10998.500
743.209	11074.500
743.412	10917.500
743.615	11039.500
743.818	11127.500
744.021	11002.500
744.224	11159.500
744.427	11188.500
744.629	11220.500
744.832	11259.500
745.035	11149.500
745.238	11225.500
745.441	11141.500
745.644	11115.500
745.847	11066.500
746.050	11091.500
746.253	11262.500
746.456	11197.500
746.659	11187.500
746.861	11080.500
747.064	11219.500
747.267	11321.500
747.470	11177.500
747.673	11208.500
747.876	11331.500
748.079	11204.500
748.282	11055.500
748.485	11080.500
748.688	11188.500
748.891	11164.500
749.093	11215.500
749.296	11227.500
749.499	11135.500
749.702	11090.500
749.905	11057.500
750.108	11036.500
750.311	11037.500
750.514	11113.500
750.717	11088.500
750.920	11072.500
751.123	11010.500
751.325	10932.500
751.528	10813.500
751.731	10869.500
751.934	10953.500
752.137	10967.500
752.340	10974.500
752.543	11057.500
752.746	11184.500
752.949	11068.500
753.152	11090.500
753.355	11106.500
753.557	11003.500
753.760	11181.500
753.963	11058.500
754.166	11023.500
754.369	10931.500
754.572	10962.500
754.775	10875.500
754.978	11031.500
755.181	11093.500
755.384	10921.500
755.587	10895.500
755.789	10812.500
755.992	10899.500
756.195	10794.500
756.398	10719.500
756.601	10928.500
756.804	10936.500
757.007	10684.500
757.210	10595.500
757.413	10554.500
757.616	10530.500
757.819	10421.500
758.021	10003.500
758.224	9466.500
758.427	8882.500
758.630	8062.500
758.833	7276.500
759.036	6626.500
759.239	6176.500
759.442	5719.500
759.645	5148.500
759.848	4766.500
760.051	4727.500
760.253	4809.500
760.456	4892.500
760.659	4800.500
760.862	4868.500
761.065	4800.500
761.268	4693.500
761.471	4664.500
761.674	4524.500
761.877	4380.500
762.080	4388.500
762.283	4390.500
762.485	4315.500
762.688	4536.500
762.891	4758.500
763.094	4829.500
763.297	5048.500
763.500	5261.500
763.706	5305.500
763.912	5501.500
764.118	5695.500
764.325	5643.500
764.531	5855.500
764.737	6086.500
764.943	6270.500
765.149	6481.500
765.355	6748.500
765.561	7033.500
765.768	7257.500
765.974	7507.500
766.180	7668.500
766.386	7935.500
766.592	8237.500
766.798	8324.500
767.004	8439.500
767.210	8691.500
767.417	8916.500
767.623	8939.500
767.829	8986.500
768.035	9077.500
768.241	9071.500
768.447	9169.500
768.653	9225.500
768.860	9453.500
769.066	9487.500
769.272	9399.500
769.478	9533.500
769.684	9781.500
769.890	9744.500
770.096	9675.500
770.303	9722.500
770.509	9663.500
770.715	9683.500
770.921	9812.500
771.127	9858.500
771.333	9904.500
771.539	9748.500
771.745	9555.500
771.952	9637.500
772.158	9725.500
772.364	9598.500
772.570	9616.500
772.776	9603.500
772.982	9586.500
773.188	9580.500
773.395	9561.500
773.601	9534.500
773.807	9565.500
774.013	9465.500
774.219	9348.500
774.425	9383.500
774.631	9532.500
774.838	9482.500
775.044	9535.500
775.250	9534.500
775.456	9429.500
775.662	9477.500
775.868	9609.500
776.074	9407.500
776.281	9352.500
776.487	9278.500
776.693	9172.500
776.899	9308.500
777.105	9510.500
777.311	9466.500
777.517	9416.500
777.723	9396.500
777.930	9439.500
778.136	9338.500
778.342	9273.500
778.548	9334.500
778.754	9210.500
778.960	9277.500
779.166	9286.500
779.373	9272.500
779.579	9213.500
779.785	9083.500
779.991	9161.500
780.197	9044.500
780.403	9053.500
780.609	8987.500
780.816	9053.500
781.022	9187.500
781.228	9379.500
781.434	9326.500
781.640	9193.500
781.846	9186.500
782.052	9196.500
782.259	8895.500
782.465	8770.500
782.671	8811.500
782.877	8846.500
783.083	8717.500
783.289	8836.500
783.495	8834.500
783.701	8894.500
783.908	8780.500
784.114	8752.500
784.320	8680.500
784.526	8631.500
784.732	8725.500
784.938	8914.500
785.144	8687.500
785.351	8575.500
785.557	8715.500
785.763	8650.500
785.969	8550.500
786.175	8558.500
786.381	8415.500
786.587	8434.500
786.794	8509.500
787.000	8469.500
787.206	8291.500
787.412	8434.500
787.618	8319.500
787.824	8139.500
788.030	8152.500
788.236	8037.500
788.443	8031.500
788.649	8037.500
788.855	8091.500
789.061	8013.500
789.267	8154.500
789.473	7993.500
789.679	8027.500
789.886	7877.500
790.092	7831.500
790.298	7813.500
790.504	7742.500
790.710	7876.500
790.916	7788.500
791.122	7621.500
791.329	7686.500
791.535	7756.500
791.741	7653.500
791.947	7694.500
792.153	7734.500
792.359	7670.500
792.565	7783.500
792.771	7774.500
792.978	7646.500
793.184	7615.500
793.390	7583.500
793.596	7561.500
793.802	7686.500
794.008	7718.500
794.214	7632.500
794.421	7555.500
794.627	7520.500
794.833	7443.500
795.039	7454.500
795.245	7309.500
795.451	7343.500
795.657	7370.500
795.864	7319.500
796.070	7352.500
796.276	7658.500
796.482	7581.500
796.688	7342.500
796.894	7263.500
797.100	7273.500
797.307	7265.500
797.513	7331.500
797.719	7367.500
797.925	7390.500
798.131	7146.500
798.337	7063.500
798.543	7084.500
798.749	7095.500
798.956	7232.500
799.162	7307.500
799.368	7198.500
799.574	7152.500
799.780	7185.500
799.986	7096.500
800.192	7023.500
800.399	7038.500
800.605	7119.500
800.811	7105.500
801.017	7116.500
801.223	7039.500
801.429	7044.500
801.635	6923.500
801.842	6830.500
802.048	6905.500
802.254	6875.500
802.460	6806.500
802.666	6700.500
802.872	6919.500
803.078	6906.500
803.285	6782.500
803.491	6693.500
803.697	6580.500
803.903	6645.500
804.109	6646.500
804.315	6737.500
804.521	6699.500
804.727	6744.500
804.934	6777.500
805.140	6783.500
805.346	6830.500
805.552	6870.500
805.758	6755.500
805.964	6638.500
806.170	6695.500
806.377	6752.500
806.583	6641.500
806.789	6689.500
806.995	6690.500
807.201	6623.500
807.407	6599.500
807.613	6639.500
807.820	6743.500
808.026	6644.500
808.232	6513.500
808.438	6462.500
808.644	6299.500
808.850	6308.500
809.056	6406.500
809.262	6258.500
809.469	6179.500
809.675	6166.500
809.881	6135.500
810.087	6215.500
810.293	6176.500
810.499	6092.500
810.705	6007.500
810.912	5984.500
811.118	5896.500
811.324	6030.500
811.530	5932.500
811.739	5913.500
811.947	5805.500
812.156	5762.500
812.365	5681.500
812.573	5510.500
812.782	5390.500
812.990	5405.500
813.199	5328.500
813.408	5293.500
813.616	5249.500
813.825	5069.500
814.034	5012.500
814.242	5027.500
814.451	4984.500
814.659	4876.500
814.868	4849.500
815.077	4807.500
815.285	4716.500
815.494	4588.500
815.703	4606.500
815.911	4657.500
816.120	4582.500
816.329	4469.500
816.537	4456.500
816.746	4516.500
816.954	4518.500
817.163	4425.500
817.372	4406.500
817.580	4338.500
817.789	4499.500
817.998	4481.500
818.206	4523.500
818.415	4628.500
818.624	4407.500
818.832	4364.500
819.041	4456.500
819.249	4820.500
819.458	4883.500
819.667	4830.500
819.875	4771.500
820.084	4778.500
820.293	4821.500
820.501	4769.500
820.710	4789.500
820.919	4886.500
821.127	4850.500
821.336	4753.500
821.544	4534.500
821.753	4437.500
821.962	4342.500
822.170	4152.500
822.379	4200.500
822.588	4225.500
822.796	4241.500
823.005	4378.500
823.213	4390.500
823.422	4475.500
823.631	4588.500
823.839	4571.500
824.048	4489.500
824.257	4620.500
824.465	4702.500
824.674	4612.500
824.883	4569.500
825.091	4708.500
825.300	4673.500
825.508	4840.500
825.717	4908.500
825.926	4815.500
826.134	4834.500
826.343	4745.500
826.552	4651.500
826.760	4644.500
826.969	4610.500
827.178	4576.500
827.386	4562.500
827.595	4596.500
827.803	4504.500
828.012	4508.500
828.221	4417.500
828.429	4470.500
828.638	4634.500
828.847	4662.500
829.055	4494.500
829.264	4452.500
829.472	4520.500
829.681	4363.500
829.890	4298.500
830.098	4337.500
830.307	4394.500
830.516	4398.500
830.724	4313.500
830.933	4284.500
831.142	4428.500
831.350	4569.500
831.559	4518.500
831.767	4419.500
831.976	4485.500
832.185	4568.500
832.393	4481.500
832.602	4349.500
832.811	4275.500
833.019	4224.500
833.228	4345.500
833.437	4450.500
833.645	4460.500
833.854	4477.500
834.062	4602.500
834.271	4557.500
834.480	4390.500
834.688	4415.500
834.897	4396.500
835.106	4409.500
835.314	4549.500
835.523	4563.500
835.731	4593.500
835.940	4721.500
836.149	4667.500
836.357	4540.500
836.566	4481.500
836.775	4584.500
836.983	4576.500
837.192	4560.500
837.401	4445.500
837.609	4535.500
837.818	4708.500
838.026	4577.500
838.235	4515.500
838.444	4662.500
838.652	4695.500
838.861	4691.500
839.070	4613.500
839.278	4603.500
839.487	4513.500
839.696	4547.500
839.904	4497.500
840.113	4548.500
840.321	4612.500
840.530	4522.500
840.739	4417.500
840.947	4508.500
841.156	4486.500
841.365	4453.500
841.573	4621.500
841.782	4738.500
841.991	4597.500
842.199	4494.500
842.408	4418.500
842.616	4411.500
842.825	4411.500
843.034	4469.500
843.242	4523.500
843.451	4516.500
843.660	4444.500
843.868	4398.500
844.077	4408.500
844.285	4590.500
844.494	4608.500
844.703	4473.500
844.911	4321.500
845.120	4167.500
845.329	4207.500
845.537	4241.500
845.746	4242.500
845.955	4370.500
846.163	4349.500
846.372	4347.500
846.580	4226.500
846.789	4266.500
846.998	4295.500
847.206	4259.500
847.415	4350.500
847.624	4251.500
847.832	4274.500
848.041	4297.500
848.250	4221.500
848.458	4108.500
848.667	4139.500
848.875	4148.500
849.084	3905.500
849.293	3967.500
849.501	4061.500
849.710	3940.500
849.919	3895.500
850.127	3981.500
850.336	4006.500
850.544	3890.500
850.753	3989.500
850.962	3990.500
851.170	3898.500
851.379	4119.500
851.588	4012.500
851.796	4078.500
852.005	4071.500
852.214	4089.500
852.422	4026.500
852.631	3941.500
852.839	3765.500
853.048	3631.500
853.257	3582.500
853.465	3501.500
853.674	3434.500
853.883	3537.500
854.091	3466.500
854.300	3543.500
854.509	3652.500
854.717	3766.500
854.926	3719.500
855.134	3754.500
855.343	3733.500
855.552	3770.500
855.760	3765.500
855.969	3717.500
856.178	3631.500
856.386	3659.500
856.595	3783.500
856.803	3831.500
857.012	3732.500
857.221	3654.500
857.429	3798.500
857.638	3878.500
857.847	3811.500
858.055	3716.500
858.264	3741.500
858.473	3757.500
858.681	3801.500
858.890	3654.500
859.098	3700.500
859.307	3691.500
859.516	3562.500
859.724	3639.500
859.933	3661.500
860.142	3642.500
860.350	3634.500
860.559	3606.500
860.768	3522.500
860.976	3435.500
861.185	3452.500
861.393	3537.500
861.602	3581.500
861.811	3569.500
862.019	3550.500
862.228	3591.500
862.437	3521.500
862.645	3443.500
862.854	3422.500
863.062	3544.500
863.271	3544.500
863.480	3583.500
863.688	3606.500
863.897	3481.500
864.106	3317.500
864.314	3303.500
864.523	3339.500
864.732	3206.500
864.940	3151.500
865.149	3075.500
865.357	3081.500
865.566	3071.500
865.775	3091.500
865.983	3081.500
866.192	3033.500
866.401	3071.500
866.609	3089.500
866.818	3164.500
867.027	3272.500
867.235	3201.500
867.444	3131.500
867.652	3059.500
867.861	3206.500
868.070	3175.500
868.278	3082.500
868.487	3010.500
868.696	3053.500
868.904	3042.500
869.113	3052.500
869.321	3106.500
869.530	3132.500
869.739	3081.500
869.947	3196.500
870.156	3143.500
870.365	2945.500
870.573	3010.500
870.782	3074.500
870.991	3098.500
871.199	3009.500
871.408	2931.500
871.616	2926.500
871.825	2993.500
872.034	3065.500
872.242	3032.500
872.451	2968.500
872.660	2980.500
872.868	3094.500
873.077	3083.500
873.286	2893.500
873.494	2950.500
873.703	3003.500
873.911	2940.500
874.120	2716.500
874.329	2822.500
874.537	2947.500
874.746	2787.500
874.955	2761.500
875.163	2712.500
875.372	2657.500
875.581	2703.500
875.789	2745.500
875.998	2795.500
876.206	2764.500
876.415	2788.500
876.624	2734.500
876.832	2708.500
877.041	2795.500
877.250	2809.500
877.458	2688.500
877.667	2774.500
877.875	2782.500
878.084	2662.500
878.293	2675.500
878.501	2709.500
878.710	2692.500
878.919	2703.500
879.127	2556.500
879.336	2469.500
879.545	2461.500
879.753	2480.500
879.962	2542.500
880.170	2514.500
880.379	2564.500
880.588	2538.500
880.796	2650.500
881.005	2707.500
881.214	2668.500
881.422	2474.500
881.631	2541.500
881.840	2633.500
882.048	2523.500
882.257	2601.500
882.465	2552.500
882.674	2499.500
882.883	2562.500
883.091	2500.500
883.300	2441.500
883.509	2484.500
883.717	2527.500
883.926	2522.500
884.134	2508.500
884.343	2487.500
884.552	2468.500
884.760	2461.500
884.969	2558.500
885.178	2461.500
885.386	2378.500
885.595	2367.500
885.804	2400.500
886.012	2337.500
886.221	2333.500
886.429	2287.500
886.638	2225.500
886.847	2227.500
887.055	2315.500
887.264	2343.500
887.473	2363.500
887.681	2367.500
887.890	2260.500
888.099	2250.500
888.307	2225.500
888.516	2212.500
888.724	2328.500
888.933	2268.500
889.142	2256.500
889.350	2248.500
889.559	2298.500
889.768	2213.500
889.976	2176.500
890.185	2191.500
890.393	2201.500
890.602	2216.500
890.811	2246.500
891.019	2228.500
891.228	2353.500
891.437	2270.500
891.645	2087.500
891.854	2051.500
892.063	2154.500
892.271	2111.500
892.480	2039.500
892.688	2083.500
892.897	2138.500
893.106	2106.500
893.314	2064.500
893.523	1889.500
893.732	1933.500
893.940	1941.500
894.149	1869.500
894.358	1899.500
894.566	1977.500
894.775	2022.500
894.983	1855.500
895.192	1772.500
895.401	1795.500
895.609	1704.500
895.818	1632.500
896.027	1605.500
896.235	1606.500
896.444	1659.500
896.652	1737.500
896.861	1648.500
897.070	1739.500
897.278	1722.500
897.487	1649.500
897.696	1629.500
897.904	1509.500
898.113	1486.500
898.322	1412.500
898.530	1449.500
898.739	1486.500
898.947	1488.500
899.156	1423.500
899.365	1436.500
899.573	1457.500
899.782	1353.500
899.991	1358.500
900.199	1331.500
900.408	1401.500
900.617	1482.500
900.825	1501.500
901.034	1530.500
901.242	1402.500
901.451	1412.500
901.660	1449.500
901.868	1505.500
902.077	1522.500
902.286	1497.500
902.494	1526.500
902.703	1615.500
902.911	1626.500
903.120	1697.500
903.329	1656.500
903.537	1601.500
903.746	1601.500
903.955	1595.500
904.163	1621.500
904.372	1611.500
904.581	1602.500
904.789	1664.500
904.998	1650.500
905.206	1609.500
905.415	1676.500
905.624	1629.500
905.832	1516.500
906.041	1449.500
906.250	1471.500
906.458	1454.500
906.667	1411.500
906.876	1313.500
907.084	1348.500
907.293	1329.500
907.501	1492.500
907.710	1411.500
907.919	1386.500
908.127	1507.500
908.336	1329.500
908.545	1397.500
908.753	1457.500
908.962	1412.500
909.170	1348.500
909.379	1288.500
909.588	1438.500
909.796	1434.500
910.005	1314.500
910.214	1205.500
910.422	1286.500
910.631	1223.500
910.840	1387.500
911.048	1510.500
911.257	1336.500
911.465	1311.500
911.674	1324.500
911.883	1343.500
912.091	1270.500
912.300	1218.500
912.508	1191.500
912.716	1261.500
912.924	1285.500
913.132	1290.500
913.340	1365.500
913.549	1319.500
913.757	1192.500
913.965	1191.500
914.173	1161.500
914.381	1189.500
914.589	1216.500
914.797	1170.500
915.005	1155.500
915.213	1174.500
915.421	1197.500
915.629	1167.500
915.838	1119.500
916.046	1100.500
916.254	1165.500
916.462	1162.500
916.670	1145.500
916.878	1193.500
917.086	1183.500
917.294	1195.500
917.502	1221.500
917.710	1253.500
917.919	1219.500
918.127	1151.500
918.335	1256.500
918.543	1218.500
918.751	1333.500
918.959	1364.500
919.167	1265.500
919.375	1252.500
919.583	1411.500
919.791	1312.500
919.999	1228.500
920.208	1308.500
920.416	1273.500
920.624	1259.500
920.832	1313.500
921.040	1341.500
921.248	1359.500
921.456	1204.500
921.664	1088.500
921.872	1095.500
922.080	1080.500
922.288	1101.500
922.497	1209.500
922.705	1192.500
922.913	1222.500
923.121	1181.500
923.329	1093.500
923.537	1111.500
923.745	1158.500
923.953	1094.500
924.161	1051.500
924.369	1130.500
924.578	1115.500
924.786	1133.500
924.994	1183.500
925.202	1166.500
925.410	1123.500
925.618	1145.500
925.826	1112.500
926.034	1145.500
926.242	1124.500
926.450	1026.500
926.658	995.500
926.867	1039.500
927.075	964.500
927.283	970.500
927.491	943.500
927.699	938.500
927.907	1021.500
928.115	1047.500
928.323	801.500
928.531	781.500
928.739	777.500
928.947	789.500
929.156	783.500
929.364	783.500
929.572	782.500
929.780	603.500
929.988	525.500
930.196	594.500
930.404	604.500
930.612	596.500
930.820	550.500
931.028	490.500
931.236	512.500
931.445	458.500
931.653	432.500
931.861	451.500
932.069	360.500
932.277	461.500
932.485	656.500
932.693	438.500
932.901	292.500
933.109	302.500
933.317	361.500
933.526	382.500
933.734	329.500
933.942	313.500
934.150	315.500
934.358	315.500
934.566	336.500
934.774	308.500
934.982	263.500
935.190	309.500
935.398	343.500
935.606	300.500
935.815	289.500
936.023	363.500
936.231	343.500
936.439	355.500
936.647	379.500
936.855	299.500
937.063	272.500
937.271	335.500
937.479	385.500
937.687	342.500
937.895	431.500
938.104	498.500
938.312	380.500
938.520	316.500
938.728	346.500
938.936	409.500
939.144	409.500
939.352	373.500
939.560	429.500
939.768	363.500
939.976	335.500
940.185	368.500
940.393	404.500
940.601	420.500
940.809	380.500
941.017	412.500
941.225	389.500
941.433	340.500
941.641	322.500
941.849	181.500
942.057	241.500
942.265	300.500
942.474	285.500
942.682	297.500
942.890	205.500
943.098	224.500
943.306	241.500
943.514	268.500
943.722	249.500
943.930	255.500
944.138	329.500
944.346	354.500
944.554	433.500
944.763	328.500
944.971	279.500
945.179	303.500
945.387	335.500
945.595	338.500
945.803	359.500
946.011	298.500
946.219	310.500
946.427	327.500
946.635	254.500
946.843	376.500
947.052	446.500
947.260	314.500
947.468	311.500
947.676	304.500
947.884	343.500
948.092	361.500
948.300	329.500
948.508	280.500
948.716	279.500
948.924	303.500
949.133	419.500
949.341	366.500
949.549	217.500
949.757	358.500
949.965	340.500
950.173	221.500
950.381	308.500
950.589	399.500
950.797	342.500
951.005	224.500
951.213	187.500
951.422	236.500
951.630	276.500
951.838	312.500
952.046	448.500
952.254	425.500
952.462	334.500
952.670	452.500
952.878	404.500
953.086	329.500
953.294	345.500
953.502	317.500
953.711	353.500
953.919	346.500
954.127	251.500
954.335	227.500
954.543	287.500
954.751	369.500
954.959	358.500
955.167	423.500
955.375	363.500
955.583	251.500
955.792	374.500
956.000	422.500
956.208	397.500
956.416	326.500
956.624	318.500
956.832	342.500
957.040	312.500
957.248	284.500
957.456	344.500
957.664	332.500
957.872	210.500
958.081	181.500
958.289	308.500
958.497	338.500
958.705	343.500
958.913	263.500
959.121	195.500
959.329	270.500
959.537	188.500
959.745	243.500
959.953	300.500
960.161	266.500
960.370	205.500
960.578	269.500
960.786	407.500
960.994	383.500
961.202	375.500
961.410	382.500
961.618	325.500
961.826	315.500
962.034	402.500
962.242	297.500
962.451	204.500
962.659	220.500
962.867	278.500
963.075	330.500
963.283	361.500
963.491	327.500
963.699	344.500
963.907	324.500
964.115	380.500
964.323	484.500
964.531	444.500
964.740	321.500
964.948	398.500
965.156	315.500
965.364	388.500
965.572	511.500
965.780	411.500
965.999	345.500
966.218	268.500
966.438	237.500
966.657	207.500
966.876	311.500
967.095	327.500
967.315	322.500
967.534	327.500
967.753	473.500
967.972	421.500
968.192	404.500
968.411	348.500
968.630	298.500
968.849	315.500
969.068	435.500
969.288	404.500
969.507	413.500
969.726	463.500
969.945	481.500
970.165	383.500
970.384	437.500
970.603	300.500
970.822	243.500
971.042	277.500
971.261	381.500
971.480	494.500
971.699	413.500
971.919	279.500
972.138	362.500
972.357	320.500
972.576	314.500
972.795	387.500
973.015	394.500
973.234	402.500
973.453	358.500
973.672	277.500
973.892	293.500
974.111	277.500
974.330	352.500
974.549	388.500
974.769	341.500
974.988	385.500
975.207	255.500
975.426	254.500
975.646	321.500
975.865	314.500
976.084	264.500
976.303	279.500
976.522	312.500
976.742	316.500
976.961	278.500
977.180	284.500
977.399	263.500
977.619	265.500
977.838	309.500
978.057	384.500
978.276	392.500
978.496	321.500
978.715	329.500
978.934	318.500
979.153	181.500
979.372	185.500
979.592	296.500
979.811	324.500
980.030	301.500
980.249	265.500
980.469	343.500
980.688	387.500
980.907	265.500
981.126	333.500
981.346	440.500
981.565	338.500
981.784	215.500
982.003	326.500
982.223	456.500
982.442	518.500
982.661	319.500
982.880	325.500
983.099	357.500
983.319	301.500
983.538	326.500
983.757	334.500
983.976	451.500
984.196	413.500
984.415	442.500
984.634	407.500
984.853	381.500
985.073	365.500
985.292	270.500
985.511	328.500
985.730	288.500
985.949	337.500
986.169	436.500
986.388	459.500
986.607	213.500
986.826	211.500
987.046	165.500
987.265	210.500
987.484	297.500
987.703	302.500
987.923	226.500
988.142	323.500
988.361	397.500
988.580	458.500
988.800	315.500
989.019	322.500
989.238	261.500
989.457	209.500
989.676	298.500
989.896	267.500
990.115	194.500
990.334	227.500
990.553	232.500
990.773	185.500
990.992	247.500
991.211	308.500
991.430	335.500
991.650	227.500
991.869	230.500
992.088	201.500
992.307	248.500
992.527	259.500
992.746	196.500
992.965	233.500
993.184	323.500
993.403	331.500
993.623	292.500
993.842	208.500
994.061	117.500
994.280	196.500
994.500	261.500
994.719	266.500
994.938	228.500
995.157	138.500
995.377	160.500
995.596	254.500
995.815	313.500
996.034	255.500
996.253	189.500
996.473	204.500
996.692	276.500
996.911	257.500
997.130	221.500
997.350	195.500
997.569	258.500
997.788	223.500
998.007	104.500
998.227	135.500
998.446	268.500
998.665	243.500
998.884	241.500
999.104	243.500
999.323	264.500
999.542	177.500
999.761	164.500
999.980	143.500
1000.200	280.500
1000.419	322.500
1000.638	298.500
1000.857	271.500
1001.077	180.500
1001.296	209.500
1001.515	160.500
1001.734	157.500
1001.954	175.500
1002.173	273.500
1002.392	309.500
1002.611	268.500
1002.830	160.500
1003.050	116.500
1003.269	185.500
1003.488	215.500
1003.707	140.500
1003.927	155.500
1004.146	242.500
1004.365	212.500
1004.584	165.500
1004.804	210.500
1005.023	208.500
1005.242	184.500
1005.461	230.500
1005.681	274.500
1005.900	219.500
1006.119	209.500
1006.338	147.500
1006.557	131.500
1006.777	273.500
1006.996	318.500
1007.215	145.500
1007.434	160.500
1007.654	208.500
1007.873	194.500
1008.092	169.500
1008.311	172.500
1008.531	108.500
1008.750	201.500
1008.969	219.500
1009.188	67.500
1009.407	92.500
1009.627	127.500
1009.846	82.500
1010.065	148.500
1010.284	138.500
1010.504	21.500
1010.723	68.500
1010.942	83.500
1011.161	93.500
1011.381	68.500
1011.600	80.500
1011.819	201.500
1012.038	172.500
1012.258	172.500
1012.477	246.500
1012.696	184.500
1012.915	151.500
1013.134	117.500
1013.354	134.500
1013.573	214.500
1013.792	211.500
1014.011	132.500
1014.231	118.500
1014.450	188.500
1014.669	127.500
1014.888	18.500
1015.108	153.500
1015.327	187.500
1015.546	197.500
1015.765	241.500
1015.984	194.500
1016.204	255.500
1016.423	224.500
1016.642	285.500
1016.861	239.500
1017.081	96.500
1017.300	90.500
1017.519	108.500
