296.912	69.000
297.101	54.000
297.290	44.000
297.479	44.000
297.668	37.000
297.858	73.000
298.047	67.000
298.236	51.000
298.425	36.000
298.614	90.000
298.803	78.000
298.992	37.000
299.181	63.000
299.370	57.000
299.559	16.000
299.748	20.000
299.937	36.000
300.126	45.000
300.315	88.000
300.504	122.000
300.693	115.000
300.882	72.000
301.071	47.000
301.260	49.000
301.449	60.000
301.638	38.000
301.827	34.000
302.016	48.000
302.205	82.000
302.395	88.000
302.584	98.000
302.773	65.000
302.962	43.000
303.151	49.000
303.340	40.000
303.529	44.000
303.718	35.000
303.907	51.000
304.096	79.000
304.285	49.000
304.474	81.000
304.663	79.000
304.852	87.000
305.041	75.000
305.230	35.000
305.419	55.000
305.608	42.000
305.797	45.000
305.986	66.000
306.175	92.000
306.364	73.000
306.553	68.000
306.743	76.000
306.932	61.000
307.121	64.000
307.310	35.000
307.499	12.000
307.688	68.000
307.877	47.000
308.066	64.000
308.255	84.000
308.444	65.000
308.633	41.000
308.822	45.000
309.011	25.000
309.200	51.000
309.389	64.000
309.578	54.000
309.767	57.000
309.956	73.000
310.145	61.000
310.334	62.000
310.523	71.000
310.712	75.000
310.901	57.000
311.091	29.000
311.280	68.000
311.469	78.000
311.658	85.000
311.847	104.000
312.036	97.000
312.225	93.000
312.414	76.000
312.603	48.000
312.792	39.000
312.981	21.000
313.170	74.000
313.349	100.000
313.527	87.000
313.706	81.000
313.884	47.000
314.063	40.000
314.241	56.000
314.420	64.000
314.598	79.000
314.777	75.000
314.955	77.000
315.134	93.000
315.312	81.000
315.491	50.000
315.669	73.000
315.848	45.000
316.027	36.000
316.205	37.000
316.384	18.000
316.562	55.000
316.741	95.000
316.919	99.000
317.098	96.000
317.276	65.000
317.455	72.000
317.633	57.000
317.812	37.000
317.990	56.000
318.169	78.000
318.347	101.000
318.526	111.000
318.705	85.000
318.883	84.000
319.062	118.000
319.240	120.000
319.419	71.000
319.597	85.000
319.776	97.000
319.954	81.000
320.133	81.000
320.311	69.000
320.490	85.000
320.668	35.000
320.847	35.000
321.025	28.000
321.204	9.000
321.382	41.000
321.561	36.000
321.740	17.000
321.918	46.000
322.097	78.000
322.275	99.000
322.454	80.000
322.632	42.000
322.811	89.000
322.989	89.000
323.168	74.000
323.346	64.000
323.525	76.000
323.703	74.000
323.882	101.000
324.060	137.000
324.239	97.000
324.418	78.000
324.596	81.000
324.775	48.000
324.953	94.000
325.132	82.000
325.310	96.000
325.489	70.000
325.667	52.000
325.846	50.000
326.024	49.000
326.203	39.000
326.381	78.000
326.560	89.000
326.738	64.000
326.917	66.000
327.096	60.000
327.274	97.000
327.453	85.000
327.631	78.000
327.810	77.000
327.988	15.000
328.167	61.000
328.345	60.000
328.524	74.000
328.702	99.000
328.881	74.000
329.059	52.000
329.238	86.000
329.416	98.000
329.595	73.000
329.774	62.000
329.952	61.000
330.131	59.000
330.309	63.000
330.488	102.000
330.666	76.000
330.845	50.000
331.023	64.000
331.202	76.000
331.380	53.000
331.559	30.000
331.737	52.000
331.916	68.000
332.094	72.000
332.273	81.000
332.452	82.000
332.630	70.000
332.809	84.000
332.987	79.000
333.166	95.000
333.344	76.000
333.523	71.000
333.701	61.000
333.880	60.000
334.058	89.000
334.237	83.000
334.415	102.000
334.594	111.000
334.772	109.000
334.951	115.000
335.129	110.000
335.308	130.000
335.487	75.000
335.665	74.000
335.844	135.000
336.022	124.000
336.201	116.000
336.379	132.000
336.558	101.000
336.736	96.000
336.915	82.000
337.093	88.000
337.272	81.000
337.450	84.000
337.629	79.000
337.807	120.000
337.986	104.000
338.165	101.000
338.343	112.000
338.522	119.000
338.700	99.000
338.879	93.000
339.057	88.000
339.236	88.000
339.414	81.000
339.593	69.000
339.771	61.000
339.950	66.000
340.128	92.000
340.307	54.000
340.485	41.000
340.664	80.000
340.843	106.000
341.021	117.000
341.200	89.000
341.378	76.000
341.557	120.000
341.735	99.000
341.914	73.000
342.092	89.000
342.271	85.000
342.449	65.000
342.628	92.000
342.806	92.000
342.985	112.000
343.163	123.000
343.342	110.000
343.521	65.000
343.699	57.000
343.878	44.000
344.056	77.000
344.235	92.000
344.413	105.000
344.592	89.000
344.770	77.000
344.949	90.000
345.127	87.000
345.306	101.000
345.484	104.000
345.663	96.000
345.841	104.000
346.020	120.000
346.199	93.000
346.377	93.000
346.556	127.000
346.734	125.000
346.913	86.000
347.091	88.000
347.270	37.000
347.448	37.000
347.627	49.000
347.805	69.000
347.984	81.000
348.162	118.000
348.341	103.000
348.519	49.000
348.698	70.000
348.876	94.000
349.055	43.000
349.234	49.000
349.412	121.000
349.591	105.000
349.769	112.000
349.948	143.000
350.126	91.000
350.305	82.000
350.483	85.000
350.662	88.000
350.840	77.000
351.019	65.000
351.197	86.000
351.376	112.000
351.554	121.000
351.733	105.000
351.912	94.000
352.090	96.000
352.269	114.000
352.447	80.000
352.626	85.000
352.804	97.000
352.983	85.000
353.161	103.000
353.340	108.000
353.518	127.000
353.697	80.000
353.875	69.000
354.054	110.000
354.232	131.000
354.411	144.000
354.590	111.000
354.768	103.000
354.947	89.000
355.125	104.000
355.304	110.000
355.482	151.000
355.661	120.000
355.839	88.000
356.018	79.000
356.196	73.000
356.375	84.000
356.553	108.000
356.732	110.000
356.910	93.000
357.089	98.000
357.268	92.000
357.446	90.000
357.625	94.000
357.803	96.000
357.982	125.000
358.160	121.000
358.339	85.000
358.517	95.000
358.696	106.000
358.874	106.000
359.053	82.000
359.231	48.000
359.410	74.000
359.588	75.000
359.767	61.000
359.945	125.000
360.124	133.000
360.303	69.000
360.481	93.000
360.660	107.000
360.838	101.000
361.017	111.000
361.195	102.000
361.374	98.000
361.552	160.000
361.731	165.000
361.909	102.000
362.088	65.000
362.266	91.000
362.445	71.000
362.623	79.000
362.802	125.000
362.981	78.000
363.159	57.000
363.338	81.000
363.516	93.000
363.695	119.000
363.873	115.000
364.052	109.000
364.230	126.000
364.409	153.000
364.587	140.000
364.766	103.000
364.944	66.000
365.123	97.000
365.301	99.000
365.480	101.000
365.660	106.000
365.839	132.000
366.019	112.000
366.199	110.000
366.379	109.000
366.558	129.000
366.738	141.000
366.918	111.000
367.098	91.000
367.277	120.000
367.457	124.000
367.637	110.000
367.816	70.000
367.996	84.000
368.176	93.000
368.356	111.000
368.535	125.000
368.715	112.000
368.895	130.000
369.075	127.000
369.254	94.000
369.434	102.000
369.614	101.000
369.793	118.000
369.973	111.000
370.153	121.000
370.333	127.000
370.512	99.000
370.692	81.000
370.872	100.000
371.051	83.000
371.231	103.000
371.411	148.000
371.591	112.000
371.770	68.000
371.950	49.000
372.130	86.000
372.310	108.000
372.489	104.000
372.669	116.000
372.849	103.000
373.028	95.000
373.208	114.000
373.388	142.000
373.568	123.000
373.747	106.000
373.927	120.000
374.107	113.000
374.287	126.000
374.466	111.000
374.646	64.000
374.826	93.000
375.005	100.000
375.185	91.000
375.365	82.000
375.545	151.000
375.724	124.000
375.904	124.000
376.084	149.000
376.263	139.000
376.443	110.000
376.623	112.000
376.803	122.000
376.982	121.000
377.162	77.000
377.342	130.000
377.522	149.000
377.701	111.000
377.881	100.000
378.061	111.000
378.240	104.000
378.420	113.000
378.600	137.000
378.780	175.000
378.959	158.000
379.139	115.000
379.319	127.000
379.499	153.000
379.678	129.000
379.858	125.000
380.038	115.000
380.217	59.000
380.397	98.000
380.577	87.000
380.757	103.000
380.936	135.000
381.116	146.000
381.296	171.000
381.476	146.000
381.655	107.000
381.835	120.000
382.015	103.000
382.194	135.000
382.374	133.000
382.554	122.000
382.734	111.000
382.913	111.000
383.093	120.000
383.273	163.000
383.452	161.000
383.632	107.000
383.812	98.000
383.992	120.000
384.171	131.000
384.351	162.000
384.531	126.000
384.711	111.000
384.890	122.000
385.070	77.000
385.250	103.000
385.429	108.000
385.609	102.000
385.789	111.000
385.969	101.000
386.148	80.000
386.328	124.000
386.508	151.000
386.688	145.000
386.867	114.000
387.047	119.000
387.227	129.000
387.406	121.000
387.586	69.000
387.766	105.000
387.946	121.000
388.125	144.000
388.305	151.000
388.485	91.000
388.664	76.000
388.844	145.000
389.024	116.000
389.204	105.000
389.383	119.000
389.563	129.000
389.743	85.000
389.923	98.000
390.102	143.000
390.282	145.000
390.462	136.000
390.641	112.000
390.821	96.000
391.001	70.000
391.181	94.000
391.360	84.000
391.540	93.000
391.720	130.000
391.900	111.000
392.079	107.000
392.259	97.000
392.439	107.000
392.618	123.000
392.798	101.000
392.978	82.000
393.158	118.000
393.337	129.000
393.517	87.000
393.697	112.000
393.877	132.000
394.056	130.000
394.236	174.000
394.416	186.000
394.595	135.000
394.775	159.000
394.955	137.000
395.135	148.000
395.314	172.000
395.494	185.000
395.674	180.000
395.853	130.000
396.033	158.000
396.213	144.000
396.393	137.000
396.572	191.000
396.752	153.000
396.932	140.000
397.112	143.000
397.291	163.000
397.471	122.000
397.651	113.000
397.830	132.000
398.010	155.000
398.190	176.000
398.370	171.000
398.549	173.000
398.729	173.000
398.909	161.000
399.089	158.000
399.268	185.000
399.448	190.000
399.628	172.000
399.807	147.000
399.987	196.000
400.167	207.000
400.347	206.000
400.526	228.000
400.706	215.000
400.886	194.000
401.065	164.000
401.245	165.000
401.425	201.000
401.605	188.000
401.784	164.000
401.964	144.000
402.144	172.000
402.324	184.000
402.503	190.000
402.683	185.000
402.863	155.000
403.042	141.000
403.222	167.000
403.402	250.000
403.582	261.000
403.761	245.000
403.941	246.000
404.121	190.000
404.301	216.000
404.480	245.000
404.660	255.000
404.844	250.000
405.029	247.000
405.213	267.000
405.398	277.000
405.582	303.000
405.767	315.000
405.951	266.000
406.136	267.000
406.320	274.000
406.505	305.000
406.689	320.000
406.874	359.000
407.058	432.000
407.243	409.000
407.427	405.000
407.612	433.000
407.796	450.000
407.981	464.000
408.165	518.000
408.350	575.000
408.534	601.000
408.719	652.000
408.903	644.000
409.088	689.000
409.272	722.000
409.457	779.000
409.641	818.000
409.826	919.000
410.010	982.000
410.195	1018.000
410.379	1110.000
410.564	1174.000
410.748	1240.000
410.933	1341.000
411.117	1499.000
411.302	1608.000
411.486	1618.000
411.671	1653.000
411.855	1685.000
412.040	1801.000
412.224	2026.000
412.409	2079.000
412.593	2140.000
412.778	2282.000
412.962	2387.000
413.147	2413.000
413.331	2499.000
413.516	2695.000
413.700	2810.000
413.885	2921.000
414.069	3002.000
414.254	3077.000
414.438	3214.000
414.623	3402.000
414.807	3469.000
414.992	3523.000
415.176	3684.000
415.361	3890.000
415.545	3995.000
415.730	4145.000
415.914	4387.000
416.099	4520.000
416.283	4581.000
416.468	4726.000
416.652	4709.000
416.837	4678.000
417.021	4778.000
417.206	4962.000
417.390	5040.000
417.575	5118.000
417.759	5304.000
417.944	5413.000
418.128	5495.000
418.313	5563.000
418.497	5665.000
418.682	5796.000
418.866	5912.000
419.051	6011.000
419.235	6078.000
419.420	6197.000
419.604	6301.000
419.789	6417.000
419.973	6600.000
420.158	6694.000
420.342	6894.000
420.527	7065.000
420.711	7177.000
420.896	7359.000
421.080	7422.000
421.265	7550.000
421.449	7566.000
421.634	7393.000
421.818	7472.000
422.003	7494.000
422.187	7537.000
422.372	7503.000
422.556	7600.000
422.741	7754.000
422.925	7917.000
423.110	7997.000
423.294	8037.000
423.479	8121.000
423.663	8222.000
423.848	8426.000
424.032	8557.000
424.217	8566.000
424.401	8506.000
424.586	8475.000
424.770	8605.000
424.955	8658.000
425.139	8717.000
425.324	8771.000
425.508	8850.000
425.693	9007.000
425.877	8952.000
426.062	8962.000
426.246	8996.000
426.431	8968.000
426.615	8907.000
426.800	8845.000
426.984	8963.000
427.169	9053.000
427.353	9103.000
427.538	9231.000
427.722	9213.000
427.907	9001.000
428.091	9051.000
428.276	9111.000
428.460	9009.000
428.645	8877.000
428.829	8924.000
429.014	8778.000
429.198	8510.000
429.383	8231.000
429.567	7954.000
429.752	7781.000
429.936	7756.000
430.121	7588.000
430.305	7563.000
430.490	7844.000
430.674	8060.000
430.859	8537.000
431.043	9020.000
431.228	9344.000
431.412	9648.000
431.597	9806.000
431.781	9820.000
431.966	9998.000
432.150	10153.000
432.335	10284.000
432.519	10423.000
432.704	10585.000
432.888	10473.000
433.073	10371.000
433.257	10326.000
433.442	10262.000
433.626	10121.000
433.811	10237.000
433.995	10403.000
434.180	10524.000
434.364	10803.000
434.549	10946.000
434.733	10994.000
434.918	11051.000
435.102	11179.000
435.287	11390.000
435.471	11707.000
435.656	11818.000
435.840	11920.000
436.030	11931.000
436.219	11977.000
436.409	11937.000
436.599	11866.000
436.789	11742.000
436.978	11762.000
437.168	11591.000
437.358	11535.000
437.548	11445.000
437.737	11340.000
437.927	11193.000
438.117	11086.000
438.306	11039.000
438.496	11222.000
438.686	11466.000
438.876	11566.000
439.065	11679.000
439.255	11737.000
439.445	11781.000
439.634	11925.000
439.824	11920.000
440.014	12070.000
440.204	12155.000
440.393	12285.000
440.583	12488.000
440.773	12687.000
440.963	12864.000
441.152	12969.000
441.342	13069.000
441.532	13243.000
441.721	13446.000
441.911	13604.000
442.101	13670.000
442.291	13770.000
442.480	13820.000
442.670	13820.000
442.860	13836.000
443.050	13824.000
443.239	13814.000
443.429	14059.000
443.619	14158.000
443.808	14155.000
443.998	14192.000
444.188	14298.000
444.378	14519.000
444.567	14535.000
444.757	14535.000
444.947	14365.000
445.137	14229.000
445.326	14157.000
445.516	14130.000
445.706	14164.000
445.895	14183.000
446.085	14197.000
446.275	14318.000
446.465	14522.000
446.654	14857.000
446.844	14978.000
447.034	15156.000
447.223	15288.000
447.413	15421.000
447.603	15530.000
447.793	15632.000
447.982	15647.000
448.172	15575.000
448.362	15754.000
448.552	15975.000
448.741	15828.000
448.931	15869.000
449.121	16040.000
449.310	16086.000
449.500	16127.000
449.690	16404.000
449.880	16474.000
450.069	16660.000
450.259	16807.000
450.449	16990.000
450.639	17123.000
450.828	17171.000
451.018	17266.000
451.208	17137.000
451.397	16915.000
451.587	16839.000
451.777	16745.000
451.967	16582.000
452.156	16588.000
452.346	16382.000
452.536	16142.000
452.725	15906.000
452.915	15954.000
453.105	15946.000
453.295	15898.000
453.484	16045.000
453.674	16190.000
453.864	16293.000
454.054	16277.000
454.243	16361.000
454.433	16441.000
454.623	16445.000
454.812	16288.000
455.002	16283.000
455.192	16508.000
455.382	16585.000
455.571	16500.000
455.761	16648.000
455.951	16808.000
456.141	16943.000
456.330	17074.000
456.520	16840.000
456.710	17061.000
456.899	17188.000
457.089	17165.000
457.279	17096.000
457.469	17170.000
457.658	17115.000
457.848	16889.000
458.038	16731.000
458.228	16913.000
458.417	16848.000
458.607	16900.000
458.797	16743.000
458.986	16560.000
459.176	16688.000
459.366	16672.000
459.556	16636.000
459.745	16640.000
459.935	16664.000
460.125	16674.000
460.314	16805.000
460.504	16976.000
460.694	16956.000
460.884	17090.000
461.073	17211.000
461.263	17436.000
461.453	17406.000
461.643	17279.000
461.832	17239.000
462.022	17353.000
462.212	17491.000
462.401	17373.000
462.591	17346.000
462.781	17450.000
462.971	17414.000
463.160	17342.000
463.350	17300.000
463.540	17201.000
463.730	17274.000
463.919	17122.000
464.109	16963.000
464.299	16968.000
464.488	16961.000
464.678	16921.000
464.868	16806.000
465.058	16901.000
465.247	17012.000
465.437	17040.000
465.627	17008.000
465.816	16977.000
466.006	17073.000
466.196	16904.000
466.386	16913.000
466.575	16861.000
466.765	16686.000
466.955	16871.000
467.145	16978.000
467.334	16920.000
467.524	16961.000
467.714	17152.000
467.903	17218.000
468.093	17257.000
468.283	17208.000
468.473	17260.000
468.662	17312.000
468.852	17393.000
469.042	17476.000
469.232	17490.000
469.421	17489.000
469.611	17414.000
469.801	17250.000
469.990	17378.000
470.180	17176.000
470.370	16897.000
470.560	16969.000
470.749	17144.000
470.939	17310.000
471.129	17376.000
471.318	17690.000
471.508	17806.000
471.698	17935.000
471.888	18009.000
472.077	18080.000
472.267	18031.000
472.457	18222.000
472.647	18286.000
472.836	18214.000
473.026	18068.000
473.216	18177.000
473.405	18069.000
473.595	18152.000
473.785	18353.000
473.975	18358.000
474.164	18347.000
474.354	18496.000
474.544	18515.000
474.734	18713.000
474.923	18691.000
475.113	18656.000
475.303	18809.000
475.492	18609.000
475.682	18550.000
475.872	18619.000
476.062	18472.000
476.251	18323.000
476.441	18321.000
476.631	18377.000
476.821	18323.000
477.010	18423.000
477.200	18582.000
477.390	18645.000
477.579	18855.000
477.769	18822.000
477.959	18777.000
478.149	18887.000
478.338	18938.000
478.528	18842.000
478.718	18842.000
478.907	18647.000
479.097	18664.000
479.287	18824.000
479.477	18818.000
479.666	18893.000
479.856	18921.000
480.046	18927.000
480.236	19084.000
480.425	18947.000
480.615	18733.000
480.805	18733.000
480.994	18682.000
481.184	18897.000
481.374	19036.000
481.564	19066.000
481.753	19143.000
481.943	19206.000
482.133	19300.000
482.323	19117.000
482.512	18823.000
482.702	18753.000
482.892	18894.000
483.081	18794.000
483.271	18674.000
483.461	18696.000
483.651	18516.000
483.840	18574.000
484.030	18564.000
484.220	18410.000
484.409	18213.000
484.599	18174.000
484.789	18053.000
484.979	17965.000
485.168	17607.000
485.358	17469.000
485.548	17014.000
485.738	16554.000
485.927	16237.000
486.117	15864.000
486.307	15601.000
486.496	15566.000
486.686	15664.000
486.876	15944.000
487.066	16179.000
487.255	16378.000
487.445	16531.000
487.635	16727.000
487.825	16848.000
488.014	16950.000
488.204	17175.000
488.394	17242.000
488.583	17108.000
488.773	17189.000
488.963	17277.000
489.153	17277.000
489.342	17466.000
489.532	17607.000
489.722	17910.000
489.912	18046.000
490.101	18105.000
490.291	18104.000
490.481	18043.000
490.670	18126.000
490.860	18004.000
491.050	17992.000
491.240	17889.000
491.429	17735.000
491.619	17652.000
491.809	17497.000
491.998	17315.000
492.188	17398.000
492.378	17610.000
492.568	17793.000
492.757	17604.000
492.947	17729.000
493.137	17854.000
493.327	17866.000
493.516	17749.000
493.706	17790.000
493.896	17758.000
494.085	17917.000
494.275	18114.000
494.465	18168.000
494.655	18356.000
494.844	18418.000
495.034	18510.000
495.224	18657.000
495.414	18333.000
495.603	18254.000
495.793	18244.000
495.983	18293.000
496.172	18229.000
496.362	18333.000
496.552	18439.000
496.742	18516.000
496.931	18516.000
497.121	18634.000
497.311	18572.000
497.500	18470.000
497.690	18515.000
497.880	18402.000
498.070	18175.000
498.259	18195.000
498.449	18068.000
498.639	17987.000
498.829	18187.000
499.018	18047.000
499.208	18082.000
499.398	18232.000
499.587	18340.000
499.777	18182.000
499.967	18130.000
500.157	18071.000
500.346	17804.000
500.536	17767.000
500.726	17514.000
500.916	17493.000
501.105	17545.000
501.295	17444.000
501.485	17388.000
501.674	17243.000
501.864	17175.000
502.054	17279.000
502.244	17594.000
502.433	17657.000
502.623	17732.000
502.813	17826.000
503.003	17801.000
503.192	17799.000
503.382	17784.000
503.572	17603.000
503.761	17409.000
503.951	17305.000
504.141	17471.000
504.331	17514.000
504.520	17496.000
504.710	17656.000
504.900	17562.000
505.089	17580.000
505.279	17777.000
505.469	18124.000
505.659	18212.000
505.848	18101.000
506.038	18025.000
506.228	18160.000
506.418	18180.000
506.607	18053.000
506.797	18044.000
506.987	17967.000
507.176	17843.000
507.366	17792.000
507.556	17794.000
507.746	17549.000
507.935	17339.000
508.125	17312.000
508.315	17406.000
508.505	17383.000
508.694	17527.000
508.884	17670.000
509.074	17686.000
509.263	17720.000
509.453	17540.000
509.643	17623.000
509.833	17477.000
510.022	17314.000
510.212	17305.000
510.402	17406.000
510.592	17446.000
510.781	17310.000
510.971	17349.000
511.161	17516.000
511.350	17681.000
511.540	17632.000
511.730	17506.000
511.920	17304.000
512.109	17228.000
512.299	17029.000
512.489	17062.000
512.678	17068.000
512.868	16899.000
513.058	16874.000
513.248	16843.000
513.437	16688.000
513.627	16697.000
513.817	16573.000
514.007	16490.000
514.196	16279.000
514.386	16401.000
514.576	16565.000
514.765	16719.000
514.955	16618.000
515.145	16686.000
515.335	16626.000
515.524	16645.000
515.714	16467.000
515.904	16245.000
516.094	15985.000
516.283	15725.000
516.473	15426.000
516.663	15094.000
516.852	14898.000
517.042	14828.000
517.232	14815.000
517.422	14713.000
517.611	14913.000
517.801	15031.000
517.991	14973.000
518.180	14842.000
518.370	14817.000
518.560	14764.000
518.750	15010.000
518.939	15149.000
519.129	15281.000
519.319	15338.000
519.509	15548.000
519.698	15673.000
519.888	15738.000
520.078	15870.000
520.267	15924.000
520.457	15874.000
520.647	15885.000
520.837	15972.000
521.026	16042.000
521.216	16183.000
521.406	16244.000
521.596	16273.000
521.785	16223.000
521.975	16223.000
522.165	16161.000
522.354	16084.000
522.544	16001.000
522.734	16083.000
522.924	15974.000
523.113	15852.000
523.303	16042.000
523.493	16086.000
523.683	16259.000
523.872	16584.000
524.062	16631.000
524.252	16463.000
524.441	16369.000
524.631	16494.000
524.821	16540.000
525.011	16398.000
525.200	16480.000
525.390	16504.000
525.580	16501.000
525.769	16403.000
525.959	16268.000
526.149	16025.000
526.339	15641.000
526.528	15473.000
526.718	15496.000
526.908	15386.000
527.098	15369.000
527.287	15566.000
527.477	15797.000
527.667	15791.000
527.856	15741.000
528.046	15781.000
528.236	16005.000
528.426	16267.000
528.615	16339.000
528.805	16442.000
528.995	16444.000
529.185	16482.000
529.374	16495.000
529.564	16342.000
529.754	16278.000
529.943	16504.000
530.133	16572.000
530.323	16598.000
530.513	16573.000
530.702	16393.000
530.892	16491.000
531.082	16421.000
531.271	16296.000
531.461	16228.000
531.651	16063.000
531.841	16033.000
532.030	15934.000
532.220	15828.000
532.410	15487.000
532.600	15302.000
532.789	15318.000
532.979	15313.000
533.169	15462.000
533.358	15488.000
533.548	15505.000
533.738	15449.000
533.928	15308.000
534.117	15307.000
534.307	15408.000
534.497	15348.000
534.687	15389.000
534.876	15590.000
535.066	15521.000
535.256	15588.000
535.445	15612.000
535.635	15609.000
535.825	15275.000
536.015	15217.000
536.204	15097.000
536.394	14949.000
536.584	14838.000
536.773	14755.000
536.963	14763.000
537.153	14770.000
537.343	14803.000
537.532	14836.000
537.722	14855.000
537.912	14890.000
538.102	14935.000
538.291	14790.000
538.481	14721.000
538.671	14752.000
538.860	14780.000
539.050	14571.000
539.240	14355.000
539.430	14304.000
539.619	14202.000
539.809	14124.000
539.999	14028.000
540.189	14080.000
540.378	14195.000
540.568	14171.000
540.758	14219.000
540.947	14260.000
541.137	14346.000
541.327	14279.000
541.517	14287.000
541.706	14330.000
541.896	14338.000
542.086	14249.000
542.276	14243.000
542.465	14122.000
542.655	14225.000
542.845	14251.000
543.034	14214.000
543.224	14456.000
543.414	14447.000
543.604	14307.000
543.793	14238.000
543.983	14274.000
544.173	14219.000
544.362	14214.000
544.552	14266.000
544.742	14387.000
544.932	14321.000
545.121	14307.000
545.311	14320.000
545.501	14089.000
545.691	14156.000
545.880	14217.000
546.070	14316.000
546.264	14176.000
546.459	14049.000
546.653	14095.000
546.847	13951.000
547.041	13976.000
547.236	13984.000
547.430	13989.000
547.624	13988.000
547.818	13981.000
548.013	14040.000
548.207	13990.000
548.401	13900.000
548.596	13971.000
548.790	13964.000
548.984	13945.000
549.178	14009.000
549.373	13823.000
549.567	14000.000
549.761	14044.000
549.956	14051.000
550.150	13855.000
550.344	13861.000
550.538	13901.000
550.733	13941.000
550.927	13873.000
551.121	13806.000
551.315	13803.000
551.510	13871.000
551.704	13808.000
551.898	13739.000
552.093	13699.000
552.287	13607.000
552.481	13555.000
552.675	13624.000
552.870	13627.000
553.064	13616.000
553.258	13521.000
553.453	13566.000
553.647	13708.000
553.841	13828.000
554.035	13898.000
554.230	13829.000
554.424	13741.000
554.618	13823.000
554.812	13706.000
555.007	13525.000
555.201	13551.000
555.395	13683.000
555.590	13619.000
555.784	13539.000
555.978	13470.000
556.172	13365.000
556.367	13281.000
556.561	13372.000
556.755	13436.000
556.949	13416.000
557.144	13404.000
557.338	13389.000
557.532	13319.000
557.727	13244.000
557.921	13027.000
558.115	13061.000
558.309	13130.000
558.504	12918.000
558.698	12921.000
558.892	12991.000
559.087	12953.000
559.281	12909.000
559.475	12897.000
559.669	12981.000
559.864	12928.000
560.058	13161.000
560.252	13263.000
560.446	13285.000
560.641	13199.000
560.835	13281.000
561.029	13217.000
561.224	13259.000
561.418	13265.000
561.612	13127.000
561.806	13051.000
562.001	13129.000
562.195	13231.000
562.389	13176.000
562.584	13172.000
562.778	13262.000
562.972	13335.000
563.166	13161.000
563.361	13070.000
563.555	13010.000
563.749	13075.000
563.943	13065.000
564.138	13179.000
564.332	13112.000
564.526	13108.000
564.721	13063.000
564.915	12928.000
565.109	12824.000
565.303	12822.000
565.498	12883.000
565.692	12767.000
565.886	12815.000
566.081	12881.000
566.275	12768.000
566.469	12824.000
566.663	13044.000
566.858	13034.000
567.052	12942.000
567.246	12861.000
567.440	12706.000
567.635	12718.000
567.829	12737.000
568.023	12719.000
568.218	12837.000
568.412	12636.000
568.606	12570.000
568.800	12619.000
568.995	12661.000
569.189	12650.000
569.383	12505.000
569.577	12442.000
569.772	12379.000
569.966	12404.000
570.160	12263.000
570.355	12125.000
570.549	12150.000
570.743	12252.000
570.937	12297.000
571.132	12409.000
571.326	12427.000
571.520	12289.000
571.715	12344.000
571.909	12527.000
572.103	12542.000
572.297	12527.000
572.492	12632.000
572.686	12604.000
572.880	12482.000
573.074	12443.000
573.269	12446.000
573.463	12427.000
573.657	12392.000
573.852	12288.000
574.046	12231.000
574.240	12198.000
574.434	12206.000
574.629	12105.000
574.823	12034.000
575.017	12149.000
575.212	12153.000
575.406	12029.000
575.600	12031.000
575.794	12021.000
575.989	12063.000
576.183	12094.000
576.377	12059.000
576.571	12001.000
576.766	11867.000
576.960	11904.000
577.159	11976.000
577.357	11930.000
577.556	11757.000
577.755	11786.000
577.953	11721.000
578.152	11649.000
578.350	11697.000
578.549	11645.000
578.748	11626.000
578.946	11605.000
579.145	11636.000
579.344	11612.000
579.542	11729.000
579.741	11918.000
579.940	11879.000
580.138	11730.000
580.337	11763.000
580.535	11890.000
580.734	11992.000
580.933	12077.000
581.131	11977.000
581.330	12033.000
581.529	12149.000
581.727	12387.000
581.926	12427.000
582.125	12412.000
582.323	12503.000
582.522	12537.000
582.721	12449.000
582.919	12545.000
583.118	12722.000
583.316	12841.000
583.515	12767.000
583.714	12767.000
583.912	12763.000
584.111	12720.000
584.310	12753.000
584.508	12644.000
584.707	12698.000
584.906	12559.000
585.104	12707.000
585.303	12726.000
585.501	12609.000
585.700	12567.000
585.899	12612.000
586.097	12655.000
586.296	12661.000
586.495	12586.000
586.693	12634.000
586.892	12583.000
587.091	12516.000
587.289	12434.000
587.488	12438.000
587.686	12372.000
587.885	12152.000
588.084	11978.000
588.282	11804.000
588.481	11493.000
588.680	11353.000
588.878	11215.000
589.077	11219.000
589.276	11145.000
589.474	11198.000
589.673	11320.000
589.871	11491.000
590.070	11695.000
590.269	11664.000
590.467	11566.000
590.666	11693.000
590.865	11667.000
591.063	11638.000
591.262	11720.000
591.461	11815.000
591.659	11788.000
591.858	11800.000
592.056	11873.000
592.255	11831.000
592.454	11847.000
592.652	11855.000
592.851	11929.000
593.050	11861.000
593.248	11814.000
593.447	11864.000
593.646	11703.000
593.844	11721.000
594.043	11648.000
594.241	11593.000
594.440	11722.000
594.639	11718.000
594.837	11602.000
595.036	11593.000
595.235	11653.000
595.433	11763.000
595.632	11749.000
595.831	11820.000
596.029	11985.000
596.228	11853.000
596.427	11749.000
596.625	11837.000
596.824	11773.000
597.022	11709.000
597.221	11807.000
597.420	11800.000
597.618	11813.000
597.817	11819.000
598.016	11888.000
598.214	11771.000
598.413	11755.000
598.612	11765.000
598.810	11637.000
599.009	11727.000
599.207	11771.000
599.406	11797.000
599.605	11818.000
599.803	11866.000
600.002	11905.000
600.201	11743.000
600.399	11694.000
600.598	11703.000
600.797	11790.000
600.995	11699.000
601.194	11619.000
601.392	11683.000
601.591	11673.000
601.790	11586.000
601.988	11559.000
602.187	11533.000
602.386	11746.000
602.584	11792.000
602.783	11787.000
602.982	11937.000
603.180	11851.000
603.379	11907.000
603.577	11971.000
603.776	12086.000
603.975	11932.000
604.173	11788.000
604.372	11947.000
604.571	11942.000
604.769	12036.000
604.968	11897.000
605.167	11882.000
605.365	11813.000
605.564	11887.000
605.762	11837.000
605.961	11879.000
606.160	11929.000
606.358	11844.000
606.557	11896.000
606.756	11788.000
606.954	11814.000
607.153	11928.000
607.352	11866.000
607.550	11840.000
607.749	11760.000
607.948	11610.000
608.146	11574.000
608.345	11682.000
608.543	11645.000
608.742	11662.000
608.941	11623.000
609.139	11559.000
609.338	11640.000
609.537	11686.000
609.735	11723.000
609.934	11625.000
610.133	11367.000
610.331	11439.000
610.530	11576.000
610.728	11625.000
610.927	11657.000
611.126	11507.000
611.324	11504.000
611.523	11436.000
611.722	11364.000
611.920	11341.000
612.119	11443.000
612.318	11471.000
612.516	11513.000
612.715	11381.000
612.913	11251.000
613.112	11308.000
613.311	11376.000
613.509	11240.000
613.708	11258.000
613.907	11280.000
614.105	11252.000
614.304	11229.000
614.503	11364.000
614.701	11426.000
614.900	11387.000
615.098	11239.000
615.297	11233.000
615.496	11257.000
615.694	11204.000
615.893	11107.000
616.092	10995.000
616.290	10958.000
616.489	11078.000
616.688	10981.000
616.886	10972.000
617.085	11055.000
617.283	11057.000
617.482	10978.000
617.681	11058.000
617.879	11154.000
618.078	11206.000
618.277	11257.000
618.475	11159.000
618.674	11149.000
618.873	11195.000
619.071	11069.000
619.270	11086.000
619.468	11189.000
619.667	11160.000
619.866	11140.000
620.064	11119.000
620.263	11361.000
620.462	11364.000
620.660	11268.000
620.859	11096.000
621.058	11057.000
621.256	11173.000
621.455	11213.000
621.654	11137.000
621.852	11121.000
622.051	10976.000
622.249	10814.000
622.448	10871.000
622.647	10960.000
622.845	10984.000
623.044	10954.000
623.243	10922.000
623.441	10927.000
623.640	10933.000
623.839	10949.000
624.037	10895.000
624.236	10930.000
624.434	10829.000
624.633	10689.000
624.832	10702.000
625.030	10602.000
625.229	10565.000
625.428	10652.000
625.626	10587.000
625.825	10527.000
626.024	10596.000
626.222	10595.000
626.421	10639.000
626.619	10666.000
626.818	10533.000
627.017	10450.000
627.215	10466.000
627.414	10475.000
627.613	10433.000
627.811	10497.000
628.010	10435.000
628.209	10456.000
628.407	10447.000
628.606	10371.000
628.804	10441.000
629.003	10388.000
629.202	10348.000
629.400	10320.000
629.599	10342.000
629.798	10321.000
629.996	10205.000
630.195	10251.000
630.394	10388.000
630.592	10313.000
630.791	10255.000
630.990	10246.000
631.188	10309.000
631.387	10275.000
631.585	10236.000
631.784	10256.000
631.983	10237.000
632.181	10260.000
632.380	10359.000
632.579	10393.000
632.777	10393.000
632.976	10419.000
633.175	10232.000
633.373	10168.000
633.572	10309.000
633.770	10326.000
633.969	10400.000
634.168	10349.000
634.366	10379.000
634.565	10430.000
634.764	10418.000
634.962	10439.000
635.161	10367.000
635.360	10472.000
635.558	10357.000
635.757	10337.000
635.955	10305.000
636.154	10289.000
636.353	10298.000
636.551	10241.000
636.750	10309.000
636.949	10448.000
637.147	10493.000
637.346	10464.000
637.545	10575.000
637.743	10531.000
637.942	10496.000
638.140	10552.000
638.339	10502.000
638.538	10514.000
638.736	10590.000
638.935	10487.000
639.134	10450.000
639.332	10433.000
639.531	10393.000
639.730	10284.000
639.928	10272.000
640.127	10324.000
640.325	10472.000
640.524	10249.000
640.723	10249.000
640.921	10282.000
641.120	10277.000
641.319	10190.000
641.517	10231.000
641.716	10263.000
641.915	10224.000
642.113	10323.000
642.312	10349.000
642.510	10306.000
642.709	10303.000
642.908	10328.000
643.106	10284.000
643.305	10206.000
643.504	10262.000
643.702	10253.000
643.901	10355.000
644.100	10343.000
644.298	10327.000
644.497	10377.000
644.696	10344.000
644.894	10447.000
645.093	10295.000
645.291	10285.000
645.490	10244.000
645.689	10218.000
645.887	10242.000
646.086	10160.000
646.285	10162.000
646.483	10110.000
646.682	10009.000
646.881	10012.000
647.079	10042.000
647.278	9963.000
647.476	9921.000
647.675	10022.000
647.874	9950.000
648.072	9971.000
648.271	10020.000
648.470	9977.000
648.668	9915.000
648.867	9808.000
649.066	9633.000
649.264	9715.000
649.463	9835.000
649.661	9886.000
649.860	9910.000
650.059	9885.000
650.257	9925.000
650.456	9980.000
650.655	10098.000
650.853	9977.000
651.052	10021.000
651.251	10094.000
651.449	10026.000
651.648	9997.000
651.846	10035.000
652.045	10179.000
652.244	10187.000
652.442	10053.000
652.641	10130.000
652.840	10124.000
653.038	10034.000
653.237	10103.000
653.436	10100.000
653.634	10061.000
653.833	10131.000
654.032	10083.000
654.230	10093.000
654.429	10032.000
654.627	9921.000
654.826	9898.000
655.025	9849.000
655.223	9795.000
655.422	9557.000
655.621	9370.000
655.819	9193.000
656.018	9046.000
656.217	8817.000
656.415	8930.000
656.614	9131.000
656.812	9239.000
657.011	9263.000
657.210	9357.000
657.408	9526.000
657.607	9503.000
657.806	9679.000
658.004	9831.000
658.203	9936.000
658.402	9944.000
658.600	9945.000
658.799	9945.000
658.997	10009.000
659.196	9994.000
659.395	10027.000
659.593	10201.000
659.792	10173.000
659.991	10157.000
660.189	10286.000
660.388	10230.000
660.587	10235.000
660.785	10347.000
660.984	10329.000
661.182	10171.000
661.381	10332.000
661.580	10433.000
661.778	10373.000
661.977	10271.000
662.176	10264.000
662.374	10279.000
662.573	10216.000
662.772	10301.000
662.970	10384.000
663.169	10424.000
663.367	10219.000
663.566	10213.000
663.765	10221.000
663.963	10198.000
664.162	10111.000
664.361	10117.000
664.559	10161.000
664.758	10145.000
664.957	10231.000
665.155	10282.000
665.354	10193.000
665.552	10222.000
665.751	10241.000
665.950	10258.000
666.148	10206.000
666.347	10268.000
666.546	10313.000
666.744	10169.000
666.943	10279.000
667.142	10313.000
667.340	10171.000
667.539	10069.000
667.738	10072.000
667.936	10302.000
668.135	10231.000
668.333	10110.000
668.532	10126.000
668.731	10188.000
668.929	10079.000
669.128	10155.000
669.327	10107.000
669.525	10024.000
669.724	9990.000
669.923	10093.000
670.121	10088.000
670.320	10003.000
670.518	10135.000
670.717	10074.000
670.916	9973.000
671.114	9934.000
671.313	9950.000
671.512	9922.000
671.710	9887.000
671.909	9926.000
672.108	9866.000
672.306	9947.000
672.505	9855.000
672.703	9855.000
672.902	9902.000
673.101	9937.000
673.299	9898.000
673.498	9936.000
673.697	9770.000
673.895	9690.000
674.094	9765.000
674.293	9889.000
674.491	9864.000
674.690	9799.000
674.888	9720.000
675.087	9770.000
675.286	9912.000
675.484	9828.000
675.683	9818.000
675.882	9860.000
676.080	9747.000
676.279	9636.000
676.478	9565.000
676.676	9602.000
676.875	9750.000
677.073	9792.000
677.272	9773.000
677.471	9666.000
677.669	9538.000
677.868	9562.000
678.067	9613.000
678.265	9474.000
678.464	9548.000
678.663	9658.000
678.861	9571.000
679.060	9480.000
679.259	9496.000
679.457	9511.000
679.656	9578.000
679.854	9600.000
680.053	9557.000
680.252	9543.000
680.450	9518.000
680.649	9442.000
680.848	9450.000
681.046	9422.000
681.245	9400.000
681.444	9420.000
681.642	9476.000
681.841	9466.000
682.039	9444.000
682.238	9469.000
682.437	9380.000
682.635	9389.000
682.834	9399.000
683.033	9371.000
683.231	9251.000
683.430	9198.000
683.629	9166.000
683.827	9161.000
684.026	9285.000
684.224	9257.000
684.423	9166.000
684.622	9232.000
684.820	9201.000
685.019	9065.000
685.218	9059.000
685.416	8946.000
685.615	8854.000
685.814	8617.000
686.012	8420.000
686.211	8094.000
686.409	7952.000
686.608	7662.000
686.807	7589.000
687.005	7700.000
687.204	7601.000
687.403	7603.000
687.601	7708.000
687.800	7669.000
687.999	7656.000
688.197	7700.000
688.396	7658.000
688.594	7594.000
688.793	7575.000
688.992	7625.000
689.190	7586.000
689.389	7740.000
689.588	7951.000
689.786	7957.000
689.985	7882.000
690.184	7901.000
690.382	8032.000
690.581	8112.000
690.779	8174.000
690.978	8094.000
691.177	8071.000
691.375	8102.000
691.574	8167.000
691.773	8226.000
691.971	8217.000
692.170	8171.000
692.369	8139.000
692.567	8125.000
692.766	8110.000
692.965	8049.000
693.163	8046.000
693.362	8044.000
693.560	8007.000
693.759	8034.000
693.958	8066.000
694.156	7994.000
694.355	8058.000
694.554	8138.000
694.752	8130.000
694.951	8136.000
695.150	8088.000
695.348	8134.000
695.547	8162.000
695.745	8215.000
695.944	8271.000
696.143	8289.000
696.341	8299.000
696.540	8241.000
696.743	8237.000
696.946	8251.000
697.149	8363.000
697.352	8381.000
697.555	8350.000
697.757	8320.000
697.960	8252.000
698.163	8267.000
698.366	8233.000
698.569	8239.000
698.772	8191.000
698.975	8193.000
699.178	8177.000
699.381	8133.000
699.584	8184.000
699.787	8164.000
699.989	8106.000
700.192	7997.000
700.395	8020.000
700.598	7971.000
700.801	7903.000
701.004	7920.000
701.207	7914.000
701.410	7928.000
701.613	7992.000
701.816	8019.000
702.019	8031.000
702.221	7961.000
702.424	7923.000
702.627	7954.000
702.830	7956.000
703.033	7923.000
703.236	8009.000
703.439	8100.000
703.642	8024.000
703.845	8078.000
704.048	8195.000
704.251	8188.000
704.453	8059.000
704.656	8038.000
704.859	7993.000
705.062	8051.000
705.265	8183.000
705.468	8195.000
705.671	8178.000
705.874	8135.000
706.077	8173.000
706.280	8097.000
706.483	8100.000
706.685	8269.000
706.888	8219.000
707.091	8077.000
707.294	8086.000
707.497	8211.000
707.700	8148.000
707.903	8093.000
708.106	7978.000
708.309	8036.000
708.512	8068.000
708.715	8153.000
708.917	8029.000
709.120	8038.000
709.323	8153.000
709.526	8173.000
709.729	8099.000
709.932	8122.000
710.135	8157.000
710.338	8067.000
710.541	8014.000
710.744	8033.000
710.947	8133.000
711.149	8080.000
711.352	7967.000
711.555	8052.000
711.758	7962.000
711.961	7807.000
712.164	7818.000
712.367	7917.000
712.570	7781.000
712.773	7821.000
712.976	8011.000
713.179	7931.000
713.381	7932.000
713.584	7874.000
713.787	7845.000
713.990	7764.000
714.193	7684.000
714.396	7618.000
714.599	7682.000
714.802	7750.000
715.005	7652.000
715.208	7493.000
715.411	7379.000
715.613	7319.000
715.816	7142.000
716.019	7059.000
716.222	6960.000
716.425	6782.000
716.628	6597.000
716.831	6485.000
717.034	6416.000
717.237	6382.000
717.440	6167.000
717.643	6033.000
717.845	5977.000
718.048	5806.000
718.251	5641.000
718.454	5670.000
718.657	5658.000
718.860	5660.000
719.063	5732.000
719.266	5753.000
719.469	5554.000
719.672	5463.000
719.875	5643.000
720.077	5860.000
720.280	5843.000
720.483	6072.000
720.686	6339.000
720.889	6342.000
721.092	6351.000
721.295	6417.000
721.498	6402.000
721.701	6463.000
721.904	6367.000
722.107	6284.000
722.309	6327.000
722.512	6209.000
722.715	6154.000
722.918	6129.000
723.121	6109.000
723.324	6030.000
723.527	5953.000
723.730	5939.000
723.933	6007.000
724.136	6021.000
724.339	5941.000
724.541	5765.000
724.744	5727.000
724.947	5735.000
725.150	5839.000
725.353	5865.000
725.556	5843.000
725.759	5798.000
725.962	5720.000
726.165	5723.000
726.368	5660.000
726.571	5681.000
726.773	5650.000
726.976	5651.000
727.179	5648.000
727.382	5707.000
727.585	5767.000
727.788	5756.000
727.991	5709.000
728.194	5737.000
728.397	5677.000
728.600	5603.000
728.803	5673.000
729.005	5738.000
729.208	5699.000
729.411	5727.000
729.614	5774.000
729.817	5766.000
730.020	5690.000
730.223	5681.000
730.426	5754.000
730.629	5752.000
730.832	5742.000
731.035	5805.000
731.237	5905.000
731.440	5941.000
731.643	5874.000
731.846	6000.000
732.049	5998.000
732.252	6001.000
732.455	6032.000
732.658	6011.000
732.861	6045.000
733.064	6211.000
733.267	6239.000
733.469	6204.000
733.672	6235.000
733.875	6213.000
734.078	6076.000
734.281	6092.000
734.484	6240.000
734.687	6330.000
734.890	6228.000
735.093	6096.000
735.296	6087.000
735.499	6166.000
735.701	6124.000
735.904	6103.000
736.107	6145.000
736.310	6082.000
736.513	6108.000
736.716	6186.000
736.919	6233.000
737.122	6128.000
737.325	6050.000
737.528	6110.000
737.731	6094.000
737.933	6072.000
738.136	6064.000
738.339	6055.000
738.542	5995.000
738.745	6048.000
738.948	6118.000
739.151	5989.000
739.354	5999.000
739.557	6009.000
739.760	5941.000
739.963	6016.000
740.165	5943.000
740.368	5918.000
740.571	5956.000
740.774	5881.000
740.977	5956.000
741.180	5979.000
741.383	5892.000
741.586	5849.000
741.789	5925.000
741.992	5940.000
742.195	5905.000
742.397	5927.000
742.600	5914.000
742.803	5960.000
743.006	5982.000
743.209	5947.000
743.412	5972.000
743.615	5918.000
743.818	5853.000
744.021	5748.000
744.224	5846.000
744.427	5960.000
744.629	5938.000
744.832	5860.000
745.035	5874.000
745.238	5924.000
745.441	5851.000
745.644	5829.000
745.847	5848.000
746.050	5835.000
746.253	5811.000
746.456	5805.000
746.659	5762.000
746.861	5755.000
747.064	5808.000
747.267	5855.000
747.470	5861.000
747.673	5864.000
747.876	5756.000
748.079	5843.000
748.282	5801.000
748.485	5770.000
748.688	5839.000
748.891	5729.000
749.093	5676.000
749.296	5681.000
749.499	5608.000
749.702	5634.000
749.905	5643.000
750.108	5545.000
750.311	5534.000
750.514	5625.000
750.717	5594.000
750.920	5590.000
751.123	5553.000
751.325	5518.000
751.528	5564.000
751.731	5538.000
751.934	5570.000
752.137	5550.000
752.340	5549.000
752.543	5453.000
752.746	5513.000
752.949	5500.000
753.152	5514.000
753.355	5476.000
753.557	5399.000
753.760	5356.000
753.963	5436.000
754.166	5427.000
754.369	5350.000
754.572	5430.000
754.775	5372.000
754.978	5330.000
755.181	5253.000
755.384	5258.000
755.587	5355.000
755.789	5353.000
755.992	5268.000
756.195	5210.000
756.398	5255.000
756.601	5321.000
756.804	5327.000
757.007	5373.000
757.210	5258.000
757.413	5168.000
757.616	5165.000
757.819	5043.000
758.021	4830.000
758.224	4631.000
758.427	4389.000
758.630	4076.000
758.833	3836.000
759.036	3435.000
759.239	3060.000
759.442	2766.000
759.645	2584.000
759.848	2444.000
760.051	2349.000
760.253	2418.000
760.456	2470.000
760.659	2515.000
760.862	2499.000
761.065	2445.000
761.268	2436.000
761.471	2352.000
761.674	2265.000
761.877	2280.000
762.080	2229.000
762.283	2193.000
762.485	2293.000
762.688	2392.000
762.891	2509.000
763.094	2506.000
763.297	2536.000
763.500	2615.000
763.706	2683.000
763.912	2768.000
764.118	2827.000
764.325	2947.000
764.531	3027.000
764.737	3055.000
764.943	3180.000
765.149	3252.000
765.355	3274.000
765.561	3446.000
765.768	3556.000
765.974	3614.000
766.180	3717.000
766.386	3887.000
766.592	3967.000
766.798	4059.000
767.004	4120.000
767.210	4044.000
767.417	4080.000
767.623	4183.000
767.829	4251.000
768.035	4261.000
768.241	4385.000
768.447	4437.000
768.653	4395.000
768.860	4409.000
769.066	4439.000
769.272	4436.000
769.478	4413.000
769.684	4488.000
769.890	4563.000
770.096	4549.000
770.303	4470.000
770.509	4535.000
770.715	4473.000
770.921	4435.000
771.127	4477.000
771.333	4487.000
771.539	4436.000
771.745	4452.000
771.952	4538.000
772.158	4518.000
772.364	4527.000
772.570	4507.000
772.776	4490.000
772.982	4569.000
773.188	4541.000
773.395	4440.000
773.601	4369.000
773.807	4361.000
774.013	4421.000
774.219	4505.000
774.425	4440.000
774.631	4405.000
774.838	4378.000
775.044	4353.000
775.250	4470.000
775.456	4523.000
775.662	4392.000
775.868	4410.000
776.074	4370.000
776.281	4357.000
776.487	4357.000
776.693	4265.000
776.899	4304.000
777.105	4355.000
777.311	4354.000
777.517	4392.000
777.723	4321.000
777.930	4285.000
778.136	4271.000
778.342	4263.000
778.548	4295.000
778.754	4308.000
778.960	4318.000
779.166	4250.000
779.373	4177.000
779.579	4228.000
779.785	4202.000
779.991	4166.000
780.197	4265.000
780.403	4265.000
780.609	4228.000
780.816	4266.000
781.022	4228.000
781.228	4143.000
781.434	4209.000
781.640	4215.000
781.846	4178.000
782.052	4124.000
782.259	3993.000
782.465	4123.000
782.671	4097.000
782.877	4112.000
783.083	4110.000
783.289	4098.000
783.495	4101.000
783.701	4001.000
783.908	3980.000
784.114	4049.000
784.320	4045.000
784.526	3942.000
784.732	3967.000
784.938	4020.000
785.144	4009.000
785.351	3988.000
785.557	3919.000
785.763	3897.000
785.969	3876.000
786.175	3915.000
786.381	3878.000
786.587	3807.000
786.794	3701.000
787.000	3758.000
787.206	3838.000
787.412	3801.000
787.618	3681.000
787.824	3757.000
788.030	3802.000
788.236	3757.000
788.443	3794.000
788.649	3799.000
788.855	3699.000
789.061	3656.000
789.267	3683.000
789.473	3655.000
789.679	3636.000
789.886	3561.000
790.092	3633.000
790.298	3616.000
790.504	3588.000
790.710	3567.000
790.916	3602.000
791.122	3568.000
791.329	3561.000
791.535	3539.000
791.741	3531.000
791.947	3621.000
792.153	3596.000
792.359	3486.000
792.565	3457.000
792.771	3486.000
792.978	3477.000
793.184	3402.000
793.390	3469.000
793.596	3445.000
793.802	3500.000
794.008	3488.000
794.214	3453.000
794.421	3489.000
794.627	3463.000
794.833	3338.000
795.039	3382.000
795.245	3383.000
795.451	3349.000
795.657	3339.000
795.864	3340.000
796.070	3358.000
796.276	3375.000
796.482	3353.000
796.688	3364.000
796.894	3441.000
797.100	3443.000
797.307	3348.000
797.513	3368.000
797.719	3324.000
797.925	3264.000
798.131	3295.000
798.337	3205.000
798.543	3242.000
798.749	3297.000
798.956	3315.000
799.162	3260.000
799.368	3219.000
799.574	3227.000
799.780	3211.000
799.986	3192.000
800.192	3220.000
800.399	3241.000
800.605	3194.000
800.811	3187.000
801.017	3185.000
801.223	3167.000
801.429	3154.000
801.635	3161.000
801.842	3078.000
802.048	3037.000
802.254	3130.000
802.460	3103.000
802.666	3008.000
802.872	3062.000
803.078	3095.000
803.285	3029.000
803.491	2968.000
803.697	2993.000
803.903	3002.000
804.109	2978.000
804.315	3064.000
804.521	3038.000
804.727	3008.000
804.934	3037.000
805.140	3073.000
805.346	3036.000
805.552	2988.000
805.758	3049.000
805.964	2991.000
806.170	2910.000
806.377	2970.000
806.583	2985.000
806.789	2988.000
806.995	3028.000
807.201	2928.000
807.407	2924.000
807.613	2885.000
807.820	2972.000
808.026	3000.000
808.232	2963.000
808.438	2878.000
808.644	2836.000
808.850	2810.000
809.056	2854.000
809.262	2915.000
809.469	2906.000
809.675	2850.000
809.881	2778.000
810.087	2818.000
810.293	2838.000
810.499	2811.000
810.705	2673.000
810.912	2761.000
811.118	2815.000
811.324	2745.000
811.530	2663.000
811.739	2618.000
811.947	2568.000
812.156	2587.000
812.365	2561.000
812.573	2573.000
812.782	2524.000
812.990	2445.000
813.199	2447.000
813.408	2443.000
813.616	2427.000
813.825	2334.000
814.034	2319.000
814.242	2340.000
814.451	2277.000
814.659	2218.000
814.868	2196.000
815.077	2162.000
815.285	2124.000
815.494	2060.000
815.703	2059.000
815.911	2108.000
816.120	2168.000
816.329	2129.000
816.537	2101.000
816.746	2108.000
816.954	2103.000
817.163	2063.000
817.372	2081.000
817.580	2050.000
817.789	2067.000
817.998	2119.000
818.206	2115.000
818.415	2130.000
818.624	2111.000
818.832	2027.000
819.041	2037.000
819.249	2072.000
819.458	2140.000
819.667	2127.000
819.875	2163.000
820.084	2180.000
820.293	2161.000
820.501	2166.000
820.710	2165.000
820.919	2160.000
821.127	2155.000
821.336	2004.000
821.544	1953.000
821.753	1995.000
821.962	1952.000
822.170	1921.000
822.379	1915.000
822.588	1891.000
822.796	1943.000
823.005	1999.000
823.213	2064.000
823.422	2112.000
823.631	2084.000
823.839	2052.000
824.048	2035.000
824.257	2105.000
824.465	2101.000
824.674	2102.000
824.883	2069.000
825.091	2069.000
825.300	2051.000
825.508	2105.000
825.717	2103.000
825.926	2080.000
826.134	2167.000
826.343	2129.000
826.552	2071.000
826.760	2047.000
826.969	2037.000
827.178	2054.000
827.386	2026.000
827.595	2052.000
827.803	2001.000
828.012	1974.000
828.221	1992.000
828.429	1990.000
828.638	1998.000
828.847	1977.000
829.055	1985.000
829.264	2053.000
829.472	1972.000
829.681	1950.000
829.890	1957.000
830.098	1901.000
830.307	1955.000
830.516	1918.000
830.724	1904.000
830.933	1953.000
831.142	1964.000
831.350	1951.000
831.559	1900.000
831.767	1944.000
831.976	1920.000
832.185	1974.000
832.393	2004.000
832.602	1986.000
832.811	1914.000
833.019	1955.000
833.228	1954.000
833.437	1974.000
833.645	1953.000
833.854	1907.000
834.062	1933.000
834.271	2013.000
834.480	2071.000
834.688	2045.000
834.897	1999.000
835.106	1980.000
835.314	2044.000
835.523	1993.000
835.731	2014.000
835.940	2007.000
836.149	1898.000
836.357	1905.000
836.566	1992.000
836.775	2018.000
836.983	2009.000
837.192	1958.000
837.401	1937.000
837.609	1977.000
837.818	2012.000
838.026	1989.000
838.235	1998.000
838.444	2008.000
838.652	1936.000
838.861	1952.000
839.070	1989.000
839.278	2012.000
839.487	1961.000
839.696	1932.000
839.904	1900.000
840.113	1944.000
840.321	1965.000
840.530	1974.000
840.739	1985.000
840.947	1957.000
841.156	1955.000
841.365	1925.000
841.573	1962.000
841.782	1906.000
841.991	1945.000
842.199	1948.000
842.408	1965.000
842.616	1922.000
842.825	1977.000
843.034	2007.000
843.242	1994.000
843.451	1909.000
843.660	1873.000
843.868	1872.000
844.077	1801.000
844.285	1841.000
844.494	1883.000
844.703	1878.000
844.911	1911.000
845.120	1918.000
845.329	1875.000
845.537	1872.000
845.746	1896.000
845.955	1832.000
846.163	1827.000
846.372	1891.000
846.580	1822.000
846.789	1810.000
846.998	1807.000
847.206	1755.000
847.415	1842.000
847.624	1913.000
847.832	1951.000
848.041	1787.000
848.250	1721.000
848.458	1768.000
848.667	1738.000
848.875	1691.000
849.084	1701.000
849.293	1726.000
849.501	1685.000
849.710	1662.000
849.919	1698.000
850.127	1731.000
850.336	1730.000
850.544	1696.000
850.753	1706.000
850.962	1709.000
851.170	1681.000
851.379	1647.000
851.588	1640.000
851.796	1671.000
852.005	1673.000
852.214	1649.000
852.422	1682.000
852.631	1653.000
852.839	1596.000
853.048	1542.000
853.257	1525.000
853.465	1473.000
853.674	1451.000
853.883	1505.000
854.091	1515.000
854.300	1549.000
854.509	1542.000
854.717	1550.000
854.926	1538.000
855.134	1552.000
855.343	1550.000
855.552	1554.000
855.760	1530.000
855.969	1561.000
856.178	1544.000
856.386	1587.000
856.595	1617.000
856.803	1618.000
857.012	1664.000
857.221	1623.000
857.429	1576.000
857.638	1589.000
857.847	1621.000
858.055	1582.000
858.264	1546.000
858.473	1585.000
858.681	1620.000
858.890	1582.000
859.098	1531.000
859.307	1546.000
859.516	1588.000
859.724	1519.000
859.933	1504.000
860.142	1512.000
860.350	1482.000
860.559	1509.000
860.768	1511.000
860.976	1575.000
861.185	1551.000
861.393	1496.000
861.602	1446.000
861.811	1458.000
862.019	1444.000
862.228	1405.000
862.437	1437.000
862.645	1502.000
862.854	1513.000
863.062	1496.000
863.271	1506.000
863.480	1488.000
863.688	1498.000
863.897	1499.000
864.106	1443.000
864.314	1324.000
864.523	1328.000
864.732	1365.000
864.940	1360.000
865.149	1329.000
865.357	1262.000
865.566	1214.000
865.775	1214.000
865.983	1267.000
866.192	1286.000
866.401	1285.000
866.609	1326.000
866.818	1298.000
867.027	1316.000
867.235	1331.000
867.444	1305.000
867.652	1291.000
867.861	1245.000
868.070	1221.000
868.278	1275.000
868.487	1305.000
868.696	1320.000
868.904	1267.000
869.113	1234.000
869.321	1316.000
869.530	1330.000
869.739	1294.000
869.947	1218.000
870.156	1202.000
870.365	1208.000
870.573	1283.000
870.782	1317.000
870.991	1254.000
871.199	1257.000
871.408	1232.000
871.616	1256.000
871.825	1284.000
872.034	1274.000
872.242	1241.000
872.451	1219.000
872.660	1213.000
872.868	1200.000
873.077	1202.000
873.286	1235.000
873.494	1249.000
873.703	1183.000
873.911	1133.000
874.120	1164.000
874.329	1201.000
874.537	1111.000
874.746	1115.000
874.955	1133.000
875.163	1178.000
875.372	1111.000
875.581	1109.000
875.789	1081.000
875.998	1092.000
876.206	1100.000
876.415	1118.000
876.624	1121.000
876.832	1133.000
877.041	1107.000
877.250	1077.000
877.458	1072.000
877.667	1102.000
877.875	1080.000
878.084	1121.000
878.293	1121.000
878.501	1110.000
878.710	1091.000
878.919	1049.000
879.127	1032.000
879.336	1070.000
879.545	1069.000
879.753	1052.000
879.962	1013.000
880.170	1018.000
880.379	1045.000
880.588	1059.000
880.796	1052.000
881.005	1058.000
881.214	1071.000
881.422	1094.000
881.631	1101.000
881.840	1050.000
882.048	1051.000
882.257	1078.000
882.465	1053.000
882.674	1035.000
882.883	1078.000
883.091	1015.000
883.300	1019.000
883.509	1001.000
883.717	1000.000
883.926	986.000
884.134	1000.000
884.343	1033.000
884.552	1033.000
884.760	986.000
884.969	1026.000
885.178	1020.000
885.386	984.000
885.595	940.000
885.804	1029.000
886.012	998.000
886.221	924.000
886.429	938.000
886.638	939.000
886.847	941.000
887.055	928.000
887.264	948.000
887.473	977.000
887.681	963.000
887.890	923.000
888.099	873.000
888.307	924.000
888.516	996.000
888.724	961.000
888.933	927.000
889.142	951.000
889.350	885.000
889.559	912.000
889.768	906.000
889.976	887.000
890.185	851.000
890.393	885.000
890.602	903.000
890.811	905.000
891.019	908.000
891.228	898.000
891.437	893.000
891.645	882.000
891.854	867.000
892.063	882.000
892.271	909.000
892.480	898.000
892.688	850.000
892.897	862.000
893.106	849.000
893.314	875.000
893.523	816.000
893.732	804.000
893.940	818.000
894.149	751.000
894.358	726.000
894.566	736.000
894.775	762.000
894.983	743.000
895.192	765.000
895.401	810.000
895.609	732.000
895.818	743.000
896.027	668.000
896.235	684.000
896.444	720.000
896.652	615.000
896.861	677.000
897.070	745.000
897.278	714.000
897.487	675.000
897.696	678.000
897.904	639.000
898.113	606.000
898.322	590.000
898.530	613.000
898.739	614.000
898.947	663.000
899.156	672.000
899.365	659.000
899.573	634.000
899.782	613.000
899.991	572.000
900.199	579.000
900.408	600.000
900.617	624.000
900.825	569.000
901.034	589.000
901.242	612.000
901.451	615.000
901.660	619.000
901.868	635.000
902.077	623.000
902.286	629.000
902.494	685.000
902.703	685.000
902.911	707.000
903.120	742.000
903.329	753.000
903.537	759.000
903.746	673.000
903.955	668.000
904.163	666.000
904.372	705.000
904.581	724.000
904.789	692.000
904.998	687.000
905.206	695.000
905.415	663.000
905.624	657.000
905.832	670.000
906.041	638.000
906.250	643.000
906.458	601.000
906.667	594.000
906.876	546.000
907.084	562.000
907.293	617.000
907.501	633.000
907.710	588.000
907.919	548.000
908.127	536.000
908.336	512.000
908.545	534.000
908.753	552.000
908.962	520.000
909.170	560.000
909.379	534.000
909.588	568.000
909.796	580.000
910.005	544.000
910.214	555.000
910.422	536.000
910.631	556.000
910.840	572.000
911.048	596.000
911.257	629.000
911.465	588.000
911.674	543.000
911.883	548.000
912.091	536.000
912.300	535.000
912.508	515.000
912.716	484.000
912.924	473.000
913.132	501.000
913.340	479.000
913.549	526.000
913.757	537.000
913.965	519.000
914.173	506.000
914.381	488.000
914.589	495.000
914.797	513.000
915.005	519.000
915.213	524.000
915.421	530.000
915.629	583.000
915.838	572.000
916.046	545.000
916.254	475.000
916.462	463.000
916.670	454.000
916.878	450.000
917.086	489.000
917.294	548.000
917.502	524.000
917.710	486.000
917.919	495.000
918.127	488.000
918.335	486.000
918.543	453.000
918.751	475.000
918.959	505.000
919.167	545.000
919.375	556.000
919.583	558.000
919.791	593.000
919.999	573.000
920.208	551.000
920.416	543.000
920.624	505.000
920.832	540.000
921.040	526.000
921.248	489.000
921.456	476.000
921.664	513.000
921.872	461.000
922.080	453.000
922.288	448.000
922.497	490.000
922.705	553.000
922.913	532.000
923.121	500.000
923.329	457.000
923.537	481.000
923.745	466.000
923.953	478.000
924.161	442.000
924.369	432.000
924.578	457.000
924.786	450.000
924.994	447.000
925.202	483.000
925.410	498.000
925.618	533.000
925.826	508.000
926.034	471.000
926.242	448.000
926.450	427.000
926.658	411.000
926.867	402.000
927.075	388.000
927.283	362.000
927.491	374.000
927.699	378.000
927.907	402.000
928.115	378.000
928.323	362.000
928.531	352.000
928.739	342.000
928.947	315.000
929.156	308.000
929.364	348.000
929.572	365.000
929.780	317.000
929.988	272.000
930.196	256.000
930.404	267.000
930.612	291.000
930.820	255.000
931.028	196.000
931.236	215.000
931.445	253.000
931.653	220.000
931.861	181.000
932.069	183.000
932.277	205.000
932.485	221.000
932.693	182.000
932.901	159.000
933.109	144.000
933.317	172.000
933.526	172.000
933.734	160.000
933.942	131.000
934.150	126.000
934.358	166.000
934.566	147.000
934.774	129.000
934.982	141.000
935.190	97.000
935.398	118.000
935.606	110.000
935.815	102.000
936.023	139.000
936.231	143.000
936.439	122.000
936.647	124.000
936.855	103.000
937.063	134.000
937.271	178.000
937.479	157.000
937.687	134.000
937.895	174.000
938.104	166.000
938.312	185.000
938.520	137.000
938.728	137.000
938.936	189.000
939.144	190.000
939.352	182.000
939.560	198.000
939.768	190.000
939.976	209.000
940.185	220.000
940.393	171.000
940.601	172.000
940.809	164.000
941.017	141.000
941.225	135.000
941.433	152.000
941.641	175.000
941.849	194.000
942.057	187.000
942.265	129.000
942.474	108.000
942.682	109.000
942.890	115.000
943.098	119.000
943.306	151.000
943.514	168.000
943.722	156.000
943.930	151.000
944.138	119.000
944.346	126.000
944.554	122.000
944.763	111.000
944.971	104.000
945.179	101.000
945.387	108.000
945.595	115.000
945.803	130.000
946.011	172.000
946.219	177.000
946.427	143.000
946.635	129.000
946.843	95.000
947.052	129.000
947.260	159.000
947.468	145.000
947.676	141.000
947.884	169.000
948.092	143.000
948.300	130.000
948.508	94.000
948.716	52.000
948.924	90.000
949.133	125.000
949.341	103.000
949.549	159.000
949.757	185.000
949.965	195.000
950.173	168.000
950.381	138.000
950.589	132.000
950.797	127.000
951.005	122.000
951.213	102.000
951.422	92.000
951.630	135.000
951.838	159.000
952.046	139.000
952.254	140.000
952.462	146.000
952.670	182.000
952.878	191.000
953.086	131.000
953.294	93.000
953.502	132.000
953.711	146.000
953.919	191.000
954.127	199.000
954.335	158.000
954.543	122.000
954.751	111.000
954.959	112.000
955.167	127.000
955.375	137.000
955.583	171.000
955.792	145.000
956.000	156.000
956.208	156.000
956.416	148.000
956.624	157.000
956.832	136.000
957.040	156.000
957.248	139.000
957.456	155.000
957.664	147.000
957.872	156.000
958.081	199.000
958.289	166.000
958.497	121.000
958.705	153.000
958.913	162.000
959.121	152.000
959.329	108.000
959.537	119.000
959.745	135.000
959.953	134.000
960.161	167.000
960.370	147.000
960.578	110.000
960.786	150.000
960.994	118.000
961.202	97.000
961.410	129.000
961.618	156.000
961.826	165.000
962.034	163.000
962.242	143.000
962.451	106.000
962.659	83.000
962.867	127.000
963.075	145.000
963.283	160.000
963.491	176.000
963.699	137.000
963.907	154.000
964.115	160.000
964.323	161.000
964.531	129.000
964.740	90.000
964.948	110.000
965.156	139.000
965.364	129.000
965.572	159.000
965.780	157.000
965.999	136.000
966.218	154.000
966.438	164.000
966.657	164.000
966.876	172.000
967.095	201.000
967.315	177.000
967.534	118.000
967.753	157.000
967.972	195.000
968.192	162.000
968.411	166.000
968.630	174.000
968.849	167.000
969.068	155.000
969.288	148.000
969.507	165.000
969.726	190.000
969.945	159.000
970.165	146.000
970.384	164.000
970.603	121.000
970.822	129.000
971.042	165.000
971.261	170.000
971.480	163.000
971.699	150.000
971.919	171.000
972.138	156.000
972.357	156.000
972.576	156.000
972.795	151.000
973.015	156.000
973.234	161.000
973.453	107.000
973.672	118.000
973.892	123.000
974.111	142.000
974.330	184.000
974.549	179.000
974.769	193.000
974.988	160.000
975.207	95.000
975.426	92.000
975.646	157.000
975.865	142.000
976.084	110.000
976.303	138.000
976.522	151.000
976.742	129.000
976.961	117.000
977.180	128.000
977.399	143.000
977.619	153.000
977.838	141.000
978.057	155.000
978.276	176.000
978.496	173.000
978.715	161.000
978.934	139.000
979.153	122.000
979.372	117.000
979.592	138.000
979.811	124.000
980.030	131.000
980.249	136.000
980.469	153.000
980.688	150.000
980.907	172.000
981.126	152.000
981.346	143.000
981.565	132.000
981.784	148.000
982.003	126.000
982.223	85.000
982.442	117.000
982.661	163.000
982.880	112.000
983.099	53.000
983.319	123.000
983.538	167.000
983.757	147.000
983.976	165.000
984.196	120.000
984.415	124.000
984.634	141.000
984.853	104.000
985.073	122.000
985.292	170.000
985.511	166.000
985.730	146.000
985.949	95.000
986.169	110.000
986.388	107.000
986.607	122.000
986.826	149.000
987.046	122.000
987.265	92.000
987.484	92.000
987.703	99.000
987.923	107.000
988.142	151.000
988.361	165.000
988.580	116.000
988.800	64.000
989.019	146.000
989.238	135.000
989.457	149.000
989.676	158.000
989.896	124.000
990.115	75.000
990.334	109.000
990.553	104.000
990.773	97.000
990.992	115.000
991.211	101.000
991.430	108.000
991.650	133.000
991.869	141.000
992.088	126.000
992.307	103.000
992.527	87.000
992.746	60.000
992.965	52.000
993.184	89.000
993.403	99.000
993.623	136.000
993.842	132.000
994.061	95.000
994.280	59.000
994.500	85.000
994.719	85.000
994.938	73.000
995.157	98.000
995.377	113.000
995.596	118.000
995.815	101.000
996.034	77.000
996.253	99.000
996.473	102.000
996.692	83.000
996.911	73.000
997.130	75.000
997.350	94.000
997.569	102.000
997.788	135.000
998.007	132.000
998.227	87.000
998.446	82.000
998.665	89.000
998.884	83.000
999.104	86.000
999.323	83.000
999.542	104.000
999.761	120.000
999.980	135.000
1000.200	98.000
1000.419	35.000
1000.638	40.000
1000.857	70.000
1001.077	79.000
1001.296	91.000
1001.515	73.000
1001.734	88.000
1001.954	120.000
1002.173	116.000
1002.392	108.000
1002.611	112.000
1002.830	107.000
1003.050	101.000
1003.269	72.000
1003.488	80.000
1003.707	81.000
1003.927	84.000
1004.146	111.000
1004.365	120.000
1004.584	130.000
1004.804	110.000
1005.023	121.000
1005.242	116.000
1005.461	85.000
1005.681	74.000
1005.900	63.000
1006.119	77.000
1006.338	57.000
1006.557	74.000
1006.777	95.000
1006.996	111.000
1007.215	97.000
1007.434	73.000
1007.654	78.000
1007.873	96.000
1008.092	101.000
1008.311	87.000
1008.531	106.000
1008.750	107.000
1008.969	66.000
1009.188	31.000
1009.407	49.000
1009.627	60.000
1009.846	85.000
1010.065	61.000
1010.284	42.000
1010.504	72.000
1010.723	98.000
1010.942	87.000
1011.161	104.000
1011.381	95.000
1011.600	113.000
1011.819	85.000
1012.038	58.000
1012.258	56.000
1012.477	41.000
1012.696	51.000
1012.915	99.000
1013.134	91.000
1013.354	65.000
1013.573	55.000
1013.792	56.000
1014.011	45.000
1014.231	65.000
1014.450	62.000
1014.669	41.000
1014.888	73.000
1015.108	79.000
1015.327	55.000
1015.546	98.000
1015.765	115.000
1015.984	81.000
1016.204	104.000
1016.423	84.000
1016.642	80.000
1016.861	82.000
1017.081	89.000
1017.300	60.000
1017.519	36.000
