296.912	178.000
297.101	134.000
297.290	113.000
297.479	117.000
297.668	87.000
297.858	130.000
298.047	169.000
298.236	156.000
298.425	106.000
298.614	62.000
298.803	78.000
298.992	119.000
299.181	129.000
299.370	115.000
299.559	166.000
299.748	210.000
299.937	162.000
300.126	176.000
300.315	136.000
300.504	127.000
300.693	118.000
300.882	142.000
301.071	191.000
301.260	128.000
301.449	137.000
301.638	154.000
301.827	151.000
302.016	123.000
302.205	155.000
302.395	106.000
302.584	60.000
302.773	137.000
302.962	147.000
303.151	89.000
303.340	66.000
303.529	69.000
303.718	141.000
303.907	150.000
304.096	145.000
304.285	138.000
304.474	124.000
304.663	144.000
304.852	139.000
305.041	151.000
305.230	149.000
305.419	119.000
305.608	144.000
305.797	127.000
305.986	88.000
306.175	42.000
306.364	46.000
306.553	109.000
306.743	136.000
306.932	101.000
307.121	73.000
307.310	99.000
307.499	125.000
307.688	63.000
307.877	67.000
308.066	80.000
308.255	137.000
308.444	210.000
308.633	164.000
308.822	91.000
309.011	60.000
309.200	126.000
309.389	171.000
309.578	92.000
309.767	90.000
309.956	149.000
310.145	127.000
310.334	73.000
310.523	141.000
310.712	130.000
310.901	65.000
311.091	109.000
311.280	151.000
311.469	146.000
311.658	192.000
311.847	117.000
312.036	67.000
312.225	89.000
312.414	88.000
312.603	78.000
312.792	108.000
312.981	119.000
313.170	90.000
313.349	90.000
313.527	74.000
313.706	69.000
313.884	128.000
314.063	129.000
314.241	163.000
314.420	185.000
314.598	158.000
314.777	105.000
314.955	68.000
315.134	99.000
315.312	103.000
315.491	103.000
315.669	115.000
315.848	95.000
316.027	103.000
316.205	153.000
316.384	102.000
316.562	126.000
316.741	63.000
316.919	90.000
317.098	90.000
317.276	106.000
317.455	149.000
317.633	160.000
317.812	194.000
317.990	143.000
318.169	124.000
318.347	159.000
318.526	174.000
318.705	66.000
318.883	51.000
319.062	88.000
319.240	137.000
319.419	102.000
319.597	119.000
319.776	161.000
319.954	84.000
320.133	46.000
320.311	109.000
320.490	151.000
320.668	135.000
320.847	92.000
321.025	120.000
321.204	166.000
321.382	150.000
321.561	111.000
321.740	129.000
321.918	127.000
322.097	121.000
322.275	106.000
322.454	119.000
322.632	118.000
322.811	118.000
322.989	111.000
323.168	99.000
323.346	98.000
323.525	80.000
323.703	34.000
323.882	2.000
324.060	37.000
324.239	136.000
324.418	137.000
324.596	139.000
324.775	111.000
324.953	88.000
325.132	104.000
325.310	93.000
325.489	58.000
325.667	112.000
325.846	82.000
326.024	108.000
326.203	172.000
326.381	126.000
326.560	165.000
326.738	118.000
326.917	67.000
327.096	94.000
327.274	129.000
327.453	72.000
327.631	80.000
327.810	122.000
327.988	77.000
328.167	108.000
328.345	119.000
328.524	117.000
328.702	69.000
328.881	76.000
329.059	100.000
329.238	69.000
329.416	135.000
329.595	158.000
329.774	127.000
329.952	146.000
330.131	156.000
330.309	149.000
330.488	137.000
330.666	109.000
330.845	73.000
331.023	118.000
331.202	110.000
331.380	59.000
331.559	88.000
331.737	70.000
331.916	38.000
332.094	67.000
332.273	111.000
332.452	114.000
332.630	109.000
332.809	139.000
332.987	110.000
333.166	103.000
333.344	146.000
333.523	126.000
333.701	72.000
333.880	124.000
334.058	107.000
334.237	136.000
334.415	159.000
334.594	143.000
334.772	40.000
334.951	33.000
335.129	63.000
335.308	175.000
335.487	169.000
335.665	166.000
335.844	197.000
336.022	211.000
336.201	136.000
336.379	128.000
336.558	161.000
336.736	163.000
336.915	135.000
337.093	159.000
337.272	114.000
337.450	115.000
337.629	91.000
337.807	84.000
337.986	167.000
338.165	159.000
338.343	145.000
338.522	134.000
338.700	126.000
338.879	62.000
339.057	122.000
339.236	163.000
339.414	87.000
339.593	86.000
339.771	178.000
339.950	195.000
340.128	148.000
340.307	123.000
340.485	111.000
340.664	141.000
340.843	93.000
341.021	123.000
341.200	117.000
341.378	147.000
341.557	196.000
341.735	139.000
341.914	101.000
342.092	175.000
342.271	180.000
342.449	86.000
342.628	29.000
342.806	101.000
342.985	209.000
343.163	197.000
343.342	99.000
343.521	65.000
343.699	105.000
343.878	98.000
344.056	149.000
344.235	154.000
344.413	123.000
344.592	135.000
344.770	123.000
344.949	172.000
345.127	119.000
345.306	169.000
345.484	118.000
345.663	127.000
345.841	164.000
346.020	159.000
346.199	101.000
346.377	66.000
346.556	187.000
346.734	232.000
346.913	118.000
347.091	90.000
347.270	126.000
347.448	114.000
347.627	97.000
347.805	113.000
347.984	102.000
348.162	76.000
348.341	144.000
348.519	190.000
348.698	140.000
348.876	138.000
349.055	102.000
349.234	115.000
349.412	163.000
349.591	130.000
349.769	153.000
349.948	178.000
350.126	173.000
350.305	172.000
350.483	146.000
350.662	86.000
350.840	142.000
351.019	138.000
351.197	127.000
351.376	120.000
351.554	123.000
351.733	115.000
351.912	206.000
352.090	242.000
352.269	197.000
352.447	161.000
352.626	149.000
352.804	150.000
352.983	79.000
353.161	128.000
353.340	132.000
353.518	110.000
353.697	158.000
353.875	161.000
354.054	205.000
354.232	225.000
354.411	185.000
354.590	107.000
354.768	114.000
354.947	82.000
355.125	53.000
355.304	100.000
355.482	114.000
355.661	116.000
355.839	88.000
356.018	82.000
356.196	102.000
356.375	54.000
356.553	114.000
356.732	69.000
356.910	42.000
357.089	163.000
357.268	172.000
357.446	197.000
357.625	172.000
357.803	137.000
357.982	96.000
358.160	89.000
358.339	165.000
358.517	142.000
358.696	128.000
358.874	159.000
359.053	109.000
359.231	58.000
359.410	92.000
359.588	120.000
359.767	183.000
359.945	208.000
360.124	146.000
360.303	97.000
360.481	96.000
360.660	133.000
360.838	144.000
361.017	120.000
361.195	128.000
361.374	168.000
361.552	175.000
361.731	204.000
361.909	182.000
362.088	68.000
362.266	132.000
362.445	120.000
362.623	120.000
362.802	115.000
362.981	104.000
363.159	183.000
363.338	174.000
363.516	162.000
363.695	162.000
363.873	108.000
364.052	82.000
364.230	176.000
364.409	170.000
364.587	138.000
364.766	116.000
364.944	125.000
365.123	169.000
365.301	144.000
365.480	104.000
365.660	78.000
365.839	135.000
366.019	209.000
366.199	141.000
366.379	118.000
366.558	179.000
366.738	221.000
366.918	168.000
367.098	84.000
367.277	81.000
367.457	138.000
367.637	131.000
367.816	134.000
367.996	176.000
368.176	165.000
368.356	167.000
368.535	128.000
368.715	163.000
368.895	185.000
369.075	98.000
369.254	82.000
369.434	208.000
369.614	266.000
369.793	156.000
369.973	192.000
370.153	146.000
370.333	139.000
370.512	130.000
370.692	87.000
370.872	109.000
371.051	138.000
371.231	178.000
371.411	154.000
371.591	142.000
371.770	141.000
371.950	168.000
372.130	100.000
372.310	63.000
372.489	148.000
372.669	196.000
372.849	141.000
373.028	166.000
373.208	140.000
373.388	92.000
373.568	90.000
373.747	134.000
373.927	132.000
374.107	86.000
374.287	108.000
374.466	135.000
374.646	192.000
374.826	189.000
375.005	153.000
375.185	174.000
375.365	232.000
375.545	210.000
375.724	183.000
375.904	184.000
376.084	140.000
376.263	145.000
376.443	165.000
376.623	162.000
376.803	166.000
376.982	146.000
377.162	122.000
377.342	140.000
377.522	218.000
377.701	206.000
377.881	170.000
378.061	196.000
378.240	149.000
378.420	132.000
378.600	154.000
378.780	167.000
378.959	137.000
379.139	138.000
379.319	215.000
379.499	259.000
379.678	228.000
379.858	204.000
380.038	133.000
380.217	156.000
380.397	167.000
380.577	163.000
380.757	140.000
380.936	202.000
381.116	173.000
381.296	134.000
381.476	157.000
381.655	126.000
381.835	159.000
382.015	169.000
382.194	198.000
382.374	185.000
382.554	189.000
382.734	162.000
382.913	198.000
383.093	206.000
383.273	176.000
383.452	203.000
383.632	147.000
383.812	173.000
383.992	138.000
384.171	137.000
384.351	136.000
384.531	193.000
384.711	190.000
384.890	96.000
385.070	83.000
385.250	150.000
385.429	178.000
385.609	170.000
385.789	172.000
385.969	159.000
386.148	122.000
386.328	190.000
386.508	168.000
386.688	175.000
386.867	184.000
387.047	192.000
387.227	201.000
387.406	181.000
387.586	122.000
387.766	167.000
387.946	165.000
388.125	123.000
388.305	153.000
388.485	167.000
388.664	198.000
388.844	177.000
389.024	169.000
389.204	149.000
389.383	146.000
389.563	139.000
389.743	98.000
389.923	88.000
390.102	118.000
390.282	134.000
390.462	159.000
390.641	174.000
390.821	135.000
391.001	126.000
391.181	130.000
391.360	179.000
391.540	185.000
391.720	197.000
391.900	159.000
392.079	93.000
392.259	166.000
392.439	185.000
392.618	198.000
392.798	160.000
392.978	146.000
393.158	87.000
393.337	129.000
393.517	204.000
393.697	213.000
393.877	254.000
394.056	212.000
394.236	220.000
394.416	233.000
394.595	159.000
394.775	111.000
394.955	140.000
395.135	170.000
395.314	250.000
395.494	308.000
395.674	264.000
395.853	169.000
396.033	223.000
396.213	240.000
396.393	146.000
396.572	185.000
396.752	190.000
396.932	231.000
397.112	263.000
397.291	182.000
397.471	183.000
397.651	130.000
397.830	99.000
398.010	229.000
398.190	199.000
398.370	166.000
398.549	235.000
398.729	242.000
398.909	249.000
399.089	253.000
399.268	273.000
399.448	252.000
399.628	295.000
399.807	262.000
399.987	240.000
400.167	218.000
400.347	273.000
400.526	354.000
400.706	275.000
400.886	306.000
401.065	262.000
401.245	251.000
401.425	285.000
401.605	250.000
401.784	256.000
401.964	288.000
402.144	308.000
402.324	294.000
402.503	266.000
402.683	297.000
402.863	298.000
403.042	318.000
403.222	311.000
403.402	331.000
403.582	331.000
403.761	348.000
403.941	402.000
404.121	349.000
404.301	314.000
404.480	413.000
404.660	490.000
404.844	484.000
405.029	451.000
405.213	441.000
405.398	412.000
405.582	382.000
405.767	380.000
405.951	447.000
406.136	481.000
406.320	558.000
406.505	585.000
406.689	606.000
406.874	643.000
407.058	712.000
407.243	658.000
407.427	659.000
407.612	803.000
407.796	888.000
407.981	916.000
408.165	948.000
408.350	1015.000
408.534	998.000
408.719	958.000
408.903	1082.000
409.088	1186.000
409.272	1194.000
409.457	1337.000
409.641	1405.000
409.826	1490.000
410.010	1598.000
410.195	1692.000
410.379	1828.000
410.564	2046.000
410.748	2148.000
410.933	2308.000
411.117	2488.000
411.302	2693.000
411.486	2797.000
411.671	2857.000
411.855	2925.000
412.040	3057.000
412.224	3163.000
412.409	3252.000
412.593	3492.000
412.778	3689.000
412.962	3753.000
413.147	4080.000
413.331	4306.000
413.516	4406.000
413.700	4546.000
413.885	4721.000
414.069	4873.000
414.254	5050.000
414.438	5160.000
414.623	5299.000
414.807	5590.000
414.992	5689.000
415.176	5883.000
415.361	6086.000
415.545	6319.000
415.730	6437.000
415.914	6616.000
416.099	6894.000
416.283	6898.000
416.468	6880.000
416.652	7069.000
416.837	7185.000
417.021	7333.000
417.206	7554.000
417.390	7574.000
417.575	7658.000
417.759	7803.000
417.944	7933.000
418.128	8004.000
418.313	8163.000
418.497	8246.000
418.682	8383.000
418.866	8714.000
419.051	8738.000
419.235	8805.000
419.420	8998.000
419.604	9170.000
419.789	9317.000
419.973	9586.000
420.158	9634.000
420.342	9841.000
420.527	10083.000
420.711	10345.000
420.896	10523.000
421.080	10417.000
421.265	10533.000
421.449	10536.000
421.634	10540.000
421.818	10528.000
422.003	10440.000
422.187	10418.000
422.372	10583.000
422.556	10547.000
422.741	10688.000
422.925	10965.000
423.110	11085.000
423.294	11244.000
423.479	11299.000
423.663	11376.000
423.848	11484.000
424.032	11548.000
424.217	11553.000
424.401	11544.000
424.586	11645.000
424.770	11610.000
424.955	11662.000
425.139	11888.000
425.324	11946.000
425.508	11991.000
425.693	12016.000
425.877	12099.000
426.062	12197.000
426.246	12168.000
426.431	12002.000
426.615	11863.000
426.800	11996.000
426.984	12034.000
427.169	12039.000
427.353	12269.000
427.538	12268.000
427.722	12238.000
427.907	12188.000
428.091	12031.000
428.276	12046.000
428.460	12220.000
428.645	11997.000
428.829	11656.000
429.014	11547.000
429.198	11280.000
429.383	10962.000
429.567	10683.000
429.752	10471.000
429.936	10241.000
430.121	10013.000
430.305	10034.000
430.490	10402.000
430.674	10689.000
430.859	11165.000
431.043	11627.000
431.228	12114.000
431.412	12419.000
431.597	12664.000
431.781	12936.000
431.966	13086.000
432.150	13158.000
432.335	13413.000
432.519	13669.000
432.704	13541.000
432.888	13475.000
433.073	13402.000
433.257	13340.000
433.442	13238.000
433.626	13095.000
433.811	13297.000
433.995	13267.000
434.180	13382.000
434.364	13632.000
434.549	13816.000
434.733	13995.000
434.918	13972.000
435.102	14271.000
435.287	14452.000
435.471	14543.000
435.656	14873.000
435.840	15038.000
436.030	15033.000
436.219	15137.000
436.409	15116.000
436.599	14941.000
436.789	14897.000
436.978	14759.000
437.168	14608.000
437.358	14282.000
437.548	14354.000
437.737	14125.000
437.927	13910.000
438.117	14016.000
438.306	13944.000
438.496	14146.000
438.686	14537.000
438.876	14520.000
439.065	14435.000
439.255	14597.000
439.445	14713.000
439.634	14712.000
439.824	14841.000
440.014	14834.000
440.204	15041.000
440.393	15301.000
440.583	15372.000
440.773	15575.000
440.963	15945.000
441.152	16099.000
441.342	16138.000
441.532	16166.000
441.721	16346.000
441.911	16519.000
442.101	16755.000
442.291	16815.000
442.480	16788.000
442.670	16869.000
442.860	16840.000
443.050	16891.000
443.239	16981.000
443.429	17119.000
443.619	17232.000
443.808	17247.000
443.998	17373.000
444.188	17489.000
444.378	17486.000
444.567	17485.000
444.757	17344.000
444.947	17135.000
445.137	17011.000
445.326	17065.000
445.516	17011.000
445.706	17082.000
445.895	17119.000
446.085	17299.000
446.275	17395.000
446.465	17520.000
446.654	17788.000
446.844	17804.000
447.034	18093.000
447.223	18296.000
447.413	18261.000
447.603	18484.000
447.793	18584.000
447.982	18778.000
448.172	18726.000
448.362	18773.000
448.552	18796.000
448.741	18837.000
448.931	18789.000
449.121	18855.000
449.310	19069.000
449.500	19341.000
449.690	19384.000
449.880	19459.000
450.069	19827.000
450.259	19909.000
450.449	19876.000
450.639	19824.000
450.828	19965.000
451.018	19981.000
451.208	19824.000
451.397	19844.000
451.587	19928.000
451.777	19699.000
451.967	19432.000
452.156	19314.000
452.346	19051.000
452.536	18693.000
452.725	18439.000
452.915	18544.000
453.105	18630.000
453.295	18608.000
453.484	18681.000
453.674	18776.000
453.864	18887.000
454.054	18947.000
454.243	18902.000
454.433	18754.000
454.623	18811.000
454.812	18843.000
455.002	18935.000
455.192	18890.000
455.382	18901.000
455.571	19128.000
455.761	19086.000
455.951	19304.000
456.141	19350.000
456.330	19427.000
456.520	19275.000
456.710	19425.000
456.899	19520.000
457.089	19433.000
457.279	19462.000
457.469	19445.000
457.658	19192.000
457.848	19091.000
458.038	19268.000
458.228	18969.000
458.417	18786.000
458.607	18902.000
458.797	18997.000
458.986	18935.000
459.176	18882.000
459.366	18912.000
459.556	18663.000
459.745	18657.000
459.935	18815.000
460.125	18972.000
460.314	18864.000
460.504	18918.000
460.694	19031.000
460.884	19163.000
461.073	19152.000
461.263	19060.000
461.453	19138.000
461.643	19231.000
461.832	19198.000
462.022	19305.000
462.212	19433.000
462.401	19539.000
462.591	19455.000
462.781	19372.000
462.971	19436.000
463.160	19223.000
463.350	19163.000
463.540	19217.000
463.730	19021.000
463.919	18985.000
464.109	18839.000
464.299	18723.000
464.488	18571.000
464.678	18451.000
464.868	18595.000
465.058	18770.000
465.247	18841.000
465.437	18673.000
465.627	18614.000
465.816	18573.000
466.006	18557.000
466.196	18460.000
466.386	18473.000
466.575	18522.000
466.765	18306.000
466.955	18292.000
467.145	18342.000
467.334	18422.000
467.524	18542.000
467.714	18553.000
467.903	18564.000
468.093	18679.000
468.283	18573.000
468.473	18697.000
468.662	18686.000
468.852	18771.000
469.042	18856.000
469.232	18824.000
469.421	18723.000
469.611	18659.000
469.801	18729.000
469.990	18555.000
470.180	18537.000
470.370	18334.000
470.560	18273.000
470.749	18244.000
470.939	18358.000
471.129	18617.000
471.318	18714.000
471.508	19017.000
471.698	19073.000
471.888	19073.000
472.077	19153.000
472.267	19224.000
472.457	19274.000
472.647	19081.000
472.836	19011.000
473.026	19042.000
473.216	19150.000
473.405	19166.000
473.595	19205.000
473.785	19291.000
473.975	19228.000
474.164	19274.000
474.354	19347.000
474.544	19208.000
474.734	19463.000
474.923	19424.000
475.113	19540.000
475.303	19409.000
475.492	19318.000
475.682	19370.000
475.872	19122.000
476.062	19090.000
476.251	19013.000
476.441	18939.000
476.631	18937.000
476.821	18974.000
477.010	19085.000
477.200	19155.000
477.390	19088.000
477.579	19127.000
477.769	19122.000
477.959	19334.000
478.149	19307.000
478.338	19240.000
478.528	19343.000
478.718	19241.000
478.907	19314.000
479.097	19266.000
479.287	19256.000
479.477	19361.000
479.666	19363.000
479.856	19389.000
480.046	19196.000
480.236	19170.000
480.425	19154.000
480.615	19231.000
480.805	19355.000
480.994	19370.000
481.184	19322.000
481.374	19308.000
481.564	19280.000
481.753	19420.000
481.943	19349.000
482.133	19211.000
482.323	19256.000
482.512	19206.000
482.702	19059.000
482.892	19046.000
483.081	18862.000
483.271	18866.000
483.461	18748.000
483.651	18699.000
483.840	18683.000
484.030	18515.000
484.220	18517.000
484.409	18472.000
484.599	18281.000
484.789	18093.000
484.979	18093.000
485.168	17814.000
485.358	17314.000
485.548	17027.000
485.738	16686.000
485.927	16088.000
486.117	15767.000
486.307	15748.000
486.496	15776.000
486.686	15817.000
486.876	15873.000
487.066	16062.000
487.255	16170.000
487.445	16270.000
487.635	16571.000
487.825	16696.000
488.014	16774.000
488.204	16807.000
488.394	16935.000
488.583	16965.000
488.773	16918.000
488.963	16966.000
489.153	17038.000
489.342	17065.000
489.532	17217.000
489.722	17458.000
489.912	17818.000
490.101	17884.000
490.291	17831.000
490.481	17762.000
490.670	17598.000
490.860	17907.000
491.050	17657.000
491.240	17333.000
491.429	17205.000
491.619	17092.000
491.809	17232.000
491.998	17048.000
492.188	16773.000
492.378	16974.000
492.568	17139.000
492.757	17230.000
492.947	17324.000
493.137	17276.000
493.327	17190.000
493.516	17287.000
493.706	17341.000
493.896	17404.000
494.085	17454.000
494.275	17551.000
494.465	17667.000
494.655	17859.000
494.844	17802.000
495.034	17739.000
495.224	17755.000
495.414	17721.000
495.603	17712.000
495.793	17641.000
495.983	17703.000
496.172	17727.000
496.362	17721.000
496.552	17848.000
496.742	17664.000
496.931	17753.000
497.121	17865.000
497.311	17833.000
497.500	17644.000
497.690	17689.000
497.880	17430.000
498.070	17129.000
498.259	17137.000
498.449	17136.000
498.639	17206.000
498.829	17183.000
499.018	17234.000
499.208	17330.000
499.398	17357.000
499.587	17339.000
499.777	17231.000
499.967	17282.000
500.157	17275.000
500.346	16959.000
500.536	16841.000
500.726	16638.000
500.916	16567.000
501.105	16564.000
501.295	16603.000
501.485	16617.000
501.674	16415.000
501.864	16460.000
502.054	16556.000
502.244	16652.000
502.433	16543.000
502.623	16528.000
502.813	16772.000
503.003	16874.000
503.192	16667.000
503.382	16624.000
503.572	16573.000
503.761	16322.000
503.951	16300.000
504.141	16318.000
504.331	16123.000
504.520	16185.000
504.710	16337.000
504.900	16322.000
505.089	16358.000
505.279	16512.000
505.469	16579.000
505.659	16748.000
505.848	16964.000
506.038	16970.000
506.228	16783.000
506.418	16564.000
506.607	16760.000
506.797	16566.000
506.987	16414.000
507.176	16338.000
507.366	16387.000
507.556	16403.000
507.746	16171.000
507.935	16039.000
508.125	16034.000
508.315	15991.000
508.505	16187.000
508.694	16251.000
508.884	16286.000
509.074	16413.000
509.263	16505.000
509.453	16454.000
509.643	16205.000
509.833	16114.000
510.022	16003.000
510.212	16114.000
510.402	16163.000
510.592	16077.000
510.781	16090.000
510.971	16049.000
511.161	15982.000
511.350	16182.000
511.540	16365.000
511.730	16248.000
511.920	16090.000
512.109	15854.000
512.299	15744.000
512.489	15731.000
512.678	15763.000
512.868	15512.000
513.058	15496.000
513.248	15477.000
513.437	15494.000
513.627	15419.000
513.817	15225.000
514.007	15122.000
514.196	15218.000
514.386	15033.000
514.576	15025.000
514.765	15143.000
514.955	15142.000
515.145	15174.000
515.335	15283.000
515.524	15068.000
515.714	15052.000
515.904	14945.000
516.094	14583.000
516.283	14360.000
516.473	14065.000
516.663	13714.000
516.852	13614.000
517.042	13537.000
517.232	13512.000
517.422	13664.000
517.611	13674.000
517.801	13729.000
517.991	13683.000
518.180	13588.000
518.370	13597.000
518.560	13606.000
518.750	13746.000
518.939	13799.000
519.129	14026.000
519.319	14308.000
519.509	14263.000
519.698	14303.000
519.888	14364.000
520.078	14403.000
520.267	14522.000
520.457	14642.000
520.647	14696.000
520.837	14568.000
521.026	14595.000
521.216	14792.000
521.406	14894.000
521.596	14928.000
521.785	14846.000
521.975	14755.000
522.165	14782.000
522.354	14778.000
522.544	14539.000
522.734	14542.000
522.924	14596.000
523.113	14539.000
523.303	14720.000
523.493	14904.000
523.683	14832.000
523.872	14935.000
524.062	15153.000
524.252	15144.000
524.441	14984.000
524.631	15092.000
524.821	15196.000
525.011	15152.000
525.200	15160.000
525.390	15068.000
525.580	15040.000
525.769	14873.000
525.959	14560.000
526.149	14270.000
526.339	14273.000
526.528	14021.000
526.718	13910.000
526.908	13897.000
527.098	13992.000
527.287	14211.000
527.477	14236.000
527.667	14261.000
527.856	14387.000
528.046	14537.000
528.236	14621.000
528.426	14796.000
528.615	14944.000
528.805	15109.000
528.995	15075.000
529.185	15093.000
529.374	15061.000
529.564	14883.000
529.754	14780.000
529.943	14982.000
530.133	15008.000
530.323	15069.000
530.513	15176.000
530.702	14932.000
530.892	14956.000
531.082	15087.000
531.271	15050.000
531.461	14873.000
531.651	14714.000
531.841	14591.000
532.030	14390.000
532.220	14265.000
532.410	14295.000
532.600	14141.000
532.789	13921.000
532.979	13915.000
533.169	14027.000
533.358	14120.000
533.548	13926.000
533.738	14048.000
533.928	13944.000
534.117	13791.000
534.307	13814.000
534.497	14007.000
534.687	14163.000
534.876	14184.000
535.066	13980.000
535.256	14018.000
535.445	14167.000
535.635	13998.000
535.825	13856.000
536.015	13849.000
536.204	13639.000
536.394	13378.000
536.584	13410.000
536.773	13482.000
536.963	13313.000
537.153	13410.000
537.343	13408.000
537.532	13366.000
537.722	13427.000
537.912	13592.000
538.102	13423.000
538.291	13471.000
538.481	13482.000
538.671	13238.000
538.860	13192.000
539.050	13132.000
539.240	13009.000
539.430	12848.000
539.619	12777.000
539.809	12752.000
539.999	12651.000
540.189	12620.000
540.378	12688.000
540.568	12678.000
540.758	12726.000
540.947	12869.000
541.137	12843.000
541.327	12838.000
541.517	12955.000
541.706	12689.000
541.896	12725.000
542.086	12738.000
542.276	12728.000
542.465	12757.000
542.655	12635.000
542.845	12575.000
543.034	12639.000
543.224	12809.000
543.414	12722.000
543.604	12829.000
543.793	12803.000
543.983	12777.000
544.173	12707.000
544.362	12524.000
544.552	12726.000
544.742	12773.000
544.932	12710.000
545.121	12641.000
545.311	12607.000
545.501	12567.000
545.691	12564.000
545.880	12533.000
546.070	12617.000
546.264	12400.000
546.459	12371.000
546.653	12396.000
546.847	12335.000
547.041	12306.000
547.236	12259.000
547.430	12334.000
547.624	12310.000
547.818	12275.000
548.013	12363.000
548.207	12307.000
548.401	12153.000
548.596	12266.000
548.790	12265.000
548.984	12174.000
549.178	12150.000
549.373	12266.000
549.567	12245.000
549.761	12097.000
549.956	12031.000
550.150	12162.000
550.344	12295.000
550.538	12172.000
550.733	12197.000
550.927	12231.000
551.121	12243.000
551.315	12336.000
551.510	12342.000
551.704	12176.000
551.898	12258.000
552.093	12345.000
552.287	12086.000
552.481	11940.000
552.675	11987.000
552.870	11961.000
553.064	11857.000
553.258	12017.000
553.453	12135.000
553.647	12124.000
553.841	11991.000
554.035	12033.000
554.230	12067.000
554.424	11875.000
554.618	11854.000
554.812	12020.000
555.007	11913.000
555.201	11989.000
555.395	12087.000
555.590	11897.000
555.784	11785.000
555.978	11657.000
556.172	11681.000
556.367	11632.000
556.561	11606.000
556.755	11542.000
556.949	11447.000
557.144	11552.000
557.338	11575.000
557.532	11419.000
557.727	11470.000
557.921	11462.000
558.115	11317.000
558.309	11348.000
558.504	11289.000
558.698	11224.000
558.892	11162.000
559.087	11081.000
559.281	11047.000
559.475	11027.000
559.669	11189.000
559.864	11209.000
560.058	11192.000
560.252	11254.000
560.446	11282.000
560.641	11447.000
560.835	11469.000
561.029	11362.000
561.224	11302.000
561.418	11161.000
561.612	11081.000
561.806	11210.000
562.001	11269.000
562.195	11298.000
562.389	11212.000
562.584	11249.000
562.778	11208.000
562.972	11202.000
563.166	11144.000
563.361	11057.000
563.555	11227.000
563.749	11212.000
563.943	11161.000
564.138	11070.000
564.332	11119.000
564.526	11109.000
564.721	10978.000
564.915	10866.000
565.109	10886.000
565.303	10808.000
565.498	10848.000
565.692	10949.000
565.886	10788.000
566.081	10750.000
566.275	10779.000
566.469	10861.000
566.663	10761.000
566.858	10785.000
567.052	10800.000
567.246	10725.000
567.440	10695.000
567.635	10702.000
567.829	10691.000
568.023	10615.000
568.218	10624.000
568.412	10457.000
568.606	10391.000
568.800	10366.000
568.995	10368.000
569.189	10511.000
569.383	10417.000
569.577	10347.000
569.772	10244.000
569.966	10062.000
570.160	10012.000
570.355	10038.000
570.549	10084.000
570.743	9967.000
570.937	9917.000
571.132	10148.000
571.326	10143.000
571.520	10074.000
571.715	10044.000
571.909	10216.000
572.103	10269.000
572.297	10171.000
572.492	10000.000
572.686	9966.000
572.880	9991.000
573.074	10112.000
573.269	10113.000
573.463	10130.000
573.657	9997.000
573.852	9847.000
574.046	9799.000
574.240	9864.000
574.434	9785.000
574.629	9820.000
574.823	9782.000
575.017	9722.000
575.212	9499.000
575.406	9459.000
575.600	9527.000
575.794	9538.000
575.989	9536.000
576.183	9440.000
576.377	9579.000
576.571	9556.000
576.766	9509.000
576.960	9509.000
577.159	9531.000
577.357	9378.000
577.556	9239.000
577.755	9231.000
577.953	9256.000
578.152	9238.000
578.350	9233.000
578.549	9228.000
578.748	9154.000
578.946	9190.000
579.145	9191.000
579.344	9268.000
579.542	9377.000
579.741	9365.000
579.940	9293.000
580.138	9312.000
580.337	9301.000
580.535	9349.000
580.734	9340.000
580.933	9534.000
581.131	9627.000
581.330	9485.000
581.529	9628.000
581.727	9636.000
581.926	9650.000
582.125	9753.000
582.323	9856.000
582.522	9763.000
582.721	9758.000
582.919	9819.000
583.118	9783.000
583.316	9871.000
583.515	9926.000
583.714	9997.000
583.912	9884.000
584.111	10014.000
584.310	10111.000
584.508	9906.000
584.707	9773.000
584.906	9815.000
585.104	9771.000
585.303	9776.000
585.501	9792.000
585.700	9793.000
585.899	9787.000
586.097	9768.000
586.296	9797.000
586.495	9734.000
586.693	9836.000
586.892	9890.000
587.091	9673.000
587.289	9554.000
587.488	9620.000
587.686	9410.000
587.885	9196.000
588.084	9065.000
588.282	8997.000
588.481	8763.000
588.680	8536.000
588.878	8437.000
589.077	8405.000
589.276	8441.000
589.474	8504.000
589.673	8466.000
589.871	8592.000
590.070	8639.000
590.269	8724.000
590.467	8763.000
590.666	8747.000
590.865	8715.000
591.063	8736.000
591.262	8708.000
591.461	8726.000
591.659	8741.000
591.858	8758.000
592.056	8743.000
592.255	8720.000
592.454	8835.000
592.652	8909.000
592.851	8991.000
593.050	8976.000
593.248	8826.000
593.447	8830.000
593.646	8755.000
593.844	8714.000
594.043	8744.000
594.241	8664.000
594.440	8609.000
594.639	8607.000
594.837	8617.000
595.036	8644.000
595.235	8630.000
595.433	8690.000
595.632	8685.000
595.831	8658.000
596.029	8656.000
596.228	8643.000
596.427	8870.000
596.625	8894.000
596.824	8861.000
597.022	8889.000
597.221	8751.000
597.420	8794.000
597.618	8814.000
597.817	8777.000
598.016	8671.000
598.214	8843.000
598.413	8877.000
598.612	8807.000
598.810	8770.000
599.009	8776.000
599.207	8802.000
599.406	8905.000
599.605	8747.000
599.803	8538.000
600.002	8716.000
600.201	8776.000
600.399	8840.000
600.598	8812.000
600.797	8627.000
600.995	8662.000
601.194	8621.000
601.392	8516.000
601.591	8603.000
601.790	8687.000
601.988	8618.000
602.187	8656.000
602.386	8775.000
602.584	8737.000
602.783	8705.000
602.982	8709.000
603.180	8812.000
603.379	8943.000
603.577	8838.000
603.776	8814.000
603.975	8909.000
604.173	8869.000
604.372	8755.000
604.571	8705.000
604.769	8575.000
604.968	8601.000
605.167	8719.000
605.365	8586.000
605.564	8649.000
605.762	8698.000
605.961	8764.000
606.160	8731.000
606.358	8868.000
606.557	8859.000
606.756	8681.000
606.954	8681.000
607.153	8661.000
607.352	8656.000
607.550	8624.000
607.749	8482.000
607.948	8602.000
608.146	8646.000
608.345	8575.000
608.543	8484.000
608.742	8434.000
608.941	8523.000
609.139	8473.000
609.338	8574.000
609.537	8492.000
609.735	8293.000
609.934	8286.000
610.133	8335.000
610.331	8408.000
610.530	8502.000
610.728	8385.000
610.927	8345.000
611.126	8362.000
611.324	8352.000
611.523	8437.000
611.722	8458.000
611.920	8392.000
612.119	8165.000
612.318	8156.000
612.516	8164.000
612.715	8123.000
612.913	8138.000
613.112	8073.000
613.311	8179.000
613.509	8231.000
613.708	8097.000
613.907	8018.000
614.105	8084.000
614.304	8070.000
614.503	8091.000
614.701	8069.000
614.900	8009.000
615.098	8117.000
615.297	8125.000
615.496	7899.000
615.694	7851.000
615.893	8005.000
616.092	7928.000
616.290	7796.000
616.489	7914.000
616.688	7918.000
616.886	7793.000
617.085	7799.000
617.283	7812.000
617.482	7830.000
617.681	7788.000
617.879	7861.000
618.078	7875.000
618.277	7995.000
618.475	7902.000
618.674	7869.000
618.873	7902.000
619.071	7928.000
619.270	7910.000
619.468	7863.000
619.667	7785.000
619.866	7868.000
620.064	7825.000
620.263	7797.000
620.462	7859.000
620.660	7800.000
620.859	7737.000
621.058	7798.000
621.256	7802.000
621.455	7776.000
621.654	7759.000
621.852	7688.000
622.051	7618.000
622.249	7565.000
622.448	7621.000
622.647	7583.000
622.845	7554.000
623.044	7576.000
623.243	7639.000
623.441	7565.000
623.640	7501.000
623.839	7448.000
624.037	7318.000
624.236	7261.000
624.434	7434.000
624.633	7462.000
624.832	7387.000
625.030	7307.000
625.229	7206.000
625.428	7190.000
625.626	7268.000
625.825	7280.000
626.024	7346.000
626.222	7393.000
626.421	7335.000
626.619	7359.000
626.818	7239.000
627.017	7123.000
627.215	7005.000
627.414	7005.000
627.613	7053.000
627.811	7051.000
628.010	6986.000
628.209	7038.000
628.407	7077.000
628.606	7182.000
628.804	7031.000
629.003	7161.000
629.202	7189.000
629.400	7042.000
629.599	6964.000
629.798	6924.000
629.996	6854.000
630.195	6761.000
630.394	6773.000
630.592	6956.000
630.791	6888.000
630.990	6967.000
631.188	6945.000
631.387	6849.000
631.585	6906.000
631.784	6890.000
631.983	6894.000
632.181	6938.000
632.380	6976.000
632.579	7014.000
632.777	7033.000
632.976	7012.000
633.175	7019.000
633.373	7050.000
633.572	6960.000
633.770	6855.000
633.969	6989.000
634.168	6915.000
634.366	6888.000
634.565	6990.000
634.764	7058.000
634.962	6928.000
635.161	6966.000
635.360	7007.000
635.558	6972.000
635.757	7045.000
635.955	6955.000
636.154	6848.000
636.353	6913.000
636.551	6938.000
636.750	6925.000
636.949	6901.000
637.147	6919.000
637.346	6941.000
637.545	6883.000
637.743	6822.000
637.942	6926.000
638.140	6916.000
638.339	6990.000
638.538	7118.000
638.736	7008.000
638.935	6965.000
639.134	6975.000
639.332	6884.000
639.531	6844.000
639.730	6726.000
639.928	6715.000
640.127	6816.000
640.325	6884.000
640.524	6814.000
640.723	6901.000
640.921	6915.000
641.120	6751.000
641.319	6783.000
641.517	6693.000
641.716	6710.000
641.915	6757.000
642.113	6782.000
642.312	6819.000
642.510	6851.000
642.709	6848.000
642.908	6842.000
643.106	6847.000
643.305	6747.000
643.504	6673.000
643.702	6765.000
643.901	6828.000
644.100	6754.000
644.298	6742.000
644.497	6872.000
644.696	6846.000
644.894	6760.000
645.093	6703.000
645.291	6637.000
645.490	6614.000
645.689	6498.000
645.887	6524.000
646.086	6615.000
646.285	6448.000
646.483	6516.000
646.682	6506.000
646.881	6391.000
647.079	6361.000
647.278	6281.000
647.476	6293.000
647.675	6306.000
647.874	6366.000
648.072	6358.000
648.271	6316.000
648.470	6293.000
648.668	6375.000
648.867	6294.000
649.066	6251.000
649.264	6255.000
649.463	6187.000
649.661	6233.000
649.860	6266.000
650.059	6342.000
650.257	6304.000
650.456	6343.000
650.655	6525.000
650.853	6356.000
651.052	6309.000
651.251	6281.000
651.449	6207.000
651.648	6286.000
651.846	6291.000
652.045	6214.000
652.244	6325.000
652.442	6408.000
652.641	6323.000
652.840	6300.000
653.038	6370.000
653.237	6397.000
653.436	6394.000
653.634	6346.000
653.833	6391.000
654.032	6445.000
654.230	6312.000
654.429	6232.000
654.627	6203.000
654.826	6200.000
655.025	6076.000
655.223	5979.000
655.422	5891.000
655.621	5861.000
655.819	5762.000
656.018	5637.000
656.217	5566.000
656.415	5569.000
656.614	5726.000
656.812	5838.000
657.011	5867.000
657.210	5862.000
657.408	5932.000
657.607	6032.000
657.806	6102.000
658.004	6198.000
658.203	6118.000
658.402	6043.000
658.600	6121.000
658.799	6151.000
658.997	6153.000
659.196	6167.000
659.395	6175.000
659.593	6134.000
659.792	6245.000
659.991	6294.000
660.189	6425.000
660.388	6451.000
660.587	6358.000
660.785	6304.000
660.984	6290.000
661.182	6203.000
661.381	6234.000
661.580	6224.000
661.778	6237.000
661.977	6400.000
662.176	6474.000
662.374	6400.000
662.573	6290.000
662.772	6112.000
662.970	6041.000
663.169	6276.000
663.367	6306.000
663.566	6292.000
663.765	6347.000
663.963	6170.000
664.162	6227.000
664.361	6309.000
664.559	6313.000
664.758	6349.000
664.957	6314.000
665.155	6338.000
665.354	6333.000
665.552	6324.000
665.751	6306.000
665.950	6206.000
666.148	6147.000
666.347	6144.000
666.546	6179.000
666.744	6261.000
666.943	6199.000
667.142	6054.000
667.340	6117.000
667.539	6243.000
667.738	6117.000
667.936	6146.000
668.135	6124.000
668.333	6047.000
668.532	6093.000
668.731	6056.000
668.929	6032.000
669.128	6042.000
669.327	6070.000
669.525	6088.000
669.724	6010.000
669.923	5960.000
670.121	5927.000
670.320	5952.000
670.518	5988.000
670.717	5880.000
670.916	5937.000
671.114	5940.000
671.313	5897.000
671.512	5952.000
671.710	5856.000
671.909	5920.000
672.108	6007.000
672.306	6036.000
672.505	5933.000
672.703	5830.000
672.902	5926.000
673.101	5971.000
673.299	5909.000
673.498	5926.000
673.697	5953.000
673.895	5926.000
674.094	5914.000
674.293	5884.000
674.491	5845.000
674.690	5766.000
674.888	5705.000
675.087	5794.000
675.286	5818.000
675.484	5773.000
675.683	5731.000
675.882	5686.000
676.080	5686.000
676.279	5629.000
676.478	5689.000
676.676	5734.000
676.875	5764.000
677.073	5719.000
677.272	5746.000
677.471	5778.000
677.669	5743.000
677.868	5739.000
678.067	5685.000
678.265	5644.000
678.464	5622.000
678.663	5588.000
678.861	5697.000
679.060	5693.000
679.259	5645.000
679.457	5666.000
679.656	5685.000
679.854	5578.000
680.053	5458.000
680.252	5473.000
680.450	5571.000
680.649	5617.000
680.848	5548.000
681.046	5503.000
681.245	5516.000
681.444	5539.000
681.642	5530.000
681.841	5502.000
682.039	5492.000
682.238	5502.000
682.437	5475.000
682.635	5532.000
682.834	5488.000
683.033	5430.000
683.231	5390.000
683.430	5398.000
683.629	5300.000
683.827	5344.000
684.026	5406.000
684.224	5412.000
684.423	5390.000
684.622	5413.000
684.820	5406.000
685.019	5403.000
685.218	5425.000
685.416	5292.000
685.615	5100.000
685.814	4973.000
686.012	4883.000
686.211	4759.000
686.409	4408.000
686.608	4319.000
686.807	4328.000
687.005	4358.000
687.204	4483.000
687.403	4403.000
687.601	4472.000
687.800	4431.000
687.999	4322.000
688.197	4301.000
688.396	4239.000
688.594	4224.000
688.793	4274.000
688.992	4313.000
689.190	4486.000
689.389	4446.000
689.588	4464.000
689.786	4619.000
689.985	4567.000
690.184	4611.000
690.382	4658.000
690.581	4593.000
690.779	4689.000
690.978	4700.000
691.177	4683.000
691.375	4811.000
691.574	4902.000
691.773	4915.000
691.971	4734.000
692.170	4775.000
692.369	4797.000
692.567	4752.000
692.766	4800.000
692.965	4862.000
693.163	4820.000
693.362	4797.000
693.560	4839.000
693.759	4916.000
693.958	4951.000
694.156	4901.000
694.355	4840.000
694.554	4837.000
694.752	4831.000
694.951	4855.000
695.150	4846.000
695.348	4896.000
695.547	4960.000
695.745	5085.000
695.944	5147.000
696.143	5148.000
696.341	5169.000
696.540	5214.000
696.743	5210.000
696.946	5159.000
697.149	5159.000
697.352	5043.000
697.555	5100.000
697.757	5159.000
697.960	5252.000
698.163	5362.000
698.366	5177.000
698.569	5143.000
698.772	5278.000
698.975	5342.000
699.178	5274.000
699.381	5302.000
699.584	5365.000
699.787	5159.000
699.989	5109.000
700.192	5245.000
700.395	5231.000
700.598	5346.000
700.801	5335.000
701.004	5243.000
701.207	5302.000
701.410	5315.000
701.613	5379.000
701.816	5377.000
702.019	5353.000
702.221	5462.000
702.424	5451.000
702.627	5475.000
702.830	5373.000
703.033	5370.000
703.236	5427.000
703.439	5491.000
703.642	5531.000
703.845	5632.000
704.048	5608.000
704.251	5558.000
704.453	5586.000
704.656	5683.000
704.859	5645.000
705.062	5648.000
705.265	5692.000
705.468	5690.000
705.671	5736.000
705.874	5839.000
706.077	5821.000
706.280	5859.000
706.483	5814.000
706.685	5790.000
706.888	5876.000
707.091	5897.000
707.294	5845.000
707.497	5890.000
707.700	5942.000
707.903	5998.000
708.106	5871.000
708.309	6004.000
708.512	5968.000
708.715	6038.000
708.917	6113.000
709.120	6050.000
709.323	6061.000
709.526	6059.000
709.729	5949.000
709.932	6008.000
710.135	6054.000
710.338	6127.000
710.541	6118.000
710.744	6146.000
710.947	6147.000
711.149	6242.000
711.352	6165.000
711.555	6103.000
711.758	6131.000
711.961	6141.000
712.164	6225.000
712.367	6256.000
712.570	6136.000
712.773	6164.000
712.976	6291.000
713.179	6248.000
713.381	6210.000
713.584	6284.000
713.787	6213.000
713.990	6144.000
714.193	6195.000
714.396	6268.000
714.599	6332.000
714.802	6218.000
715.005	6219.000
715.208	6249.000
715.411	6081.000
715.613	6032.000
715.816	5963.000
716.019	5726.000
716.222	5606.000
716.425	5516.000
716.628	5434.000
716.831	5351.000
717.034	5295.000
717.237	5183.000
717.440	4973.000
717.643	4969.000
717.845	4964.000
718.048	4915.000
718.251	4822.000
718.454	4849.000
718.657	4735.000
718.860	4681.000
719.063	4727.000
719.266	4570.000
719.469	4599.000
719.672	4833.000
719.875	4950.000
720.077	5086.000
720.280	5111.000
720.483	5272.000
720.686	5339.000
720.889	5510.000
721.092	5591.000
721.295	5610.000
721.498	5668.000
721.701	5853.000
721.904	5787.000
722.107	5605.000
722.309	5687.000
722.512	5655.000
722.715	5563.000
722.918	5490.000
723.121	5441.000
723.324	5418.000
723.527	5423.000
723.730	5496.000
723.933	5525.000
724.136	5416.000
724.339	5413.000
724.541	5359.000
724.744	5386.000
724.947	5359.000
725.150	5336.000
725.353	5439.000
725.556	5405.000
725.759	5479.000
725.962	5515.000
726.165	5470.000
726.368	5498.000
726.571	5489.000
726.773	5603.000
726.976	5584.000
727.179	5544.000
727.382	5653.000
727.585	5820.000
727.788	5785.000
727.991	5720.000
728.194	5653.000
728.397	5574.000
728.600	5571.000
728.803	5705.000
729.005	5840.000
729.208	5787.000
729.411	5828.000
729.614	5852.000
729.817	5858.000
730.020	5896.000
730.223	5903.000
730.426	5842.000
730.629	5919.000
730.832	5946.000
731.035	6058.000
731.237	6130.000
731.440	6139.000
731.643	6231.000
731.846	6227.000
732.049	6454.000
732.252	6556.000
732.455	6464.000
732.658	6571.000
732.861	6613.000
733.064	6727.000
733.267	6937.000
733.469	6992.000
733.672	6813.000
733.875	6804.000
734.078	6998.000
734.281	6987.000
734.484	6966.000
734.687	6814.000
734.890	6923.000
735.093	7016.000
735.296	6985.000
735.499	7016.000
735.701	7056.000
735.904	7116.000
736.107	7022.000
736.310	6987.000
736.513	7065.000
736.716	7078.000
736.919	6981.000
737.122	7110.000
737.325	7189.000
737.528	7075.000
737.731	7073.000
737.933	7079.000
738.136	7126.000
738.339	7223.000
738.542	7222.000
738.745	7178.000
738.948	7230.000
739.151	7313.000
739.354	7328.000
739.557	7295.000
739.760	7246.000
739.963	7217.000
740.165	7267.000
740.368	7300.000
740.571	7368.000
740.774	7290.000
740.977	7238.000
741.180	7238.000
741.383	7424.000
741.586	7553.000
741.789	7475.000
741.992	7476.000
742.195	7431.000
742.397	7430.000
742.600	7486.000
742.803	7373.000
743.006	7411.000
743.209	7480.000
743.412	7444.000
743.615	7336.000
743.818	7443.000
744.021	7497.000
744.224	7511.000
744.427	7461.000
744.629	7539.000
744.832	7605.000
745.035	7514.000
745.238	7460.000
745.441	7529.000
745.644	7570.000
745.847	7463.000
746.050	7478.000
746.253	7513.000
746.456	7493.000
746.659	7563.000
746.861	7538.000
747.064	7599.000
747.267	7633.000
747.470	7549.000
747.673	7533.000
747.876	7534.000
748.079	7531.000
748.282	7512.000
748.485	7476.000
748.688	7386.000
748.891	7543.000
749.093	7555.000
749.296	7546.000
749.499	7506.000
749.702	7438.000
749.905	7433.000
750.108	7414.000
750.311	7392.000
750.514	7517.000
750.717	7432.000
750.920	7409.000
751.123	7442.000
751.325	7470.000
751.528	7353.000
751.731	7373.000
751.934	7424.000
752.137	7521.000
752.340	7484.000
752.543	7432.000
752.746	7477.000
752.949	7358.000
753.152	7312.000
753.355	7266.000
753.557	7186.000
753.760	7363.000
753.963	7399.000
754.166	7298.000
754.369	7344.000
754.572	7348.000
754.775	7238.000
754.978	7234.000
755.181	7275.000
755.384	7430.000
755.587	7424.000
755.789	7286.000
755.992	7311.000
756.195	7208.000
756.398	7205.000
756.601	7242.000
756.804	7155.000
757.007	7164.000
757.210	7144.000
757.413	7126.000
757.616	6965.000
757.819	6982.000
758.021	6864.000
758.224	6485.000
758.427	6061.000
758.630	5514.000
758.833	4951.000
759.036	4479.000
759.239	4045.000
759.442	3746.000
759.645	3393.000
759.848	3214.000
760.051	3220.000
760.253	3182.000
760.456	3219.000
760.659	3216.000
760.862	3250.000
761.065	3089.000
761.268	3077.000
761.471	3032.000
761.674	3008.000
761.877	2952.000
762.080	2838.000
762.283	2792.000
762.485	2829.000
762.688	2954.000
762.891	3064.000
763.094	3138.000
763.297	3342.000
763.500	3418.000
763.706	3515.000
763.912	3660.000
764.118	3675.000
764.325	3744.000
764.531	3866.000
764.737	4034.000
764.943	4167.000
765.149	4336.000
765.355	4504.000
765.561	4706.000
765.768	4754.000
765.974	4846.000
766.180	4984.000
766.386	5179.000
766.592	5500.000
766.798	5612.000
767.004	5619.000
767.210	5677.000
767.417	5830.000
767.623	5854.000
767.829	5856.000
768.035	5932.000
768.241	6131.000
768.447	6198.000
768.653	6202.000
768.860	6162.000
769.066	6190.000
769.272	6288.000
769.478	6320.000
769.684	6364.000
769.890	6400.000
770.096	6318.000
770.303	6414.000
770.509	6430.000
770.715	6338.000
770.921	6391.000
771.127	6468.000
771.333	6454.000
771.539	6293.000
771.745	6329.000
771.952	6350.000
772.158	6305.000
772.364	6293.000
772.570	6322.000
772.776	6462.000
772.982	6359.000
773.188	6204.000
773.395	6227.000
773.601	6308.000
773.807	6265.000
774.013	6363.000
774.219	6323.000
774.425	6268.000
774.631	6313.000
774.838	6246.000
775.044	6134.000
775.250	6209.000
775.456	6237.000
775.662	6293.000
775.868	6286.000
776.074	6193.000
776.281	6170.000
776.487	6163.000
776.693	6137.000
776.899	6201.000
777.105	6244.000
777.311	6264.000
777.517	6255.000
777.723	6246.000
777.930	6099.000
778.136	6062.000
778.342	6029.000
778.548	6042.000
778.754	5982.000
778.960	6010.000
779.166	6031.000
779.373	5974.000
779.579	5936.000
779.785	5842.000
779.991	5820.000
780.197	5883.000
780.403	5903.000
780.609	5998.000
780.816	6012.000
781.022	6025.000
781.228	6030.000
781.434	6024.000
781.640	5954.000
781.846	5955.000
782.052	5874.000
782.259	5872.000
782.465	5875.000
782.671	5860.000
782.877	5801.000
783.083	5680.000
783.289	5763.000
783.495	5748.000
783.701	5791.000
783.908	5825.000
784.114	5788.000
784.320	5620.000
784.526	5543.000
784.732	5612.000
784.938	5704.000
785.144	5811.000
785.351	5697.000
785.557	5704.000
785.763	5703.000
785.969	5569.000
786.175	5501.000
786.381	5530.000
786.587	5552.000
786.794	5497.000
787.000	5516.000
787.206	5345.000
787.412	5345.000
787.618	5346.000
787.824	5305.000
788.030	5307.000
788.236	5301.000
788.443	5287.000
788.649	5210.000
788.855	5177.000
789.061	5210.000
789.267	5309.000
789.473	5207.000
789.679	5202.000
789.886	5130.000
790.092	5064.000
790.298	5034.000
790.504	5052.000
790.710	5090.000
790.916	5076.000
791.122	5060.000
791.329	5087.000
791.535	5017.000
791.741	4947.000
791.947	4970.000
792.153	4954.000
792.359	4981.000
792.565	5038.000
792.771	5163.000
792.978	4953.000
793.184	4857.000
793.390	4924.000
793.596	4867.000
793.802	4817.000
794.008	4964.000
794.214	5066.000
794.421	5001.000
794.627	4761.000
794.833	4727.000
795.039	4754.000
795.245	4799.000
795.451	4794.000
795.657	4789.000
795.864	4754.000
796.070	4801.000
796.276	4924.000
796.482	4916.000
796.688	4811.000
796.894	4766.000
797.100	4757.000
797.307	4852.000
797.513	4832.000
797.719	4796.000
797.925	4849.000
798.131	4766.000
798.337	4715.000
798.543	4744.000
798.749	4711.000
798.956	4769.000
799.162	4707.000
799.368	4605.000
799.574	4638.000
799.780	4678.000
799.986	4541.000
800.192	4518.000
800.399	4528.000
800.605	4556.000
800.811	4514.000
801.017	4502.000
801.223	4539.000
801.429	4462.000
801.635	4398.000
801.842	4414.000
802.048	4488.000
802.254	4429.000
802.460	4389.000
802.666	4391.000
802.872	4495.000
803.078	4585.000
803.285	4507.000
803.491	4378.000
803.697	4396.000
803.903	4328.000
804.109	4358.000
804.315	4398.000
804.521	4340.000
804.727	4335.000
804.934	4343.000
805.140	4445.000
805.346	4437.000
805.552	4445.000
805.758	4374.000
805.964	4350.000
806.170	4422.000
806.377	4444.000
806.583	4322.000
806.789	4266.000
806.995	4184.000
807.201	4243.000
807.407	4307.000
807.613	4311.000
807.820	4220.000
808.026	4276.000
808.232	4196.000
808.438	4153.000
808.644	4118.000
808.850	4073.000
809.056	4097.000
809.262	4019.000
809.469	3993.000
809.675	3968.000
809.881	3938.000
810.087	3983.000
810.293	4045.000
810.499	4022.000
810.705	3956.000
810.912	3872.000
811.118	3888.000
811.324	3938.000
811.530	3915.000
811.739	3834.000
811.947	3772.000
812.156	3721.000
812.365	3655.000
812.573	3606.000
812.782	3500.000
812.990	3487.000
813.199	3464.000
813.408	3390.000
813.616	3292.000
813.825	3229.000
814.034	3186.000
814.242	3194.000
814.451	3188.000
814.659	3128.000
814.868	3101.000
815.077	3025.000
815.285	3013.000
815.494	2965.000
815.703	2962.000
815.911	2942.000
816.120	2914.000
816.329	2987.000
816.537	2935.000
816.746	2874.000
816.954	2928.000
817.163	2861.000
817.372	2841.000
817.580	2888.000
817.789	2884.000
817.998	2879.000
818.206	2954.000
818.415	2992.000
818.624	2818.000
818.832	2700.000
819.041	2851.000
819.249	3007.000
819.458	3065.000
819.667	3138.000
819.875	3104.000
820.084	2988.000
820.293	2988.000
820.501	3040.000
820.710	3104.000
820.919	3093.000
821.127	2998.000
821.336	2974.000
821.544	2839.000
821.753	2762.000
821.962	2699.000
822.170	2663.000
822.379	2677.000
822.588	2691.000
822.796	2704.000
823.005	2774.000
823.213	2769.000
823.422	2833.000
823.631	2876.000
823.839	2906.000
824.048	2906.000
824.257	2918.000
824.465	2967.000
824.674	2882.000
824.883	2964.000
825.091	2994.000
825.300	3012.000
825.508	3046.000
825.717	3070.000
825.926	3051.000
826.134	3018.000
826.343	2974.000
826.552	2904.000
826.760	2872.000
826.969	2894.000
827.178	2874.000
827.386	2834.000
827.595	2858.000
827.803	2843.000
828.012	2788.000
828.221	2803.000
828.429	2893.000
828.638	2921.000
828.847	2959.000
829.055	2861.000
829.264	2850.000
829.472	2850.000
829.681	2753.000
829.890	2812.000
830.098	2815.000
830.307	2742.000
830.516	2699.000
830.724	2772.000
830.933	2736.000
831.142	2707.000
831.350	2778.000
831.559	2860.000
831.767	2797.000
831.976	2816.000
832.185	2811.000
832.393	2804.000
832.602	2783.000
832.811	2746.000
833.019	2731.000
833.228	2748.000
833.437	2821.000
833.645	2804.000
833.854	2817.000
834.062	2897.000
834.271	2914.000
834.480	2893.000
834.688	2808.000
834.897	2775.000
835.106	2805.000
835.314	2821.000
835.523	2858.000
835.731	2784.000
835.940	2850.000
836.149	2965.000
836.357	2899.000
836.566	2902.000
836.775	2887.000
836.983	2866.000
837.192	2898.000
837.401	2794.000
837.609	2787.000
837.818	2904.000
838.026	2824.000
838.235	2858.000
838.444	2893.000
838.652	2879.000
838.861	2909.000
839.070	2881.000
839.278	2874.000
839.487	2843.000
839.696	2873.000
839.904	2900.000
840.113	2904.000
840.321	2909.000
840.530	2906.000
840.739	2831.000
840.947	2805.000
841.156	2754.000
841.365	2747.000
841.573	2839.000
841.782	2911.000
841.991	2818.000
842.199	2757.000
842.408	2791.000
842.616	2755.000
842.825	2806.000
843.034	2816.000
843.242	2713.000
843.451	2749.000
843.660	2819.000
843.868	2770.000
844.077	2737.000
844.285	2772.000
844.494	2870.000
844.703	2837.000
844.911	2729.000
845.120	2734.000
845.329	2711.000
845.537	2640.000
845.746	2695.000
845.955	2730.000
846.163	2753.000
846.372	2756.000
846.580	2715.000
846.789	2670.000
846.998	2685.000
847.206	2669.000
847.415	2653.000
847.624	2648.000
847.832	2675.000
848.041	2606.000
848.250	2635.000
848.458	2608.000
848.667	2583.000
848.875	2598.000
849.084	2494.000
849.293	2475.000
849.501	2543.000
849.710	2447.000
849.919	2426.000
850.127	2384.000
850.336	2406.000
850.544	2443.000
850.753	2460.000
850.962	2457.000
851.170	2427.000
851.379	2491.000
851.588	2514.000
851.796	2459.000
852.005	2352.000
852.214	2433.000
852.422	2397.000
852.631	2402.000
852.839	2340.000
853.048	2304.000
853.257	2260.000
853.465	2099.000
853.674	2121.000
853.883	2182.000
854.091	2100.000
854.300	2097.000
854.509	2164.000
854.717	2327.000
854.926	2316.000
855.134	2259.000
855.343	2259.000
855.552	2284.000
855.760	2369.000
855.969	2359.000
856.178	2280.000
856.386	2324.000
856.595	2382.000
856.803	2370.000
857.012	2342.000
857.221	2285.000
857.429	2276.000
857.638	2316.000
857.847	2421.000
858.055	2349.000
858.264	2312.000
858.473	2311.000
858.681	2338.000
858.890	2286.000
859.098	2299.000
859.307	2234.000
859.516	2193.000
859.724	2278.000
859.933	2250.000
860.142	2268.000
860.350	2295.000
860.559	2237.000
860.768	2136.000
860.976	2109.000
861.185	2139.000
861.393	2161.000
861.602	2200.000
861.811	2183.000
862.019	2221.000
862.228	2170.000
862.437	2114.000
862.645	2122.000
862.854	2169.000
863.062	2224.000
863.271	2133.000
863.480	2193.000
863.688	2209.000
863.897	2088.000
864.106	2036.000
864.314	2060.000
864.523	2036.000
864.732	2000.000
864.940	1902.000
865.149	1874.000
865.357	1865.000
865.566	1830.000
865.775	1891.000
865.983	1864.000
866.192	1824.000
866.401	1836.000
866.609	1836.000
866.818	1870.000
867.027	1888.000
867.235	1945.000
867.444	1962.000
867.652	1866.000
867.861	1974.000
868.070	1923.000
868.278	1820.000
868.487	1846.000
868.696	1845.000
868.904	1812.000
869.113	1793.000
869.321	1925.000
869.530	1960.000
869.739	1910.000
869.947	1894.000
870.156	1784.000
870.365	1745.000
870.573	1838.000
870.782	1882.000
870.991	1915.000
871.199	1840.000
871.408	1740.000
871.616	1799.000
871.825	1742.000
872.034	1777.000
872.242	1850.000
872.451	1815.000
872.660	1768.000
872.868	1809.000
873.077	1805.000
873.286	1760.000
873.494	1747.000
873.703	1738.000
873.911	1719.000
874.120	1659.000
874.329	1749.000
874.537	1771.000
874.746	1762.000
874.955	1723.000
875.163	1596.000
875.372	1584.000
875.581	1670.000
875.789	1668.000
875.998	1649.000
876.206	1648.000
876.415	1653.000
876.624	1602.000
876.832	1558.000
877.041	1611.000
877.250	1641.000
877.458	1565.000
877.667	1643.000
877.875	1668.000
878.084	1675.000
878.293	1574.000
878.501	1517.000
878.710	1540.000
878.919	1550.000
879.127	1517.000
879.336	1486.000
879.545	1509.000
879.753	1459.000
879.962	1471.000
880.170	1540.000
880.379	1541.000
880.588	1525.000
880.796	1530.000
881.005	1578.000
881.214	1563.000
881.422	1507.000
881.631	1495.000
881.840	1559.000
882.048	1553.000
882.257	1577.000
882.465	1557.000
882.674	1545.000
882.883	1527.000
883.091	1516.000
883.300	1472.000
883.509	1433.000
883.717	1562.000
883.926	1549.000
884.134	1496.000
884.343	1481.000
884.552	1483.000
884.760	1420.000
884.969	1504.000
885.178	1448.000
885.386	1396.000
885.595	1381.000
885.804	1423.000
886.012	1428.000
886.221	1401.000
886.429	1361.000
886.638	1304.000
886.847	1332.000
887.055	1345.000
887.264	1382.000
887.473	1369.000
887.681	1398.000
887.890	1363.000
888.099	1344.000
888.307	1340.000
888.516	1308.000
888.724	1269.000
888.933	1237.000
889.142	1265.000
889.350	1295.000
889.559	1317.000
889.768	1306.000
889.976	1276.000
890.185	1260.000
890.393	1233.000
890.602	1272.000
890.811	1302.000
891.019	1278.000
891.228	1393.000
891.437	1352.000
891.645	1253.000
891.854	1231.000
892.063	1285.000
892.271	1232.000
892.480	1157.000
892.688	1161.000
892.897	1243.000
893.106	1230.000
893.314	1232.000
893.523	1089.000
893.732	1164.000
893.940	1152.000
894.149	1082.000
894.358	1135.000
894.566	1148.000
894.775	1122.000
894.983	1083.000
895.192	1049.000
895.401	1057.000
895.609	988.000
895.818	931.000
896.027	892.000
896.235	931.000
896.444	933.000
896.652	939.000
896.861	870.000
897.070	941.000
897.278	1007.000
897.487	969.000
897.696	955.000
897.904	884.000
898.113	900.000
898.322	866.000
898.530	787.000
898.739	890.000
898.947	927.000
899.156	864.000
899.365	841.000
899.573	830.000
899.782	827.000
899.991	799.000
900.199	766.000
900.408	852.000
900.617	883.000
900.825	840.000
901.034	823.000
901.242	804.000
901.451	761.000
901.660	734.000
901.868	861.000
902.077	865.000
902.286	842.000
902.494	862.000
902.703	886.000
902.911	921.000
903.120	971.000
903.329	943.000
903.537	926.000
903.746	936.000
903.955	966.000
904.163	954.000
904.372	973.000
904.581	974.000
904.789	979.000
904.998	949.000
905.206	908.000
905.415	907.000
905.624	862.000
905.832	810.000
906.041	851.000
906.250	868.000
906.458	824.000
906.667	799.000
906.876	728.000
907.084	787.000
907.293	835.000
907.501	872.000
907.710	774.000
907.919	828.000
908.127	861.000
908.336	774.000
908.545	799.000
908.753	816.000
908.962	810.000
909.170	812.000
909.379	751.000
909.588	743.000
909.796	687.000
910.005	716.000
910.214	714.000
910.422	749.000
910.631	733.000
910.840	810.000
911.048	809.000
911.257	750.000
911.465	703.000
911.674	756.000
911.883	783.000
912.091	748.000
912.300	740.000
912.508	663.000
912.716	696.000
912.924	708.000
913.132	648.000
913.340	716.000
913.549	729.000
913.757	631.000
913.965	646.000
914.173	678.000
914.381	660.000
914.589	634.000
914.797	642.000
915.005	674.000
915.213	702.000
915.421	745.000
915.629	698.000
915.838	618.000
916.046	625.000
916.254	665.000
916.462	668.000
916.670	675.000
916.878	661.000
917.086	661.000
917.294	615.000
917.502	643.000
917.710	709.000
917.919	699.000
918.127	656.000
918.335	697.000
918.543	710.000
918.751	724.000
918.959	792.000
919.167	739.000
919.375	716.000
919.583	784.000
919.791	653.000
919.999	650.000
920.208	743.000
920.416	705.000
920.624	698.000
920.832	761.000
921.040	682.000
921.248	638.000
921.456	624.000
921.664	612.000
921.872	649.000
922.080	635.000
922.288	587.000
922.497	698.000
922.705	711.000
922.913	665.000
923.121	666.000
923.329	592.000
923.537	562.000
923.745	641.000
923.953	583.000
924.161	622.000
924.369	683.000
924.578	613.000
924.786	632.000
924.994	633.000
925.202	653.000
925.410	636.000
925.618	617.000
925.826	586.000
926.034	645.000
926.242	626.000
926.450	590.000
926.658	577.000
926.867	628.000
927.075	541.000
927.283	521.000
927.491	527.000
927.699	511.000
927.907	557.000
928.115	586.000
928.323	474.000
928.531	434.000
928.739	392.000
928.947	398.000
929.156	389.000
929.364	414.000
929.572	396.000
929.780	299.000
929.988	241.000
930.196	313.000
930.404	355.000
930.612	336.000
930.820	275.000
931.028	267.000
931.236	303.000
931.445	266.000
931.653	181.000
931.861	192.000
932.069	212.000
932.277	268.000
932.485	318.000
932.693	247.000
932.901	192.000
933.109	185.000
933.317	173.000
933.526	239.000
933.734	225.000
933.942	199.000
934.150	224.000
934.358	177.000
934.566	157.000
934.774	138.000
934.982	152.000
935.190	216.000
935.398	215.000
935.606	157.000
935.815	161.000
936.023	196.000
936.231	196.000
936.439	153.000
936.647	196.000
936.855	207.000
937.063	176.000
937.271	184.000
937.479	222.000
937.687	196.000
937.895	225.000
938.104	275.000
938.312	284.000
938.520	210.000
938.728	211.000
938.936	243.000
939.144	243.000
939.352	236.000
939.560	199.000
939.768	180.000
939.976	187.000
940.185	222.000
940.393	202.000
940.601	195.000
940.809	181.000
941.017	246.000
941.225	225.000
941.433	208.000
941.641	160.000
941.849	115.000
942.057	178.000
942.265	171.000
942.474	154.000
942.682	176.000
942.890	182.000
943.098	155.000
943.306	138.000
943.514	129.000
943.722	121.000
943.930	120.000
944.138	147.000
944.346	192.000
944.554	218.000
944.763	207.000
944.971	138.000
945.179	99.000
945.387	121.000
945.595	140.000
945.803	187.000
946.011	209.000
946.219	211.000
946.427	170.000
946.635	143.000
946.843	209.000
947.052	242.000
947.260	182.000
947.468	155.000
947.676	154.000
947.884	182.000
948.092	187.000
948.300	217.000
948.508	215.000
948.716	175.000
948.924	203.000
949.133	253.000
949.341	239.000
949.549	187.000
949.757	242.000
949.965	144.000
950.173	77.000
950.381	185.000
950.589	184.000
950.797	142.000
951.005	146.000
951.213	112.000
951.422	151.000
951.630	163.000
951.838	173.000
952.046	224.000
952.254	245.000
952.462	192.000
952.670	226.000
952.878	242.000
953.086	210.000
953.294	219.000
953.502	178.000
953.711	180.000
953.919	151.000
954.127	87.000
954.335	139.000
954.543	207.000
954.751	209.000
954.959	167.000
955.167	210.000
955.375	198.000
955.583	142.000
955.792	189.000
956.000	165.000
956.208	186.000
956.416	199.000
956.624	191.000
956.832	202.000
957.040	199.000
957.248	162.000
957.456	165.000
957.664	185.000
957.872	96.000
958.081	90.000
958.289	158.000
958.497	211.000
958.705	182.000
958.913	120.000
959.121	123.000
959.329	136.000
959.537	71.000
959.745	149.000
959.953	125.000
960.161	92.000
960.370	103.000
960.578	101.000
960.786	204.000
960.994	194.000
961.202	211.000
961.410	215.000
961.618	170.000
961.826	189.000
962.034	246.000
962.242	184.000
962.451	178.000
962.659	174.000
962.867	169.000
963.075	203.000
963.283	248.000
963.491	197.000
963.699	194.000
963.907	223.000
964.115	211.000
964.323	212.000
964.531	227.000
964.740	139.000
964.948	163.000
965.156	137.000
965.364	204.000
965.572	286.000
965.780	227.000
965.999	188.000
966.218	162.000
966.438	166.000
966.657	162.000
966.876	196.000
967.095	209.000
967.315	171.000
967.534	136.000
967.753	239.000
967.972	297.000
968.192	295.000
968.411	241.000
968.630	152.000
968.849	185.000
969.068	304.000
969.288	273.000
969.507	234.000
969.726	305.000
969.945	280.000
970.165	182.000
970.384	233.000
970.603	183.000
970.822	185.000
971.042	141.000
971.261	197.000
971.480	304.000
971.699	263.000
971.919	200.000
972.138	240.000
972.357	200.000
972.576	165.000
972.795	225.000
973.015	206.000
973.234	179.000
973.453	190.000
973.672	161.000
973.892	147.000
974.111	165.000
974.330	187.000
974.549	200.000
974.769	137.000
974.988	211.000
975.207	175.000
975.426	166.000
975.646	179.000
975.865	193.000
976.084	181.000
976.303	164.000
976.522	148.000
976.742	159.000
976.961	133.000
977.180	167.000
977.399	196.000
977.619	165.000
977.838	186.000
978.057	215.000
978.276	233.000
978.496	209.000
978.715	192.000
978.934	147.000
979.153	38.000
979.372	64.000
979.592	176.000
979.811	194.000
980.030	192.000
980.249	148.000
980.469	207.000
980.688	187.000
980.907	106.000
981.126	114.000
981.346	224.000
981.565	210.000
981.784	152.000
982.003	154.000
982.223	237.000
982.442	257.000
982.661	128.000
982.880	132.000
983.099	182.000
983.319	150.000
983.538	185.000
983.757	174.000
983.976	221.000
984.196	224.000
984.415	249.000
984.634	242.000
984.853	199.000
985.073	239.000
985.292	206.000
985.511	216.000
985.730	211.000
985.949	151.000
986.169	154.000
986.388	233.000
986.607	115.000
986.826	114.000
987.046	130.000
987.265	118.000
987.484	124.000
987.703	181.000
987.923	189.000
988.142	160.000
988.361	187.000
988.580	249.000
988.800	155.000
989.019	162.000
989.238	146.000
989.457	117.000
989.676	168.000
989.896	177.000
990.115	149.000
990.334	157.000
990.553	109.000
990.773	121.000
990.992	125.000
991.211	123.000
991.430	154.000
991.650	97.000
991.869	97.000
992.088	74.000
992.307	173.000
992.527	203.000
992.746	152.000
992.965	128.000
993.184	141.000
993.403	175.000
993.623	142.000
993.842	105.000
994.061	137.000
994.280	148.000
994.500	136.000
994.719	97.000
994.938	102.000
995.157	96.000
995.377	108.000
995.596	115.000
995.815	140.000
996.034	110.000
996.253	134.000
996.473	118.000
996.692	176.000
996.911	174.000
997.130	178.000
997.350	94.000
997.569	110.000
997.788	129.000
998.007	51.000
998.227	94.000
998.446	136.000
998.665	122.000
998.884	163.000
999.104	133.000
999.323	155.000
999.542	123.000
999.761	54.000
999.980	45.000
1000.200	139.000
1000.419	200.000
1000.638	241.000
1000.857	191.000
1001.077	131.000
1001.296	138.000
1001.515	62.000
1001.734	78.000
1001.954	88.000
1002.173	134.000
1002.392	148.000
1002.611	178.000
1002.830	121.000
1003.050	58.000
1003.269	88.000
1003.488	130.000
1003.707	125.000
1003.927	132.000
1004.146	122.000
1004.365	93.000
1004.584	111.000
1004.804	86.000
1005.023	77.000
1005.242	98.000
1005.461	119.000
1005.681	142.000
1005.900	105.000
1006.119	76.000
1006.338	80.000
1006.557	59.000
1006.777	151.000
1006.996	133.000
1007.215	88.000
1007.434	115.000
1007.654	164.000
1007.873	159.000
1008.092	128.000
1008.311	86.000
1008.531	41.000
1008.750	100.000
1008.969	167.000
1009.188	50.000
1009.407	13.000
1009.627	51.000
1009.846	63.000
1010.065	68.000
1010.284	74.000
1010.504	42.000
1010.723	51.000
1010.942	40.000
1011.161	133.000
1011.381	84.000
1011.600	42.000
1011.819	125.000
1012.038	85.000
1012.258	53.000
1012.477	103.000
1012.696	86.000
1012.915	47.000
1013.134	87.000
1013.354	58.000
1013.573	104.000
1013.792	129.000
1014.011	79.000
1014.231	69.000
1014.450	107.000
1014.669	68.000
1014.888	33.000
1015.108	94.000
1015.327	105.000
1015.546	107.000
1015.765	152.000
1015.984	156.000
1016.204	201.000
1016.423	152.000
1016.642	117.000
1016.861	62.000
1017.081	33.000
1017.300	33.000
1017.519	36.000
